[[497.708, 485.934, 486.783, 484.475, 496.419, 481.624, 484.125, 475.555, 484.481, 482.661, 475.744, 469.98, 474.061, 476.442, 527.277, 470.694, 469.611, 469.119, 462.18, 513.949, 489.71, 484.947, 482.212, 469.955, 457.976, 482.228, 467.648, 462.053, 469.394, 449.819, 463.201, 446.19, 461.763, 449.751, 479.104, 456.914, 454.849, 441.183, 458.695, 446.095, 444.524, 473.492, 463.916, 437.068, 450.21, 482.892, 458.224, 458.699, 445.099, 446.167]] 
AVERAGE RESPONSE TIME: 470.056
NUMBER OF THREADS: [50]
WORKLOAD: LV_HF; PAL CONFIG: cache_and_compression; NUMBER OF REPLICAS: 4 
TOTAL EXECUTION TIME (Concurrent Parallel Requests): 905.808


[[450.172, 409.234, 422.395, 425.983, 426.051, 440.498, 426.829, 425.226, 437.197, 438.889, 424.267, 421.577, 430.351, 427.953, 439.558, 413.337, 430.137, 411.166, 416.763, 417.359, 415.4, 403.258, 400.924, 416.269, 387.874, 404.538, 401.936, 400.883, 401.942, 424.183, 423.017, 434.99, 404.695, 417.509, 414.809, 406.547, 391.536, 417.812, 421.134, 404.828, 392.428, 391.158, 438.887, 457.459, 416.013, 458.553, 437.745, 436.332, 411.413, 400.548]] 
AVERAGE RESPONSE TIME: 419.39124
NUMBER OF THREADS: [50]
WORKLOAD: LV_HF; PAL CONFIG: cache_and_compression; NUMBER OF REPLICAS: 4 
TOTAL EXECUTION TIME (Concurrent Parallel Requests): 900.024


[[431.441, 430.062, 446.184, 443.286, 438.208, 1087.91, 3011.516, 420.724, 414.947, 440.198, 450.185, 436.984, 432.0, 429.554, 425.394, 420.104, 413.648, 424.825, 457.635, 431.548, 446.912, 445.56, 447.875, 439.709, 484.937, 442.218, 469.529, 483.157, 453.14, 488.114, 475.209, 447.803, 450.408, 440.28, 434.064, 445.574, 439.705, 451.642, 463.886, 445.228, 468.623, 462.276, 474.869, 451.285, 474.888, 461.262, 463.533, 453.29, 498.253, 471.855]] 
AVERAGE RESPONSE TIME: 513.22874
NUMBER OF THREADS: [50]
WORKLOAD: LV_HF; PAL CONFIG: cache_and_compression; NUMBER OF REPLICAS: 4 
TOTAL EXECUTION TIME (Concurrent Parallel Requests): 3076.253


[[439.559, 395.308, 361.645, 392.441, 381.76, 373.539, 364.962, 371.498, 360.965, 402.355, 383.264, 375.29, 374.076, 381.355, 363.591, 382.533, 367.297, 363.824, 362.211, 364.199, 370.475, 379.194, 399.505, 392.967, 386.901, 379.388, 377.568, 365.801, 376.945, 367.485, 372.36, 369.097, 377.714, 368.918, 384.454, 372.613, 385.663, 375.771, 384.795, 398.683, 421.337, 408.0, 426.393, 399.492, 387.121, 406.132, 402.403, 398.054, 399.083, 402.815]] 
AVERAGE RESPONSE TIME: 383.97598
NUMBER OF THREADS: [50]
WORKLOAD: LV_HF; PAL CONFIG: cache_and_compression; NUMBER OF REPLICAS: 4 
TOTAL EXECUTION TIME (Concurrent Parallel Requests): 919.537


[[454.996, 471.301, 461.208, 462.227, 493.685, 434.788, 432.348, 427.694, 444.26, 432.477, 463.063, 424.26, 463.679, 451.547, 447.892, 431.626, 429.178, 439.563, 423.911, 429.541, 428.94, 439.458, 418.466, 433.159, 426.119, 448.892, 442.568, 443.967, 431.931, 450.675, 432.89, 423.475, 432.59, 456.885, 456.724, 456.992, 420.175, 431.879, 484.571, 501.892, 447.26, 422.204, 429.313, 462.806, 465.506, 459.667, 436.035, 450.811, 443.919, 441.462]] 
AVERAGE RESPONSE TIME: 444.8095
NUMBER OF THREADS: [50]
WORKLOAD: LV_HF; PAL CONFIG: cache_and_compression; NUMBER OF REPLICAS: 4 
TOTAL EXECUTION TIME (Concurrent Parallel Requests): 908.295


[[417.222, 399.431, 396.831, 395.556, 405.298, 394.384, 408.003, 392.877, 390.461, 391.471, 390.049, 398.047, 391.14, 408.268, 395.45, 400.966, 405.017, 396.771, 417.985, 397.33, 413.069, 398.693, 409.482, 406.73, 400.088, 446.814, 437.765, 420.009, 430.612, 400.796, 400.766, 406.571, 417.795, 413.584, 410.851, 403.642, 399.823, 393.929, 396.28, 401.379, 394.314, 390.616, 400.601, 389.839, 403.318, 390.94, 395.398, 393.58, 394.192, 387.816]] 
AVERAGE RESPONSE TIME: 402.83698
NUMBER OF THREADS: [50]
WORKLOAD: LV_HF; PAL CONFIG: cache_and_compression; NUMBER OF REPLICAS: 4 
TOTAL EXECUTION TIME (Concurrent Parallel Requests): 776.76


[[422.142, 451.297, 440.707, 435.979, 429.01, 421.282, 418.171, 428.099, 406.591, 521.516, 522.067, 501.969, 507.939, 493.431, 463.053, 462.248, 432.248, 427.856, 421.899, 427.541, 421.741, 413.236, 406.16, 425.542, 422.543, 431.415, 444.469, 419.684, 405.479, 488.066, 490.538, 482.724, 469.723, 467.585, 466.604, 457.857, 457.289, 451.728, 438.417, 436.817, 424.702, 423.108, 450.026, 462.559, 398.968, 387.442, 454.94, 403.428, 411.82, 401.952]] 
AVERAGE RESPONSE TIME: 443.03214
NUMBER OF THREADS: [50]
WORKLOAD: LV_HF; PAL CONFIG: cache_and_compression; NUMBER OF REPLICAS: 4 
TOTAL EXECUTION TIME (Concurrent Parallel Requests): 925.918


[[399.569, 393.467, 434.089, 383.572, 406.925, 414.636, 409.175, 389.521, 384.53, 390.9, 386.921, 388.48, 383.155, 383.315, 385.594, 383.691, 381.07, 405.457, 398.799, 390.613, 393.21, 392.304, 384.572, 380.294, 401.185, 374.437, 367.694, 359.15, 366.214, 360.127, 357.945, 366.07, 360.346, 356.572, 369.95, 355.867, 359.101, 358.096, 363.554, 364.546, 355.162, 369.61, 361.136, 373.634, 360.282, 359.285, 387.714, 364.6, 370.814, 381.236]] 
AVERAGE RESPONSE TIME: 379.36372
NUMBER OF THREADS: [50]
WORKLOAD: LV_HF; PAL CONFIG: cache_and_compression; NUMBER OF REPLICAS: 4 
TOTAL EXECUTION TIME (Concurrent Parallel Requests): 764.656


[[413.059, 370.321, 351.287, 376.66, 346.065, 362.359, 357.105, 351.984, 346.642, 340.627, 361.026, 342.739, 347.042, 339.165, 345.29, 344.667, 342.858, 343.894, 347.223, 361.987, 356.353, 345.109, 347.966, 349.966, 342.769, 361.526, 350.481, 347.974, 391.946, 391.268, 382.378, 339.98, 353.666, 346.915, 365.243, 352.559, 344.978, 354.847, 345.602, 356.412, 346.763, 351.371, 346.616, 344.896, 360.498, 364.649, 366.883, 378.482, 431.062, 397.381]] 
AVERAGE RESPONSE TIME: 358.17078
NUMBER OF THREADS: [50]
WORKLOAD: LV_HF; PAL CONFIG: cache_and_compression; NUMBER OF REPLICAS: 4 
TOTAL EXECUTION TIME (Concurrent Parallel Requests): 804.169


[[392.387, 359.863, 377.001, 360.009, 378.249, 375.798, 358.177, 363.566, 357.763, 356.481, 348.804, 364.368, 364.823, 356.065, 358.769, 362.662, 349.12, 376.821, 366.674, 365.306, 362.017, 384.959, 381.468, 381.854, 374.077, 384.147, 351.672, 354.979, 339.756, 338.211, 355.624, 350.278, 354.08, 338.945, 342.757, 371.79, 394.472, 411.411, 386.568, 341.724, 367.773, 344.996, 327.489, 336.087, 333.126, 329.531, 352.42, 336.789, 333.068, 333.369]] 
AVERAGE RESPONSE TIME: 359.76286
NUMBER OF THREADS: [50]
WORKLOAD: LV_HF; PAL CONFIG: cache_and_compression; NUMBER OF REPLICAS: 4 
TOTAL EXECUTION TIME (Concurrent Parallel Requests): 873.218


[[401.466, 386.06, 397.723, 385.15, 391.607, 398.903, 381.016, 390.756, 392.104, 396.319, 378.357, 382.721, 394.801, 400.371, 379.482, 404.048, 413.431, 401.937, 382.964, 387.655, 388.77, 389.638, 411.055, 398.288, 391.523, 397.615, 381.915, 384.09, 401.851, 360.149, 413.239, 414.035, 383.448, 360.081, 373.234, 363.966, 363.763, 364.951, 364.039, 355.035, 452.95, 362.177, 353.995, 378.733, 394.963, 382.094, 353.806, 376.277, 357.736, 364.261]] 
AVERAGE RESPONSE TIME: 385.69096
NUMBER OF THREADS: [50]
WORKLOAD: LV_HF; PAL CONFIG: cache_and_compression; NUMBER OF REPLICAS: 4 
TOTAL EXECUTION TIME (Concurrent Parallel Requests): 949.742


