[[410.112]] 
RATE (RPS) =====================================: 1

[[412.656]] 
RATE (RPS) =====================================: 1

[[392.81]] 
RATE (RPS) =====================================: 1

[[402.804]] 
RATE (RPS) =====================================: 1

[[375.053]] 
RATE (RPS) =====================================: 1

[[374.983]] 
RATE (RPS) =====================================: 1

[[372.824]] 
RATE (RPS) =====================================: 1

[[395.149]] 
RATE (RPS) =====================================: 1

[[403.891]] 
RATE (RPS) =====================================: 1

[[380.81]] 
RATE (RPS) =====================================: 1

[[412.284, 458.741]] 
RATE (RPS) =====================================: 2

[[426.245, 462.799]] 
RATE (RPS) =====================================: 2

[[387.23, 424.824]] 
RATE (RPS) =====================================: 2

[[403.013, 458.471]] 
RATE (RPS) =====================================: 2

[[437.911, 392.911]] 
RATE (RPS) =====================================: 2

[[421.121, 378.607]] 
RATE (RPS) =====================================: 2

[[372.247, 409.842]] 
RATE (RPS) =====================================: 2

[[427.393, 374.422]] 
RATE (RPS) =====================================: 2

[[380.011, 430.039]] 
RATE (RPS) =====================================: 2

[[398.319, 431.093]] 
RATE (RPS) =====================================: 2

[[406.216, 430.972, 480.141, 511.327]] 
RATE (RPS) =====================================: 4

[[386.73, 425.147, 470.575, 492.801]] 
RATE (RPS) =====================================: 4

[[391.73, 443.636, 525.357, 474.115]] 
RATE (RPS) =====================================: 4

[[507.857, 370.812, 415.87, 451.196]] 
RATE (RPS) =====================================: 4

[[412.897, 488.669, 434.51, 510.908]] 
RATE (RPS) =====================================: 4

[[401.456, 433.234, 464.065, 488.01]] 
RATE (RPS) =====================================: 4

[[372.934, 415.026, 499.414, 440.258]] 
RATE (RPS) =====================================: 4

[[435.634, 464.126, 490.636, 520.224]] 
RATE (RPS) =====================================: 4

[[489.146, 514.9, 597.431, 552.917]] 
RATE (RPS) =====================================: 4

[[473.179, 508.874, 567.786, 531.024]] 
RATE (RPS) =====================================: 4

[[462.285, 504.091, 580.308, 529.818, 587.327, 630.101, 648.099, 665.941]] 
RATE (RPS) =====================================: 8

[[415.38, 508.593, 441.532, 526.513, 563.07, 591.34, 616.374, 649.523]] 
RATE (RPS) =====================================: 8

[[437.031, 492.45, 387.33, 588.696, 489.15, 644.435, 601.797, 671.306]] 
RATE (RPS) =====================================: 8

[[515.004, 437.107, 455.682, 525.693, 606.357, 564.127, 671.654, 620.169]] 
RATE (RPS) =====================================: 8

[[481.548, 530.564, 594.477, 412.818, 534.423, 692.297, 607.798, 633.533]] 
RATE (RPS) =====================================: 8

[[501.473, 414.788, 432.129, 541.433, 502.838, 561.736, 589.938, 615.368]] 
RATE (RPS) =====================================: 8

[[422.213, 476.793, 513.929, 645.461, 551.753, 574.417, 731.958, 687.141]] 
RATE (RPS) =====================================: 8

[[391.581, 469.211, 419.054, 487.208, 524.502, 553.291, 592.045, 620.631]] 
RATE (RPS) =====================================: 8

[[403.443, 476.898, 432.203, 498.25, 524.709, 633.258, 547.64, 571.222]] 
RATE (RPS) =====================================: 8

[[395.341, 528.399, 560.26, 432.341, 683.548, 623.35, 570.857, 704.629]] 
RATE (RPS) =====================================: 8

[[441.088, 390.116, 505.457, 452.844, 530.251, 554.676, 604.234, 664.105, 696.133, 739.674, 766.561, 809.251, 838.894, 868.452, 909.409, 938.586]] 
RATE (RPS) =====================================: 16

[[386.163, 430.97, 452.419, 625.174, 485.765, 524.77, 695.514, 640.663, 739.93, 771.598, 813.826, 938.422, 841.556, 874.814, 952.131, 980.715]] 
RATE (RPS) =====================================: 16

[[418.442, 382.953, 476.035, 572.142, 520.222, 601.39, 641.488, 680.992, 717.137, 757.19, 838.224, 789.431, 947.47, 901.896, 858.643, 974.197]] 
RATE (RPS) =====================================: 16

[[520.497, 426.964, 615.432, 575.403, 633.697, 690.755, 726.458, 759.3, 792.216, 822.816, 945.407, 903.949, 839.158, 954.501, 1038.001, 979.335]] 
RATE (RPS) =====================================: 15

[[463.519, 405.67, 479.679, 596.074, 498.37, 543.749, 612.594, 650.29, 744.275, 696.214, 767.924, 780.299, 823.655, 855.057, 897.683, 939.953]] 
RATE (RPS) =====================================: 16

[[408.563, 516.801, 437.684, 462.827, 617.331, 524.686, 557.178, 632.132, 688.573, 1429.937, 716.447, 742.511, 790.79, 817.59, 851.929, 896.738]] 
RATE (RPS) =====================================: 15

[[446.513, 401.255, 559.615, 466.4, 502.382, 637.593, 749.488, 560.222, 653.188, 682.846, 806.987, 759.202, 844.023, 875.5, 953.323, 904.395]] 
RATE (RPS) =====================================: 16

[[398.513, 444.099, 482.752, 509.162, 673.463, 558.712, 613.998, 678.31, 747.49, 700.367, 776.062, 806.28, 834.113, 864.203, 896.719, 930.994]] 
RATE (RPS) =====================================: 16

[[431.289, 384.647, 504.125, 599.626, 660.287, 712.301, 781.821, 813.347, 734.069, 826.546, 907.703, 847.403, 969.134, 915.456, 986.293, 1030.812]] 
RATE (RPS) =====================================: 15

[[531.459, 482.762, 608.892, 571.055, 640.267, 670.642, 693.53, 1081.795, 708.904, 733.538, 1103.453, 746.359, 1295.626, 1200.163, 1107.235, 1232.783]] 
RATE (RPS) =====================================: 10

[[398.818, 431.356, 541.436, 467.793, 554.294, 595.073, 618.11, 650.887, 692.77, 728.588, 798.928, 855.77, 885.128, 926.118, 952.619, 1002.95, 1047.618, 1077.489, 1121.307, 1157.195, 1186.045, 1273.261, 1218.206, 1339.72, 1287.9769999999999, 1392.042, 1339.8899999999999, 1396.53, 1443.029, 1474.471, 1576.5729999999999, 1502.501]] 
RATE (RPS) =====================================: 15

[[472.965, 404.734, 495.238, 518.037, 537.643, 585.408, 668.178, 609.847, 716.788, 660.484, 765.626, 803.356, 765.724, 841.355, 1018.785, 904.223, 961.977, 1034.2, 1117.9180000000001, 1066.681, 1218.27, 1172.267, 1246.662, 1279.396, 1318.252, 1462.385, 1349.0140000000001, 1374.882, 1403.818, 1485.272, 1510.412, 1549.537]] 
RATE (RPS) =====================================: 16

[[421.922, 458.73, 475.061, 507.12, 547.95, 623.54, 549.563, 687.503, 608.624, 719.513, 807.371, 677.755, 756.977, 1097.0720000000001, 819.942, 939.634, 1294.439, 1238.239, 1177.054, 1392.7, 1302.35, 1337.752, 1415.854, 1503.656, 1443.411, 1571.731, 1519.886, 1597.1680000000001, 1679.8139999999999, 1639.268, 1738.614, 1698.1480000000001]] 
RATE (RPS) =====================================: 15

[[400.596, 440.64, 640.022, 475.291, 509.158, 547.866, 656.752, 563.537, 682.907, 759.768, 714.661, 793.688, 820.802, 863.133, 949.85, 1037.956, 891.754, 1078.294, 1235.262, 1137.654, 1095.137, 1162.154, 1383.224, 1302.296, 1237.051, 1400.434, 1317.452, 1460.105, 1584.75, 1397.801, 1538.351, 1492.954]] 
RATE (RPS) =====================================: 16

[[433.348, 461.845, 497.682, 519.078, 1151.615, 649.768, 720.086, 622.529, 655.303, 779.289, 726.282, 801.186, 837.419, 920.007, 874.479, 963.513, 1032.784, 990.403, 1956.739, 1612.192, 1127.101, 1218.143, 1168.496, 1244.145, 1286.534, 1585.402, 1423.0520000000001, 1379.848, 1494.593, 1437.3319999999999, 3597.01, 1708.865]] 
RATE (RPS) =====================================: 16

[[461.29, 599.959, 614.646, 526.801, 1551.194, 1496.625, 1623.403, 1665.5639999999999, 1546.284, 1776.222, 1699.738, 1662.0700000000002, 1718.4479999999999, 617.778, 573.749, 478.317, 590.154, 623.211, 625.747, 665.817]] 
RATE (RPS) =====================================: 23

[[520.84, 547.677, 584.53, 559.228, 622.227, 585.656, 703.33, 666.408, 711.04, 738.003, 766.808, 755.743, 766.599, 852.994, 871.619, 775.095]] 
RATE (RPS) =====================================: 32

[[626.059, 586.109, 660.874, 686.393, 727.911, 718.183, 737.862, 767.385, 801.518, 856.511, 804.509, 881.486, 931.634, 971.94, 998.653, 957.111, 998.212]] 
RATE (RPS) =====================================: 32

[[419.797, 448.628, 471.914, 384.502, 481.898, 503.548, 521.253, 549.716, 583.84, 575.351, 615.664, 696.928, 623.197, 739.871]] 
RATE (RPS) =====================================: 32

[[504.328, 459.818, 504.636, 530.992, 556.849, 600.609, 653.765, 710.152, 743.36, 838.576, 773.158, 795.531, 877.824, 911.681, 944.719, 955.541, 1004.32, 1038.044, 1084.932, 1118.347, 1152.215]] 
RATE (RPS) =====================================: 27

[[397.214, 430.093, 427.858, 471.994, 522.173, 561.852, 571.36, 522.206, 628.851, 564.009, 691.377, 635.039, 777.14, 677.99, 711.092, 849.518, 786.247]] 
RATE (RPS) =====================================: 33

[[464.438, 580.48, 507.317, 531.094, 587.866, 638.48, 648.931, 674.423, 621.238, 682.333, 640.639, 703.325, 709.686, 726.319, 762.073]] 
RATE (RPS) =====================================: 33

[[471.27, 507.814, 508.836, 540.165, 555.524, 604.838, 620.23, 627.983, 658.785, 670.166, 696.65, 730.634, 761.45, 784.874, 853.831, 798.323, 987.383, 900.245]] 
RATE (RPS) =====================================: 33

[[403.482, 425.787, 456.045, 477.306, 505.057, 658.025, 546.635, 588.274, 652.049, 669.348, 714.011, 720.134, 750.072, 775.594, 829.015, 814.864, 849.571, 894.116]] 
RATE (RPS) =====================================: 33

[[439.844, 525.415, 442.459, 463.834, 569.366, 588.348, 621.362, 699.322, 729.108, 753.579, 778.299, 804.494, 782.276, 799.992, 831.677]] 
RATE (RPS) =====================================: 33

[[397.982, 439.45, 485.628, 432.505, 514.753, 550.187, 575.281, 579.237, 609.689, 625.368, 687.159, 745.295]] 
RATE (RPS) =====================================: 33

[[464.421, 418.097, 472.728, 517.84, 513.626, 523.14, 474.089, 439.837, 453.172, 480.547]] 
RATE (RPS) =====================================: 33

[[408.681, 482.308, 426.212, 483.45, 557.325, 503.86]] 
RATE (RPS) =====================================: 33

[[373.746, 407.226, 432.299, 451.676, 452.789, 447.429, 465.414]] 
RATE (RPS) =====================================: 33

[[443.682, 460.12, 483.125, 516.244, 557.627, 582.42, 543.019, 610.403, 620.409, 644.41, 587.12, 598.17, 639.574]] 
RATE (RPS) =====================================: 33

[[433.611, 511.824, 461.47, 533.728, 568.358, 623.627, 638.752, 670.097, 675.717, 701.561, 728.07, 801.607, 762.927, 874.785, 924.277, 811.443, 869.577]] 
RATE (RPS) =====================================: 34

[[535.815, 558.795, 480.04, 526.203, 548.526, 582.734, 651.41, 588.218, 630.643, 651.784, 708.216, 748.032]] 
RATE (RPS) =====================================: 34

[[472.476, 483.126, 521.226, 457.211, 468.057, 523.098, 471.902, 496.815, 507.556]] 
RATE (RPS) =====================================: 34

[[425.274, 466.333, 409.13, 470.39, 512.175, 508.59, 389.408, 472.184, 409.743]] 
RATE (RPS) =====================================: 34

[[380.952, 445.78, 400.248, 470.888, 482.395, 515.256, 525.33, 555.557, 503.622, 567.403, 577.931, 608.08, 635.966, 633.418]] 
RATE (RPS) =====================================: 34

[[453.317, 476.253, 547.897, 501.573, 555.306, 563.423, 573.092, 673.329, 612.727, 690.06, 677.928, 655.405, 612.775]] 
RATE (RPS) =====================================: 34

[[476.174, 497.786, 465.345, 497.322, 545.561, 619.148, 646.781, 676.964, 653.807, 675.591, 602.438]] 
RATE (RPS) =====================================: 34

[[411.518, 415.309, 472.345, 396.654, 500.571, 534.593, 468.646, 479.197, 490.653]] 
RATE (RPS) =====================================: 34

[[516.532, 525.482, 549.349, 563.433, 571.899, 624.67, 625.722, 694.372, 630.788, 668.421, 692.052]] 
RATE (RPS) =====================================: 34

[[401.788, 524.441, 439.272, 557.369, 594.196, 671.1, 620.659, 710.425, 662.275, 678.397, 722.697, 714.158, 750.072]] 
RATE (RPS) =====================================: 34

[[401.938, 454.872, 507.471, 494.63, 502.871, 478.648, 513.86, 528.314]] 
RATE (RPS) =====================================: 35

[[411.794, 424.219, 457.465, 476.509, 494.183, 522.281, 574.598, 588.744, 626.599]] 
RATE (RPS) =====================================: 35

[[583.459, 499.333, 519.325, 558.52, 647.488, 568.175, 557.524, 622.99, 611.751, 624.447, 636.149, 651.579]] 
RATE (RPS) =====================================: 35

[[441.0, 463.935, 482.813, 512.452, 545.725, 574.656, 609.311, 590.882, 604.697, 620.758, 650.155, 672.61, 681.649]] 
RATE (RPS) =====================================: 35

[[432.147, 430.499, 476.788, 453.027, 456.128, 458.387, 484.845, 493.944]] 
RATE (RPS) =====================================: 35

[[438.142, 467.068, 439.713, 506.793, 431.5, 488.607, 473.202, 522.207, 455.078, 502.081]] 
RATE (RPS) =====================================: 35

[[453.081, 395.197, 429.685, 409.161, 407.255, 440.755, 486.42, 508.907, 543.413, 573.713, 579.31]] 
RATE (RPS) =====================================: 35

[[415.955, 440.53, 384.253, 407.48, 449.494, 427.149, 463.225, 477.421, 512.872, 431.04, 531.597, 609.496, 721.976, 434.988, 794.398, 760.078, 451.898, 538.913, 477.406, 820.637, 773.928, 857.378, 799.508, 480.453, 502.494]] 
RATE (RPS) =====================================: 35

[[430.074, 464.587, 496.17, 551.667, 592.358, 465.789, 549.008, 498.162, 534.488, 569.822, 637.058, 594.425, 700.013, 645.346, 496.129, 512.734, 673.041, 561.346, 501.338, 563.672, 655.558, 575.38, 648.034, 649.643, 604.319]] 
RATE (RPS) =====================================: 35

[[434.944, 430.505, 452.268, 492.621, 424.161, 486.367, 506.335, 542.088, 535.894, 556.751, 556.868, 570.763, 600.95, 587.941, 546.448, 596.415, 639.167, 589.941, 703.059, 643.639, 585.614, 598.869]] 
RATE (RPS) =====================================: 35

[[430.742, 449.591, 396.09, 414.123, 454.219, 487.567, 569.182, 433.485, 539.223, 575.669, 405.879, 597.798, 639.924, 494.608, 408.056, 431.553, 503.35, 599.082, 522.103, 603.18, 519.972, 612.407, 543.252, 588.243, 610.557]] 
RATE (RPS) =====================================: 36

[[429.892, 474.425, 478.069, 433.999, 523.238, 589.516, 556.286, 609.657, 455.922, 523.461, 633.993, 556.285, 677.638, 630.351, 579.517, 701.18, 597.307, 692.786, 573.508, 713.215, 582.469, 616.452, 673.833, 712.809, 717.175, 729.939]] 
RATE (RPS) =====================================: 36

[[423.694, 432.064, 408.074, 430.799, 475.32, 517.623, 451.6, 480.807, 491.155, 482.095, 517.676, 472.089, 572.643, 486.027, 489.103, 567.329, 595.482, 438.153, 576.594, 656.958, 600.518, 650.551, 682.078]] 
RATE (RPS) =====================================: 36

[[380.662, 418.783, 455.996, 465.097, 511.063, 530.539, 448.861, 570.562, 608.41, 503.385, 646.09, 534.708, 564.927, 633.651, 666.456, 681.176, 720.567, 553.038, 488.355, 552.461, 581.01, 754.696, 666.749, 685.242, 751.382]] 
RATE (RPS) =====================================: 36

[[427.236, 472.63, 410.478, 441.959, 445.907, 442.361, 483.275, 484.498, 521.593, 505.652, 546.793, 525.519, 601.199, 556.507, 712.05, 659.613, 612.54, 535.669, 473.585, 591.555, 601.799, 508.894, 629.297, 657.982, 581.756, 603.113, 615.641]] 
RATE (RPS) =====================================: 36

[[380.857, 432.712, 409.704, 414.053, 398.322, 389.035, 459.233, 503.657, 420.245, 470.335, 492.949, 503.754, 516.403, 599.247, 547.088, 490.188, 509.122, 477.675, 560.077, 469.77, 499.942, 556.726]] 
RATE (RPS) =====================================: 36

[[458.307, 486.763, 512.028, 553.579, 384.524, 419.582, 449.775, 482.351, 536.578, 562.055, 491.967, 558.998, 491.764, 572.357, 574.148, 532.606, 464.708, 610.894, 566.295, 627.172, 495.701, 622.98, 755.592, 681.491]] 
RATE (RPS) =====================================: 36

[[413.996, 491.551, 397.126, 423.596, 409.26, 424.993, 436.481, 460.61, 413.554, 483.135, 430.005, 476.56, 515.948, 545.096, 556.706, 579.952, 607.128, 638.772, 373.895, 410.69, 443.64, 634.389, 663.462]] 
RATE (RPS) =====================================: 36

[[441.617, 413.377, 469.692, 525.305, 481.068, 439.356, 539.561, 463.324, 653.24, 541.929, 602.457, 441.633, 463.016, 537.668, 455.717, 571.574, 520.261, 551.683, 567.489, 531.229, 565.65]] 
RATE (RPS) =====================================: 36

[[493.762, 460.353, 469.696, 497.072, 520.064, 487.621, 518.583, 548.95, 576.194, 544.268, 575.743, 605.628, 564.131, 580.267, 596.154, 597.467, 612.844, 673.455, 615.914, 617.71, 690.015, 657.837, 714.613, 715.021, 660.182, 722.572, 692.441]] 
RATE (RPS) =====================================: 36

[[378.849, 387.721, 435.285, 405.061, 502.878, 426.184, 443.573, 524.309, 444.081, 548.007, 466.091, 572.724, 604.396, 484.237, 599.416, 523.041, 470.468, 612.346, 693.156, 633.055, 722.564, 752.222, 480.162, 707.493]] 
RATE (RPS) =====================================: 37

[[396.201, 445.875, 399.484, 511.983, 415.453, 537.442, 469.322, 605.501, 685.605, 463.91, 838.45, 749.166, 465.394, 863.011, 477.253, 904.857, 472.197, 964.582, 1032.309, 1102.189, 1255.254, 1172.737, 448.955, 1305.629]] 
RATE (RPS) =====================================: 32

[[403.332, 381.532, 422.597, 468.435, 391.945, 438.434, 492.263, 551.802, 448.638, 577.84, 597.259, 642.533, 489.281, 676.215, 701.346, 509.839, 687.336, 443.819, 709.044, 799.951, 722.576, 468.401, 775.408, 485.116, 800.932]] 
RATE (RPS) =====================================: 37

[[432.485, 431.081, 446.125, 487.544, 418.173, 475.631, 500.372, 488.134, 543.755, 563.563, 494.762, 606.626, 501.185, 564.254, 535.782, 598.922, 574.421, 608.898, 642.942, 603.084, 658.175]] 
RATE (RPS) =====================================: 37

[[438.136, 498.763, 389.887, 522.168, 521.297, 549.264, 416.628, 585.99, 634.034, 685.535, 737.967, 431.029, 770.537, 466.756, 811.508, 503.488, 836.802, 510.794, 585.009, 466.406, 557.419]] 
RATE (RPS) =====================================: 37

[[631.197, 581.547, 660.086, 696.651, 460.327, 717.792, 533.625, 456.711, 592.75, 547.95, 718.962, 625.936, 754.308, 684.224, 782.863, 762.897, 677.024, 611.787, 712.008, 644.56, 715.287]] 
RATE (RPS) =====================================: 37

[[519.98, 494.168, 522.914, 524.906, 542.966, 572.494, 539.869, 611.82, 691.244, 644.24, 548.059, 556.025, 651.044, 628.441, 662.221, 705.508, 689.17, 669.499, 702.486, 737.189, 744.871, 771.713, 801.249, 680.714, 814.028, 774.249, 942.112, 846.615, 696.191, 887.413, 824.388, 901.438, 723.316, 981.113, 730.731, 1030.788, 914.812]] 
RATE (RPS) =====================================: 36

[[406.171, 474.613, 542.483, 443.317, 492.448, 591.188, 529.247, 616.257, 600.566, 392.86, 633.965, 680.863, 716.872, 650.03, 744.813, 808.998, 415.276, 723.516, 866.977, 441.093, 731.851, 470.202, 1193.564, 919.564, 479.565, 1042.474, 727.573, 761.412, 799.031, 835.655, 870.763, 917.166, 463.332, 1190.754, 486.394, 913.707, 519.659]] 
RATE (RPS) =====================================: 34

[[456.916, 469.389, 419.799, 520.316, 598.141, 488.176, 572.019, 517.201, 726.184, 606.738, 627.765, 770.09, 842.084, 715.963, 682.631, 885.23, 518.194, 454.806, 924.665, 698.465, 737.672, 504.028, 1005.703, 746.788, 542.134, 776.056, 898.167, 762.216, 588.382, 508.055, 962.865, 519.813, 913.897, 857.618, 999.845, 1077.983, 549.483]] 
RATE (RPS) =====================================: 35

[[465.693, 392.108, 456.419, 488.911, 414.162, 444.285, 499.192, 553.866, 592.126, 633.461, 461.42, 669.596, 707.177, 507.916, 567.397, 425.092, 733.715, 614.585, 807.552, 645.003, 845.647, 491.022, 664.173, 567.287, 659.787, 728.694, 678.278, 795.207, 805.539, 913.311, 825.466, 1067.5819999999999, 795.887, 822.199, 1141.028, 1183.767, 1260.601]] 
RATE (RPS) =====================================: 33

[[378.277, 385.484, 482.747, 430.958, 412.799, 506.373, 569.718, 435.229, 429.112, 506.426, 598.8, 623.058, 635.771, 670.093, 488.662, 431.484, 679.319, 759.02, 679.014, 503.181, 710.685, 821.543, 903.875, 518.961, 968.296, 723.315, 552.528, 1032.226, 579.04, 738.744, 618.024, 1098.24, 648.012, 677.153, 1156.106, 752.181, 843.263, 722.59]] 
RATE (RPS) =====================================: 35

[[466.18, 390.081, 429.335, 542.637, 456.372, 544.33, 389.497, 604.878, 463.054, 435.265, 666.04, 541.406, 472.1, 541.924, 577.866, 614.909, 716.445, 800.096, 912.383, 634.72, 979.562, 1088.215, 508.994, 1184.999, 1247.58, 628.642, 663.202, 708.232, 720.372, 1443.943, 461.9, 1347.935, 1252.925, 1581.658, 1496.498, 476.102, 710.058, 510.013]] 
RATE (RPS) =====================================: 30

[[489.078, 463.015, 551.081, 394.784, 465.382, 508.425, 534.132, 579.578, 568.408, 603.549, 391.489, 439.039, 631.186, 456.238, 497.295, 599.577, 694.828, 797.515, 714.9, 630.461, 789.177, 837.599, 836.815, 478.321, 914.568, 835.676, 548.498, 949.367, 570.142, 984.283, 920.193, 833.837, 1009.182, 1052.078, 1090.686, 974.407, 592.86, 1203.35]] 
RATE (RPS) =====================================: 34

[[417.891, 597.097, 466.018, 544.825, 498.614, 465.745, 435.998, 852.064, 455.298, 499.476, 566.152, 626.886, 514.492, 510.703, 564.37, 649.131, 877.794, 614.94, 554.664, 742.458, 581.797, 622.182, 882.188, 595.321, 941.794, 652.21, 976.736, 675.931, 595.563, 699.036, 624.988, 1111.372, 737.919, 1006.859, 1249.844, 724.639, 1150.743, 743.238]] 
RATE (RPS) =====================================: 34

[[527.905, 515.303, 443.989, 441.846, 477.68, 618.818, 531.866, 507.612, 619.466, 473.0, 555.869, 490.309, 651.552, 626.024, 722.925, 507.164, 790.794, 863.226, 628.233, 518.106, 756.108, 701.119, 910.357, 519.902, 768.308, 966.422, 1095.761, 1188.4279999999999, 530.599, 776.05, 615.276, 563.63, 1234.026, 680.808, 834.659, 1299.54, 777.922, 865.168]] 
RATE (RPS) =====================================: 34

[[393.948, 421.078, 488.542, 577.079, 447.139, 427.162, 668.117, 448.473, 498.569, 436.145, 447.755, 527.395, 491.097, 532.357, 668.492, 561.119, 735.412, 560.892, 511.124, 789.489, 874.549, 543.935, 937.639, 998.532, 535.584, 1063.154, 1146.557, 568.593, 501.233, 1287.929, 515.824, 1189.502, 555.751, 1400.126, 1520.87, 571.392, 509.296, 631.435]] 
RATE (RPS) =====================================: 32

[[472.566, 497.64, 455.425, 503.301, 506.866, 563.417, 532.537, 586.316, 606.621, 615.43, 647.397, 446.007, 513.897, 481.157, 783.197, 732.301, 655.719, 520.268, 795.869, 823.357, 562.81, 861.961, 702.603, 487.286, 603.024, 793.591, 846.23, 630.814, 820.006, 920.833, 640.745, 667.683, 951.384, 829.537, 859.647, 1010.743, 1155.435, 1063.747]] 
RATE (RPS) =====================================: 35

[[400.222, 482.832, 432.923, 439.395, 465.554, 476.669, 542.963, 641.63, 622.056, 570.991, 391.363, 444.347, 523.555, 615.861, 554.226, 652.645, 647.213, 763.022, 820.179, 655.119, 532.839, 687.775, 849.999, 988.532, 589.729, 544.135, 1082.906, 1158.353, 680.25, 702.441, 1212.6109999999999, 709.464, 567.756, 642.504, 727.26, 1246.087, 759.068, 813.869]] 
RATE (RPS) =====================================: 34

[[413.835, 479.441, 414.241, 825.756, 571.416, 720.609, 888.645, 401.635, 425.221, 398.292, 931.409, 451.225, 419.715, 972.568, 1026.688, 1104.479, 445.368, 1172.813, 516.861, 398.965, 1263.991, 430.337, 469.743, 1297.22, 486.456, 531.384, 439.738, 475.332, 543.067]] 
RATE (RPS) =====================================: 33

[[440.148, 594.672, 449.469, 481.964, 626.69, 512.997, 389.412, 420.491, 492.307, 405.363, 559.739, 647.029, 606.986, 705.391, 395.539, 618.771, 650.479, 466.344, 667.335, 485.207, 405.807, 630.915, 659.67, 616.587, 468.308, 485.685, 677.955, 501.795, 753.989]] 
RATE (RPS) =====================================: 38

[[459.49, 411.793, 412.398, 533.258, 407.344, 392.724, 448.22, 555.754, 412.95, 615.204, 442.103, 467.554, 495.645, 440.451, 657.564, 474.069, 496.595, 539.24, 478.402, 580.454, 693.938, 461.098, 498.052, 554.389]] 
RATE (RPS) =====================================: 39

[[450.635, 444.967, 519.835, 535.526, 465.808, 461.878, 529.922, 504.828, 500.77, 594.608, 552.071, 542.742, 627.086, 558.7, 565.968, 605.85, 625.435, 628.998, 697.343, 763.463, 848.032, 912.747, 558.254, 958.759, 564.094, 603.606, 554.702, 561.757, 607.047, 930.659, 597.218]] 
RATE (RPS) =====================================: 39

[[430.824, 453.297, 561.215, 439.691, 395.927, 441.75, 578.248, 664.099, 456.149, 422.81, 527.902, 479.34, 559.265, 590.62, 433.937, 627.057, 667.391, 664.323, 749.941, 786.894, 667.274, 706.241, 780.84, 782.878, 815.767, 404.458, 812.527, 423.17, 459.592, 848.472, 776.534, 844.427]] 
RATE (RPS) =====================================: 39

[[464.692, 433.505, 458.97, 420.145, 477.568, 514.551, 574.721, 657.751, 743.531, 491.7, 941.173, 862.396, 562.587, 512.161, 407.554, 1067.085, 987.211, 441.702, 560.524, 590.927, 623.866, 677.243, 477.109, 1096.189, 683.888, 478.631, 496.899, 713.863, 539.322, 567.063, 717.809, 628.091, 753.178]] 
RATE (RPS) =====================================: 37

[[430.532, 403.101, 427.42, 438.546, 396.608, 514.566, 580.571, 659.474, 428.934, 489.272, 412.736, 505.042, 472.857, 697.65, 502.862, 465.378, 721.369, 445.213, 383.945, 498.315, 448.305, 779.228, 875.883, 527.284, 944.055, 560.239, 379.193, 592.578, 631.052]] 
RATE (RPS) =====================================: 39

[[418.319, 443.583, 495.519, 396.861, 399.802, 417.741, 436.635, 451.305, 625.826, 540.489, 465.151, 466.091, 509.74, 558.608, 522.971, 471.514, 651.318, 539.935, 717.1, 547.557, 754.041, 508.827, 823.955, 551.368, 495.505, 857.095, 629.026, 563.293, 907.751, 477.116, 511.48, 649.018, 675.672]] 
RATE (RPS) =====================================: 39

[[475.95, 498.242, 397.701, 511.662, 559.0, 531.149, 591.261, 636.918, 422.363, 629.855, 634.736, 671.646, 677.056, 741.975, 706.874, 433.107, 758.899, 472.901, 499.936, 806.71, 502.162, 673.937, 545.798, 837.083, 574.823, 503.378, 572.077]] 
RATE (RPS) =====================================: 39

[[454.803, 478.74, 467.372, 607.259, 468.311, 532.692, 634.077, 452.86, 483.576, 664.635, 707.119, 481.341, 496.023, 489.816, 527.834, 634.209, 687.252, 693.139, 741.952, 677.989, 770.149, 635.69, 419.172, 448.015, 773.087, 886.784, 958.437]] 
RATE (RPS) =====================================: 39

[[422.89, 497.309, 418.441, 579.235, 416.074, 384.747, 478.836, 425.635, 414.782, 454.46, 491.092, 518.555, 545.091, 462.744, 670.468, 500.952, 782.233, 558.145, 852.311, 480.252, 472.568, 558.549, 584.488, 626.274, 853.035, 465.836, 917.74, 997.394]] 
RATE (RPS) =====================================: 39

[[387.173, 478.147, 477.728, 417.424, 529.966, 494.281, 608.225, 680.239, 402.564, 746.718, 425.821, 837.805, 497.018, 906.083, 518.416, 963.123, 560.588, 426.25, 456.589, 497.759, 1022.129, 542.433, 553.249, 684.297, 534.089, 566.701, 553.951, 1012.005, 579.794, 509.359, 603.778, 633.037]] 
RATE (RPS) =====================================: 37

[[399.945, 430.034, 430.198, 395.56, 433.615, 471.14, 481.04, 527.756, 390.105, 401.953, 516.461, 431.395, 501.246, 560.135, 569.69, 467.641, 650.257, 590.26, 643.526, 711.741, 460.984, 714.152, 664.62, 486.627, 726.458, 791.822, 683.824, 702.196]] 
RATE (RPS) =====================================: 40

[[502.317, 526.584, 569.969, 528.69, 470.368, 578.112, 471.633, 540.295, 568.599, 645.823, 756.403, 546.45, 463.251, 825.05, 921.295, 1098.528, 532.029, 993.362, 546.026, 457.476, 1125.923, 484.941, 519.932, 494.971, 1106.501, 523.603, 545.338]] 
RATE (RPS) =====================================: 37

[[730.519, 644.938, 581.377, 1501.464, 833.344, 723.812, 611.247, 545.635, 876.834, 581.227, 914.175, 987.814, 534.527, 1045.469, 620.668, 666.043, 557.195, 703.727, 525.217, 721.42, 1057.437, 780.753, 1121.994, 701.264, 803.043, 754.459, 1114.465, 1229.113]] 
RATE (RPS) =====================================: 34

[[496.582, 436.481, 429.171, 462.955, 523.236, 499.394, 664.124, 486.791, 536.221, 417.423, 602.811, 703.703, 500.201, 537.95, 448.232, 616.939, 649.902, 692.419, 478.504, 877.719, 757.284, 760.506, 711.054, 940.948, 795.992, 824.587, 839.308, 1045.19, 870.804, 908.456, 387.45, 1035.9279999999999, 945.489]] 
RATE (RPS) =====================================: 38

[[414.317, 406.843, 441.05, 474.648, 466.376, 566.576, 485.274, 611.572, 697.869, 410.729, 744.939, 426.66, 460.064, 480.62, 498.266, 470.133, 756.451, 505.142, 473.1, 519.672, 791.396, 485.031, 532.325, 530.855, 539.006]] 
RATE (RPS) =====================================: 40

[[392.473, 406.311, 449.065, 423.584, 574.35, 468.611, 448.033, 484.867, 527.212, 562.801, 447.386, 613.163, 589.232, 469.089, 671.944, 744.952, 824.849, 579.292, 617.355, 676.737, 458.051, 720.035, 850.229, 483.321, 1141.997, 732.967, 1280.362, 896.653, 735.563]] 
RATE (RPS) =====================================: 38

[[455.052, 597.113, 444.932, 452.763, 548.803, 466.181, 491.284, 462.631, 556.114, 562.945, 475.809, 570.736, 692.807, 501.256, 535.407, 718.125, 592.946, 636.143, 464.749, 1134.627, 663.608, 807.458, 973.539, 891.266, 1018.425, 672.068, 675.279, 472.853, 1063.517, 683.759, 461.693]] 
RATE (RPS) =====================================: 37

[[498.165, 534.33, 587.079, 534.545, 634.441, 692.143, 531.849, 728.862, 520.759, 533.358, 773.451, 542.245, 566.384, 498.291, 578.059, 518.639, 600.845, 776.463, 623.537, 639.091, 794.954, 644.329, 836.964, 580.764, 886.358, 583.096, 488.662, 913.47]] 
RATE (RPS) =====================================: 40

[[535.149, 441.765, 592.66, 666.252, 391.253, 453.502, 390.149, 750.877, 386.618, 818.871, 882.84, 402.203, 398.21, 957.377, 437.665, 520.326, 1051.111, 450.086, 466.522, 396.142, 504.62, 459.989, 1045.759, 516.566, 442.059, 1063.25, 444.435, 1184.92, 489.097, 1082.463]] 
RATE (RPS) =====================================: 35

[[422.747, 487.873, 515.359, 514.247, 416.522, 535.179, 557.34, 583.178, 673.175, 461.029, 808.365, 731.574, 868.352, 472.83, 926.606, 992.428, 510.345, 557.9, 557.207, 582.864, 485.677, 613.367, 1014.029, 1188.905, 1097.468, 550.629, 1279.387, 604.642, 1376.675, 550.508, 639.32, 568.469]] 
RATE (RPS) =====================================: 35

[[448.555, 442.694, 470.298, 461.18, 535.006, 441.533, 504.868, 430.217, 494.311, 526.612, 551.73, 587.386, 484.273, 547.59, 618.45, 674.796, 596.238, 453.687, 475.342, 518.025, 658.961, 563.193, 667.234, 800.331, 704.323, 851.537, 561.979, 589.065, 941.237, 993.911, 1069.658, 540.475, 556.919, 1207.55, 1097.908]] 
RATE (RPS) =====================================: 42

[[455.596, 381.715, 428.138, 525.457, 428.946, 395.94, 660.562, 558.904, 430.101, 446.725, 670.925, 492.303, 510.476, 550.14, 569.874, 749.114, 663.078, 813.477, 450.545, 1011.796, 855.403, 429.701, 502.134, 1029.545, 1102.796, 1172.027, 1251.057, 403.221, 452.362, 1268.545, 1347.349, 1415.226]] 
RATE (RPS) =====================================: 37

[[478.786, 393.931, 440.59, 411.769, 504.702, 435.934, 445.379, 538.046, 450.81, 493.758, 468.902, 532.41, 575.796, 612.824, 518.768, 553.493, 575.515, 516.812, 634.089, 603.477, 613.803, 524.332, 618.347, 555.151, 549.281, 631.505, 688.765, 762.582, 582.709, 632.876, 508.78, 609.315]] 
RATE (RPS) =====================================: 45

[[401.846, 449.927, 442.59, 437.631, 489.667, 382.468, 449.516, 521.931, 462.361, 452.225, 520.586, 555.036, 428.348, 450.363, 495.138, 494.879, 493.903, 573.139, 511.553, 631.32, 507.928, 470.172, 515.759, 544.97, 592.638, 567.908, 526.413, 585.105, 594.703, 575.528, 631.018, 717.167, 537.518, 525.243, 762.232]] 
RATE (RPS) =====================================: 45

[[462.708, 506.029, 441.925, 425.455, 519.394, 449.62, 572.274, 555.396, 591.602, 444.166, 507.708, 664.667, 547.832, 584.696, 681.708, 574.06, 691.559, 707.908, 800.708, 779.798, 864.238, 490.027, 810.932, 754.044, 471.493, 786.618, 850.35, 485.378, 832.025, 492.024, 766.971, 519.448, 559.345, 803.386, 799.348, 805.514, 845.082, 563.501, 505.982]] 
RATE (RPS) =====================================: 45

[[505.284, 561.066, 404.378, 426.699, 403.058, 469.429, 577.065, 451.424, 604.727, 453.874, 544.76, 619.692, 779.494, 427.999, 690.158, 575.143, 842.066, 420.673, 472.577, 480.732, 421.743, 482.232, 862.562, 1092.238, 506.266, 912.121, 993.968, 494.887, 461.674, 574.717, 493.669, 627.084, 451.78, 492.71, 1052.813, 469.029, 601.123, 467.191, 1113.682, 1236.271, 508.527, 514.987, 568.633, 555.797, 425.618]] 
RATE (RPS) =====================================: 41

[[462.171, 407.322, 400.584, 451.237, 408.592, 424.346, 452.107, 520.723, 437.643, 597.041, 411.065, 445.319, 497.508, 539.642, 457.554, 586.075, 671.948, 428.41, 764.453, 470.943, 834.496, 917.635, 591.673, 1065.602, 967.608, 1118.537, 628.616, 1184.691, 417.04, 439.021, 479.548, 1245.306, 1318.81, 437.315, 676.189, 609.779, 473.694, 1371.363, 1446.341, 703.69, 514.333, 559.794, 727.567, 590.636, 440.797]] 
RATE (RPS) =====================================: 38

[[424.03, 505.452, 637.27, 452.861, 396.888, 708.021, 404.034, 487.583, 785.678, 417.73, 472.535, 851.33, 388.397, 521.613, 560.992, 494.743, 556.971, 909.839, 595.482, 568.177, 613.012, 1013.088, 662.426, 608.28, 398.28, 432.717, 662.515, 670.232, 544.37, 457.334, 584.717, 1010.283, 1093.878, 1173.54, 661.71, 625.368, 688.461, 575.531, 616.199, 1210.882, 639.695, 685.203, 1277.43, 629.581, 676.173]] 
RATE (RPS) =====================================: 39

[[514.376, 519.48, 603.884, 585.335, 561.071, 527.515, 641.24, 599.37, 601.058, 568.472, 589.278, 596.825, 548.725, 652.485, 764.561, 607.192, 654.03, 831.598, 905.358, 593.087, 547.777, 574.685, 624.318, 938.555, 630.851, 680.724, 772.625, 711.897, 965.553, 607.89, 524.634, 646.727, 691.66, 619.681, 992.013, 718.473, 639.584, 673.317, 701.552, 724.43, 829.706, 747.318, 722.125, 1000.104, 655.155]] 
RATE (RPS) =====================================: 44

[[512.834, 577.33, 603.307, 534.352, 811.133, 560.332, 792.794, 2102.54, 791.749, 758.843, 718.627, 724.484, 720.6, 706.263, 698.474, 703.923, 931.33, 667.065, 674.458, 682.164, 977.708, 643.594, 2133.079, 1213.845, 593.922, 604.475, 1184.938, 2492.018, 1235.199, 631.514, 1389.194, 1490.233, 1431.141, 3034.575, 702.705, 2577.175, 701.978, 708.797, 829.782, 733.756, 679.132, 1338.718, 709.996, 674.81, 672.924]] 
RATE (RPS) =====================================: 33

[[1497.577, 1446.098, 1437.754, 1461.239, 1466.955, 1560.693, 1668.202, 661.766, 879.391, 678.312, 720.441, 616.016, 634.88, 724.859, 907.753, 730.665, 712.131, 840.074, 651.676, 731.573, 648.455, 749.369, 520.75, 575.771, 546.232, 643.369, 773.863, 673.903, 773.811, 676.162, 701.279, 606.162, 757.231, 730.497, 786.808, 833.793, 798.127, 670.261, 849.612, 716.305, 710.777, 806.027, 876.317, 845.809, 762.705, 895.307, 644.405, 921.816, 946.994, 815.69]] 
RATE (RPS) =====================================: 43

[[446.784, 458.08, 547.97, 440.246, 436.581, 620.214, 448.992, 705.533, 417.631, 488.511, 813.791, 511.794, 547.972, 455.653, 459.951, 409.059, 597.074, 483.737, 527.686, 528.05, 630.413, 905.722, 802.44, 678.546, 1075.924, 698.37, 977.236, 400.836, 1218.604, 1135.4470000000001, 516.681, 703.976, 425.955, 537.451, 398.933, 589.012, 449.991, 707.843, 511.052, 1188.981, 1253.633, 717.529, 754.512, 558.24, 513.828, 545.349, 808.564, 740.333, 1248.166, 1327.071]] 
RATE (RPS) =====================================: 43

[[586.283, 540.337, 565.496, 541.822, 555.048, 546.558, 634.424, 557.656, 666.216, 558.341, 679.306, 728.799, 617.138, 799.024, 760.576, 619.336, 653.746, 785.762, 677.213, 805.124, 852.865, 707.799, 602.057, 674.56, 637.279, 700.894, 712.104, 679.11, 705.165, 608.165, 734.081, 775.077, 695.241, 831.466, 763.635, 795.551, 611.624, 938.234, 819.038, 653.139, 775.47, 704.596, 928.859, 984.615, 791.171, 1002.588, 1038.871, 609.385, 725.889, 1071.776]] 
RATE (RPS) =====================================: 47

[[497.79, 521.046, 652.535, 546.764, 710.055, 803.268, 493.081, 502.718, 870.354, 516.172, 524.746, 604.449, 560.348, 546.23, 617.46, 565.211, 519.862, 577.263, 573.615, 630.375, 854.57, 690.127, 722.516, 577.608, 755.527, 907.194, 972.354, 796.03, 493.11, 600.169, 805.737, 506.867, 1017.491, 835.522, 868.197, 577.481, 594.453, 1065.376, 561.767, 870.419, 1171.153, 609.89, 1289.417, 885.889, 537.141, 916.226, 603.19, 650.459, 1325.723, 553.635]] 
RATE (RPS) =====================================: 45

[[419.344, 421.218, 460.93, 474.242, 435.246, 543.394, 501.219, 463.357, 430.752, 507.633, 526.729, 469.891, 579.42, 497.571, 533.193, 499.987, 618.215, 567.477, 501.089, 535.457, 653.807, 557.57, 653.828, 611.22, 625.638, 544.0, 664.544, 642.861, 658.621, 676.697, 747.04, 657.392, 551.3, 688.994, 734.834, 808.723, 878.145, 675.766, 950.081, 782.296, 696.623, 1013.87, 518.397, 561.658, 650.086, 713.54, 721.728, 789.279, 841.539, 1045.563]] 
RATE (RPS) =====================================: 48

[[456.271, 469.502, 415.797, 466.231, 424.668, 463.924, 504.514, 556.879, 470.256, 454.583, 523.703, 526.782, 493.67, 534.421, 584.367, 586.247, 632.356, 608.312, 589.61, 507.237, 648.146, 723.182, 645.361, 685.719, 607.047, 862.876, 764.147, 696.652, 924.914, 610.04, 690.48, 962.944, 721.536, 592.491, 600.073, 763.926, 595.044, 608.536, 781.733, 820.247, 978.827, 895.264, 617.54, 931.358, 651.82, 951.969, 1046.533, 1000.217, 534.516, 654.962]] 
RATE (RPS) =====================================: 48

[[503.861, 669.543, 560.531, 531.535, 630.812, 657.162, 571.074, 735.637, 628.755, 822.662, 640.997, 575.433, 660.885, 902.775, 735.759, 678.051, 751.513, 668.3, 770.403, 946.595, 1040.1779999999999, 582.963, 623.051, 677.055, 763.591, 1065.815, 801.813, 721.358, 766.37, 828.481, 855.756, 682.087, 717.182, 766.27, 747.952, 1098.591, 780.727, 763.413, 765.184, 1108.1680000000001, 828.198, 756.755, 1237.53, 835.945, 1153.078, 792.976, 742.147, 846.34, 1261.413, 904.604]] 
RATE (RPS) =====================================: 43

[[554.545, 543.61, 555.705, 560.982, 620.542, 727.489, 527.578, 804.347, 548.126, 633.128, 576.672, 502.944, 849.354, 946.758, 617.03, 740.762, 669.87, 484.489, 1031.881, 1117.39, 521.958, 508.367, 1190.954, 1289.055, 1385.307, 1463.799, 499.574, 552.352, 1535.857, 650.826, 655.582, 505.149, 738.36, 695.229, 662.016, 798.508, 805.821, 1546.596, 818.002, 469.377, 849.313, 563.777, 515.909, 597.921, 1585.934, 834.906, 840.493, 1586.862, 1622.979, 1654.899]] 
RATE (RPS) =====================================: 38

[[486.498, 476.787, 431.012, 472.493, 553.372, 433.115, 630.962, 782.151, 531.815, 487.102, 459.112, 878.082, 992.518, 485.085, 544.796, 609.652, 505.067, 655.976, 1059.72, 1120.644, 447.236, 678.349, 709.935, 502.803, 783.785, 499.177, 549.94, 519.113, 763.648, 543.15, 1101.923, 579.619, 1152.277, 616.461, 1209.681, 554.274, 658.211, 1255.953, 818.623, 635.456, 695.387, 657.176, 760.848, 1288.963, 690.819, 1354.548, 860.836, 1415.491, 774.929, 870.611]] 
RATE (RPS) =====================================: 41

[[547.72, 406.694, 441.656, 446.122, 543.191, 433.948, 480.499, 545.748, 448.292, 463.32, 476.576, 488.458, 552.742, 594.84, 507.972, 442.712, 489.812, 571.72, 501.581, 564.296, 486.241, 626.879, 558.867, 677.893, 490.86, 507.763, 1009.22, 470.547, 725.125, 1081.9180000000001, 842.436, 1157.137, 492.625, 460.529, 482.11, 1340.656, 1259.577, 1169.989, 477.632, 511.474, 438.016, 1333.189, 1503.841, 518.184, 1379.938]] 
RATE (RPS) =====================================: 41

[[464.931, 508.476, 509.312, 476.204, 570.102, 555.509, 499.17, 605.806, 439.46, 607.891, 560.608, 667.135, 440.309, 452.363, 615.924, 744.321, 788.989, 945.218, 418.237, 518.483, 443.779, 427.742, 543.158, 927.855, 989.776, 1042.176, 1215.636, 516.574, 541.599, 1103.539, 438.086, 1287.461, 1189.397, 410.608, 477.4, 410.563, 432.091, 453.179, 394.87, 478.585, 443.087]] 
RATE (RPS) =====================================: 50

[[471.136, 484.997, 422.125, 403.978, 497.616, 413.572, 447.676, 476.25, 455.14, 484.694, 591.888, 673.267, 500.893, 419.197, 492.46, 497.968, 412.47, 517.682, 436.133, 468.973, 552.32, 485.0, 587.14, 470.907, 614.532, 613.136, 480.235, 637.594, 951.03, 829.432, 627.214, 624.309, 718.064, 422.95, 462.561, 414.734, 964.75, 467.638, 1076.73, 1143.823, 1189.194, 443.95, 551.803, 1221.759]] 
RATE (RPS) =====================================: 51

[[463.816, 436.187, 622.432, 450.637, 468.36, 495.949, 455.324, 513.145, 708.711, 802.855, 862.449, 497.957, 505.93, 471.339, 494.74, 471.31, 482.886, 518.343, 543.931, 549.378, 513.668, 764.059, 607.031, 837.914, 615.721, 889.101, 658.389, 527.467, 659.214, 943.199, 584.531, 671.538, 550.655, 506.31, 629.257, 588.207, 614.848, 869.879, 643.544, 577.069, 871.953]] 
RATE (RPS) =====================================: 55

[[498.897, 424.89, 422.13, 404.226, 437.463, 502.977, 455.604, 467.797, 418.458, 450.868, 532.46, 603.875, 439.691, 505.85, 436.645, 653.33, 698.169, 465.236, 797.979, 472.106, 452.524, 516.388, 888.676, 965.666, 475.756, 410.162, 502.255, 490.469, 528.924, 516.676, 519.273, 544.129, 879.774, 1026.075, 918.818, 618.726, 523.592, 546.929, 578.489, 493.855, 592.699, 518.578, 524.134, 587.009]] 
RATE (RPS) =====================================: 54

[[447.688, 463.257, 491.517, 508.183, 511.601, 526.886, 530.775, 563.258, 569.762, 470.689, 596.533, 571.544, 571.92, 589.709, 481.264, 480.606, 526.76, 512.369, 547.925, 558.479, 565.792, 465.25, 471.296, 485.255, 582.79, 512.914, 458.32, 563.274, 478.946, 513.371, 460.913]] 
RATE (RPS) =====================================: 55

[[458.529, 476.675, 470.883, 495.556, 477.763, 517.196, 529.855, 470.944, 550.211, 584.004, 511.413, 652.828, 726.142, 450.845, 481.349, 469.097, 470.302, 474.07, 502.65, 541.879, 664.128, 449.611, 482.542, 508.806, 429.55, 476.167, 583.098, 488.783, 445.723, 448.144, 485.961, 575.452, 451.445]] 
RATE (RPS) =====================================: 55

[[453.965, 536.904, 451.74, 465.352, 432.717, 540.449, 534.667, 547.093, 585.485, 481.746, 604.043, 455.027, 460.176, 525.732, 614.52, 584.521, 684.257, 581.174, 695.928, 597.661, 541.26, 606.596, 489.375, 531.892, 632.08, 575.947, 521.279, 640.503, 570.653, 508.259]] 
RATE (RPS) =====================================: 55

[[541.775, 488.488, 512.184, 484.514, 474.54, 544.944, 484.781, 573.854, 521.074, 556.497, 577.985, 517.595, 619.51, 652.25, 546.835, 595.632, 665.044, 647.547, 741.246, 478.941, 509.307, 494.317, 511.577, 492.695, 529.602, 603.687, 664.117, 534.525, 637.842, 533.806, 634.613, 659.445, 495.011]] 
RATE (RPS) =====================================: 55

[[487.755, 458.912, 433.791, 455.834, 460.816, 479.117, 454.036, 559.465, 682.365, 470.659, 461.3, 727.659, 459.312, 776.156, 455.483, 483.943, 496.583, 783.171, 864.8, 501.27, 530.494, 527.786, 864.224, 466.201, 484.31, 473.773, 463.591, 545.761, 485.227, 568.607, 718.626, 603.014, 793.086]] 
RATE (RPS) =====================================: 55

[[518.65, 520.849, 473.803, 563.026, 468.469, 555.84, 526.493, 480.761, 503.067, 546.373, 611.374, 610.936, 636.655, 486.762, 643.944, 467.059, 602.126, 618.333, 506.851, 461.632, 646.259, 509.255, 655.279, 522.939, 460.768, 534.917, 587.879, 474.683, 640.072, 484.275, 538.271, 564.924, 569.113, 587.369]] 
RATE (RPS) =====================================: 55

[[533.514, 635.94, 424.507, 690.234, 429.83, 438.113, 726.346, 796.08, 423.081, 476.372, 845.982, 460.316, 407.179, 437.523, 920.976, 541.991, 448.965, 408.829, 1005.763, 1063.326, 435.371, 423.367, 410.303, 423.706, 1050.204, 1129.1109999999999, 401.323, 423.978, 1146.9279999999999, 420.219, 1200.798, 404.432, 415.755, 417.021, 457.674, 399.772, 1110.317, 484.307, 405.493, 441.291, 1090.392, 416.049]] 
RATE (RPS) =====================================: 52

[[403.769, 378.944, 444.525, 385.324, 436.24, 502.073, 454.979, 480.51, 519.771, 576.123, 437.116, 532.46, 553.81, 605.706, 508.42, 651.058, 451.546, 413.316, 479.892, 390.642, 426.652, 467.144, 437.436, 481.221, 412.526, 479.121, 450.2, 384.342, 482.688, 393.86, 397.408, 446.674]] 
RATE (RPS) =====================================: 60

[[386.62, 536.364, 423.83, 449.951, 409.428, 411.159, 444.995, 561.884, 479.737, 480.517, 524.674, 416.495, 575.591, 470.297, 529.404, 546.157, 524.45, 590.055, 522.177, 541.735, 471.244, 401.807, 396.187, 425.789, 452.906, 435.739, 574.676, 643.798, 705.942, 394.081, 750.827, 387.565, 423.304, 406.691, 757.202, 819.392, 434.381, 856.551, 920.515]] 
RATE (RPS) =====================================: 60

[[423.345, 526.2, 592.663, 447.133, 446.2, 468.637, 403.761, 411.682, 458.224, 584.196, 427.974, 644.994, 464.811, 422.216, 470.005, 418.391, 471.821, 517.018, 419.404, 515.574, 602.784, 536.515, 547.891, 571.541, 595.675, 535.302, 640.019, 465.48, 667.711, 490.474, 549.33, 528.383, 419.443, 419.244, 455.099]] 
RATE (RPS) =====================================: 60

[[457.845, 542.36, 500.886, 505.79, 505.469, 486.405, 545.125, 468.401, 603.947, 666.884, 488.39, 505.365, 453.717, 669.816, 526.684, 453.501, 582.889, 476.426, 477.386, 449.868, 590.702, 520.221, 584.254, 690.902, 606.705, 628.873, 401.613, 670.566, 672.724, 412.036, 658.463, 445.851]] 
RATE (RPS) =====================================: 60

[[525.418, 444.199, 407.587, 460.088, 472.881, 466.695, 470.452, 441.192, 473.408, 496.555, 482.698, 467.466, 460.428, 427.393, 455.426, 453.222, 497.094, 485.865, 445.634, 524.04, 571.076, 794.554, 636.214, 503.919, 541.061, 519.092, 597.223, 634.673, 427.966, 646.796, 461.408, 689.677, 420.79, 442.854, 527.429, 650.436, 543.42, 501.118, 442.868]] 
RATE (RPS) =====================================: 60

[[583.336, 526.59, 566.213, 591.235, 611.282, 640.072, 542.476, 607.31, 566.033, 584.247, 596.522, 589.111, 537.486, 682.263, 639.539, 584.433, 661.735, 533.55, 589.302, 520.298, 630.802, 564.932, 603.38, 540.365, 643.162, 702.474, 562.483, 599.643, 700.951, 507.913, 719.59, 580.755, 528.236, 646.116]] 
RATE (RPS) =====================================: 60

[[550.134, 590.876, 547.113, 557.594, 622.525, 605.172, 579.39, 592.12, 566.848, 610.295, 691.668, 770.265, 554.61, 519.317, 800.586, 530.281, 855.065, 558.736, 547.305, 564.882, 563.716, 566.509, 548.455, 564.259, 772.62, 572.032]] 
RATE (RPS) =====================================: 60

[[590.252, 657.801, 644.083, 645.124, 687.391, 646.961, 573.625, 700.214, 681.449, 706.73, 726.609, 632.778, 779.493, 653.754, 820.156, 847.106, 757.299, 661.54, 690.794, 614.052, 715.424, 720.503, 805.172, 801.946, 869.088, 734.654, 768.325, 605.224, 846.847, 703.79, 752.79, 768.363, 712.291, 881.517, 947.884]] 
RATE (RPS) =====================================: 60

[[553.67, 603.634, 510.734, 555.362, 604.098, 530.693, 606.506, 605.419, 478.278, 515.173, 481.517, 533.687, 498.031, 647.157, 584.849, 457.679, 599.617, 494.384, 502.096, 516.421, 574.458, 641.054, 516.425, 777.04, 697.047, 458.612, 436.429, 470.832, 503.34]] 
RATE (RPS) =====================================: 60

[[659.752, 570.378, 575.094, 601.605, 766.728, 669.895, 623.742, 561.656, 912.408, 808.151, 658.037, 979.261, 582.344, 1047.118, 1116.466, 1200.209, 622.666, 1267.281, 604.509, 630.283, 1324.3809999999999, 607.257, 1420.445, 613.026, 671.533, 723.841, 652.939, 1417.463, 715.734, 742.87, 745.779, 766.993, 642.182, 1346.07, 659.313, 692.903]] 
RATE (RPS) =====================================: 57

[[480.931, 524.072, 446.587, 462.576, 524.186, 479.768, 547.182, 533.143, 603.056, 509.052, 644.214, 519.192, 506.121, 456.111, 465.17, 475.987, 594.41, 454.319, 645.111, 424.882, 488.144, 491.756, 510.747, 453.424, 508.453, 609.586, 520.451, 558.633, 417.079, 440.682, 503.255, 539.452, 594.323, 658.969, 523.645, 442.027]] 
RATE (RPS) =====================================: 65

[[485.614, 507.867, 525.777, 434.45, 488.237, 530.219, 526.608, 572.789, 556.362, 541.112, 458.966, 510.936, 543.817, 634.403, 568.084, 569.833, 612.362, 621.534, 621.577, 688.895, 592.656, 737.265, 887.216, 804.348, 562.628, 590.056, 519.131, 857.864, 495.267, 940.01, 511.247, 512.368, 536.537, 529.401, 523.803, 525.483, 894.412, 511.99, 467.784, 467.887, 504.336, 468.758, 886.265, 503.906, 1050.375, 903.785]] 
RATE (RPS) =====================================: 64

[[450.771, 401.684, 413.905, 434.68, 467.107, 436.276, 493.612, 485.527, 563.214, 492.103, 557.822, 517.613, 437.389, 426.9, 432.924, 458.498, 472.739, 487.924, 491.896, 516.698, 470.341, 466.16, 439.92, 442.11, 464.031, 448.823, 445.505, 480.734, 434.875, 427.199, 435.096, 474.204, 444.304, 416.264, 478.004]] 
RATE (RPS) =====================================: 65

[[467.248, 417.898, 404.889, 509.187, 406.025, 558.578, 433.162, 452.14, 416.96, 449.979, 505.44, 404.206, 526.443, 434.706, 407.459, 426.536, 444.277, 444.168, 484.906, 429.65, 448.079, 445.416, 798.665, 473.973, 475.429, 422.273, 443.302, 435.484, 545.967, 472.722, 457.634, 430.697, 419.809, 466.292, 530.508, 409.298, 458.751, 702.717, 554.513, 509.236, 490.739, 740.045, 408.911, 549.493, 420.162, 429.065, 468.281, 773.606]] 
RATE (RPS) =====================================: 65

[[491.365, 597.062, 488.985, 523.456, 650.437, 485.441, 520.761, 521.917, 474.698, 564.75, 691.543, 691.559, 471.601, 513.492, 477.287, 543.566, 676.588, 567.873, 467.197, 578.404, 676.844, 668.485, 655.289, 617.277, 684.56, 512.495, 724.522, 663.1, 582.699, 713.029, 632.967, 538.002, 570.805, 564.41, 728.255, 601.673, 550.899, 767.772, 639.323, 697.83, 751.669, 585.583, 583.867, 482.808, 517.766, 604.919, 595.781, 486.552, 645.025, 542.888, 670.918, 682.026, 604.619, 684.96, 492.257, 525.151, 651.266, 593.16, 651.915, 702.874, 639.791, 470.325, 511.625, 546.721, 644.42]] 
RATE (RPS) =====================================: 65

[[434.801, 469.454, 448.653, 438.471, 464.317, 472.467, 595.251, 425.568, 529.828, 526.93, 543.691, 448.83, 563.506, 560.353, 642.754, 527.812, 475.432, 467.046, 499.867, 520.1, 458.413, 548.69, 520.045, 515.155, 546.061, 571.596, 435.264, 413.061, 628.895, 448.311, 532.215, 492.705, 460.384, 674.856, 438.792, 519.842, 466.577, 538.731, 758.996, 671.204, 432.837, 450.13, 488.422, 429.725, 522.372, 795.332, 445.479, 377.207, 969.587, 427.96, 835.993, 450.749, 410.536, 549.69, 589.938, 488.45, 451.629, 927.221, 530.512, 459.563, 399.101, 500.792, 435.136, 405.804, 491.081]] 
RATE (RPS) =====================================: 65

[[399.435, 472.347, 425.598, 460.929, 414.633, 442.322, 474.867, 466.781, 492.859, 557.074, 460.51, 515.896, 455.849, 427.914, 543.153, 606.767, 466.9, 453.962, 542.781, 635.351, 556.212, 513.221, 699.586, 570.154, 589.67, 441.297, 524.284, 499.579, 721.278, 612.491, 671.687, 674.051, 553.642, 555.917, 747.068, 699.998, 500.682, 817.764, 653.02, 562.906, 796.825, 550.376, 738.925, 835.076, 581.537, 500.302, 946.617, 864.164, 764.564, 539.918, 601.848, 528.436, 430.084, 476.512, 904.285, 403.612, 970.122, 512.068, 477.578, 448.716, 1024.94, 503.28, 1129.4470000000001, 577.243, 476.793]] 
RATE (RPS) =====================================: 63

[[399.341, 466.753, 408.298, 395.552, 464.141, 446.757, 540.443, 408.24, 534.213, 425.138, 473.934, 447.982, 437.662, 435.242, 567.805, 427.389, 462.877, 490.045, 608.583, 446.612, 505.5, 499.97, 462.177, 491.04, 686.803, 647.594, 495.829, 759.504, 507.085, 406.125, 424.898, 2172.382, 552.306, 599.759, 500.426, 642.225, 465.567, 577.56, 508.731, 570.531, 544.931, 569.289, 547.178, 643.381, 583.452, 543.325, 440.265, 651.56, 592.123, 525.368, 702.957, 440.403, 404.205, 432.983, 471.886, 706.009, 399.468, 476.873, 485.83, 474.316, 497.901, 517.374, 452.064, 432.405, 495.598]] 
RATE (RPS) =====================================: 64

[[441.745, 411.472, 444.574, 418.661, 425.936, 430.424, 389.992, 474.586, 433.228, 430.826, 479.86, 409.374, 437.16, 469.14, 460.761, 451.133, 543.857, 445.437, 544.126, 396.895, 475.56, 456.976, 445.979, 522.973, 492.744, 459.279, 493.311, 483.661, 544.458, 489.25, 434.291, 578.463, 455.805, 611.747, 471.678, 436.752, 613.971, 434.627, 446.32, 487.707, 462.004, 427.036, 572.789, 436.672, 594.748, 427.597, 490.388, 415.32, 417.46, 429.897, 512.575, 417.66, 436.841, 414.51, 471.304, 471.348, 532.446, 394.02, 401.225, 458.408, 474.607, 492.566, 405.496, 422.938, 557.18]] 
RATE (RPS) =====================================: 65

average response time [0]410.112
average response time [1]412.656
average response time [2]392.81
average response time [3]402.804
average response time [4]375.053
average response time [5]374.983
average response time [6]372.824
average response time [7]395.149
average response time [8]403.891
average response time [9]380.81
TOTAL AVERAGE RESPONSE TIME ====================: 392.1092
NUMBER OF THREADS ==============================: 1
TOTAL AVERAGE RATE (RPS) =====================================: 1.0
average response time [10]435.5125
average response time [11]444.522
average response time [12]406.02700000000004
average response time [13]430.74199999999996
average response time [14]415.411
average response time [15]399.86400000000003
average response time [16]391.04449999999997
average response time [17]400.9075
average response time [18]405.025
average response time [19]414.706
TOTAL AVERAGE RESPONSE TIME ====================: 414.37614999999994
NUMBER OF THREADS ==============================: 2
TOTAL AVERAGE RATE (RPS) =====================================: 2.0
average response time [20]457.164
average response time [21]443.81325
average response time [22]458.7095
average response time [23]436.43375000000003
average response time [24]461.746
average response time [25]446.69124999999997
average response time [26]431.908
average response time [27]477.65500000000003
average response time [28]538.5985000000001
average response time [29]520.21575
TOTAL AVERAGE RESPONSE TIME ====================: 467.29350000000005
NUMBER OF THREADS ==============================: 4
TOTAL AVERAGE RATE (RPS) =====================================: 4.0
average response time [30]575.99625
average response time [31]539.040625
average response time [32]539.024375
average response time [33]549.474125
average response time [34]560.93225
average response time [35]519.962875
average response time [36]575.458125
average response time [37]507.190375
average response time [38]510.952875
average response time [39]562.340625
TOTAL AVERAGE RESPONSE TIME ====================: 544.03725
NUMBER OF THREADS ==============================: 8
TOTAL AVERAGE RATE (RPS) =====================================: 8.0
average response time [40]669.3581875
average response time [41]697.151875
average response time [42]692.36575
average response time [43]763.9930625
average response time [44]672.1878125
average response time [45]693.2323125
average response time [46]675.18325
average response time [47]682.2023125
average response time [48]756.5536875
average response time [49]838.0289375
TOTAL AVERAGE RESPONSE TIME ====================: 714.0257187499999
NUMBER OF THREADS ==============================: 16
TOTAL AVERAGE RATE (RPS) =====================================: 15.1
average response time [50]997.952875
average response time [51]978.7291875
average response time [52]1070.26128125
average response time [53]986.603125
average response time [54]1121.127125
average response time [55]1055.85085
average response time [56]689.2373125
average response time [57]806.6088235294118
average response time [58]544.0076428571429
average response time [59]798.0665238095238
TOTAL AVERAGE RESPONSE TIME ====================: 904.8444746446079
NUMBER OF THREADS ==============================: 32
TOTAL AVERAGE RATE (RPS) =====================================: 22.4
average response time [60]601.5301764705882
average response time [61]631.9094666666667
average response time [62]682.1667222222222
average response time [63]651.6325
average response time [64]655.2916666666666
average response time [65]553.5445
average response time [66]475.7497
average response time [67]476.97266666666667
average response time [68]432.93985714285714
average response time [69]560.4863846153846
TOTAL AVERAGE RESPONSE TIME ====================: 572.2223640451052
NUMBER OF THREADS ==============================: 33
TOTAL AVERAGE RATE (RPS) =====================================: 33.0
average response time [70]681.8488823529411
average response time [71]600.868
average response time [72]489.05188888888887
average response time [73]451.4696666666667
average response time [74]521.6304285714285
average response time [75]584.0834615384615
average response time [76]577.9015454545455
average response time [77]463.2762222222222
average response time [78]605.7018181818182
average response time [79]618.9883846153846
TOTAL AVERAGE RESPONSE TIME ====================: 559.4820298492357
NUMBER OF THREADS ==============================: 34
TOTAL AVERAGE RATE (RPS) =====================================: 34.0
average response time [80]485.3255
average response time [81]508.488
average response time [82]590.0616666666666
average response time [83]573.1263846153846
average response time [84]460.720625
average response time [85]472.4391
average response time [86]475.1724545454545
average response time [87]558.58268
average response time [88]566.80644
average response time [89]549.164
TOTAL AVERAGE RESPONSE TIME ====================: 523.9886850827505
NUMBER OF THREADS ==============================: 35
TOTAL AVERAGE RATE (RPS) =====================================: 35.0
average response time [90]513.1942
average response time [91]594.7277692307692
average response time [92]517.3231304347826
average response time [93]574.95464
average response time [94]542.5592962962963
average response time [95]477.32245454545455
average response time [96]537.175625
average response time [97]488.2845652173913
average response time [98]513.1831428571429
average response time [99]592.9095185185186
TOTAL AVERAGE RESPONSE TIME ====================: 535.1634342100356
NUMBER OF THREADS ==============================: 36
TOTAL AVERAGE RATE (RPS) =====================================: 36.0
average response time [100]534.0549583333334
average response time [101]707.6149583333333
average response time [102]563.43496
average response time [103]532.186380952381
average response time [104]567.5912857142857
average response time [105]646.1186666666666
average response time [106]710.2698378378378
average response time [107]678.2221351351351
average response time [108]687.7155945945946
average response time [109]684.4635405405405
TOTAL AVERAGE RESPONSE TIME ====================: 631.1672318108109
NUMBER OF THREADS ==============================: 37
TOTAL AVERAGE RATE (RPS) =====================================: 35.5
average response time [110]649.2186052631579
average response time [111]742.3775789473684
average response time [112]695.552605263158
average response time [113]684.9204210526316
average response time [114]699.8886842105263
average response time [115]683.7706578947368
average response time [116]688.0886052631579
average response time [117]674.6932368421053
average response time [118]652.2913793103448
average response time [119]545.4153103448276
TOTAL AVERAGE RESPONSE TIME ====================: 671.6217084392016
NUMBER OF THREADS ==============================: 38
TOTAL AVERAGE RATE (RPS) =====================================: 33.9
average response time [120]497.0287083333333
average response time [121]608.8163870967742
average response time [122]601.651875
average response time [123]624.9577272727273
average response time [124]538.352
average response time [125]560.0064242424243
average response time [126]587.674037037037
average response time [127]602.679
average response time [128]565.362
average response time [129]597.08559375
TOTAL AVERAGE RESPONSE TIME ====================: 578.3613752732297
NUMBER OF THREADS ==============================: 39
TOTAL AVERAGE RATE (RPS) =====================================: 38.6
average response time [130]544.0850357142857
average response time [131]642.3507037037037
average response time [132]802.4707142857143
average response time [133]663.1440606060606
average response time [134]527.55656
average response time [135]630.0166896551724
average response time [136]636.8996129032258
average response time [137]630.0404642857143
average response time [138]620.7578666666667
average response time [139]692.006125
TOTAL AVERAGE RESPONSE TIME ====================: 638.9327832820543
NUMBER OF THREADS ==============================: 40
TOTAL AVERAGE RATE (RPS) =====================================: 37.4
average response time [140]630.4877714285715
average response time [141]700.7243125
average response time [142]545.72615625
average response time [143]522.8208285714286
average response time [144]628.5876666666667
average response time [145]602.0360000000001
average response time [146]657.6614222222222
average response time [147]652.2340222222222
average response time [148]675.6954222222222
average response time [149]992.3957777777778
TOTAL AVERAGE RESPONSE TIME ====================: 660.8369379861111
NUMBER OF THREADS ==============================: 45
TOTAL AVERAGE RATE (RPS) =====================================: 40.9
average response time [150]845.71324
average response time [151]667.31894
average response time [152]720.17018
average response time [153]708.9716
average response time [154]626.04008
average response time [155]656.7486
average response time [156]783.14548
average response time [157]831.17768
average response time [158]730.90362
average response time [159]665.5676666666667
TOTAL AVERAGE RESPONSE TIME ====================: 723.5757086666666
NUMBER OF THREADS ==============================: 50
TOTAL AVERAGE RATE (RPS) =====================================: 43.7
average response time [160]623.3075365853658
average response time [161]593.6118181818182
average response time [162]608.2739756097561
average response time [163]561.5506136363637
average response time [164]518.6724516129033
average response time [165]509.13942424242424
average response time [166]548.3667
average response time [167]561.3872727272727
average response time [168]559.9129393939394
average response time [169]546.4413529411764
TOTAL AVERAGE RESPONSE TIME ====================: 563.066408493102
NUMBER OF THREADS ==============================: 55
TOTAL AVERAGE RATE (RPS) =====================================: 54.0
average response time [170]610.0637619047619
average response time [171]464.54675
average response time [172]525.2337692307692
average response time [173]501.6897142857143
average response time [174]539.0645
average response time [175]510.52089743589744
average response time [176]596.5833823529412
average response time [177]607.7835769230769
average response time [178]724.3151142857143
average response time [179]550.1462758620689
TOTAL AVERAGE RESPONSE TIME ====================: 562.9947742280945
NUMBER OF THREADS ==============================: 60
TOTAL AVERAGE RATE (RPS) =====================================: 59.2
average response time [180]811.1197777777778
average response time [181]515.4637777777778
average response time [182]604.0047826086957
average response time [183]463.0529142857143
average response time [184]483.4359166666667
average response time [185]594.7246769230769
average response time [186]522.4641538461539
average response time [187]591.7492769230769
average response time [188]535.2948153846154
average response time [189]466.3349846153846
TOTAL AVERAGE RESPONSE TIME ====================: 558.764507680894
NUMBER OF THREADS ==============================: 65
TOTAL AVERAGE RATE (RPS) =====================================: 63.8
average response time sent to Stackdriver [0]458.7095
average response time sent to Stackdriver [1]510.952875
average response time sent to Stackdriver [2]682.2023125
average response time sent to Stackdriver [3]986.603125
average response time sent to Stackdriver [4]798.0665238095238
average response time sent to Stackdriver [5]560.4863846153846
average response time sent to Stackdriver [6]618.9883846153846
average response time sent to Stackdriver [7]513.1942
average response time sent to Stackdriver [8]534.0549583333334
average response time sent to Stackdriver [9]687.7155945945946
average response time sent to Stackdriver [10]699.8886842105263
average response time sent to Stackdriver [11]601.651875
average response time sent to Stackdriver [12]544.0850357142857
average response time sent to Stackdriver [13]630.0404642857143
average response time sent to Stackdriver [14]628.5876666666667
average response time sent to Stackdriver [15]992.3957777777778
average response time sent to Stackdriver [16]783.14548
average response time sent to Stackdriver [17]608.2739756097561
average response time sent to Stackdriver [18]546.4413529411764
average response time sent to Stackdriver [19]607.7835769230769
average response time sent to Stackdriver [20]483.4359166666667
NUMBER OF THREADS: [1, 2, 4, 8, 16, 32, 33, 34, 35, 36, 37, 38, 39, 40, 45, 50, 55, 60, 65]
WORKLOAD: HFU_LV;  
DATA COLLECTOR SETTING: DEFAULT;  
TOTAL EXECUTION TIME (Concurrent Parallel Requests): 226151.212
NUMBER OF REPLICAS: 7

