[[439.792]] 
[[368.535]] 
[[369.606]] 
[[387.278]] 
[[385.076]] 
[[371.368]] 
[[372.93]] 
[[384.267]] 
[[389.382]] 
[[403.485]] 
[[384.794, 378.506]] 
[[392.483, 411.098]] 
[[400.907, 398.176]] 
[[368.028, 372.43]] 
[[383.064, 376.34]] 
[[354.167, 368.577]] 
[[391.692, 410.956]] 
[[399.782, 423.925]] 
[[404.101, 430.592]] 
[[406.489, 423.64]] 
[[378.8, 395.529, 416.609, 434.871]] 
[[425.187, 389.421, 468.313, 429.971]] 
[[408.325, 434.69, 468.652, 430.67]] 
[[398.877, 470.904, 421.868, 426.049]] 
[[410.681, 423.302, 439.259, 460.223]] 
[[464.513, 395.672, 411.98, 471.049]] 
[[423.248, 445.55, 387.661, 463.106]] 
[[494.205, 437.659, 587.622, 533.086]] 
[[418.496, 454.134, 560.056, 495.361]] 
[[397.918, 392.121, 399.142, 379.266]] 
[[386.412, 380.814, 401.979, 375.995, 394.345, 391.514, 391.441, 388.385]] 
[[380.066, 368.505, 376.646, 378.173, 378.156, 369.779, 368.479, 371.713]] 
[[365.858, 378.412, 368.076, 376.879, 374.254, 385.161, 380.769, 375.765]] 
[[408.19, 400.288, 408.204, 392.933, 383.19, 384.121, 391.308, 378.133]] 
[[361.336, 386.144, 388.058, 381.616, 370.702, 380.353, 369.317, 355.227]] 
[[384.352, 387.548, 380.24, 382.069, 373.899, 377.694, 370.066, 376.329]] 
[[387.389, 383.344, 368.981, 368.29, 362.282, 360.095, 367.08, 373.944]] 
[[375.725, 368.159, 358.701, 366.666, 360.146, 370.848, 366.115, 354.416]] 
[[364.25, 372.801, 350.123, 389.675, 359.139, 356.522, 357.415, 363.553]] 
[[364.03, 348.208, 375.297, 356.343, 344.067, 350.674, 360.653, 350.049]] 
[[369.394, 382.747, 365.262, 357.747, 359.317, 358.516, 364.63, 370.693, 378.69, 365.065, 382.693, 366.517, 352.981, 358.057, 354.916, 368.2]] 
[[377.919, 369.61, 367.418, 364.994, 372.093, 377.749, 380.442, 382.828, 390.38, 401.569, 404.739, 392.512, 416.9, 390.36, 400.32, 377.564]] 
[[381.723, 403.043, 450.869, 418.048, 466.09, 510.358, 470.771, 539.153, 549.693, 595.41, 559.48, 605.681, 629.011, 672.262, 640.645, 682.733]] 
[[464.043, 458.555, 450.331, 1431.8600000000001, 1398.804, 1443.8890000000001, 1459.694, 1599.283, 1552.665, 1563.234, 1511.183, 1455.5520000000001, 1644.54, 1465.671, 1609.1100000000001, 1572.056]] 
[[373.616, 410.046, 383.805, 428.512, 500.991, 442.05, 463.986, 494.947, 515.963, 539.368, 546.951, 565.551, 655.291, 574.49, 594.624, 608.516]] 
[[440.758, 408.166, 454.21, 512.319, 459.387, 513.825, 582.232, 525.275, 617.538, 579.371, 734.222, 631.73, 646.559, 666.519, 744.953, 673.991]] 
[[405.828, 441.058, 499.644, 462.856, 503.867, 526.437, 546.497, 568.353, 612.062, 575.919, 637.072, 752.821, 771.362, 670.523, 702.066, 784.835]] 
[[394.613, 442.788, 401.703, 446.967, 468.144, 474.07, 511.392, 605.238, 566.074, 616.525, 526.025, 628.992, 662.92, 741.058, 669.26, 694.455]] 
[[382.397, 396.427, 413.959, 431.781, 450.863, 462.554, 513.325, 476.771, 542.434, 559.023, 504.746, 572.188, 594.818, 635.358, 662.092, 692.717]] 
[[439.112, 378.502, 396.428, 505.995, 444.928, 460.921, 565.783, 513.855, 535.842, 564.829, 579.083, 696.885, 662.482, 580.145, 608.842, 620.332]] 
[[401.35, 410.949, 424.197, 445.507, 464.48, 556.369, 510.26, 528.865, 472.566, 583.348, 544.083, 641.177, 579.714, 599.547, 644.421, 659.082, 699.341, 668.994, 708.309, 730.096, 747.495, 817.677, 759.022, 772.23, 844.216, 860.549, 804.278, 871.881, 900.647, 940.922, 993.907, 968.369]] 
[[426.161, 443.917, 462.703, 500.627, 470.839, 511.79, 529.584, 571.833, 539.588, 605.862, 574.068, 643.833, 606.135, 655.733, 671.98, 700.613, 713.54, 806.899, 723.493, 744.449, 846.669, 813.758, 879.47, 1022.653, 907.157, 967.039, 936.85, 1051.59, 1015.465, 1098.523, 1068.977, 1110.845]] 
[[511.678, 422.003, 449.536, 580.023, 613.548, 622.611, 684.961, 630.07, 650.145, 696.521, 721.096, 739.22, 816.5, 753.346, 772.603, 866.345, 813.288, 896.687, 824.429, 863.682, 925.21, 893.481, 940.846, 949.514, 1141.844, 962.339, 1030.39, 1007.208, 1043.366, 963.332, 1080.6779999999999, 1042.3]] 
[[404.124, 452.337, 413.464, 466.87, 555.852, 480.225, 499.747, 599.062, 543.025, 607.335, 551.509, 620.918, 636.52, 657.509, 673.818, 692.019, 804.958, 774.947, 713.551, 858.086, 800.422, 819.31, 1012.728, 854.181, 950.174, 894.897, 861.929, 907.339, 1002.096, 943.742, 1046.541, 1073.815]] 
[[462.769, 406.487, 419.455, 468.722, 490.049, 526.67, 493.768, 559.882, 529.682, 642.658, 609.615, 555.516, 573.181, 710.797, 629.081, 649.899, 671.69, 704.921, 744.152, 821.97, 700.929, 754.221, 932.762, 922.899, 909.826, 911.981, 921.537, 901.013, 931.084, 963.204, 995.05, 964.543]] 
[[393.946, 416.316, 452.032, 427.429, 462.168, 508.517, 473.612, 562.508, 514.381, 529.808, 627.748, 675.625, 568.913, 630.624, 710.198, 684.883, 707.249, 726.799, 773.211, 734.827, 804.895, 842.838, 856.487, 801.903, 972.016, 994.09, 927.629, 863.808, 1038.586, 989.291, 1002.091, 1041.186]] 
[[437.26, 504.911, 448.756, 584.468, 528.815, 616.479, 680.684, 715.226, 732.664, 677.008, 747.822, 765.684, 784.758, 800.811, 818.02, 833.098, 850.515, 863.211, 885.964, 948.766, 886.353, 961.09, 897.454, 996.823, 963.044, 1133.581, 1000.842, 1055.801, 1010.494, 1058.031, 1075.929, 1122.691]] 
[[453.646, 408.635, 438.345, 460.099, 475.243, 523.721, 542.075, 480.365, 1395.44, 602.889, 652.495, 578.616, 618.639, 584.148, 642.754, 668.785, 733.326, 683.049, 695.306, 732.357, 825.223, 748.578, 760.796, 775.556, 818.145, 888.036, 861.145, 970.936, 918.891, 1011.593, 972.457, 911.141]] 
[[485.048, 412.322, 424.806, 433.039, 498.547, 467.797, 530.611, 562.081, 576.797, 614.437, 589.221, 660.161, 629.016, 671.915, 686.323, 709.043, 722.308, 748.461, 771.446, 798.667, 769.476, 863.082, 807.385, 826.007, 868.138, 910.124, 919.813, 872.566, 930.527, 953.515, 994.277, 956.441]] 
[[395.709, 414.4, 428.78, 555.991, 548.238, 542.868, 535.766, 569.315, 625.27, 678.003, 584.556, 630.888, 708.607, 672.181, 725.8, 743.455, 754.855, 774.394, 792.157, 874.23, 803.844, 956.146, 805.743, 865.776, 813.666, 901.123, 973.987, 867.221, 922.513, 1028.345, 965.326, 1222.579]] 
[[434.865, 453.797, 424.752, 488.831, 463.388, 2123.971, 2086.538, 489.076, 520.635, 546.6, 487.582, 627.583, 566.754, 640.639, 542.615, 672.01, 700.271, 579.051, 666.02, 695.607, 712.884, 754.119, 802.747, 826.475, 839.21, 852.62, 903.114, 870.138, 923.786, 957.154, 1024.67, 981.272, 1045.28, 1081.27, 1046.531, 1942.068, 1135.454, 1075.6970000000001, 1094.23, 1138.484, 1176.801, 1148.251, 1255.575, 1182.954, 1211.369, 1261.712, 1294.961, 1319.772, 1255.381, 1326.335, 1405.407, 1336.906, 1368.518, 1405.9769999999999, 1416.932, 1571.4850000000001, 1428.308, 1449.468, 1481.59, 1560.6660000000002, 1601.982, 1574.188, 1606.562, 1620.633]] 
[[518.584, 491.426, 487.276, 538.919, 541.957, 553.423, 551.011, 569.766, 576.815, 592.186, 677.579, 642.881, 751.501, 763.428, 677.195, 774.911, 800.947, 838.423, 861.964, 893.917, 874.412, 943.38, 911.708, 1011.231, 947.237, 953.224, 971.303, 1005.995, 1142.189, 1020.3, 1029.702, 1048.013, 1089.323, 1137.625, 1154.944, 1043.376, 1202.187, 1154.353, 1166.363, 1205.976, 1243.137, 1275.2559999999999, 1321.5430000000001, 1290.431, 1394.519, 1337.522, 1462.386, 1432.824, 1398.67, 1466.067, 1483.261, 1506.685, 1530.4389999999999, 1552.1, 1686.862, 1566.748, 1715.301, 1589.107, 1614.49, 1679.234, 1625.406, 1769.304, 1797.399, 1723.9389999999999]] 
[[408.184, 426.057, 444.679, 440.525, 455.202, 485.733, 461.208, 511.964, 490.901, 555.102, 519.826, 568.939, 632.933, 566.562, 698.651, 615.171, 652.796, 682.71, 761.775, 712.895, 767.562, 811.068, 847.318, 879.208, 944.104, 894.574, 978.869, 1001.273, 1024.239, 1116.12, 1225.647, 1296.867, 1364.652, 1404.399, 1442.9270000000001, 1490.625, 1504.341]] 
[[409.074, 402.742, 398.139, 373.255, 441.448, 385.223, 404.944, 387.076, 389.176, 370.231, 378.755, 391.286, 377.068, 380.116, 372.576, 379.131, 373.108, 385.363, 378.241, 372.92, 376.971, 366.047, 373.17, 368.527, 367.571, 378.923, 373.746, 392.764, 365.579, 373.005, 350.761, 367.32, 376.549, 365.628, 355.241]] 
[[445.732, 431.807, 433.106, 401.708, 408.218, 405.639, 411.57, 402.799, 391.58, 429.763, 421.956, 420.225, 414.337, 442.143, 422.946, 418.259, 403.031, 400.903, 389.277, 438.117, 388.537, 427.52, 383.468, 367.442, 402.194, 386.906, 379.614, 390.983, 417.158, 365.981, 376.666, 375.898, 369.5, 373.524, 594.339, 389.577, 380.679, 392.761, 389.638, 366.801]] 
[[395.497, 388.159, 395.856, 405.399, 395.824, 393.991, 395.237, 385.807, 394.26, 380.571, 697.725, 459.785, 461.468, 476.181, 452.982, 447.513, 442.398, 442.981, 402.967, 406.676, 377.836, 387.964, 374.656, 382.506, 378.572, 367.443, 374.004, 362.169, 500.945, 482.841, 438.655, 425.832, 389.608, 408.341, 398.177, 393.971, 382.907, 371.689, 371.481]] 
[[393.773, 422.479, 394.559, 1147.747, 387.952, 390.921, 418.318, 403.932, 395.883, 394.178, 387.369, 381.441, 376.206, 371.16, 357.317, 358.884, 415.404, 371.459, 372.439, 359.291, 364.97, 378.067, 346.406, 373.169, 363.757, 390.197, 398.417]] 
[[1289.969, 568.185, 573.296, 547.98, 578.635, 573.356, 555.729, 538.792, 549.862, 527.859, 559.72, 556.723, 520.063, 539.52, 530.396, 527.513, 514.582, 516.388, 533.501, 581.953, 565.573, 549.446, 547.615, 539.588, 571.92, 558.444, 554.45, 541.041, 534.588, 519.166, 501.286, 489.693, 1397.415, 472.786]] 
[[395.046, 404.714, 378.172, 424.01, 408.579, 402.408, 382.926, 388.608, 433.464, 417.171, 419.94, 408.094, 413.322, 392.066, 399.011, 392.753, 385.142, 378.429, 405.431, 379.826, 391.152, 389.594, 386.465, 370.827, 365.885, 394.87, 382.77, 376.795, 381.511, 368.996, 391.774, 375.695, 403.842]] 
[[445.144, 436.079, 418.255, 418.003, 416.229, 397.656, 402.727, 397.354, 388.339, 380.228, 388.121, 402.079, 392.729, 391.109, 390.481, 407.393, 399.469, 385.615, 370.275, 368.174, 377.137, 364.119, 364.975, 352.652, 366.248, 375.079, 363.863, 358.237, 371.095, 374.268]] 
[[407.826, 398.717, 419.302, 377.193, 437.797, 440.113, 415.406, 580.079, 393.749, 518.78, 485.24, 494.244, 466.323, 464.962, 445.841, 428.033, 423.759, 412.955, 414.786, 1384.2359999999999, 392.529, 399.109, 523.817, 493.899, 484.963, 420.657, 414.615, 398.777]] 
[[370.716, 387.172, 428.989, 418.942, 406.969, 399.835, 416.949, 395.58, 405.719, 431.577, 449.433, 429.879, 407.444, 407.986, 404.748, 448.742, 424.276, 379.42, 388.556, 419.092, 393.941, 387.386, 391.146, 375.71, 374.55, 384.055, 404.36, 428.29, 390.236, 390.782, 405.008, 409.499, 384.862, 409.037, 391.05]] 
[[408.848, 419.885, 411.304, 403.434, 386.186, 423.232, 381.431, 406.211, 409.539, 405.999, 408.449, 415.718, 405.855, 409.745, 413.398, 414.766, 439.745, 385.275, 391.273, 408.377, 1385.121, 401.999, 384.61, 372.222, 396.446, 404.522, 417.974, 402.319, 395.04, 389.587, 391.852, 400.67, 1122.682, 408.282, 406.463, 395.924, 413.766, 398.217, 382.409]] 
[[397.152, 1118.544, 376.473, 408.305, 445.459, 419.205, 1378.339, 424.913, 417.406, 410.649, 421.536, 392.885, 398.141, 437.168, 386.768, 405.395, 407.113, 394.894, 382.508, 379.063, 394.224, 406.389, 616.993, 1367.224, 393.906, 367.935, 356.724, 359.488, 387.575, 373.214, 398.726, 392.56]] 
[[404.673, 392.486, 393.426, 398.3, 390.139, 1369.505, 386.112, 390.671, 388.246, 421.281, 385.775, 378.716, 381.389, 395.764, 389.66, 371.643, 383.026, 370.98, 880.477, 390.052, 394.721, 1074.449, 372.061, 362.315, 366.35, 368.488, 359.838, 364.687, 361.309, 353.781, 372.299, 350.908, 394.519, 1042.354, 374.896]] 
[[516.871, 516.039, 490.317, 484.93, 1405.713, 1402.542, 458.633, 451.054, 1515.7060000000001, 701.476, 428.654, 460.446, 488.087, 780.25, 541.416, 765.912, 573.468, 528.522, 541.147, 519.871, 511.257, 487.503, 486.246, 1397.684, 479.604, 1404.179, 1400.116, 1389.3890000000001, 1389.105, 1396.141, 430.605, 1195.362, 414.605, 438.483, 2445.76, 403.589, 438.003, 418.891, 1170.94, 421.748, 409.388, 410.145, 375.214]] 
[[408.698, 1137.2359999999999, 1128.037, 396.763, 475.749, 452.196, 469.278, 475.947, 471.848, 451.341, 457.503, 427.63, 429.29, 448.144, 429.635, 442.215, 442.17, 430.459, 456.861, 437.806, 450.396, 431.02, 424.911, 439.286, 435.122, 408.051, 400.975, 424.052, 420.777, 442.342, 410.141]] 
[[465.237, 455.859, 444.761, 440.653, 428.496, 441.541, 419.108, 420.612, 414.995, 414.877, 410.55, 426.821, 427.586, 419.698, 416.423, 432.177, 435.284, 443.002, 445.64, 436.827, 432.311, 417.934, 408.107, 407.257, 404.332, 401.252, 393.634, 395.882, 399.553, 434.27, 402.09, 423.172, 403.877, 394.564, 404.491, 409.101, 408.68]] 
[[429.788, 428.153, 434.023, 385.634, 417.763, 425.41, 395.311, 413.221, 403.98, 408.892, 380.841, 380.536, 373.87, 384.638, 384.44, 390.157, 385.554, 401.875, 392.447, 372.872, 369.503, 362.48, 360.515, 360.425, 365.842, 372.993, 379.858, 372.811, 367.555, 378.343]] 
[[387.917, 395.195, 410.33, 385.527, 396.741, 385.315, 396.848, 392.384, 393.011, 373.724, 380.314, 366.502, 381.762, 367.391, 386.163, 385.378, 374.047, 382.879, 368.99, 389.028, 384.865, 369.8, 364.985, 382.576, 370.92, 382.22, 396.845, 371.075, 368.791, 399.25]] 
[[426.397, 436.593, 442.162, 431.592, 422.919, 435.599, 443.93, 426.775, 426.925, 421.163, 422.816, 416.005, 408.674, 424.59, 413.747, 410.181, 433.03, 412.567, 404.622, 418.045, 436.108, 430.302, 690.098, 419.529, 412.218, 421.835, 416.131, 409.385, 407.049, 380.659, 406.089, 426.28, 401.12, 407.506, 1020.971, 1002.758, 969.196, 949.314]] 
[[394.939, 406.424, 393.785, 383.997, 401.002, 412.854, 381.485, 397.958, 380.965, 415.835, 401.072, 394.749, 382.783, 375.909, 383.087, 386.387, 392.018, 366.842, 362.591, 368.263, 384.424, 374.623, 357.359, 355.972, 391.913, 368.5, 357.472, 351.613, 352.987]] 
[[371.942, 365.459, 398.409, 390.618, 375.572, 370.379, 401.163, 392.932, 389.896, 373.393, 390.306, 363.554, 398.623, 387.813, 381.181, 397.386, 415.523, 447.819, 417.857, 426.674, 402.135, 392.325, 378.549, 371.947, 369.543, 394.221, 374.209, 442.195, 422.587, 422.216, 416.574]] 
[[425.004, 407.268, 393.306, 391.809, 388.667, 1178.826, 416.917, 411.825, 418.729, 401.702, 429.836, 405.707, 412.844, 394.748, 393.595, 398.843, 374.793, 373.533, 378.119, 420.209, 389.63, 377.128, 374.954, 413.533, 395.967, 390.364, 375.231, 380.267, 407.292, 363.947, 350.225, 382.858, 355.036]] 
[[411.73, 395.052, 383.407, 435.804, 414.553, 402.926, 394.414, 400.768, 399.841, 403.626, 382.48, 390.182, 386.099, 391.582, 385.403, 393.632, 433.362, 373.96, 405.637, 397.96, 393.927, 380.683, 364.549, 1430.468, 378.426, 376.004, 390.554, 372.598, 371.0, 360.682, 366.209, 418.571, 359.673, 368.103, 399.091, 416.791, 388.737]] 
[[430.468, 493.008, 425.407, 1416.983, 453.396, 456.953, 443.106, 447.099, 443.575, 442.697, 428.347, 419.077, 422.061, 419.007, 441.232, 448.114, 418.805, 417.287, 423.843, 423.813, 387.434, 449.526, 436.622, 429.835, 405.762, 394.223, 402.886, 398.755, 395.556, 396.898, 444.226, 406.983, 408.575, 371.711, 385.607]] 
[[436.578, 535.301, 514.858, 520.513, 505.992, 501.099, 492.661, 490.218, 476.244, 473.641, 501.199, 491.275, 482.279, 471.923, 1682.854, 581.04, 570.533, 547.177, 540.276, 539.761, 514.11, 521.155, 521.198, 504.748, 502.048, 507.291, 508.144, 497.089, 468.272, 450.262, 472.701, 473.82, 461.541, 456.722, 468.232]] 
[[490.33, 476.908, 500.632, 728.868, 1761.531, 1407.882, 597.195, 581.555, 564.393, 568.832, 562.178, 1450.598, 548.669, 560.764, 558.733, 566.156, 606.801, 638.449, 654.811, 680.295, 698.421, 715.994, 759.088, 727.392, 766.475, 784.481, 798.989, 1446.085, 811.803, 988.551, 1431.3809999999999, 871.609, 920.892, 886.605, 820.23, 789.41, 742.677, 903.265]] 
[[460.0, 457.244, 468.645, 481.154, 498.683, 518.819, 594.871, 543.932, 546.481, 599.506, 627.819, 633.472, 652.722, 611.839, 654.299, 654.023, 693.802, 655.723, 700.087, 728.505, 728.641, 797.26, 746.021, 816.479, 830.951, 842.667, 825.885, 835.791, 862.072, 876.931, 830.046]] 
[[464.134, 453.12, 522.988, 470.697, 514.463, 529.87, 576.917, 543.993, 616.974, 581.72, 629.509, 656.175, 690.566, 642.233, 681.058, 698.239, 707.557, 704.508, 711.415, 696.341, 714.924, 723.518, 745.669, 790.165, 757.539, 785.938, 776.488, 809.514, 846.716, 816.02, 847.304, 842.36, 872.715]] 
[[464.084, 484.586, 519.496, 487.422, 578.844, 594.827, 542.958, 614.231, 591.766, 693.434, 636.623, 707.199, 741.673, 772.653, 840.129, 916.806, 858.825, 951.215, 955.348, 1100.971, 1047.304, 994.035, 1127.227, 1161.306, 1188.591, 1249.323, 1406.192, 1328.792, 1478.548, 1269.968, 1523.183, 1596.268, 1690.233, 1801.0810000000001, 1723.405, 1880.0430000000001, 1809.258]] 
[[519.579, 515.454, 506.39, 488.095, 481.69, 459.492, 461.638, 454.592, 462.385, 451.73, 482.218, 471.166, 456.525, 474.369, 460.988, 451.118, 438.002, 450.151, 439.297, 455.123, 454.336, 445.638, 434.684, 447.653, 426.251, 441.04, 422.849, 470.348, 467.455, 443.974, 440.014, 436.61, 426.571, 450.996, 433.741, 418.761, 411.192]] 
[[409.262, 489.087, 421.634, 416.656, 1239.473, 420.653, 473.708, 443.892, 441.608, 438.372, 415.771, 413.507, 414.505, 405.017, 389.286, 435.196, 425.335, 1170.796, 404.016, 416.549, 436.658, 414.573, 432.56, 387.562, 390.184, 392.276, 393.086, 386.52, 394.684, 387.671, 393.542, 379.634, 395.624, 1124.93, 389.767, 378.591, 388.773, 399.698, 394.62]] 
[[398.223, 393.976, 386.427, 419.847, 406.226, 402.6, 416.49, 411.559, 415.998, 403.658, 414.975, 427.024, 405.505, 403.629, 402.054, 407.545, 389.265, 387.271, 397.644, 390.15, 397.709, 424.507, 394.049, 395.953, 383.216, 376.664, 379.097, 374.814, 375.973, 382.844]] 
[[401.405, 392.984, 431.543, 408.815, 408.731, 392.676, 395.155, 397.55, 402.492, 392.789, 383.589, 393.388, 393.302, 400.639, 377.683]] 
[[403.095, 395.872, 399.856, 386.487, 384.938, 386.893, 392.508, 386.66, 394.092, 390.459, 376.454, 1392.546, 370.83, 378.161, 379.216, 378.488, 363.217, 353.202, 361.179, 364.52]] 
[[415.517, 435.896, 410.587, 425.292, 437.723, 467.765, 481.08, 504.215, 503.505, 538.71, 495.207, 526.719, 547.858, 518.52, 536.578, 577.411, 533.936, 578.003, 594.764, 595.371, 609.862, 631.806, 598.326, 634.083, 658.558, 1432.124, 673.304, 639.454, 666.68, 691.417, 716.474, 728.617]] 
[[469.733, 492.27, 473.76, 478.496, 500.748, 512.578, 463.579, 453.091, 462.217, 453.005, 458.417, 461.282, 473.437, 504.039, 470.884, 507.256, 460.508, 479.722, 440.76, 473.812, 485.419, 501.351, 525.201]] 
[[618.061, 680.941, 5119.474, 571.081, 1730.191, 656.513, 1624.5410000000002, 1541.045, 682.483, 6084.812, 1007.739, 548.807, 1435.033, 947.155, 690.096, 636.276, 750.192, 2302.669, 3228.915, 2265.4139999999998, 2462.923, 2470.5190000000002, 4478.812, 2512.865, 3551.7690000000002, 2119.84, 1400.9940000000001, 2102.495, 1522.476, 1608.548, 1561.6889999999999, 2379.207, 1612.191, 949.907]] 
[[427.223, 436.888, 457.819, 458.896, 486.321, 475.79, 437.374, 448.151, 452.319, 460.369, 445.74, 436.983, 524.996, 484.973, 434.407, 518.864, 504.021, 550.324, 500.001, 533.216, 561.11, 508.383]] 
[[467.926, 442.415, 490.062, 459.149, 494.05, 457.017, 471.307, 473.408, 488.877, 501.327, 462.469, 467.324, 444.551]] 
[[493.423, 495.896, 544.461, 466.443, 467.409, 465.358, 444.724, 463.958, 483.151, 500.901, 549.407, 505.836, 518.128, 486.198, 501.54, 515.268, 510.31, 509.342, 512.68, 514.189]] 
[[458.18, 479.273, 492.395, 528.231, 576.967, 533.653, 563.162, 522.658, 512.294, 527.679, 494.681, 548.87, 508.608, 549.653, 1466.115, 522.172, 526.224, 539.563, 527.482, 561.767, 528.293, 527.393, 534.119]] 
[[525.581, 474.22, 501.639, 514.381, 551.009, 521.716, 552.377, 564.381, 594.152, 710.515, 656.75, 711.202, 680.366, 671.786, 713.159, 678.837, 669.944, 629.07, 637.869, 655.83, 667.104, 611.365, 622.262]] 
[[531.832, 555.362, 557.318, 527.406, 538.134, 519.236, 478.663, 515.523, 506.941, 520.229, 530.087, 505.699, 517.236, 517.018, 529.828, 533.941, 530.221, 532.888, 550.523]] 
[[484.792, 533.788, 500.768, 538.401, 533.049, 538.325, 567.047, 539.868, 607.502, 549.887, 558.356, 693.231, 601.87, 683.572, 619.671, 664.377, 732.832, 659.005, 680.851, 687.991, 670.61, 703.565, 714.883, 715.449, 714.192, 689.077, 731.766, 707.121, 704.607]] 
[[535.635, 531.644, 550.519, 526.608, 575.207, 578.676, 490.038, 511.452, 491.083, 548.583, 508.185, 554.827, 511.845, 517.832, 561.025, 600.557, 565.617, 507.46, 620.275, 589.236, 626.458, 643.978, 498.64, 653.833, 653.564, 667.89, 639.641, 491.046, 508.213, 506.293, 502.346, 641.021, 501.997, 634.583, 642.894, 653.845, 674.343, 692.736, 731.427, 752.908, 474.72, 482.2, 740.053, 759.369]] 
[[535.555, 541.674, 538.559, 523.812, 544.684, 540.976, 548.055, 593.858, 564.916, 531.521, 606.929, 621.448, 624.66, 528.823, 1036.72, 537.791, 753.021, 737.609, 728.356, 529.908, 700.603, 709.933, 726.321, 535.676, 660.779, 720.153, 653.179, 637.345, 742.212, 708.254, 748.387, 593.436, 789.301, 740.59, 567.568, 793.679, 553.217, 816.449, 536.514, 800.994, 804.551, 492.096, 792.487, 792.76, 491.481, 508.914, 492.006]] 
[[466.91, 439.918, 441.303, 519.751, 447.789, 456.891, 507.58, 410.293, 403.121, 413.175, 495.373, 432.519, 509.411, 471.096, 567.281, 514.85, 574.693, 600.361, 462.957, 447.076, 618.019, 581.475, 470.2, 576.429, 451.713, 426.465, 556.229, 514.367, 574.002, 600.208, 532.854, 558.657, 612.407, 579.863, 611.217, 656.802, 622.397, 655.446]] 
[[519.323, 501.436, 528.541, 523.909, 545.448, 505.625, 520.885, 502.996, 516.914, 497.752, 525.378, 501.151, 544.387, 512.079, 509.923, 507.187, 517.203, 534.993, 585.724, 538.771, 580.244, 510.317, 504.501, 561.904, 536.874, 533.085, 524.475, 505.234, 601.358, 559.855, 612.866, 524.075, 497.938, 476.469, 574.027, 509.181, 578.239, 498.078, 469.236, 610.216, 572.865, 477.931, 477.625, 594.165, 613.77, 438.132, 672.987, 639.85, 607.715]] 
[[584.365, 595.482, 604.149, 586.673, 622.506, 592.827, 601.134, 590.23, 613.004, 585.114, 608.872, 599.632, 594.453, 583.678, 567.573, 574.973, 550.752, 553.587, 531.523, 540.46, 586.004, 581.583, 606.087, 581.921, 603.019, 619.886, 622.634, 595.51, 626.961, 641.844, 582.055, 647.49, 667.515, 685.884, 583.942, 699.921, 579.568, 701.305, 572.835, 712.8, 729.62, 571.6, 566.328, 713.283, 544.2, 731.978, 753.825, 816.717, 858.446, 560.812, 879.042, 972.88, 570.691]] 
[[538.114, 586.553, 548.879, 539.55, 613.152, 602.28, 594.594, 677.862, 674.223, 561.372, 653.791, 651.681, 642.132, 523.458, 520.433, 509.195, 637.299, 645.616, 597.04, 636.632, 629.282, 644.71, 517.78, 657.377, 516.906, 603.943, 567.298, 517.523, 514.711, 648.459, 572.916, 589.111, 605.712, 740.344, 550.075, 665.734, 537.052, 612.143, 536.513, 544.167, 657.603, 516.816, 663.19]] 
[[559.553, 500.556, 499.918, 491.118, 598.812, 502.628, 534.638, 498.449, 603.65, 514.271, 612.908, 646.218, 481.716, 683.615, 721.522, 771.273, 494.194, 495.614, 823.706, 844.614, 880.28, 478.685, 916.195, 513.756, 473.171, 894.88, 1395.483, 474.753, 854.324, 841.642, 447.896, 814.111, 461.838, 445.608, 455.498, 784.577, 780.504, 772.697, 760.241, 446.942, 447.068, 781.7, 770.032, 755.142, 756.721, 437.587, 741.958, 740.542, 435.03, 722.807]] 
[[503.562, 531.835, 503.112, 504.496, 533.217, 531.612, 525.92, 501.259, 524.755, 511.265, 508.894, 551.528, 538.238, 532.345, 515.415, 538.187, 519.984, 1479.443, 1515.92, 511.081, 521.8, 525.853, 517.426, 528.006, 522.519, 514.596, 531.505, 534.175, 519.202, 515.488, 510.227, 506.026, 498.712, 512.764, 485.469, 487.202, 497.992, 498.106, 480.228, 485.27, 486.488, 492.54, 485.204, 489.035, 496.943, 486.901, 493.8, 485.314]] 
[[510.183, 526.2, 521.826, 509.518, 504.896, 491.568, 483.256, 479.144, 469.557, 467.421, 526.088, 498.617, 500.013, 485.712, 487.638, 479.183, 472.765, 1412.009, 462.555, 512.347, 502.485, 1440.862, 483.054, 487.664, 483.911, 473.884, 459.708, 455.331, 449.695, 449.707, 436.72, 559.949, 557.002, 530.449, 516.755, 506.287, 489.619, 476.989, 487.962, 483.072]] 
[[537.174, 1454.575, 529.013, 1486.626, 532.145, 522.039, 591.248, 525.976, 580.224, 584.517, 562.582, 545.659, 546.237, 550.328, 566.438, 572.468, 567.195, 555.436, 525.122, 518.752, 525.55, 540.711, 529.652, 529.693, 522.552, 583.461, 574.033, 577.035, 578.498, 571.169, 576.892, 554.756, 566.6, 551.517, 543.545, 532.843, 518.521, 508.965, 533.941, 542.206, 532.322, 517.509, 519.556, 491.522, 520.774]] 
[[557.956, 599.224, 583.287, 590.945, 579.702, 585.626, 597.675, 631.933, 616.293, 598.534, 601.625, 598.563, 606.775, 591.018, 591.512, 586.171, 582.49, 576.904, 567.201, 581.906, 557.305, 550.24, 590.845, 576.706, 570.395, 591.521, 1989.3690000000001, 595.361, 601.123, 587.668, 579.382, 1876.609, 589.388, 591.643, 580.251, 570.708, 567.266, 564.648, 542.171, 539.59, 537.868, 1455.028, 519.776, 517.389, 516.183]] 
[[528.005, 523.16, 562.24, 531.14, 570.669, 549.528, 542.872, 518.764, 518.201, 512.079, 522.928, 511.803, 511.792, 495.83, 498.514, 481.985, 477.573, 484.742, 496.657, 497.962, 544.239, 547.125, 538.906, 540.076, 540.728, 543.295, 542.094, 523.713, 533.788, 531.526, 529.897, 549.065, 510.677, 528.021, 489.76, 480.182, 486.409, 478.716, 471.089, 460.754, 479.476, 466.526, 454.596, 475.326, 511.266, 463.024, 493.394, 487.303, 479.9, 496.126, 501.537, 494.599, 493.138]] 
[[601.998, 642.386, 638.355, 648.102, 635.668, 628.349, 629.4, 615.407, 613.289, 600.7, 610.449, 592.81, 598.169, 604.473, 604.652, 586.878, 594.612, 582.682, 610.702, 588.447, 566.448, 582.683, 607.993, 600.766, 608.2, 611.828, 610.063, 597.495, 593.175, 607.577, 608.421, 610.592, 594.506, 588.619, 576.525, 585.317, 573.434, 577.214, 566.258, 566.876, 556.697, 552.077, 526.28, 515.809, 514.527, 512.416, 512.203, 502.897, 500.425, 527.971, 540.615, 506.359, 483.231, 539.977, 538.528, 516.335]] 
[[487.454, 470.254, 461.552, 471.277, 445.019, 448.599, 442.191, 456.319, 447.533, 441.498, 440.493, 415.356, 437.165, 499.273, 500.792, 478.77, 486.345, 527.248, 471.471, 466.511, 470.025, 480.38, 460.687, 453.147, 439.041, 433.995, 417.228, 1242.023, 454.097, 433.121, 436.84, 453.15, 458.006, 460.382, 461.985, 496.675, 437.956, 444.619, 440.674, 436.8, 443.319, 431.611]] 
[[431.065, 435.434, 457.949, 468.088, 441.768, 439.132, 428.55, 480.27, 461.822, 448.451, 463.269, 444.854, 459.87, 460.527, 458.864, 414.064, 448.268, 441.847, 429.042, 459.927, 456.26, 447.497, 433.184, 434.24, 454.52, 446.158, 480.72, 470.37, 440.411, 447.588, 442.5, 427.548, 417.548, 431.984, 443.27, 428.302, 426.59, 423.884, 429.646, 436.031, 435.441, 415.015, 416.605, 400.861, 418.979, 425.923, 429.841, 435.275, 449.141, 425.272, 424.642]] 
[[594.032, 582.109, 607.029, 625.363, 625.044, 641.734, 606.898, 632.923, 611.492, 618.741, 605.528, 591.802, 590.994, 596.217, 589.202, 614.8, 600.213, 588.724, 590.208, 589.185, 573.017, 580.241, 580.055, 573.901, 561.734, 577.903, 612.775, 582.902, 568.919, 580.378, 559.361, 554.783, 543.78, 546.149, 528.1, 523.898, 516.16, 514.848, 520.089, 522.415, 515.321, 514.081, 515.697, 505.605, 510.916, 502.487, 492.509, 497.505]] 
[[491.308, 1441.336, 525.449, 519.184, 508.364, 530.794, 505.716, 518.693, 511.63, 525.495, 496.089, 511.208, 508.332, 503.616, 513.043, 492.082, 489.247, 521.781, 513.517, 507.1, 521.375, 510.528, 498.691, 498.222, 487.589, 508.191, 1414.624, 472.008, 469.046, 484.478, 476.257, 482.306, 464.875, 468.181, 459.856, 458.265, 470.739, 478.398, 474.774, 465.484, 451.957, 438.556, 430.263, 454.52, 453.476]] 
[[447.541, 442.728, 447.109, 439.553, 465.097, 444.691, 629.285, 397.519, 395.375, 410.003, 400.442, 419.098, 414.311, 404.463, 407.38, 541.732, 496.693, 496.848, 518.34, 482.819, 465.409, 477.796, 472.854, 457.144, 458.593, 451.779, 441.319, 427.883, 419.943, 406.76, 407.365, 393.044, 377.16, 378.092, 1383.118, 522.834, 526.924, 485.118, 489.074, 501.088, 482.578, 470.58, 460.461, 421.612, 453.707, 439.882, 390.556, 383.081, 362.892, 360.865, 358.726, 373.736]] 
[[418.371, 404.354, 424.856, 436.972, 404.446, 442.531, 395.334, 400.476, 399.871, 382.757, 396.103, 1382.025, 393.847, 395.767, 395.293, 400.276, 391.565, 400.949, 386.994, 454.32, 439.411, 376.513, 412.453, 405.22, 390.505, 382.523, 363.556, 363.28, 402.771, 382.728, 375.255, 409.442, 409.947, 384.108, 388.565, 378.62, 384.596, 372.136, 377.434, 375.07, 423.565, 412.707, 395.384, 382.801, 388.679, 376.881, 373.448, 358.344, 367.674, 358.657]] 
[[449.887, 441.981, 434.758, 441.171, 426.556, 416.353, 431.026, 468.601, 449.686, 423.733, 413.293, 441.749, 472.626, 427.002, 424.756, 444.537, 450.197, 452.794, 442.43, 438.914, 432.497, 425.394, 420.424, 1237.41, 455.76, 425.754, 421.796, 1374.939, 404.741, 406.208, 397.068, 393.99, 401.177, 399.147, 441.701, 401.796, 414.563, 418.249, 409.218, 425.822, 440.501, 410.177, 429.464, 409.622, 396.776, 386.236, 375.701, 379.156, 380.472, 367.985, 343.967, 374.39, 365.757, 384.191, 366.651]] 
[[389.906, 405.867, 402.551, 397.112, 425.878, 416.11, 402.599, 403.707, 397.873, 387.001, 387.274, 383.758, 409.677, 387.274, 602.001, 389.012, 380.176, 391.14, 417.72, 380.785, 374.769, 412.179, 395.77, 381.572, 376.993, 415.103, 377.984, 380.564, 410.173, 382.967, 387.665, 373.191, 368.671, 360.707, 385.93, 372.768, 492.728, 389.531, 376.37, 419.187, 370.349, 393.96, 364.858, 381.529, 375.601]] 
[[424.257, 423.629, 414.037, 408.475, 431.753, 416.628, 1167.392, 421.992, 417.023, 424.985, 449.719, 439.454, 438.331, 436.049, 419.953, 414.692, 413.7, 398.318, 389.655, 395.869, 391.092, 405.583, 439.876, 423.771, 416.237, 421.584, 421.467, 403.478, 438.915, 433.046, 404.653, 394.407, 386.657, 379.826, 400.501, 380.356, 383.777, 414.577, 411.455, 400.96, 397.416, 380.293, 408.177]] 
[[451.422, 430.664, 430.778, 480.322, 494.484, 484.796, 484.31, 474.346, 432.143, 1408.309, 441.602, 437.147, 449.425, 434.319, 439.568, 442.387, 450.477, 443.565, 444.596, 440.81, 466.414, 466.856, 456.832, 459.101, 460.68, 444.639, 451.304, 452.493, 467.329, 426.484, 427.028, 454.234, 426.758, 425.916, 428.342, 432.404, 1201.586, 408.707, 408.683, 425.797, 502.82, 388.054, 397.796, 404.108, 405.37, 465.599, 406.437, 377.611, 400.285, 384.377, 372.271, 376.475]] 
[[445.592, 425.2, 432.265, 484.885, 456.495, 459.138, 456.687, 473.876, 458.205, 456.762, 492.993, 495.041, 481.675, 480.223, 494.883, 511.599, 480.362, 477.094, 467.464, 483.523, 470.31, 461.654, 465.074, 459.774, 463.827, 435.615, 454.696, 444.363, 448.449, 449.111, 454.351, 481.431, 467.395, 455.851, 468.198, 462.259, 454.712, 463.532, 454.95, 502.642, 435.382, 472.423, 471.956, 458.369, 440.936, 424.329, 412.995, 419.945, 433.638, 426.809, 425.132, 428.784]] 
average response time [0]439.792
average response time [1]368.535
average response time [2]369.606
average response time [3]387.278
average response time [4]385.076
average response time [5]371.368
average response time [6]372.93
average response time [7]384.267
average response time [8]389.382
average response time [9]403.485
TOTAL AVERAGE RESPONSE TIME ====================: 387.1719
NUMBER OF THREADS ==============================: 1
average response time [10]381.65
average response time [11]401.7905
average response time [12]399.5415
average response time [13]370.22900000000004
average response time [14]379.702
average response time [15]361.37199999999996
average response time [16]401.324
average response time [17]411.8535
average response time [18]417.3465
average response time [19]415.06449999999995
TOTAL AVERAGE RESPONSE TIME ====================: 393.98735
NUMBER OF THREADS ==============================: 2
average response time [20]406.45225
average response time [21]428.223
average response time [22]435.58425
average response time [23]429.42449999999997
average response time [24]433.36625000000004
average response time [25]435.8035
average response time [26]429.89125
average response time [27]513.143
average response time [28]482.01175
average response time [29]392.11175000000003
TOTAL AVERAGE RESPONSE TIME ====================: 438.6011500000001
NUMBER OF THREADS ==============================: 4
average response time [30]388.860625
average response time [31]373.939625
average response time [32]375.64675
average response time [33]393.295875
average response time [34]374.094125
average response time [35]379.024625
average response time [36]371.425625
average response time [37]365.097
average response time [38]364.18475
average response time [39]356.165125
TOTAL AVERAGE RESPONSE TIME ====================: 374.1734125
NUMBER OF THREADS ==============================: 8
average response time [40]365.9640625
average response time [41]385.4623125
average response time [42]535.935625
average response time [43]1317.529375
average response time [44]506.1691875
average response time [45]574.4409375
average response time [46]591.325
average response time [47]553.139
average response time [48]518.2158125
average response time [49]534.62275
TOTAL AVERAGE RESPONSE TIME ====================: 588.2804062499999
NUMBER OF THREADS ==============================: 16
average response time [50]673.55775
average response time [51]738.20759375
average response time [52]809.65
average response time [53]724.1578125
average response time [54]702.50040625
average response time [55]709.8629375
average response time [56]824.59540625
average response time [57]713.5134375
average response time [58]708.23115625
average response time [59]740.054125
TOTAL AVERAGE RESPONSE TIME ====================: 734.4330625
NUMBER OF THREADS ==============================: 32
average response time [60]1054.367515625
average response time [61]1102.8059375
average response time [62]813.1244864864865
average response time [63]380.04782857142857
average response time [64]406.30755
average response time [65]415.1506153846154
average response time [66]411.6924074074074
average response time [67]589.0303823529412
average response time [68]393.61478787878787
average response time [69]388.7710666666667
TOTAL AVERAGE RESPONSE TIME ====================: 595.4912577873334
NUMBER OF THREADS ==============================: 64
average response time [70]476.3466785714286
average response time [71]404.0553142857143
average response time [72]446.63525641025643
average response time [73]488.0273125
average response time [74]462.1513142857143
average response time [75]764.7676976744186
average response time [76]482.44770967741937
average response time [77]421.09875675675676
average response time [78]389.32433333333336
average response time [79]383.0257666666667
TOTAL AVERAGE RESPONSE TIME ====================: 471.78801401617085
NUMBER OF THREADS ==============================: 65
average response time [80]486.44421052631577
average response time [81]381.99337931034484
average response time [82]394.93548387096774
average response time [83]417.3549090909091
average response time [84]419.4184864864865
average response time [85]452.2536285714286
average response time [86]533.793
average response time [87]799.1823157894737
average response time [88]670.1409677419355
average response time [89]679.4347575757575
TOTAL AVERAGE RESPONSE TIME ====================: 523.4951138963619
NUMBER OF THREADS ==============================: 66
average response time [90]1035.8877567567567
average response time [91]455.4625675675676
average response time [92]470.3916923076923
average response time [93]398.8297333333333
average response time [94]398.1827333333333
average response time [95]431.93365
average response time [96]587.6675625
average response time [97]478.3289130434783
average response time [98]1878.1080294117646
average response time [99]479.28036363636363
TOTAL AVERAGE RESPONSE TIME ====================: 661.407300189029
NUMBER OF THREADS ==============================: 67
average response time [100]470.76015384615386
average response time [101]497.4311
average response time [102]566.4970434782608
average response time [103]613.7180434782608
average response time [104]526.215
average response time [105]631.9466551724138
average response time [106]582.9614090909091
average response time [107]644.207659574468
average response time [108]520.5552105263158
average response time [109]536.7925918367347
TOTAL AVERAGE RESPONSE TIME ====================: 559.1084867003517
NUMBER OF THREADS ==============================: 68
average response time [110]631.1164716981132
average response time [111]594.493511627907
average response time [112]647.21282
average response time [113]551.8928958333333
average response time [114]538.290025
average response time [115]586.6128222222222
average response time [116]657.4171777777777
average response time [117]509.48518867924525
average response time [118]578.711875
average response time [119]475.7352619047619
TOTAL AVERAGE RESPONSE TIME ====================: 577.0968049743359
NUMBER OF THREADS ==============================: 69
average response time [120]440.5550392156863
average response time [121]568.2868125
average response time [122]531.7031777777778
average response time [123]461.59615384615387
average response time [124]414.3876
average response time [125]449.28636363636366
average response time [126]397.3008888888889
average response time [127]429.8608139534884
average response time [128]470.54346153846154
average response time [129]459.2856538461538
TOTAL AVERAGE RESPONSE TIME ====================: 462.2805965202974
NUMBER OF THREADS ==============================: 70
NUMBER OF THREADS: [1, 2, 4, 8, 16, 32, 64, 65, 66, 67, 68, 69, 70]
WORKLOAD: HFU_LV;  
TOTAL EXECUTION TIME (Concurrent Parallel Requests): 141793.179
NUMBER OF REPLICAS USED: 3

