[[390.257]] 
[[361.727]] 
[[365.946]] 
[[375.222]] 
[[360.125]] 
[[371.396]] 
[[364.037]] 
[[365.668]] 
[[362.965]] 
[[363.523]] 
[[373.865, 392.255]] 
[[385.294, 403.205]] 
[[370.407, 383.156]] 
[[393.672, 369.376]] 
[[401.483, 367.112]] 
[[366.325, 382.358]] 
[[384.844, 400.082]] 
[[405.846, 373.306]] 
[[361.962, 378.434]] 
[[377.044, 391.259]] 
[[476.812, 416.023, 562.153, 510.259]] 
[[375.372, 391.39, 405.493, 423.734]] 
[[416.651, 386.274, 426.082, 434.899]] 
[[396.681, 365.734, 430.938, 399.763]] 
[[392.251, 364.777, 403.883, 422.001]] 
[[440.769, 382.067, 399.971, 454.681]] 
[[379.695, 423.243, 389.108, 431.287]] 
[[396.538, 367.331, 406.415, 427.861]] 
[[374.961, 393.031, 409.387, 427.613]] 
[[496.253, 408.351, 438.385, 366.267]] 
[[378.507, 398.65, 469.299, 436.56, 407.14, 474.159, 492.168, 511.947]] 
[[413.855, 364.696, 426.481, 370.921, 462.898, 428.495, 505.119, 467.657]] 
[[375.349, 441.612, 411.497, 379.902, 443.199, 486.939, 455.573, 498.126]] 
[[371.551, 390.183, 407.156, 466.384, 434.942, 519.694, 465.0, 481.431]] 
[[430.908, 370.85, 442.218, 386.936, 449.926, 466.387, 483.844, 504.411]] 
[[364.853, 382.967, 429.535, 391.472, 431.896, 448.048, 488.377, 459.613]] 
[[376.448, 390.442, 407.442, 429.446, 446.371, 487.113, 450.698, 492.901]] 
[[401.754, 490.999, 431.159, 518.737, 603.972, 552.033, 674.538, 623.284]] 
[[396.425, 436.653, 534.511, 469.476, 613.995, 560.115, 647.347, 682.721]] 
[[383.813, 386.13, 378.954, 374.541, 362.588, 362.384, 361.586, 356.803]] 
[[346.693, 345.375, 344.552, 348.092, 349.903, 353.406, 352.227, 349.903, 360.172, 347.059, 352.453, 365.966, 360.988, 373.606, 354.967, 349.317]] 
[[357.073, 421.129, 354.496, 345.922, 356.515, 365.723, 362.363, 351.518, 370.261, 350.214, 348.821, 350.435, 356.843, 370.746, 366.343, 344.025]] 
[[395.832, 347.958, 344.645, 345.852, 362.649, 352.905, 353.597, 348.597, 351.284, 341.461, 356.603, 363.053, 339.893, 351.92, 358.254, 344.623]] 
[[354.309, 352.506, 350.792, 363.979, 367.321, 354.478, 358.664, 358.537, 354.435, 353.61, 361.969, 357.862, 350.078, 351.321, 356.297, 344.568]] 
[[357.379, 352.048, 361.302, 348.594, 351.483, 362.232, 351.408, 370.79, 361.94, 355.201, 359.027, 358.033, 361.56, 353.285, 359.525, 353.95]] 
[[366.373, 362.687, 370.083, 353.786, 352.577, 350.483, 360.254, 361.074, 351.162, 350.292, 380.225, 379.786, 378.243, 350.846, 361.786, 347.16]] 
[[356.705, 353.593, 349.213, 359.113, 361.035, 362.939, 356.89, 345.582, 355.547, 355.594, 364.674, 364.191, 368.595, 345.431, 348.752, 347.586]] 
[[351.412, 366.332, 356.777, 352.989, 349.994, 342.749, 343.217, 372.738, 361.181, 357.68, 360.44, 357.329, 353.592, 357.129, 361.556, 346.717]] 
[[346.742, 347.469, 346.831, 346.221, 346.572, 345.211, 343.155, 364.102, 344.599, 363.073, 362.342, 358.855, 360.935, 363.484, 359.339, 354.665]] 
[[347.082, 351.14, 359.221, 355.72, 363.279, 347.385, 355.546, 359.605, 358.475, 357.373, 351.253, 378.209, 367.876, 369.35, 371.392, 351.444]] 
[[356.611, 384.197, 352.059, 353.956, 356.261, 360.71, 358.035, 372.575, 353.719, 344.175, 365.013, 363.353, 359.171, 355.378, 351.99, 347.161, 373.572, 360.873, 350.474, 352.935, 368.06, 359.183, 353.011, 361.921, 349.64, 347.152, 355.344, 386.503, 377.095, 370.134, 346.29, 354.475]] 
[[346.469, 360.544, 369.902, 362.475, 360.936, 358.013, 367.028, 354.098, 361.648, 395.735, 374.184, 354.17, 364.454, 346.666, 367.181, 356.985, 339.137, 348.322, 347.55, 344.646, 349.348, 354.631, 369.243, 356.095, 357.872, 353.506, 364.219, 350.356, 377.881, 369.645, 354.34, 353.65]] 
[[342.805, 365.749, 361.282, 367.498, 353.464, 362.535, 357.204, 366.129, 352.941, 365.126, 349.922, 363.847, 380.108, 356.008, 364.877, 358.586, 345.839, 377.631, 367.012, 370.366, 347.828, 352.564, 350.044, 361.864, 348.132, 362.145, 370.515, 355.148, 354.297, 367.175, 358.2, 353.788]] 
[[378.014, 372.911, 362.167, 359.191, 353.983, 352.133, 365.015, 370.966, 384.585, 379.454, 351.31, 370.016, 346.507, 358.917, 350.187, 349.391, 364.248, 365.594, 349.558, 361.075, 359.032, 356.289, 365.335, 371.326, 358.98, 356.251, 356.006, 361.626, 358.67, 351.313, 351.239, 355.166]] 
[[370.093, 358.766, 363.743, 357.916, 382.28, 381.829, 378.156, 357.466, 361.464, 362.623, 352.763, 360.222, 355.246, 360.175, 366.089, 353.216, 350.163, 350.783, 355.095, 351.522, 346.064, 345.275, 343.562, 353.292, 374.752, 364.829, 371.658, 351.288, 344.949, 388.536, 387.696, 353.18]] 
[[373.213, 377.201, 371.825, 371.621, 355.587, 358.204, 354.231, 380.633, 351.771, 362.906, 371.517, 368.061, 380.899, 367.438, 357.705, 351.031, 349.939, 360.323, 365.471, 366.097, 344.255, 343.801, 361.942, 345.786, 354.725, 370.187, 369.28, 365.474, 366.373, 358.263, 353.364, 359.01]] 
[[363.375, 358.394, 353.428, 362.352, 348.427, 344.121, 358.364, 359.557, 377.58, 357.731, 359.435, 354.325, 344.883, 362.866, 352.102, 343.484, 408.396, 355.167, 401.96, 355.091, 344.851, 382.263, 359.909, 363.773, 347.278, 361.69, 365.028, 363.06, 350.461, 365.802, 368.836, 367.96]] 
[[373.79, 366.434, 357.091, 353.883, 355.724, 348.2, 358.564, 387.329, 348.235, 369.854, 369.31, 375.212, 344.972, 359.763, 356.746, 372.624, 362.185, 353.408, 376.736, 350.319, 362.711, 357.238, 374.787, 362.203, 368.346, 359.347, 348.859, 359.504, 348.865, 372.192, 355.559, 345.724]] 
[[349.417, 363.687, 353.266, 365.34, 344.604, 357.289, 359.328, 357.192, 358.239, 344.614, 374.506, 342.739, 357.988, 364.421, 360.222, 374.639, 369.716, 353.391, 349.538, 375.159, 353.531, 357.266, 344.973, 348.652, 347.957, 345.264, 349.38, 369.587, 363.241, 343.514, 355.971, 345.082]] 
[[353.87, 351.802, 347.937, 344.597, 379.651, 361.9, 355.459, 351.894, 372.273, 361.937, 344.419, 353.547, 372.567, 359.432, 337.85, 354.392, 351.175, 352.968, 341.124, 366.444, 352.936, 341.376, 341.689, 352.692, 361.882, 350.519, 351.756, 347.959, 376.92, 371.81, 361.645, 351.075]] 
[[394.808, 363.041, 383.631, 381.015, 369.542, 402.983, 390.584, 351.951, 381.686, 373.759, 366.953, 362.082, 386.305, 375.889, 370.931, 360.877, 395.673, 376.682, 390.459, 356.72, 376.362, 371.244, 372.939, 381.015, 358.914, 374.143, 384.695, 381.808, 383.997, 371.567, 368.122, 375.94, 369.443, 361.918, 378.608, 357.322, 355.171, 374.437, 370.477, 353.505, 355.855, 358.331, 355.29, 349.877, 359.754, 356.257, 355.763, 434.649, 352.513, 363.772, 369.259, 365.262, 387.453, 382.355, 347.032, 353.322, 350.506, 366.51, 370.788, 350.716, 354.079, 381.868, 380.26, 351.084]] 
[[396.886, 403.83, 383.63, 357.113, 358.394, 380.262, 365.936, 404.71, 367.314, 381.3, 397.678, 368.186, 369.961, 373.53, 384.036, 367.747, 372.104, 377.013, 357.158, 372.822, 386.473, 360.194, 405.254, 369.2, 362.16, 360.39, 380.297, 377.831, 376.891, 374.498, 376.707, 360.002, 364.393, 357.953, 357.837, 354.232, 357.522, 368.397, 356.075, 365.863, 375.495, 357.047, 366.25, 362.022, 372.372, 368.47, 354.489, 370.937, 373.889, 413.668, 370.527, 359.377, 346.508, 367.492, 359.619, 375.106, 361.182, 356.06, 355.653, 379.022, 345.832, 355.58, 367.728, 357.788]] 
[[372.102, 363.981, 362.242, 364.351, 382.122, 368.545, 365.206, 378.247, 364.631, 377.478, 365.995, 385.414, 379.406, 374.231, 399.448, 411.435, 401.161, 393.254, 400.348, 379.618, 373.727, 375.097, 377.567, 381.915, 377.743, 374.707, 371.254, 373.345, 372.577, 372.282, 362.504, 352.243, 360.051, 353.099, 370.16, 350.262, 360.235, 375.542, 366.508, 374.983, 376.851, 354.672, 398.073, 395.273, 395.408, 378.316, 387.667, 408.944, 401.019, 397.969, 383.121, 381.211, 368.154, 361.98, 345.064, 356.195, 380.823, 362.38, 357.542, 355.122, 387.13, 386.283, 360.325, 342.797]] 
[[377.296, 374.269, 385.644, 384.954, 371.364, 371.019, 381.617, 368.013, 382.5, 364.043, 363.068, 378.006, 372.026, 365.071, 357.473, 353.613, 356.37, 358.892, 379.686, 365.952, 365.322, 361.899, 376.294, 351.135, 370.024, 353.944, 363.59, 352.299, 359.873, 347.629, 367.951, 370.087, 367.012, 364.982, 361.081, 355.289, 346.706, 364.606, 364.509, 363.569, 350.277, 357.95, 348.592, 354.785, 343.921, 351.422, 367.789, 349.417, 346.038, 354.241, 374.089, 356.159, 373.199, 362.317, 400.536, 387.201, 366.851, 338.891, 359.714, 353.418, 349.776, 365.076, 359.51, 353.603]] 
[[358.461, 375.701, 376.536, 380.565, 404.089, 368.438, 369.658, 390.757, 378.221, 377.161, 389.73, 382.803, 377.738, 382.091, 365.621, 364.404, 357.482, 361.565, 362.548, 365.366, 359.301, 352.487, 367.293, 365.063, 354.89, 372.094, 368.606, 357.205, 366.1, 371.564, 362.713, 362.298, 354.727, 372.626, 369.58, 373.086, 365.102, 351.612, 371.985, 356.17, 352.817, 366.024, 406.349, 359.396, 360.104, 384.677, 390.803, 384.159, 381.5, 360.895, 364.527, 356.662, 349.792, 344.495, 356.946, 360.056, 373.077, 346.089, 348.428, 350.264, 375.633, 353.716, 363.203, 360.032]] 
[[374.106, 379.547, 359.664, 373.892, 357.193, 359.67, 364.395, 359.741, 384.887, 360.851, 401.425, 376.828, 387.901, 379.562, 441.203, 386.407, 358.525, 371.072, 402.905, 400.335, 371.785, 383.26, 368.336, 374.157, 373.222, 376.73, 367.05, 372.563, 360.8, 359.779, 366.832, 350.482, 370.297, 349.44, 358.838, 344.832, 363.255, 352.094, 342.256, 352.821, 365.041, 354.153, 385.423, 374.459, 368.427, 363.716, 374.821, 364.525, 364.43, 357.948, 353.231, 353.538, 356.813, 345.326, 343.334, 381.073, 376.981, 349.329, 354.412, 374.192, 367.127, 357.96, 357.967, 359.891]] 
[[371.105, 374.689, 376.449, 425.998, 363.448, 403.286, 414.449, 390.211, 412.087, 385.251, 387.121, 386.752, 381.925, 371.298, 378.9, 363.442, 375.818, 369.992, 361.176, 398.649, 347.702, 382.779, 363.823, 369.344, 393.57, 359.34, 365.96, 367.485, 373.888, 364.392, 354.575, 402.119, 352.661, 373.988, 396.147, 364.66, 380.202, 372.014, 374.457, 365.824, 351.623, 361.022, 367.721, 357.094, 422.537, 377.423, 383.551, 405.303, 348.616, 359.04, 382.57, 360.076, 366.943, 372.85, 367.29, 366.905, 349.094, 388.184, 351.955, 349.024, 342.275, 362.476, 359.444, 364.974]] 
[[384.503, 389.564, 369.93, 366.569, 382.434, 356.059, 371.719, 379.087, 361.367, 377.248, 370.025, 374.453, 354.678, 403.966, 366.971, 373.085, 346.628, 411.157, 385.234, 420.458, 414.867, 392.226, 391.425, 403.312, 386.22, 365.787, 355.011, 377.551, 360.593, 365.488, 365.924, 356.557, 356.017, 354.932, 369.045, 346.979, 361.682, 376.139, 373.616, 389.485, 383.716, 378.37, 372.847, 357.867, 386.67, 376.386, 355.247, 366.972, 369.699, 399.645, 371.967, 356.927, 351.843, 359.699, 359.137, 377.171, 340.544, 368.291, 368.924, 362.182, 348.168, 356.461, 356.84, 354.97]] 
[[364.383, 395.636, 408.284, 376.228, 373.334, 375.978, 360.945, 379.742, 357.441, 394.358, 368.725, 365.375, 393.575, 372.702, 370.479, 370.146, 366.461, 368.385, 375.475, 359.167, 377.165, 367.557, 364.998, 378.888, 361.589, 352.038, 362.939, 380.051, 353.155, 375.362, 369.6, 361.578, 365.631, 384.573, 385.104, 370.957, 395.941, 367.153, 386.631, 375.017, 375.936, 369.726, 365.102, 357.653, 353.291, 369.64, 355.163, 347.629, 347.165, 345.104, 371.026, 355.777, 356.411, 359.202, 375.018, 355.515, 360.205, 351.205, 345.73, 351.261, 359.745, 359.5, 346.501, 377.44]] 
[[373.795, 410.678, 356.066, 353.987, 390.868, 387.348, 374.046, 390.24, 388.646, 381.06, 373.954, 347.235, 361.86, 352.612, 396.82, 389.992, 356.895, 356.042, 354.637, 421.103, 390.312, 369.208, 393.941, 363.39, 357.044, 381.914, 366.432, 369.887, 372.95, 363.876, 373.279, 385.792, 387.768, 375.845, 371.887, 382.921, 371.975, 356.876, 362.333, 355.588, 359.807, 368.596, 372.259, 368.247, 362.013, 381.165, 372.534, 359.58, 362.523, 397.978, 354.914, 364.338, 368.031, 363.074, 362.314, 353.039, 362.334, 358.785, 374.689, 375.215, 353.509, 352.751, 356.015, 347.481]] 
[[370.734, 388.091, 370.805, 385.098, 380.128, 377.58, 366.378, 363.948, 382.576, 388.222, 412.117, 401.965, 368.772, 360.79, 368.082, 383.23, 371.658, 374.36, 366.821, 358.01, 390.073, 395.328, 375.574, 387.978, 377.628, 366.954, 369.001, 382.949, 351.124, 362.765, 354.368, 364.508, 353.851, 348.292, 374.273, 357.743, 362.005, 355.083, 377.058, 394.932, 388.672, 386.446, 367.772, 373.264, 371.518, 367.55, 359.073, 356.304, 372.979, 384.87, 370.183, 371.622, 350.948, 428.331, 343.512, 348.242, 397.466, 348.729, 364.278, 368.311, 352.51, 365.08, 370.23, 353.121, 364.056]] 
[[376.069, 370.88, 382.449, 367.271, 368.753, 369.453, 368.723, 373.486, 394.145, 375.317, 373.797, 371.767, 384.689, 375.684, 370.91, 392.531, 360.96, 367.258, 350.686, 352.813, 378.145, 372.177, 354.83, 357.05, 361.58, 362.383, 362.953, 352.678, 356.944, 382.17, 363.115, 372.721, 399.729, 360.703, 383.937, 378.361, 358.816, 361.062, 357.152, 357.312, 346.108, 363.317, 345.82, 360.269, 364.278, 373.88, 362.68, 368.864, 353.606, 381.01, 364.763, 348.451, 362.525, 350.032, 343.222, 360.002, 358.385, 350.64, 351.647, 360.285, 350.978, 374.145, 377.1, 355.021, 354.036]] 
[[362.583, 352.487, 386.961, 355.486, 348.416, 376.325, 355.447, 358.597, 363.976, 371.394, 367.535, 356.219, 370.856, 356.496, 358.087, 351.928, 405.893, 373.188, 386.75, 377.04, 377.521, 362.174, 393.162, 399.831, 387.987, 389.077, 376.618, 377.544, 377.057, 362.958, 367.248, 359.876, 368.8, 367.046, 389.462, 352.123, 381.193, 374.004, 402.517, 356.909, 382.964, 380.112, 368.762, 372.231, 363.46, 359.616, 355.878, 353.608, 350.542, 361.532, 373.317, 362.018, 396.404, 384.192, 361.835, 355.771, 350.945, 359.026, 359.401, 385.78, 358.981, 360.571, 351.308, 365.005, 358.438]] 
[[363.892, 374.622, 354.216, 362.398, 356.371, 382.466, 366.412, 389.815, 363.857, 369.067, 381.211, 374.048, 356.56, 391.046, 369.428, 373.925, 366.23, 357.473, 392.171, 385.563, 388.06, 372.843, 403.477, 381.268, 386.269, 367.163, 375.951, 373.308, 368.017, 359.302, 382.885, 404.997, 385.691, 353.805, 355.575, 364.205, 369.762, 366.404, 362.304, 349.42, 359.437, 364.699, 364.478, 349.774, 368.902, 391.273, 364.275, 393.677, 361.985, 361.659, 365.902, 353.477, 345.711, 351.284, 365.632, 360.033, 356.706, 353.538, 369.733, 365.522, 354.271, 378.542, 354.142, 363.431, 359.733]] 
[[367.563, 355.991, 357.724, 372.09, 383.187, 380.596, 397.395, 410.835, 390.524, 392.336, 399.098, 426.929, 411.323, 439.142, 433.321, 427.875, 418.916, 382.963, 392.949, 388.323, 392.72, 389.859, 362.429, 377.666, 382.763, 374.163, 369.123, 374.359, 381.785, 375.936, 362.087, 380.752, 387.287, 374.426, 353.457, 372.287, 361.87, 362.093, 359.523, 345.316, 368.272, 408.517, 397.218, 418.856, 344.361, 384.622, 393.534, 388.663, 378.642, 374.452, 374.172, 357.209, 363.322, 365.981, 379.124, 364.88, 349.516, 359.132, 390.981, 376.781, 343.634, 359.353, 359.007, 363.076, 346.237]] 
[[355.939, 359.941, 356.631, 364.44, 418.483, 371.336, 395.824, 400.579, 373.639, 380.733, 407.712, 394.999, 353.292, 388.487, 375.251, 387.545, 411.993, 353.892, 386.268, 401.852, 394.559, 386.499, 380.791, 366.633, 362.088, 358.88, 357.17, 355.633, 346.246, 362.264, 363.059, 349.888, 346.414, 353.148, 372.998, 372.616, 374.532, 363.748, 377.611, 365.112, 373.152, 368.305, 368.946, 376.833, 365.692, 378.586, 370.283, 359.128, 358.395, 357.065, 374.058, 347.742, 347.997, 340.536, 385.116, 371.265, 354.079, 369.17, 358.963, 362.882, 365.298, 346.976, 367.301, 355.723, 356.709]] 
[[407.682, 396.751, 396.941, 389.339, 372.792, 371.633, 367.152, 376.383, 394.874, 385.427, 387.04, 372.682, 392.127, 388.304, 381.925, 349.675, 364.308, 360.625, 355.485, 370.204, 352.922, 381.092, 383.407, 376.901, 360.111, 366.514, 377.932, 361.661, 356.372, 355.718, 370.833, 352.61, 350.207, 372.456, 363.772, 356.374, 361.891, 360.933, 398.289, 381.801, 373.541, 377.167, 358.37, 359.26, 372.509, 361.739, 362.532, 359.766, 360.007, 351.759, 346.671, 371.985, 363.357, 347.967, 356.995, 363.619, 361.917, 369.805, 356.938, 395.46, 390.67, 387.628, 349.432, 344.155, 349.793]] 
[[367.125, 362.184, 370.287, 356.209, 359.881, 377.98, 372.617, 363.586, 361.709, 380.772, 370.484, 396.872, 368.059, 392.06, 380.759, 363.617, 364.923, 354.501, 352.687, 356.845, 382.964, 362.002, 356.691, 368.232, 379.143, 353.093, 359.686, 360.873, 369.283, 353.1, 348.865, 357.856, 359.906, 369.557, 376.232, 396.465, 349.266, 354.534, 358.489, 385.946, 361.839, 355.609, 344.808, 346.034, 354.461, 356.712, 350.776, 369.064, 365.325, 352.717, 360.953, 345.946, 379.525, 356.269, 372.92, 344.626, 349.637, 346.563, 341.066, 354.248, 345.866, 346.242, 348.069, 354.782, 348.905]] 
[[341.132, 364.648, 352.753, 363.214, 378.397, 369.884, 377.804, 369.68, 399.033, 382.94, 383.975, 373.878, 396.831, 379.027, 380.66, 389.77, 370.039, 415.001, 407.583, 408.775, 403.72, 383.297, 392.315, 377.041, 370.66, 369.006, 363.525, 361.569, 374.273, 422.902, 364.756, 361.791, 358.47, 390.601, 397.584, 376.196, 374.777, 383.813, 353.455, 362.782, 368.194, 359.014, 383.653, 379.119, 375.579, 363.877, 367.522, 359.475, 366.255, 347.92, 343.941, 354.562, 358.95, 343.596, 345.519, 349.665, 362.351, 348.87, 373.851, 352.826, 391.303, 351.382, 353.24, 366.602, 344.314]] 
[[383.07, 353.24, 350.618, 372.831, 357.307, 385.57, 361.82, 369.543, 376.68, 367.116, 384.436, 376.256, 379.386, 372.227, 370.747, 363.309, 409.108, 387.508, 405.391, 384.935, 391.202, 374.679, 373.472, 373.741, 358.036, 369.739, 375.432, 353.134, 362.106, 368.13, 358.683, 363.098, 363.04, 361.077, 388.058, 369.652, 374.716, 356.735, 352.601, 355.784, 386.619, 350.187, 374.852, 372.941, 391.542, 393.609, 422.838, 372.792, 364.038, 364.997, 396.496, 378.945, 370.146, 385.081, 356.019, 367.992, 366.883, 363.248, 353.203, 348.893, 362.571, 360.875, 376.578, 363.847, 360.865]] 
[[368.6, 383.623, 369.744, 358.671, 369.307, 348.505, 352.644, 360.684, 353.939, 390.982, 391.767, 367.143, 380.48, 390.37, 365.021, 354.098, 352.831, 387.874, 366.24, 384.18, 382.221, 368.748, 372.837, 365.999, 387.1, 374.275, 354.583, 352.931, 367.82, 357.245, 347.66, 348.888, 390.093, 351.771, 343.395, 415.451, 375.266, 371.21, 366.765, 384.28, 384.91, 376.451, 369.241, 377.175, 382.31, 375.335, 380.485, 371.729, 347.028, 363.518, 378.317, 355.13, 359.905, 351.44, 341.281, 371.594, 359.593, 360.309, 366.346, 358.367, 346.068, 354.792, 371.716, 377.241, 347.053, 341.357]] 
[[350.165, 360.983, 371.195, 402.115, 388.616, 439.005, 379.812, 376.699, 396.365, 411.614, 394.962, 382.903, 369.692, 369.664, 376.93, 369.857, 361.776, 387.229, 368.992, 347.603, 378.384, 382.381, 359.865, 360.043, 382.929, 362.818, 369.634, 367.417, 363.661, 359.626, 368.63, 367.559, 346.727, 395.132, 392.761, 375.484, 382.987, 374.041, 375.71, 365.097, 379.104, 354.185, 370.29, 410.712, 351.656, 371.125, 368.52, 361.313, 367.828, 364.885, 356.472, 364.467, 345.46, 346.662, 390.934, 368.107, 375.26, 395.833, 364.951, 350.122, 348.651, 355.822, 351.189, 348.48, 358.538, 363.792]] 
[[379.95, 368.905, 369.448, 382.454, 364.477, 351.519, 359.244, 365.37, 356.83, 365.252, 357.644, 391.164, 360.402, 393.334, 356.798, 378.22, 389.05, 381.173, 374.912, 364.068, 366.352, 364.095, 367.916, 375.268, 363.518, 377.149, 364.588, 361.928, 362.656, 350.84, 368.823, 362.03, 358.989, 388.903, 378.463, 366.244, 347.996, 348.898, 352.545, 379.419, 360.587, 393.775, 354.327, 351.9, 350.131, 354.265, 355.127, 377.715, 375.217, 371.88, 365.343, 366.943, 358.196, 355.851, 353.499, 374.658, 360.888, 343.577, 347.023, 347.35, 370.329, 349.552, 368.769, 358.864, 344.363, 349.895]] 
[[361.264, 380.899, 354.113, 366.846, 360.895, 355.435, 352.228, 363.52, 358.823, 367.727, 356.867, 367.41, 415.514, 390.766, 384.637, 377.198, 394.385, 401.273, 384.267, 355.694, 380.439, 372.972, 365.775, 359.529, 386.135, 378.005, 358.351, 368.123, 372.645, 358.836, 360.602, 357.092, 357.374, 360.099, 347.641, 414.936, 363.508, 401.054, 383.708, 379.948, 368.018, 372.478, 366.768, 362.134, 361.677, 357.288, 372.064, 392.712, 350.324, 372.805, 365.578, 370.381, 349.494, 372.667, 373.138, 358.696, 346.397, 343.553, 343.988, 365.409, 389.53, 348.472, 353.496, 359.413, 357.742, 359.457]] 
[[368.745, 356.504, 377.706, 380.06, 375.406, 367.299, 349.529, 395.601, 366.894, 360.888, 367.7, 377.235, 383.14, 379.482, 371.79, 381.834, 387.937, 400.85, 394.32, 388.169, 392.746, 393.414, 382.426, 383.583, 373.217, 374.176, 357.16, 357.927, 364.64, 374.053, 375.438, 377.832, 362.526, 383.043, 363.207, 373.041, 402.145, 377.391, 404.21, 384.421, 395.831, 406.745, 376.844, 417.685, 390.517, 388.783, 387.227, 387.039, 387.755, 378.706, 406.996, 368.375, 388.353, 351.832, 360.789, 361.526, 390.874, 375.709, 374.12, 393.285, 362.229, 416.957, 398.626, 384.19, 363.47, 378.376]] 
[[357.528, 373.258, 366.268, 367.104, 358.867, 370.076, 360.321, 377.391, 360.469, 375.789, 389.277, 370.433, 378.27, 366.026, 375.286, 396.719, 383.712, 363.735, 388.984, 416.239, 380.55, 350.801, 386.394, 376.715, 378.471, 372.564, 378.992, 355.96, 371.684, 366.026, 356.602, 366.309, 364.378, 350.134, 357.583, 355.569, 339.639, 356.218, 365.464, 377.776, 340.451, 352.383, 348.588, 353.085, 349.44, 367.219, 364.465, 361.699, 357.925, 380.482, 352.631, 353.281, 352.431, 345.44, 347.405, 365.775, 346.522, 342.698, 387.895, 362.869, 370.103, 374.412, 365.994, 381.739, 355.836, 361.399]] 
[[422.981, 386.477, 376.464, 360.941, 382.107, 393.254, 357.736, 380.495, 384.507, 372.858, 366.846, 364.627, 355.552, 354.13, 363.39, 352.662, 399.211, 386.0, 419.271, 417.241, 417.454, 414.879, 404.129, 376.25, 398.757, 386.853, 368.884, 377.382, 362.896, 371.231, 356.732, 386.201, 373.96, 366.541, 365.109, 362.836, 351.727, 381.363, 350.344, 345.42, 347.845, 374.588, 359.864, 385.327, 366.721, 364.318, 374.46, 370.287, 370.357, 364.148, 378.851, 375.509, 360.362, 383.141, 338.955, 344.035, 344.478, 365.985, 355.022, 366.569, 372.646, 426.582, 402.728, 391.605, 383.067, 388.387]] 
[[378.198, 365.924, 368.991, 406.157, 399.234, 390.721, 355.713, 381.464, 360.062, 380.535, 363.95, 350.55, 370.829, 425.575, 368.451, 420.76, 372.425, 366.284, 385.991, 369.449, 378.414, 390.416, 391.437, 386.508, 373.663, 367.229, 362.74, 376.661, 357.337, 367.595, 350.283, 369.622, 358.796, 363.074, 366.743, 356.841, 389.949, 379.635, 375.627, 371.335, 353.665, 387.149, 383.34, 355.837, 377.503, 371.997, 361.076, 392.326, 365.162, 379.805, 366.121, 371.837, 368.551, 378.352, 370.938, 389.666, 378.75, 360.561, 346.478, 361.343, 395.589, 400.413, 356.406, 378.73, 365.163, 347.323]] 
[[389.233, 358.176, 382.006, 353.059, 366.571, 350.321, 361.544, 368.594, 396.57, 381.028, 378.459, 377.6, 360.844, 361.017, 432.859, 428.664, 450.317, 453.24, 411.39, 402.239, 395.534, 415.705, 386.209, 383.443, 394.571, 388.218, 383.852, 384.923, 370.452, 380.424, 369.883, 371.043, 352.98, 374.452, 376.47, 371.229, 364.723, 366.585, 359.354, 406.066, 376.248, 362.443, 389.964, 360.999, 363.014, 393.253, 390.9, 384.682, 379.068, 377.076, 369.758, 360.839, 392.497, 368.686, 364.973, 370.717, 363.168, 356.283, 345.071, 369.723, 345.954, 349.254, 389.234, 396.045, 377.195, 364.378]] 
[[352.364, 365.016, 409.158, 399.527, 386.876, 357.539, 371.723, 363.966, 370.512, 411.954, 372.021, 366.4, 371.583, 371.817, 431.598, 406.83, 363.467, 393.396, 394.057, 385.587, 366.142, 374.318, 367.99, 377.252, 389.933, 365.579, 370.43, 369.388, 371.01, 365.82, 381.233, 374.583, 372.999, 362.685, 357.761, 355.116, 377.685, 367.139, 364.36, 360.596, 398.057, 373.34, 379.218, 361.543, 361.987, 362.951, 352.947, 359.461, 360.527, 355.301, 380.45, 352.785, 372.064, 359.989, 344.388, 353.307, 373.216, 368.701, 349.415, 345.243, 387.539, 370.692, 356.424, 382.574, 375.473, 370.484]] 
[[358.479, 359.53, 366.561, 347.47, 404.589, 382.185, 372.81, 383.151, 372.001, 371.395, 387.534, 380.753, 381.94, 365.338, 384.746, 376.329, 364.212, 363.746, 370.071, 359.195, 375.392, 402.606, 376.001, 359.711, 351.473, 368.223, 361.051, 358.469, 368.873, 353.661, 366.744, 369.792, 355.065, 342.544, 354.874, 383.59, 371.233, 351.987, 350.324, 360.032, 357.916, 359.072, 348.865, 377.728, 377.34, 380.809, 379.126, 364.63, 362.815, 379.637, 364.059, 349.951, 347.387, 342.293, 338.199, 390.364, 374.598, 358.273, 369.643, 353.064, 358.949, 348.494, 372.475, 376.024, 357.874, 349.291, 355.863]] 
[[371.303, 377.695, 380.153, 385.807, 382.966, 363.445, 378.601, 357.866, 365.644, 362.521, 396.309, 390.378, 390.176, 419.352, 377.67, 399.063, 384.152, 375.282, 403.726, 376.132, 379.288, 404.791, 376.684, 371.715, 363.555, 373.538, 378.618, 379.555, 361.27, 362.372, 372.712, 382.5, 359.572, 368.725, 358.574, 386.839, 355.618, 355.423, 353.24, 349.914, 364.492, 358.57, 355.272, 352.152, 371.652, 366.913, 350.788, 351.49, 368.638, 367.107, 351.235, 357.376, 385.504, 371.952, 343.129, 343.585, 347.846, 356.648, 360.279, 366.347, 379.53, 348.33, 347.797, 347.992, 371.056, 351.005, 364.951]] 
[[376.837, 377.502, 389.169, 368.246, 361.035, 371.669, 369.0, 347.683, 383.642, 354.745, 354.899, 391.314, 358.14, 355.291, 364.501, 379.836, 377.566, 372.099, 370.516, 367.404, 398.497, 378.098, 407.942, 365.74, 376.312, 375.046, 377.329, 375.435, 368.418, 367.34, 367.866, 358.226, 354.56, 350.567, 382.34, 361.699, 347.604, 349.578, 358.046, 346.725, 375.073, 344.675, 378.668, 354.114, 349.605, 377.571, 346.318, 383.904, 381.898, 370.235, 374.241, 360.276, 344.998, 348.168, 347.911, 398.246, 363.232, 365.544, 343.779, 358.016, 345.456, 344.126, 358.555, 367.326, 377.931, 371.485, 362.384]] 
[[372.76, 408.067, 377.242, 380.077, 371.378, 383.845, 379.847, 398.928, 369.85, 382.962, 370.623, 363.404, 384.36, 372.116, 380.833, 363.32, 411.449, 354.812, 395.195, 370.105, 370.373, 365.683, 365.968, 391.199, 372.737, 369.516, 356.92, 357.238, 356.763, 354.529, 386.703, 380.179, 381.235, 381.7, 371.642, 364.558, 394.406, 369.67, 375.796, 365.836, 355.435, 360.11, 371.549, 364.153, 367.102, 367.077, 364.189, 358.53, 359.119, 347.397, 355.18, 357.863, 395.228, 392.851, 349.114, 371.374, 370.372, 360.616, 380.766, 386.771, 368.796, 366.3, 351.144, 381.196, 365.222, 368.505, 354.734]] 
[[347.943, 366.392, 371.931, 374.881, 395.862, 382.128, 374.822, 403.78, 375.637, 368.064, 376.54, 389.558, 361.984, 356.044, 376.596, 367.742, 355.877, 375.771, 370.536, 364.313, 374.601, 371.886, 358.724, 374.183, 374.588, 361.0, 363.645, 363.702, 356.958, 355.164, 378.783, 372.872, 400.341, 410.989, 390.475, 395.677, 383.547, 388.353, 375.505, 367.14, 366.334, 360.734, 363.048, 349.322, 394.102, 384.659, 357.626, 372.332, 376.102, 363.616, 357.733, 373.134, 376.901, 382.171, 375.718, 350.217, 387.997, 380.611, 367.065, 369.478, 363.007, 365.79, 376.266, 353.507, 364.159, 350.36, 347.034]] 
[[361.897, 361.817, 386.172, 363.709, 371.111, 388.172, 393.303, 375.829, 386.349, 385.221, 382.036, 372.428, 393.309, 373.636, 386.312, 371.598, 365.922, 381.804, 377.33, 358.165, 377.537, 358.955, 377.988, 391.877, 361.909, 382.874, 357.884, 369.113, 379.115, 375.48, 358.492, 353.131, 385.184, 349.235, 369.562, 366.204, 367.586, 365.741, 354.517, 353.225, 360.684, 374.238, 361.148, 371.376, 353.606, 351.823, 356.272, 354.733, 358.119, 357.096, 371.915, 357.802, 353.042, 380.831, 385.434, 347.32, 358.712, 392.411, 370.375, 353.345, 359.632, 366.377, 369.41, 351.244, 343.872, 365.06, 358.191]] 
[[374.877, 354.483, 386.336, 355.255, 391.557, 376.924, 368.361, 362.577, 402.736, 369.67, 391.971, 374.713, 375.011, 417.498, 366.179, 367.541, 383.274, 379.72, 373.828, 412.431, 399.311, 403.657, 373.46, 413.956, 390.429, 393.877, 396.183, 393.306, 381.147, 385.376, 375.561, 366.553, 368.13, 358.808, 369.795, 363.205, 356.328, 370.725, 367.681, 351.008, 368.121, 362.82, 371.409, 359.065, 401.782, 395.382, 388.32, 373.757, 373.974, 386.99, 354.38, 361.695, 356.929, 356.906, 366.495, 361.833, 370.39, 356.694, 362.47, 352.982, 353.374, 365.573, 357.14, 353.587, 378.811, 353.795, 350.436]] 
[[366.083, 376.234, 365.106, 349.433, 349.48, 355.252, 387.597, 397.108, 370.705, 386.324, 370.133, 359.682, 369.463, 366.172, 372.569, 371.361, 364.267, 374.255, 396.584, 359.237, 368.442, 369.142, 369.888, 362.143, 366.742, 367.605, 369.266, 365.206, 384.144, 353.586, 362.642, 357.273, 389.29, 385.072, 379.896, 374.782, 372.922, 370.305, 379.661, 365.255, 365.231, 352.194, 350.551, 346.761, 374.697, 353.718, 380.09, 364.672, 404.143, 366.592, 371.787, 368.319, 353.97, 380.225, 355.217, 364.831, 352.979, 356.596, 386.646, 354.947, 375.427, 358.584, 374.177, 348.67, 349.416, 352.022, 363.717]] 
[[344.197, 355.27, 349.056, 372.532, 368.774, 355.21, 359.839, 407.206, 362.746, 385.418, 382.279, 370.841, 359.165, 380.498, 366.554, 366.728, 387.836, 369.529, 384.92, 357.815, 387.77, 369.296, 373.821, 361.894, 366.753, 362.744, 392.871, 367.245, 360.276, 367.759, 398.858, 353.65, 390.481, 357.113, 352.942, 368.282, 366.021, 362.574, 357.269, 382.923, 376.622, 401.537, 383.335, 360.752, 355.732, 378.302, 361.305, 358.562, 344.133, 367.47, 352.947, 346.359, 364.051, 359.106, 366.282, 362.076, 362.967, 346.198, 344.693, 353.81, 369.65, 347.365, 353.958, 343.051, 342.486, 370.59, 346.158]] 
[[368.2, 377.164, 373.505, 367.722, 389.656, 367.184, 369.346, 381.655, 377.952, 378.958, 412.38, 370.207, 364.322, 357.067, 414.449, 372.332, 373.695, 384.904, 376.745, 382.502, 374.08, 367.206, 385.711, 355.845, 367.899, 421.314, 379.455, 370.315, 371.355, 370.269, 369.98, 368.558, 368.61, 363.669, 365.047, 373.277, 369.369, 367.41, 360.364, 347.522, 376.031, 357.188, 353.454, 356.739, 359.824, 366.281, 360.099, 351.848, 384.675, 388.303, 366.628, 367.627, 373.82, 361.656, 349.791, 359.839, 371.497, 353.531, 361.654, 362.343, 366.007, 350.332, 356.952, 369.957, 359.737, 354.138, 349.998]] 
[[352.49, 361.74, 439.649, 356.209, 356.061, 368.009, 382.059, 374.132, 376.417, 384.131, 371.153, 385.682, 392.412, 416.343, 385.465, 373.974, 375.158, 385.492, 385.666, 378.364, 375.666, 388.336, 379.743, 367.246, 366.907, 388.159, 379.067, 355.965, 383.628, 380.65, 367.598, 368.028, 395.229, 372.587, 362.31, 370.714, 369.81, 385.484, 376.137, 410.703, 377.049, 368.05, 362.729, 378.181, 376.025, 365.596, 389.772, 373.066, 371.639, 354.162, 356.179, 374.642, 376.219, 359.146, 388.831, 381.479, 374.495, 389.665, 422.973, 348.748, 360.364, 363.863, 378.15, 358.428, 389.034, 369.462, 345.054, 359.085]] 
[[372.487, 367.79, 369.879, 371.859, 357.2, 360.944, 367.905, 355.638, 352.715, 353.024, 422.144, 363.339, 398.922, 406.421, 409.596, 388.703, 416.785, 411.654, 408.093, 376.668, 398.622, 377.147, 368.255, 376.168, 381.2, 386.63, 365.08, 366.419, 359.427, 353.743, 356.548, 356.01, 346.067, 352.954, 368.257, 362.055, 393.525, 395.987, 371.689, 358.503, 356.428, 352.913, 349.287, 376.812, 373.004, 372.992, 375.433, 378.33, 377.547, 378.043, 378.487, 369.633, 377.749, 349.689, 357.047, 362.281, 363.898, 346.509, 369.568, 362.117, 351.243, 348.332, 367.87, 391.999, 368.169, 385.044, 398.766, 366.236]] 
[[382.037, 359.268, 365.964, 393.167, 379.757, 371.148, 368.583, 402.469, 356.819, 363.266, 352.505, 376.91, 394.797, 384.647, 368.806, 403.965, 366.61, 376.505, 392.126, 371.677, 360.388, 360.636, 380.767, 364.726, 369.109, 382.154, 371.275, 407.25, 394.118, 394.148, 387.124, 365.343, 367.232, 363.408, 369.965, 353.621, 353.772, 350.418, 384.925, 364.145, 372.704, 367.592, 367.186, 369.41, 363.758, 357.854, 401.825, 403.167, 364.282, 385.004, 398.208, 387.078, 387.102, 357.756, 369.071, 388.055, 354.864, 356.459, 351.174, 374.658, 363.311, 354.147, 348.604, 346.856, 371.825, 375.985, 364.272, 365.337]] 
[[373.772, 347.698, 358.416, 366.413, 371.581, 367.793, 371.422, 370.557, 407.373, 382.862, 374.089, 393.121, 376.572, 379.047, 366.204, 380.047, 386.866, 395.983, 370.905, 403.074, 388.095, 376.447, 406.294, 385.726, 381.539, 358.236, 372.738, 363.179, 409.163, 372.328, 355.069, 365.255, 374.04, 361.509, 383.801, 360.42, 376.356, 375.596, 380.028, 378.047, 378.752, 384.988, 393.75, 393.129, 402.659, 391.435, 397.766, 394.388, 398.582, 399.636, 385.456, 395.538, 388.652, 390.212, 369.893, 370.116, 368.177, 376.398, 365.653, 373.33, 350.838, 353.778, 342.979, 356.71, 353.438, 363.268, 360.397, 352.141]] 
[[385.326, 382.227, 364.978, 376.102, 360.709, 378.444, 364.069, 366.689, 358.272, 382.794, 373.379, 352.643, 374.761, 363.055, 353.879, 370.796, 381.766, 372.535, 364.68, 361.427, 362.018, 383.115, 372.283, 378.275, 383.853, 375.405, 352.271, 372.626, 359.379, 363.517, 346.959, 364.88, 391.99, 388.801, 380.073, 352.683, 354.03, 360.177, 361.245, 438.974, 351.766, 351.339, 373.782, 389.104, 356.454, 409.372, 394.097, 398.213, 375.679, 384.749, 371.651, 374.031, 361.905, 359.875, 356.217, 347.969, 383.597, 394.54, 350.86, 364.222, 363.512, 377.009, 351.118, 350.805, 367.965, 354.035, 362.941, 357.213]] 
[[411.539, 392.517, 384.946, 399.461, 376.653, 383.597, 374.636, 417.216, 363.397, 387.655, 379.49, 362.844, 374.579, 379.394, 372.204, 348.304, 385.373, 362.084, 377.682, 370.824, 386.263, 371.598, 392.25, 369.348, 378.145, 401.569, 366.915, 389.874, 360.512, 365.679, 360.092, 375.497, 374.638, 373.771, 403.792, 373.204, 351.085, 347.118, 366.689, 386.094, 357.163, 388.35, 367.027, 371.613, 371.72, 369.397, 381.278, 353.053, 373.423, 394.772, 399.09, 391.447, 377.839, 386.687, 356.645, 364.014, 345.962, 356.584, 364.485, 373.96, 380.001, 367.327, 384.464, 377.008, 364.304, 365.536, 359.088, 351.517]] 
[[356.16, 368.641, 348.596, 374.865, 369.623, 374.426, 367.358, 379.59, 405.829, 403.583, 380.475, 393.777, 381.657, 376.892, 369.945, 373.944, 369.907, 363.955, 360.262, 377.209, 374.748, 366.955, 380.991, 375.913, 377.125, 363.057, 389.463, 404.387, 379.84, 380.024, 380.244, 370.274, 362.257, 381.593, 378.315, 390.667, 389.549, 351.437, 372.699, 375.707, 361.671, 363.068, 355.559, 359.991, 366.921, 358.938, 356.016, 353.339, 361.932, 376.234, 372.686, 360.492, 364.122, 386.266, 366.715, 349.562, 350.254, 387.834, 371.437, 351.957, 370.496, 361.597, 360.857, 354.395, 364.869, 352.033, 343.395, 356.207]] 
[[382.182, 379.967, 388.013, 363.219, 384.94, 375.765, 367.226, 364.367, 360.25, 354.685, 361.956, 391.876, 410.058, 370.496, 354.453, 368.968, 363.778, 364.428, 367.257, 380.172, 371.516, 361.727, 393.285, 401.899, 379.504, 362.033, 383.938, 381.912, 366.83, 383.628, 372.965, 360.133, 360.024, 354.889, 361.321, 354.703, 348.689, 357.993, 348.112, 357.744, 365.197, 363.122, 353.444, 370.448, 382.418, 378.111, 360.584, 359.497, 404.503, 371.01, 355.469, 362.719, 357.126, 373.269, 341.934, 343.024, 348.898, 371.863, 354.963, 368.969, 372.028, 349.037, 361.516, 345.396, 347.372, 367.728, 368.986, 370.421]] 
[[351.069, 370.688, 355.653, 363.519, 383.428, 361.516, 370.761, 372.756, 372.338, 381.351, 388.837, 373.842, 392.174, 366.682, 390.133, 373.142, 366.595, 399.268, 400.375, 377.322, 384.342, 381.664, 381.58, 393.567, 380.959, 366.351, 399.076, 363.535, 381.875, 379.799, 422.865, 415.302, 407.172, 405.452, 401.571, 388.957, 382.977, 378.713, 373.547, 369.968, 367.323, 369.092, 387.344, 371.419, 367.576, 366.998, 358.07, 352.964, 348.846, 383.15, 383.172, 373.378, 377.488, 364.34, 374.083, 372.235, 361.026, 354.501, 356.349, 368.098, 371.351, 382.95, 369.891, 365.902, 362.134, 360.535, 371.052, 353.453]] 
[[368.129, 377.633, 354.999, 391.655, 363.308, 361.792, 355.939, 359.388, 368.94, 375.263, 365.262, 373.687, 390.06, 359.87, 381.843, 381.807, 367.51, 397.633, 412.893, 389.694, 391.49, 381.019, 377.465, 396.668, 370.134, 375.743, 384.68, 362.26, 373.672, 361.705, 355.993, 355.23, 384.448, 371.146, 384.953, 366.135, 353.696, 362.315, 350.275, 404.884, 410.574, 384.286, 372.591, 374.121, 379.258, 361.338, 367.573, 363.414, 367.167, 386.47, 365.211, 366.362, 371.048, 364.472, 348.204, 361.827, 345.389, 358.415, 384.929, 369.711, 378.966, 351.099, 381.021, 383.75, 366.994, 358.922, 356.43, 349.396]] 
[[355.387, 366.969, 369.305, 411.248, 355.806, 386.301, 384.208, 390.402, 370.302, 377.387, 375.742, 377.97, 372.516, 365.952, 407.234, 382.51, 376.211, 372.243, 368.433, 365.174, 360.721, 396.638, 387.756, 380.698, 366.713, 364.227, 364.274, 354.184, 392.366, 391.842, 385.867, 371.522, 387.921, 356.88, 346.338, 362.664, 360.391, 373.504, 374.859, 362.375, 364.045, 351.714, 361.521, 388.941, 384.389, 374.008, 369.519, 362.966, 362.853, 364.641, 352.127, 364.622, 362.588, 386.711, 347.829, 357.281, 345.757, 350.31, 354.882, 359.825, 347.859, 382.29, 367.625, 354.272, 385.196, 359.404, 381.282, 364.99, 351.767]] 
[[377.505, 351.883, 367.502, 359.396, 384.239, 357.575, 367.964, 380.969, 373.65, 371.569, 373.933, 370.561, 366.485, 359.091, 379.328, 367.141, 381.272, 351.633, 378.694, 371.496, 374.085, 385.283, 376.421, 371.742, 366.464, 375.259, 374.321, 356.29, 364.624, 360.494, 355.108, 365.119, 375.39, 369.436, 364.16, 361.558, 363.496, 361.931, 367.396, 351.858, 353.97, 349.484, 348.459, 348.825, 351.453, 358.902, 354.757, 352.523, 347.439, 369.17, 362.656, 371.336, 364.684, 358.419, 361.076, 347.301, 341.428, 346.049, 350.811, 359.537, 358.855, 344.194, 352.561, 363.683, 356.43, 367.981, 362.265, 343.472, 345.302]] 
[[393.315, 348.766, 382.182, 356.24, 377.122, 406.952, 427.212, 403.029, 368.583, 400.592, 391.773, 376.098, 384.671, 369.048, 374.819, 396.351, 393.013, 400.103, 374.426, 385.628, 377.746, 422.978, 418.431, 413.033, 353.537, 389.312, 392.873, 398.51, 389.653, 433.304, 379.167, 368.061, 409.331, 409.789, 401.487, 400.256, 391.699, 385.404, 388.585, 377.543, 379.938, 371.58, 364.639, 373.874, 369.408, 359.703, 360.619, 381.778, 350.441, 357.163, 402.211, 368.492, 359.883, 363.638, 408.898, 402.826, 359.332, 354.788, 349.596, 357.326, 377.467, 355.649, 353.541, 367.785, 352.34, 356.704, 373.931, 350.433, 355.069]] 
[[398.716, 371.96, 362.138, 364.666, 367.602, 360.641, 377.933, 369.882, 364.334, 365.559, 371.487, 377.238, 396.374, 404.612, 395.888, 368.077, 396.162, 382.732, 374.063, 396.542, 377.057, 385.094, 379.223, 370.064, 373.713, 368.44, 402.287, 390.66, 380.996, 379.44, 373.911, 376.696, 372.119, 410.939, 358.761, 375.816, 361.938, 353.687, 368.2, 368.246, 389.001, 349.981, 371.068, 402.567, 375.114, 359.622, 355.371, 367.719, 367.581, 358.468, 359.913, 382.704, 370.833, 400.138, 354.029, 346.785, 360.126, 349.801, 362.067, 363.789, 381.401, 367.904, 378.544, 398.56, 376.569, 350.107, 355.141, 353.115, 354.801]] 
[[378.993, 366.63, 387.408, 360.366, 369.361, 369.091, 373.607, 354.772, 357.856, 362.72, 355.776, 379.058, 369.67, 378.521, 380.362, 376.432, 365.943, 364.07, 377.024, 379.988, 368.051, 363.88, 391.645, 397.717, 382.208, 376.726, 369.172, 379.415, 373.359, 385.409, 366.33, 361.315, 375.916, 359.026, 385.267, 371.913, 376.196, 365.487, 383.855, 380.12, 371.893, 389.666, 361.136, 366.964, 364.954, 366.605, 356.604, 353.371, 365.029, 364.419, 350.08, 362.701, 362.835, 355.154, 345.34, 345.959, 345.431, 356.033, 349.469, 373.662, 365.255, 345.28, 373.845, 346.731, 372.736, 370.536, 370.509, 367.801, 361.215]] 
[[369.608, 349.257, 358.229, 390.679, 348.878, 374.259, 382.468, 398.651, 401.382, 370.65, 376.41, 372.929, 371.471, 395.654, 364.595, 380.149, 365.262, 389.65, 373.937, 362.862, 412.992, 363.045, 399.516, 372.555, 396.324, 408.715, 385.585, 371.948, 371.376, 394.152, 354.693, 390.458, 375.38, 357.782, 354.642, 357.224, 372.211, 363.115, 361.935, 357.162, 370.214, 382.905, 373.105, 375.622, 362.97, 355.471, 359.842, 1355.435, 348.534, 363.955, 346.555, 364.974, 359.455, 356.362, 369.759, 365.748, 376.214, 424.614, 367.053, 361.863, 372.86, 354.04, 359.463, 388.112, 367.681, 363.658, 374.856, 359.394, 354.999]] 
[[354.563, 368.753, 366.751, 368.566, 382.377, 371.794, 355.088, 353.198, 354.418, 395.732, 393.149, 391.79, 383.452, 361.906, 371.173, 430.667, 355.138, 380.313, 361.166, 373.821, 395.273, 367.158, 368.72, 370.883, 402.713, 361.033, 377.392, 368.882, 367.256, 356.612, 354.17, 372.437, 356.085, 345.974, 351.809, 360.292, 355.591, 403.213, 350.4, 348.92, 374.716, 365.35, 362.558, 360.364, 359.774, 386.998, 351.109, 368.528, 377.698, 364.998, 361.396, 362.928, 374.355, 364.102, 350.719, 353.757, 380.664, 399.453, 391.037, 370.387, 361.368, 360.988, 402.746, 362.265, 359.366, 359.901, 345.322, 351.517, 346.429]] 
[[368.29, 365.712, 359.704, 354.27, 363.16, 362.359, 369.116, 371.238, 380.982, 361.177, 362.121, 380.41, 356.395, 352.268, 362.531, 354.376, 372.168, 394.177, 373.019, 392.99, 405.985, 389.532, 403.712, 394.312, 377.102, 395.506, 371.874, 378.819, 373.965, 368.199, 381.971, 344.597, 353.695, 366.535, 363.622, 354.991, 353.629, 371.647, 371.858, 360.963, 415.252, 412.009, 351.925, 341.878, 386.215, 351.67, 387.97, 378.521, 384.726, 374.829, 371.662, 374.372, 369.12, 371.433, 361.143, 355.85, 361.734, 351.277, 367.292, 350.08, 354.048, 383.772, 383.038, 386.164, 366.09, 355.048, 379.601, 365.902, 362.274]] 
[[384.657, 379.063, 360.344, 387.479, 361.256, 388.362, 380.733, 371.104, 372.819, 365.212, 359.831, 369.1, 361.449, 358.302, 388.6, 377.463, 369.526, 399.116, 386.407, 371.988, 372.186, 402.724, 391.291, 370.935, 388.614, 403.294, 387.988, 404.363, 399.077, 388.717, 385.74, 365.494, 373.281, 367.972, 367.983, 359.112, 371.054, 385.822, 370.019, 371.055, 370.906, 366.411, 373.217, 382.934, 369.386, 358.073, 380.824, 355.456, 359.949, 404.096, 352.715, 400.442, 376.61, 376.61, 382.094, 351.277, 352.649, 373.771, 370.204, 376.767, 363.591, 369.432, 353.654, 346.425, 363.635, 348.775, 375.847, 373.008, 365.786]] 
[[364.541, 373.274, 371.246, 396.764, 370.37, 360.29, 361.708, 387.677, 404.038, 381.968, 376.074, 367.568, 377.302, 389.584, 379.79, 405.613, 386.908, 388.854, 384.644, 378.53, 372.724, 357.238, 374.647, 369.338, 373.615, 381.68, 369.63, 364.237, 354.512, 365.937, 360.181, 351.818, 348.014, 351.659, 348.276, 354.627, 385.059, 376.897, 366.405, 363.127, 360.926, 382.415, 360.762, 372.262, 373.795, 365.669, 378.645, 378.429, 383.354, 350.215, 351.812, 375.271, 361.569, 353.855, 353.316, 377.801, 358.222, 370.619, 361.085, 361.918, 356.475, 379.586, 353.696, 355.874, 347.86, 370.558, 367.622, 358.486, 354.796]] 
[[387.602, 389.372, 378.663, 389.209, 377.206, 391.815, 367.524, 402.811, 384.234, 398.547, 393.358, 387.401, 376.157, 378.91, 406.004, 364.758, 389.659, 386.331, 391.226, 382.241, 375.679, 414.526, 398.025, 370.119, 385.193, 370.231, 378.744, 372.825, 381.924, 424.682, 362.832, 354.363, 380.972, 378.65, 368.929, 368.19, 360.134, 372.972, 359.856, 360.334, 362.907, 386.395, 355.364, 379.299, 364.149, 377.042, 366.76, 382.398, 369.538, 369.538, 363.791, 369.355, 359.467, 361.113, 376.257, 342.473, 364.777, 349.82, 362.032, 354.903, 351.915, 365.28, 370.951, 362.217, 351.94, 369.629, 367.946, 358.233, 353.756, 344.914]] 
[[385.674, 398.629, 379.745, 377.167, 397.265, 379.204, 399.206, 354.907, 356.933, 402.831, 375.96, 394.753, 388.506, 381.814, 374.861, 363.75, 397.065, 380.367, 386.082, 381.775, 382.364, 411.416, 387.478, 434.292, 376.277, 383.741, 366.559, 376.725, 393.773, 374.988, 377.021, 377.011, 376.752, 385.286, 362.712, 377.651, 397.773, 366.929, 432.59, 376.438, 366.636, 419.559, 421.537, 406.712, 405.738, 396.372, 392.759, 388.599, 379.284, 411.912, 374.145, 392.934, 376.538, 393.475, 364.652, 353.594, 352.009, 371.448, 378.896, 376.244, 360.931, 353.238, 369.152, 359.657, 354.62, 350.191, 379.774, 359.902, 363.475, 351.795]] 
[[364.675, 359.538, 370.826, 374.144, 372.014, 370.176, 406.664, 398.535, 397.837, 398.431, 389.263, 378.221, 379.64, 368.452, 401.42, 392.312, 383.036, 393.898, 393.099, 359.691, 360.452, 355.934, 376.994, 385.114, 377.339, 373.707, 379.781, 367.387, 366.037, 378.943, 361.797, 408.943, 357.823, 359.167, 386.953, 383.732, 379.931, 384.228, 377.497, 363.401, 372.515, 375.015, 374.283, 365.464, 370.323, 374.962, 369.929, 377.286, 368.191, 372.975, 370.334, 355.789, 385.495, 360.483, 353.768, 349.821, 350.738, 372.682, 381.917, 401.721, 371.298, 347.288, 360.116, 376.935, 364.682, 354.283, 355.193, 351.046, 365.666, 345.931]] 
[[403.616, 390.807, 398.331, 395.049, 384.937, 394.659, 392.249, 392.67, 377.192, 375.68, 398.551, 392.547, 386.291, 380.157, 386.755, 397.711, 390.021, 384.253, 378.339, 410.497, 378.674, 394.707, 381.969, 408.12, 408.959, 399.904, 398.248, 395.762, 403.647, 382.286, 385.569, 378.329, 374.366, 367.323, 403.043, 397.458, 397.098, 386.985, 1004.078, 884.855, 369.313, 863.601, 861.353, 856.74, 856.772, 854.164, 843.064, 850.302, 849.782, 849.436, 856.935, 844.163, 845.061, 857.864, 829.349, 810.953, 798.123, 802.494, 789.155, 788.813, 776.726, 764.177, 760.144, 747.273, 739.798, 734.318, 728.567, 718.426, 716.176, 709.47]] 
[[384.687, 413.208, 384.463, 361.536, 388.418, 419.848, 381.631, 378.996, 396.218, 390.374, 376.987, 368.36, 365.819, 370.884, 382.938, 359.596, 384.081, 383.25, 402.837, 408.514, 394.58, 371.85, 388.777, 361.871, 391.659, 390.317, 381.152, 373.246, 423.979, 362.054, 407.995, 404.863, 407.311, 409.59, 388.88, 380.089, 369.933, 371.029, 362.61, 928.469, 448.471, 913.243, 443.558, 447.539, 441.777, 419.839, 428.833, 410.437, 396.785, 400.969, 398.792, 418.899, 404.88, 387.77, 381.33, 366.544, 364.614, 370.885, 350.269, 451.575, 459.828, 452.053, 436.706, 418.427, 433.087, 416.876, 412.942, 393.926, 389.049, 375.32]] 
[[430.513, 467.404, 485.332, 486.237, 466.017, 478.127, 460.115, 464.543, 1401.6979999999999, 439.065, 561.215, 427.255, 512.856, 541.589, 534.655, 526.603, 515.04, 1954.961, 502.396, 1532.1599999999999, 1523.576, 1519.595, 1513.114, 1505.807, 1503.533, 1497.577, 631.871, 604.136, 625.122, 585.488, 587.046, 1016.124, 413.548, 843.321, 400.183, 568.953, 380.388, 570.064, 547.075, 549.647, 539.264, 528.199, 534.824, 515.55, 505.499, 505.608, 497.922, 493.946, 588.592, 611.296, 573.962, 439.113, 581.381, 561.095, 1434.839, 680.894, 1556.05, 533.248, 540.974, 655.43, 641.388, 1407.6689999999999, 632.718, 614.762, 1382.621, 613.422, 599.776, 600.805, 577.366, 562.836]] 
[[816.803, 478.031, 464.249, 438.523, 447.612, 437.709, 438.242, 470.594, 467.305, 454.88, 747.361, 572.96, 444.89, 463.247, 455.22, 448.766, 443.454, 529.466, 962.922, 628.266, 1362.71, 1408.858, 1404.009, 1402.593, 1362.424, 1378.93, 600.856, 628.438, 591.104, 586.974, 609.099, 589.416, 545.941, 541.555, 555.487, 575.637, 560.696, 562.011, 557.61, 500.539, 498.223, 513.204, 499.589, 490.672, 479.182, 497.044, 487.429, 466.041, 482.016, 480.023, 1364.465, 721.064, 1360.864, 697.455, 687.634, 660.189, 672.412, 680.436, 676.208, 662.878, 636.414, 652.787, 635.108, 647.321, 626.05, 624.19, 594.193, 577.464, 563.653, 570.424]] 
[[392.101, 389.416, 360.359, 385.414, 378.28, 361.947, 373.343, 375.124, 376.184, 377.868, 361.023, 439.435, 401.608, 364.482, 376.874, 405.015, 401.191, 395.31, 381.168, 382.769, 386.251, 398.082, 364.209, 380.969, 359.394, 364.412, 365.274, 363.037, 371.51, 380.978, 394.107, 366.682, 377.279, 369.184, 368.945, 394.133, 386.679, 366.635, 358.108, 377.555, 362.922, 381.034, 351.375, 383.239, 376.691, 375.235, 369.827, 364.414, 380.841, 369.53, 377.137, 388.776, 386.187, 365.981, 362.982, 354.117, 355.826, 350.62, 350.744, 369.817, 359.579, 360.931, 368.362, 385.263, 372.537, 392.418, 383.433, 363.568, 360.57, 367.95]] 
[[359.749, 362.689, 373.493, 408.087, 424.377, 384.77, 392.238, 430.301, 393.902, 408.122, 383.318, 384.104, 397.937, 379.805, 373.985, 386.385, 382.728, 362.361, 372.073, 376.306, 362.632, 394.538, 371.945, 397.036, 371.488, 372.131, 377.202, 379.658, 373.879, 392.804, 384.992, 385.734, 386.354, 402.38, 376.471, 370.079, 362.584, 381.843, 368.028, 361.212, 357.022, 360.962, 393.459, 381.757, 386.225, 377.644, 373.487, 366.115, 388.214, 375.599, 366.534, 393.883, 378.902, 373.565, 385.788, 362.646, 355.806, 357.381, 349.963, 345.178, 371.236, 375.224, 361.159, 349.436, 356.79, 344.302, 374.128, 387.01, 356.337, 376.018]] 
[[385.324, 384.712, 389.323, 383.691, 376.819, 376.5, 394.536, 385.477, 412.435, 383.453, 393.486, 386.824, 394.379, 379.468, 407.534, 412.825, 388.075, 371.295, 406.995, 401.209, 374.173, 378.156, 375.996, 392.471, 391.469, 394.337, 382.086, 377.728, 359.233, 380.421, 364.176, 369.128, 365.349, 408.17, 373.752, 370.913, 372.206, 362.967, 363.487, 380.903, 373.585, 366.181, 1364.228, 368.78, 412.617, 366.885, 386.902, 385.606, 375.312, 370.758, 375.72, 371.048, 374.358, 360.673, 364.908, 358.914, 365.792, 381.802, 403.486, 410.564, 372.692, 388.906, 386.154, 366.734, 370.79, 354.822, 364.851, 375.609, 357.602, 360.128]] 
average response time [0]390.257
average response time [1]361.727
average response time [2]365.946
average response time [3]375.222
average response time [4]360.125
average response time [5]371.396
average response time [6]364.037
average response time [7]365.668
average response time [8]362.965
average response time [9]363.523
TOTAL AVERAGE RESPONSE TIME ====================: 368.0866
NUMBER OF THREADS ==============================: 1
average response time [10]383.06
average response time [11]394.2495
average response time [12]376.7815
average response time [13]381.524
average response time [14]384.2975
average response time [15]374.3415
average response time [16]392.46299999999997
average response time [17]389.576
average response time [18]370.198
average response time [19]384.1515
TOTAL AVERAGE RESPONSE TIME ====================: 383.06425
NUMBER OF THREADS ==============================: 2
average response time [20]491.31175
average response time [21]398.99725
average response time [22]415.9765
average response time [23]398.279
average response time [24]395.72799999999995
average response time [25]419.372
average response time [26]405.83325
average response time [27]399.53625
average response time [28]401.248
average response time [29]427.31399999999996
TOTAL AVERAGE RESPONSE TIME ====================: 415.35960000000006
NUMBER OF THREADS ==============================: 4
average response time [30]446.05375
average response time [31]430.01525000000004
average response time [32]436.524625
average response time [33]442.042625
average response time [34]441.935
average response time [35]424.595125
average response time [36]435.107625
average response time [37]537.0595
average response time [38]542.655375
average response time [39]370.849875
TOTAL AVERAGE RESPONSE TIME ====================: 450.683875
NUMBER OF THREADS ==============================: 8
average response time [40]353.4174375
average response time [41]360.7766875
average response time [42]353.695375
average response time [43]355.670375
average response time [44]357.35981250000003
average response time [45]361.0510625
average response time [46]355.96500000000003
average response time [47]355.7395
average response time [48]353.3496875
average response time [49]359.021875
TOTAL AVERAGE RESPONSE TIME ====================: 356.60468125
NUMBER OF THREADS ==============================: 16
average response time [50]359.4070625
average response time [51]359.09153125
average response time [52]359.70715625
average response time [53]360.82671875
average response time [54]361.08409375
average response time [55]362.12915625
average response time [56]361.31090625
average response time [57]361.1160625
average response time [58]356.24103125
average response time [59]355.54678125
TOTAL AVERAGE RESPONSE TIME ====================: 359.64605000000006
NUMBER OF THREADS ==============================: 32
average response time [60]370.464890625
average response time [61]370.0608125
average response time [62]374.802109375
average response time [63]363.491390625
average response time [64]367.391890625
average response time [65]367.860234375
average response time [66]373.98384375
average response time [67]371.69584375
average response time [68]367.870171875
average response time [69]370.660828125
TOTAL AVERAGE RESPONSE TIME ====================: 369.8282015625
NUMBER OF THREADS ==============================: 64
average response time [70]371.7833692307692
average response time [71]365.5772769230769
average response time [72]369.08412307692305
average response time [73]368.9122
average response time [74]379.6695846153846
average response time [75]369.6757692307692
average response time [76]369.4798
average response time [77]361.97387692307694
average response time [78]371.6790307692308
average response time [79]371.69646153846156
TOTAL AVERAGE RESPONSE TIME ====================: 369.9531492307692
NUMBER OF THREADS ==============================: 65
average response time [80]367.332303030303
average response time [81]371.5366818181818
average response time [82]364.8008787878788
average response time [83]368.33654545454544
average response time [84]380.0079393939394
average response time [85]365.8446666666667
average response time [86]375.32628787878787
average response time [87]373.9280151515151
average response time [88]379.11013636363634
average response time [89]371.90130303030304
TOTAL AVERAGE RESPONSE TIME ====================: 371.8124757575757
NUMBER OF THREADS ==============================: 66
average response time [90]366.09580597014923
average response time [91]369.16985074626865
average response time [92]366.4507014925373
average response time [93]371.8584626865672
average response time [94]371.6948805970149
average response time [95]368.2954776119403
average response time [96]374.0081791044776
average response time [97]367.858
average response time [98]365.7679402985075
average response time [99]369.65894029850745
TOTAL AVERAGE RESPONSE TIME ====================: 369.08582388059705
NUMBER OF THREADS ==============================: 67
average response time [100]375.8332205882353
average response time [101]372.52173529411766
average response time [102]372.6925588235294
average response time [103]376.7605882352941
average response time [104]370.0750735294118
average response time [105]374.8865
average response time [106]370.30561764705885
average response time [107]367.44048529411765
average response time [108]375.96236764705884
average response time [109]371.9140294117647
TOTAL AVERAGE RESPONSE TIME ====================: 372.8392176470588
NUMBER OF THREADS ==============================: 68
average response time [110]370.06165217391305
average response time [111]362.6861304347826
average response time [112]380.4300579710145
average response time [113]373.2856811594203
average response time [114]368.14301449275365
average response time [115]386.28265217391305
average response time [116]368.6872608695652
average response time [117]370.92568115942026
average response time [118]374.1170434782609
average response time [119]369.1776376811594
TOTAL AVERAGE RESPONSE TIME ====================: 372.37968115942033
NUMBER OF THREADS ==============================: 69
average response time [120]373.9481
average response time [121]381.4292571428571
average response time [122]373.3308714285714
average response time [123]577.3457714285714
average response time [124]411.5446
average response time [125]729.7856857142857
average response time [126]659.1431285714286
average response time [127]375.20342857142856
average response time [128]377.02128571428574
average response time [129]394.1126857142857
TOTAL AVERAGE RESPONSE TIME ====================: 465.2864814285714
NUMBER OF THREADS ==============================: 70
average response time sent to Stackdriver [0]398.279
average response time sent to Stackdriver [1]355.670375
average response time sent to Stackdriver [2]370.0608125
average response time sent to Stackdriver [3]368.9122
average response time sent to Stackdriver [4]380.0079393939394
average response time sent to Stackdriver [5]374.0081791044776
average response time sent to Stackdriver [6]367.44048529411765
average response time sent to Stackdriver [7]370.92568115942026
average response time sent to Stackdriver [8]375.20342857142856
NUMBER OF THREADS: [1, 2, 4, 8, 16, 32, 64, 65, 66, 67, 68, 69, 70]
WORKLOAD: HFU_LV;  
TOTAL EXECUTION TIME (Concurrent Parallel Requests): 96869.135
NUMBER OF REPLICAS USED: 1

