[[410.193]] 
[[346.329]] 
[[340.47]] 
[[343.787]] 
[[345.945]] 
[[340.818]] 
[[345.418]] 
[[345.032]] 
[[342.153]] 
[[351.583]] 
[[355.287, 344.643]] 
[[349.984, 346.653]] 
[[342.283, 349.516]] 
[[353.02, 351.998]] 
[[358.96, 345.488]] 
[[354.079, 355.19]] 
[[355.063, 360.04]] 
[[363.255, 344.467]] 
[[354.693, 356.447]] 
[[362.675, 344.811]] 
[[368.182, 350.346, 342.238, 347.056]] 
[[349.514, 358.087, 357.892, 365.549]] 
[[367.502, 370.28, 369.188, 356.799]] 
[[349.395, 349.267, 352.712, 356.625]] 
[[345.702, 355.736, 351.527, 356.437]] 
[[350.568, 367.694, 353.822, 351.586]] 
[[353.878, 352.032, 351.068, 347.142]] 
[[362.102, 342.116, 352.874, 358.09]] 
[[403.28, 398.807, 399.937, 399.832]] 
[[343.711, 356.282, 340.338, 345.754]] 
[[356.126, 340.352, 345.965, 376.999, 361.845, 385.128, 378.628, 349.357]] 
[[356.894, 344.509, 357.629, 342.38, 360.315, 366.75, 362.075, 355.404]] 
[[373.895, 351.111, 352.822, 350.833, 349.953, 356.494, 357.735, 346.091]] 
[[342.672, 360.716, 343.892, 354.23, 359.243, 352.441, 355.809, 340.146]] 
[[341.141, 341.281, 345.377, 349.77, 341.086, 352.756, 345.413, 355.504]] 
[[371.842, 361.398, 355.431, 361.453, 353.132, 357.016, 363.556, 351.627]] 
[[379.886, 370.503, 355.649, 367.401, 360.076, 357.238, 364.246, 354.07]] 
[[356.003, 341.209, 344.159, 355.378, 365.256, 346.336, 349.548, 351.06]] 
[[366.199, 349.201, 356.207, 354.791, 351.388, 356.745, 357.568, 348.702]] 
[[338.51, 357.673, 344.263, 356.47, 365.49, 362.411, 351.092, 356.331]] 
[[353.63, 358.502, 345.474, 353.006, 346.384, 366.735, 377.689, 371.193, 356.822, 363.316, 366.534, 354.169, 357.399, 367.856, 348.377, 358.102]] 
[[366.182, 346.996, 345.345, 348.203, 351.479, 382.258, 347.147, 352.248, 347.813, 358.37, 370.567, 392.797, 370.022, 365.605, 366.602, 353.763]] 
[[349.159, 377.229, 369.498, 351.711, 369.956, 357.277, 405.515, 400.463, 378.789, 386.992, 346.258, 357.382, 386.105, 378.506, 358.023, 368.298]] 
[[372.985, 348.569, 349.379, 352.711, 355.013, 358.998, 347.121, 353.783, 355.057, 352.731, 366.523, 363.534, 347.648, 363.739, 360.142, 343.467]] 
[[354.427, 339.67, 343.561, 341.677, 360.95, 366.869, 347.432, 389.886, 395.129, 361.691, 352.698, 370.849, 379.36, 366.104, 353.213, 363.612]] 
[[389.169, 384.751, 367.313, 359.178, 1379.936, 1371.166, 1367.667, 1360.245, 2340.8450000000003, 2193.0860000000002, 1904.8899999999999, 1434.452, 408.803, 397.633, 395.013, 371.661]] 
[[349.704, 462.55, 338.343, 1917.7269999999999, 1581.199, 1572.646, 1885.9070000000002, 1567.0929999999998, 1559.672, 1555.601, 1553.075, 413.673, 1531.547, 394.462, 398.025, 383.37]] 
[[376.814, 359.54, 366.752, 361.425, 358.286, 363.946, 365.74, 364.718, 372.734, 356.941, 368.141, 354.252, 364.38, 359.849, 363.661, 358.056]] 
[[364.516, 358.974, 342.629, 364.184, 352.133, 349.92, 341.706, 371.706, 355.684, 354.425, 366.696, 370.124, 385.907, 362.112, 362.461, 356.82]] 
[[341.566, 353.902, 340.779, 374.195, 381.423, 352.207, 363.24, 368.211, 379.071, 374.146, 359.229, 365.457, 369.967, 355.534, 362.59, 367.131]] 
[[352.994, 356.906, 358.86, 372.978, 369.165, 380.665, 362.911, 355.527, 360.674, 362.563, 369.25, 369.24, 371.112, 350.874, 364.917, 363.272, 368.081, 373.905, 403.863, 387.683, 352.958, 377.921, 378.147, 393.6, 371.175, 359.693, 364.589, 385.502, 359.177, 384.695, 361.488, 360.113]] 
[[348.746, 355.878, 357.414, 370.405, 345.608, 360.918, 353.404, 361.602, 345.584, 358.543, 347.898, 367.684, 362.439, 341.31, 364.647, 366.012, 363.426, 349.41, 353.943, 354.789, 368.722, 349.421, 369.946, 352.082, 349.218, 352.851, 349.305, 344.954, 343.474, 364.714, 350.018, 347.212]] 
[[346.514, 343.874, 386.975, 383.609, 365.479, 369.105, 366.191, 372.702, 368.665, 420.787, 342.69, 363.117, 366.742, 351.649, 368.865, 356.878, 357.585, 345.295, 346.591, 357.635, 366.641, 359.688, 369.086, 355.726, 357.05, 352.871, 362.438, 345.338, 376.981, 378.611, 370.273, 352.139]] 
[[344.322, 339.962, 353.413, 343.833, 350.888, 368.194, 352.448, 350.079, 398.912, 347.701, 376.113, 365.174, 355.518, 368.413, 357.687, 364.756, 413.965, 368.68, 382.262, 383.834, 385.388, 355.336, 378.212, 375.431, 367.243, 361.776, 363.756, 362.95, 351.0, 366.333, 353.7, 349.566]] 
[[390.776, 392.232, 370.264, 375.929, 380.223, 375.231, 365.729, 383.742, 356.064, 371.501, 367.464, 354.015, 373.93, 360.56, 358.052, 343.8, 363.365, 346.81, 354.652, 353.601, 358.02, 347.879, 364.96, 350.515, 347.101, 371.487, 369.285, 344.986, 358.246, 349.245, 368.244, 352.994]] 
[[350.292, 372.112, 365.149, 360.224, 369.55, 358.478, 372.08, 357.739, 354.548, 350.522, 356.617, 355.015, 350.506, 346.547, 346.809, 354.533, 344.527, 343.48, 362.583, 343.302, 353.745, 354.527, 355.929, 355.438, 360.582, 350.942, 356.642, 365.424, 378.89, 365.617, 355.845, 357.111]] 
[[344.674, 363.59, 362.787, 346.436, 363.087, 365.633, 343.644, 375.583, 349.222, 384.516, 369.4, 363.117, 346.503, 362.807, 366.003, 372.528, 352.458, 353.936, 350.031, 356.695, 345.56, 359.592, 368.038, 370.734, 361.814, 341.432, 358.118, 347.86, 374.093, 365.164, 357.285, 351.076]] 
[[355.224, 353.784, 350.995, 353.817, 360.274, 348.622, 358.445, 359.822, 369.173, 354.085, 349.895, 351.717, 345.963, 350.079, 368.174, 354.932, 372.421, 357.701, 353.579, 363.416, 348.612, 354.992, 348.309, 348.636, 368.171, 348.997, 350.397, 381.717, 372.759, 361.817, 347.481, 359.44]] 
[[348.639, 351.629, 383.14, 370.553, 367.124, 365.638, 361.825, 361.697, 351.913, 374.59, 365.489, 364.786, 360.857, 362.742, 364.081, 362.601, 352.321, 356.809, 351.568, 365.232, 349.686, 363.187, 370.726, 354.067, 352.238, 355.873, 348.989, 373.653, 364.172, 345.338, 358.381, 360.984]] 
[[352.02, 353.322, 358.725, 353.711, 361.196, 351.857, 346.226, 367.734, 352.381, 371.997, 354.103, 356.614, 352.866, 349.451, 410.579, 358.468, 374.865, 365.995, 364.907, 364.378, 341.9, 350.167, 349.552, 345.965, 347.731, 379.446, 354.365, 349.36, 349.371, 351.197, 350.367, 347.409]] 
[[378.808, 371.378, 371.23, 376.777, 384.07, 376.768, 373.287, 383.104, 401.159, 395.37, 388.686, 386.599, 402.535, 387.018, 398.014, 404.011, 387.964, 398.492, 394.591, 391.322, 402.256, 386.001, 380.976, 401.572, 411.115, 383.777, 405.22, 384.413, 396.779, 448.157, 445.244, 425.502, 416.315, 420.223, 411.396, 407.696, 400.386, 394.687, 405.076, 403.538, 378.609, 393.016, 436.324, 441.151, 429.941, 425.222, 416.738, 408.005, 403.638, 401.395, 391.418, 388.912, 379.152, 369.788, 366.581, 413.357, 393.828, 386.963, 403.616, 380.475, 382.099, 364.347, 370.349, 370.039]] 
[[376.826, 404.153, 507.718, 413.926, 438.841, 451.413, 495.822, 551.276, 512.764, 559.484, 581.511, 628.147, 597.204, 644.224, 700.695, 748.644, 653.167, 707.449, 755.814, 808.111, 772.876, 824.703, 866.631, 913.44, 933.144, 955.23, 973.285, 993.659, 1039.669, 1009.214, 1104.548, 1069.859, 1035.986, 1112.106, 1128.595, 1159.671, 1201.868, 1166.248, 1214.257, 1271.598, 1227.102, 1290.008, 1306.133, 1380.29, 1322.212, 1343.493, 1413.279, 1383.812, 1455.276, 1417.637, 1469.163, 1575.114, 1477.298, 1538.341, 1486.688, 1665.278, 1552.1680000000001, 1695.415, 1588.961, 1710.4099999999999, 1729.484, 1781.116, 1745.0720000000001, 1791.344]] 
[[391.985, 455.898, 393.068, 495.258, 412.052, 457.185, 500.097, 521.489, 547.928, 563.155, 710.762, 770.414, 573.959, 620.6, 780.577, 715.118, 876.479, 795.97, 811.086, 832.272, 933.327, 903.431, 863.885, 995.153, 929.342, 1005.193, 1060.112, 942.378, 1009.981, 1104.331, 1065.468, 1111.905, 1133.516, 1150.805, 1196.9470000000001, 1164.249, 1211.17, 1291.745, 1222.901, 1240.249, 1358.287, 1327.672, 1291.231, 1372.249, 1508.55, 1400.471, 1448.098, 1554.632, 1530.6019999999999, 1613.135, 1553.1100000000001, 1572.6950000000002, 1643.275, 1613.379, 1658.405, 1673.4189999999999, 1689.608, 1713.4279999999999, 1722.4450000000002, 1744.414, 1809.1779999999999, 1745.9070000000002, 1766.9560000000001, 1815.661]] 
[[457.381, 406.34, 451.554, 454.836, 477.503, 477.883, 500.308, 522.445, 640.858, 523.816, 566.305, 644.212, 689.27, 726.329, 775.636, 819.343, 868.65, 962.511, 889.63, 990.831, 1037.621, 1086.873, 1294.112, 1155.305, 1331.916, 1277.6970000000001, 1369.5720000000001, 1386.892, 1427.202, 1469.962, 1581.159, 1525.284]] 
[[398.589, 394.347, 383.844, 375.227, 374.023, 365.974, 415.665, 357.252, 362.758, 354.87, 349.6, 364.31, 360.766, 367.423, 343.447, 353.591, 352.805, 363.764, 347.448, 348.511, 344.104, 340.775, 371.565, 351.576, 347.457, 366.196, 359.1, 349.862, 361.154]] 
[[354.231, 378.327, 372.555, 359.46, 353.401, 362.548, 374.671, 395.17, 384.486, 371.174, 361.831, 361.96, 365.189, 364.176, 358.301, 364.636, 368.837, 348.594, 351.13, 343.167, 353.252, 347.084, 360.065, 354.983, 357.115, 358.025, 353.885, 357.325, 378.357, 363.925, 349.206, 356.383, 372.944, 364.507, 349.766]] 
[[370.556, 377.278, 354.794, 391.355, 373.887, 373.074, 351.281, 347.745, 406.848, 355.971, 397.001, 380.265, 378.694, 363.763, 352.861, 364.2, 360.054, 357.122, 341.881, 380.744, 354.671, 343.205, 352.71, 342.418, 345.53, 354.885, 353.261]] 
[[365.988, 368.186, 395.966, 363.391, 370.404, 387.133, 382.118, 349.332, 349.456, 355.591, 362.305, 348.249, 349.477, 351.714, 349.522, 385.309, 365.03, 346.102, 374.479, 353.217, 361.099, 352.853, 362.529, 340.954, 354.272, 365.494, 360.759, 362.296, 346.641]] 
[[380.551, 357.692, 387.228, 380.45, 366.778, 370.063, 386.178, 366.55, 370.9, 352.735, 389.936, 385.832, 379.77, 369.69, 359.828, 354.35, 363.825, 344.771, 355.111, 345.483, 346.696, 352.536, 363.569, 367.39, 363.97, 355.745, 352.367, 345.487, 362.52, 353.966, 357.605]] 
[[381.438, 387.622, 367.882, 349.922, 372.105, 358.148, 357.962, 372.784, 362.882, 386.853, 374.305, 358.572, 364.459, 364.928, 351.932, 410.861, 389.865, 386.017, 357.473, 356.61, 353.884, 355.561, 351.754, 343.88, 397.932, 371.193, 363.637, 357.678, 347.64]] 
[[357.719, 348.337, 361.552, 350.967, 380.308, 392.765, 366.408, 381.753, 359.136, 402.382, 371.527, 381.528, 386.446, 376.476, 371.398, 359.579, 357.551, 354.212, 355.044, 347.574, 356.04, 346.104, 349.238, 352.112, 348.725, 361.467, 356.153, 364.406, 375.518, 361.722, 353.273, 358.106, 350.858, 342.677, 348.449, 396.069, 348.256, 384.607]] 
[[372.119, 403.168, 405.766, 400.288, 397.721, 418.325, 388.16, 419.846, 436.768, 418.064, 414.369, 418.256, 427.742, 440.103, 449.773, 458.073, 451.864, 464.893, 483.778, 525.71, 490.789, 531.785, 552.928, 520.296, 552.879, 553.322, 571.432, 594.61, 589.343, 605.214]] 
[[393.304, 400.83, 428.377, 423.92, 470.295, 437.74, 459.701, 473.081, 495.968, 466.753, 552.138, 499.329, 511.587, 549.639, 553.251, 589.82, 555.896, 580.856, 589.158, 548.141, 589.323, 598.505, 604.774, 644.778, 621.705, 655.352, 664.605, 684.496, 729.697, 756.939, 794.032, 756.179, 824.646, 792.891, 792.827, 806.626]] 
[[408.427, 371.692, 413.62, 455.065, 407.563, 450.153, 454.339, 464.263, 554.172, 478.994, 488.242, 505.017, 581.991, 546.876, 511.486, 591.705, 632.029, 635.46, 652.779, 665.04, 682.361, 680.438, 684.052, 694.757, 712.054, 721.606, 699.255, 712.778, 734.903, 737.429, 705.067, 694.399, 711.684, 725.71]] 
[[384.07, 394.502, 469.231, 435.764, 393.818, 472.965, 502.407, 521.744, 553.515, 522.334, 572.077, 589.153, 634.131, 601.651, 619.932, 604.764, 622.61, 633.685, 632.428, 645.951, 662.844, 654.621, 761.939, 669.338, 693.005, 743.829, 780.178, 740.641, 766.398, 794.952, 745.415, 892.259, 795.774, 835.613]] 
[[453.246, 411.852, 482.354, 469.032, 486.009, 495.152, 456.278, 485.216, 496.761, 507.425, 553.597, 569.886, 515.306, 572.709, 578.384, 565.29, 550.809, 556.03, 570.062, 614.38, 573.767, 662.427, 630.441, 594.177, 631.691, 638.462, 663.063, 680.679, 709.951]] 
[[398.453, 369.375, 412.831, 447.112, 467.995, 471.424, 483.55, 496.177, 506.085, 522.495, 601.476, 552.792, 515.892, 558.185, 602.029, 592.11, 596.83, 616.851, 640.733, 662.624, 685.48, 706.129, 734.125, 741.315, 708.781, 689.134, 689.163, 701.533, 743.35, 703.476, 719.344, 709.566, 718.529]] 
[[368.652, 414.174, 389.105, 434.685, 422.16, 432.608, 460.291, 426.692, 462.504, 474.164, 463.214, 508.231, 570.479, 522.054, 567.58, 577.866, 579.489, 589.082, 594.929, 534.976, 554.912, 572.881, 587.692, 590.853, 599.069]] 
[[435.046, 409.705, 413.904, 421.084, 437.681, 452.402, 460.661, 565.861, 461.89, 492.502, 540.075, 498.441, 542.405, 517.56, 527.117, 481.478, 449.618, 454.91, 465.344, 432.883]] 
[[399.641, 422.423, 431.627, 448.971, 459.062, 467.885, 547.974, 510.043, 475.373, 696.396, 601.843, 755.249, 790.804, 811.343, 897.905, 821.855, 839.594, 893.204, 888.819, 897.726, 907.369, 929.116, 953.177, 973.059, 1020.024, 985.086, 1025.532, 1024.401, 1038.434, 1035.462, 1005.642, 1016.015, 1028.92, 1022.298, 1042.571, 1051.527, 1094.891, 1062.443]] 
[[384.557, 441.753, 403.792, 452.841, 449.061, 449.215, 454.768, 458.471, 463.278, 480.406, 540.144, 484.256, 498.475, 530.929, 550.049, 569.303, 581.213, 598.313, 619.88, 634.766, 645.002, 653.172, 660.158, 667.831, 662.257, 675.784, 681.449, 719.398, 732.14, 791.518, 755.363, 722.707]] 
[[400.072, 414.34, 423.168, 439.82, 495.996, 451.026, 481.413, 481.032, 490.329, 504.129, 515.455, 507.447, 520.882, 489.041, 504.338, 472.22, 510.4, 577.961, 517.68, 607.55, 660.993, 677.459, 584.452, 605.188, 592.477, 657.141, 627.803, 592.48, 644.475, 662.88, 713.503, 684.898]] 
[[485.491, 398.696, 451.111, 402.144, 468.705, 483.308, 501.604, 480.938, 549.053, 502.86, 554.885, 566.249, 493.819, 513.936, 546.034, 590.404, 564.712, 560.083, 543.208, 557.519, 569.925, 612.208, 571.557, 605.373, 670.249, 610.43, 718.626, 685.634]] 
[[398.064, 486.574, 440.417, 516.027, 527.796, 528.18, 546.723, 563.917, 552.727, 598.834, 745.769, 668.385, 783.227, 812.481, 797.407, 819.296, 837.697, 849.389, 862.838, 873.854, 887.427, 882.552, 915.141, 884.857, 918.635, 906.531, 1054.188, 942.226, 911.589, 971.701, 1060.166, 1060.74, 1079.627, 1088.489]] 
[[396.129, 418.422, 425.748, 421.142, 443.589, 473.639, 440.771, 465.058, 482.651, 502.383, 523.105, 531.318, 546.493, 541.13, 568.186, 530.393, 602.104, 634.438, 706.512, 636.549, 650.112, 692.679, 705.259, 663.746, 705.184, 680.85, 710.805, 728.968, 735.577, 730.347, 747.377, 742.865, 756.042]] 
[[369.773, 405.802, 409.852, 415.129, 392.218, 429.552, 502.831, 466.503, 506.056, 520.72, 539.479, 540.381, 562.258, 551.27, 564.148, 581.566, 629.221, 595.282, 637.777, 698.044, 638.935, 657.843, 693.43, 704.616, 740.407, 738.121, 785.298, 747.357, 854.43, 776.812, 789.621, 798.866, 826.675, 803.254, 829.492, 881.345, 834.623, 881.268]] 
[[411.947, 370.096, 404.679, 452.678, 404.59, 441.263, 406.434, 425.218, 413.304, 461.721, 428.108, 471.514, 516.728, 484.867, 508.766, 549.656, 518.583, 547.076, 588.983, 606.123, 553.418, 610.797, 630.088, 672.56, 642.774, 732.027, 676.34, 870.109, 1065.652, 778.647, 937.457, 1082.519, 983.214, 1045.497, 1084.972, 1077.3, 1097.047, 1098.598, 1153.905, 1173.917, 1107.666, 1216.05, 1166.993, 1196.56, 1230.766]] 
[[390.098, 391.924, 438.608, 386.526, 416.335, 485.709, 432.575, 449.765, 474.715, 444.51, 471.098, 476.581, 491.373, 494.099, 502.282, 556.031, 540.53, 559.528, 545.774, 620.829, 560.195, 629.07, 558.109, 624.816, 619.341, 652.307, 619.378, 655.833, 646.468, 626.503, 645.465, 673.751, 645.641]] 
[[381.556, 388.951, 434.367, 406.443, 465.184, 485.701, 431.475, 494.663, 590.47, 496.675, 516.568, 534.718, 592.161, 596.468, 612.36, 617.519, 598.066, 658.247, 621.053, 688.03, 658.981, 620.624, 661.7, 621.51, 615.22, 623.317, 625.969, 660.837]] 
[[421.261, 400.323, 407.965, 431.604, 411.672, 452.218, 461.969, 468.58, 480.067, 497.095, 492.574, 504.837, 511.429, 485.237, 508.023, 470.866, 445.52, 483.093, 484.013, 502.782, 513.26, 613.572, 523.81, 564.326, 621.89, 583.232, 627.742, 627.989]] 
[[397.958, 408.064, 422.165, 421.399, 435.083, 440.814, 404.891, 445.766, 457.153, 464.347, 452.451, 469.573, 476.33, 486.912, 508.157, 556.564, 489.645, 505.894, 567.268, 559.923, 606.158, 562.212, 626.758, 600.902, 677.963, 637.458, 606.127, 652.001, 667.044, 677.25, 686.26, 682.705]] 
[[417.818, 453.059, 468.154, 495.733, 629.723, 534.629, 704.584, 755.948, 834.806, 771.359, 821.145, 843.942, 881.653, 985.467, 917.827, 1027.747, 1048.541, 1062.515, 1155.97, 1093.469, 1173.045, 1179.837, 1221.873, 1260.5529999999999, 1327.675, 1425.113, 1363.809, 1446.863, 1385.848, 1465.942, 1587.3719999999998, 1487.92, 1523.654, 1600.53, 1630.095, 1647.2]] 
[[378.867, 345.846, 356.155, 363.648, 370.043, 382.322, 384.789, 370.101, 386.255, 395.461, 379.198, 385.852, 387.939, 376.995, 366.849, 381.09, 373.999, 375.446, 361.653, 373.622, 371.931, 386.069, 367.924, 359.177, 354.689, 361.639, 347.26, 360.773, 354.85, 361.209, 346.418, 417.596, 360.35, 347.946, 376.97, 362.483, 355.298]] 
[[374.393, 377.5, 377.92, 350.383, 385.869, 438.177, 413.397, 363.341, 411.634, 409.645, 383.104, 358.526, 376.717, 365.269, 359.675, 348.692, 365.022, 351.785, 352.026, 353.312, 375.726, 369.497, 371.486, 352.894, 349.547, 382.418, 364.832, 372.892, 364.111, 353.563, 345.008, 363.679, 374.088, 372.901, 367.137]] 
[[378.001, 359.792, 366.053, 361.655, 396.247, 368.722, 355.539, 400.153, 394.52, 353.004, 354.963, 358.181, 350.988, 360.708, 353.878, 349.634, 347.51, 347.628, 346.216, 346.631, 378.891, 346.912, 355.665, 345.249, 352.294, 351.784, 368.885, 366.329, 356.771, 353.201]] 
[[344.663, 390.888, 385.493, 407.36, 416.194, 421.948, 395.039, 377.632, 381.892, 355.139, 382.932, 371.842, 361.77, 365.225, 360.679, 363.894, 401.891, 390.398, 445.106, 374.473, 365.348, 365.349, 370.102, 349.823, 376.156, 348.111, 351.808, 346.132, 354.419, 382.286, 379.992, 366.278, 353.339, 360.45, 345.681, 370.941, 359.768]] 
[[372.525, 363.521, 353.797, 369.193, 359.806, 361.046, 375.134, 370.138, 375.499, 372.299, 379.567, 358.936, 359.576, 356.036, 371.786, 369.003, 359.837, 373.949, 372.948, 371.897, 349.868, 352.615, 353.668, 351.179, 354.242, 366.464, 357.432, 356.245, 350.308, 365.244, 346.209, 363.733, 347.101, 370.805, 363.488]] 
[[351.289, 370.485, 372.704, 371.777, 370.128, 371.445, 400.483, 387.669, 397.888, 369.12, 376.219, 368.242, 376.608, 364.228, 362.761, 359.291, 383.904, 374.299, 351.937, 363.929, 364.615, 388.485, 382.349, 362.345, 373.294, 351.314, 351.741, 358.577, 361.575, 359.456]] 
[[351.65, 359.302, 390.856, 356.581, 371.782, 360.784, 365.118, 358.736, 358.897, 368.174, 357.435, 358.905, 359.593, 346.909, 359.662, 357.704, 361.418, 348.043, 352.538, 359.768, 357.325, 375.411, 350.792, 356.74, 358.791, 371.842, 367.317, 342.089, 379.156, 362.554, 364.866, 365.894, 348.546, 344.066, 360.918]] 
[[366.621, 351.668, 372.79, 367.461, 363.945, 365.064, 374.616, 368.417, 387.837, 363.943, 357.686, 392.139, 384.635, 360.591, 365.475, 370.217, 365.818, 358.794, 351.961, 355.908, 357.352, 369.919, 370.584, 354.919, 365.989, 353.761, 381.668, 369.283, 366.711, 361.262, 366.46, 361.022, 359.312, 365.195, 387.582, 354.868, 348.392, 346.789]] 
[[362.758, 371.072, 356.645, 365.47, 382.51, 396.354, 365.078, 379.46, 366.039, 355.195, 353.865, 387.976, 375.483, 367.945, 348.196, 348.848, 354.132, 364.929, 362.746, 367.342, 347.237, 352.205, 355.36, 358.808, 364.878, 359.329, 396.714, 347.721, 367.143, 360.537, 354.775, 349.792, 340.724]] 
[[374.191, 373.907, 369.691, 362.913, 361.43, 372.206, 376.722, 359.643, 385.101, 370.08, 362.148, 364.157, 382.971, 375.844, 359.674, 358.981, 344.789, 362.613, 343.401, 377.225, 360.632, 360.645, 350.036, 351.017, 371.75, 356.324, 354.993, 378.513, 347.224, 352.826, 353.795, 345.895]] 
[[361.885, 366.392, 357.908, 357.627, 354.109, 362.452, 378.996, 364.473, 380.761, 371.069, 383.664, 360.214, 384.357, 366.745, 398.459, 366.311, 377.513, 375.872, 362.68, 355.708, 345.156, 361.795, 347.216, 357.016, 358.03, 355.171, 377.064, 382.61, 356.447, 345.046, 341.692, 359.785, 349.616, 378.078, 346.076, 342.414]] 
[[364.141, 347.842, 351.839, 402.134, 356.857, 362.253, 375.043, 367.147, 353.36, 364.221, 369.212, 380.506, 374.691, 366.4, 362.408, 379.134, 367.853, 364.083, 354.481, 363.152, 371.147, 352.944, 376.196, 357.806, 352.439, 396.594, 392.576, 362.53, 354.154, 344.164, 358.483, 347.898, 360.681, 350.309, 364.669, 366.875, 364.284, 371.592, 344.921, 365.835]] 
[[363.707, 349.443, 406.664, 372.381, 376.981, 388.23, 365.528, 388.44, 368.182, 391.305, 377.12, 365.923, 357.361, 360.785, 357.576, 368.863, 347.564, 384.767, 379.548, 351.516, 366.617, 355.223, 375.193, 343.494, 364.865, 355.922, 356.264]] 
[[362.618, 385.499, 393.586, 378.428, 361.691, 369.402, 417.332, 386.539, 402.768, 369.275, 378.102, 391.912, 368.43, 363.187, 355.331, 367.285, 365.975, 360.784, 378.078, 364.633, 358.998, 355.214, 344.117, 342.49, 354.973, 357.83, 392.952, 370.746, 378.502, 364.677, 350.775, 353.878]] 
[[380.153, 361.237, 365.718, 368.464, 376.519, 363.163, 392.348, 388.846, 384.064, 378.245, 374.148, 368.864, 377.953, 348.351, 373.809, 414.208, 372.183, 407.902, 368.384, 363.509, 358.579, 353.565, 352.706, 362.746, 364.71, 362.477, 380.475, 362.215, 347.726, 355.46, 376.852, 359.073, 357.839, 354.577, 350.221, 348.238]] 
[[356.393, 356.93, 356.166, 360.728, 394.174, 386.926, 385.723, 356.273, 349.532, 410.993, 390.396, 384.53, 357.967, 363.726, 409.846, 376.994, 389.15, 370.733, 353.054, 383.902, 378.099, 370.175, 364.063, 376.376, 348.649, 342.996, 358.666, 356.514, 366.017, 350.88, 373.416, 371.191, 340.361, 353.914, 377.967, 346.335]] 
[[348.268, 361.469, 380.532, 375.024, 368.619, 365.944, 397.729, 373.147, 379.829, 380.288, 382.452, 366.952, 350.628, 344.882, 357.166, 361.151, 360.627, 372.32, 357.359, 370.793, 356.403, 363.412, 370.795, 370.966, 367.56, 361.146, 360.934, 372.19, 377.014, 358.732]] 
[[358.318, 388.537, 395.547, 397.138, 402.089, 398.272, 384.814, 375.217, 353.969, 382.178, 358.312, 384.927, 376.392, 368.097, 361.801, 362.447, 353.296, 381.848, 358.754, 366.565, 348.973, 395.595, 360.116, 355.264, 355.889, 347.657, 341.68, 370.448, 374.324, 366.984, 353.578, 350.983, 353.708]] 
[[356.029, 362.139, 367.428, 378.089, 364.146, 375.225, 365.326, 377.126, 355.463, 354.911, 363.143, 357.762, 368.181, 364.733, 358.051, 352.564, 366.052, 369.638, 349.981, 345.763, 351.742, 378.142, 389.965, 356.935, 360.943, 367.961, 358.347, 365.784, 353.917, 358.469, 346.084, 358.675, 344.107, 357.834, 342.254, 342.022, 345.235]] 
[[371.297, 370.767, 349.51, 353.843, 368.461, 391.475, 355.878, 362.889, 363.959, 355.551, 361.148, 369.719, 351.633, 357.21, 368.312, 372.487, 373.64, 370.462, 361.034, 365.343, 362.39, 347.3, 358.461, 375.596, 383.115, 373.003, 370.796, 354.718, 370.803, 359.016, 356.697, 354.03, 342.12, 362.992, 359.61, 357.819, 346.59, 366.246, 368.044]] 
[[377.517, 348.11, 376.018, 369.548, 362.836, 384.146, 370.395, 395.39, 396.24, 384.075, 385.336, 379.778, 357.533, 372.75, 368.401, 373.538, 377.98, 364.613, 349.299, 361.656, 363.324, 372.286, 356.726, 363.64, 351.683, 349.212, 343.918, 356.955, 353.503, 349.09, 357.406, 361.095, 350.764, 357.029, 376.76, 346.011, 359.587, 346.133, 348.388]] 
[[389.087, 387.735, 347.043, 378.271, 365.362, 359.809, 378.986, 367.477, 367.142, 357.61, 372.807, 351.478, 348.764, 364.447, 356.803, 354.124, 352.211, 359.487, 377.969, 352.604, 345.476, 386.673, 353.026, 349.747, 355.832, 346.032, 375.069, 357.039]] 
[[362.749, 389.718, 379.061, 357.534, 367.759, 388.434, 383.951, 366.968, 357.127, 362.942, 357.913, 381.176, 377.282, 371.93, 368.756, 379.876, 365.962, 350.903, 352.353, 353.135, 351.356, 346.993, 370.464, 372.723, 348.355, 349.239, 360.853, 354.182, 358.775, 383.195, 350.235, 357.323, 352.137, 367.889, 348.161]] 
[[365.891, 369.943, 416.042, 388.239, 385.138, 398.691, 388.504, 391.135, 406.767, 374.948, 403.113, 386.21, 388.144, 372.522, 369.53, 353.427, 377.783, 386.991, 376.894, 375.773, 362.046, 349.838, 362.799, 384.281, 380.532, 364.828, 375.858, 385.829, 387.815, 386.972, 394.451, 357.013, 376.21, 372.866, 361.817, 372.779, 343.296, 349.474]] 
[[377.27, 434.315, 392.724, 468.875, 426.143, 461.47, 466.653, 496.563, 519.301, 556.101, 576.31, 583.36, 609.65, 577.811, 612.258, 663.229, 616.879, 655.583, 689.559, 663.214, 689.273, 684.743, 669.398, 680.567, 638.307, 661.173, 700.501, 665.736, 713.427, 740.717, 742.001]] 
[[402.841, 420.012, 457.117, 493.288, 525.348, 486.523, 503.097, 525.954, 563.752, 534.6, 576.977, 550.977, 565.723, 588.378, 576.636, 530.865, 575.869, 573.065, 579.25, 599.042, 614.856, 631.51, 649.595, 693.792, 654.4, 706.95, 675.034, 683.992, 706.496, 720.329, 718.61]] 
[[388.706, 397.551, 420.171, 475.836, 426.75, 432.217, 432.348, 456.423, 475.699, 499.282, 522.156, 547.218, 510.564, 580.465, 606.35, 541.297, 605.601, 620.214, 644.043, 676.641, 641.923, 688.908, 799.825, 718.377, 798.832, 817.65, 818.195, 871.074, 841.156, 870.893, 878.512, 889.068, 947.221, 902.278, 951.632, 973.846, 979.206, 1001.401, 1048.837, 1013.017, 1054.018]] 
[[383.553, 387.562, 442.884, 489.196, 475.123, 499.654, 514.515, 515.923, 520.354, 539.496, 586.972, 556.26, 549.452, 550.498, 564.002, 610.083, 619.671, 636.98, 540.083, 669.811, 695.576, 797.668, 749.256, 855.849, 795.068, 890.762, 983.09, 929.988, 1057.902, 1127.424, 1175.395, 1200.795, 1205.499, 1254.1680000000001, 1287.185]] 
[[445.39, 443.956, 450.705, 458.763, 425.575, 383.92, 481.2, 387.793, 520.922, 383.681, 387.941, 549.67, 376.462, 586.849, 742.353, 349.747, 612.631, 409.866, 353.454, 647.013, 365.643, 727.772, 762.045, 749.711, 744.98, 368.404, 739.054, 404.006, 363.126, 396.456, 712.011, 398.645, 690.735, 686.908, 683.727, 678.882, 371.355, 377.642, 359.242, 654.11, 660.374, 650.543, 640.597, 355.248, 357.034, 631.392, 616.975, 618.645, 621.219, 614.254, 610.442, 604.715, 360.476, 593.238, 597.494, 362.878, 579.43, 568.675, 551.901, 366.634, 349.328, 372.074, 345.195, 355.503, 343.236, 386.092, 387.42, 383.865, 378.416, 370.261]] 
[[385.843, 380.233, 374.093, 355.43, 360.89, 379.078, 353.279, 356.768, 374.564, 377.971, 378.014, 366.019, 384.987, 375.08, 353.33, 348.346, 382.429, 382.073, 369.58, 390.116, 358.803, 373.062, 382.015, 366.143, 362.212, 363.934, 396.527, 365.315, 400.065, 392.362, 369.884, 372.228, 374.959, 369.082, 359.685, 351.932, 366.584, 383.071, 356.978, 376.106, 366.376, 366.838, 397.722, 382.325, 364.105, 378.779, 344.394, 343.222, 356.076, 351.072, 373.502, 395.386, 409.738, 371.85, 390.279, 350.076, 361.335, 343.346, 350.825, 366.011, 380.476, 366.628, 353.79, 373.814, 366.348, 355.547, 360.046, 387.589, 390.103, 347.886]] 
[[352.415, 361.158, 364.532, 369.015, 355.293, 363.372, 403.844, 388.655, 391.422, 386.739, 378.445, 373.059, 372.603, 377.804, 377.538, 357.856, 378.284, 386.425, 369.885, 375.304, 359.523, 370.161, 364.339, 359.544, 369.038, 376.965, 395.967, 363.934, 353.65, 380.519, 370.142, 394.863, 394.876, 391.038, 378.008, 374.608, 370.226, 373.433, 360.402, 392.926, 386.396, 371.732, 363.014, 361.518, 364.993, 356.32, 356.996, 376.223, 347.453, 398.136, 375.445, 363.555, 364.131, 354.736, 403.566, 385.912, 405.158, 364.04, 361.704, 377.853, 371.315, 346.942, 352.75, 360.83, 348.7, 351.387, 376.607, 354.797, 350.712, 352.392]] 
[[366.479, 376.041, 363.905, 391.646, 399.838, 380.668, 370.734, 366.824, 356.46, 374.91, 366.869, 386.516, 377.729, 365.713, 367.022, 356.362, 395.515, 376.672, 377.621, 425.169, 415.474, 440.544, 408.876, 405.22, 382.142, 386.66, 390.549, 387.967, 393.179, 373.719, 363.105, 366.743, 365.969, 356.67, 376.261, 382.96, 377.051, 358.235, 357.089, 358.308, 396.618, 397.99, 388.22, 384.567, 378.382, 415.238, 380.729, 395.058, 370.287, 354.858, 398.843, 390.151, 362.381, 367.921, 373.144, 355.382, 375.102, 378.0, 351.0, 380.915, 351.624, 366.145, 367.523, 361.553, 393.909, 388.785, 353.63, 357.817, 356.57, 351.604]] 
[[349.808, 362.124, 354.802, 362.034, 366.961, 354.773, 376.01, 375.15, 381.236, 357.405, 397.838, 382.538, 373.317, 379.088, 438.072, 396.763, 372.088, 381.153, 399.469, 362.68, 386.945, 368.019, 385.317, 373.311, 379.411, 408.589, 395.558, 386.583, 373.04, 385.491, 399.685, 368.883, 370.88, 369.732, 367.39, 376.168, 348.009, 363.128, 361.468, 368.263, 367.757, 354.332, 348.032, 350.541, 363.999, 355.598, 359.743, 346.228, 406.852, 375.013, 400.206, 363.84, 369.542, 367.419, 355.028, 375.337, 380.139, 376.585, 371.217, 343.449, 358.821, 346.697, 380.293, 347.616, 346.619, 357.816, 346.08, 364.169, 362.448, 351.778]] 
[[391.733, 357.203, 372.163, 358.067, 352.443, 397.303, 430.056, 380.174, 383.356, 373.604, 401.248, 402.584, 351.185, 400.299, 380.478, 378.905, 354.569, 384.555, 401.075, 387.26, 395.444, 380.981, 390.562, 371.493, 362.601, 367.99, 381.409, 355.568, 367.664, 357.598, 413.436, 357.876, 385.066, 388.145, 374.152, 406.959, 402.615, 400.969, 388.702, 393.179, 385.407, 373.315, 368.653, 373.295, 363.602, 375.682, 372.38, 359.057, 346.322, 358.209, 366.721, 356.199, 379.175, 366.32, 379.187, 398.492, 343.545, 353.689, 352.15, 364.472, 344.776, 371.702, 355.217, 371.422, 353.555, 376.199, 339.664, 353.601, 351.599, 346.516]] 
[[381.101, 366.538, 379.829, 375.311, 375.694, 356.69, 362.802, 382.987, 375.912, 383.166, 354.957, 366.582, 362.145, 359.044, 363.95, 354.676, 378.581, 365.22, 366.323, 359.507, 371.071, 362.251, 365.293, 346.783, 351.075, 390.569, 382.182, 369.949, 382.726, 385.409, 366.395, 351.644, 358.968, 364.928, 353.743, 358.455, 366.463, 353.482, 364.082, 355.643, 371.453, 368.017, 361.983, 415.572, 417.786, 409.315, 372.021, 404.874, 363.482, 362.854, 387.639, 345.763, 393.203, 347.983, 360.168, 365.977, 347.044, 345.297, 340.741, 365.869, 342.543, 366.312, 387.415, 373.652, 359.471, 372.106, 355.349, 348.074, 344.003, 352.176]] 
[[358.396, 363.671, 384.846, 410.287, 371.329, 431.911, 348.133, 429.481, 393.81, 386.798, 387.483, 363.903, 368.898, 382.073, 421.423, 467.301, 371.937, 418.657, 382.601, 454.296, 368.729, 455.713, 473.775, 491.162, 536.025, 365.95, 394.99, 490.637, 385.55, 368.989, 372.869, 506.941, 523.647, 385.289, 540.363, 553.388, 370.133, 367.483, 379.778, 543.745, 575.21, 613.879, 369.097, 368.8, 608.255, 629.702, 647.774, 370.54, 362.034, 358.101, 650.968, 390.12, 693.797, 655.64, 424.869, 378.992, 366.03, 395.258, 354.237, 350.962, 618.56, 352.953, 631.154, 629.243, 694.628, 644.597, 360.379, 642.061, 357.212, 676.648]] 
[[361.648, 366.844, 352.571, 353.257, 368.146, 415.57, 412.411, 404.294, 452.254, 393.838, 392.672, 383.875, 420.503, 460.226, 452.511, 351.323, 470.214, 354.336, 573.285, 486.753, 361.982, 517.923, 596.67, 570.681, 378.129, 600.206, 368.83, 363.776, 368.219, 370.192, 371.561, 364.253, 577.732, 352.579, 591.273, 357.618, 357.975, 355.57, 581.726, 353.14, 370.867, 361.339, 571.88, 590.561, 400.171, 602.766, 620.929, 651.698, 378.671, 376.002, 372.933, 368.794, 629.538, 653.191, 671.002, 685.732, 353.802, 371.341, 686.712, 703.449, 361.255, 726.222, 695.847, 738.507, 347.838, 393.73, 727.215, 389.564, 733.618, 766.994]] 
[[386.521, 435.252, 395.623, 369.357, 358.393, 424.147, 382.542, 368.22, 436.436, 362.521, 457.563, 428.951, 383.183, 485.907, 473.513, 389.986, 378.648, 476.679, 389.029, 370.0, 476.574, 494.783, 371.603, 532.347, 505.273, 388.599, 571.527, 539.956, 573.114, 364.505, 644.248, 586.807, 358.149, 598.05, 355.825, 385.302, 632.018, 394.091, 669.977, 366.179, 620.069, 686.386, 654.656, 359.492, 712.011, 678.332, 724.923, 762.714, 370.413, 789.352, 376.813, 375.892, 843.629, 803.546, 763.162, 842.762, 382.438, 874.466, 345.188, 924.571, 889.846, 919.926, 345.18, 925.068, 346.704, 358.765, 970.142, 916.801, 939.145, 345.781]] 
average response time [0]410.193
average response time [1]346.329
average response time [2]340.47
average response time [3]343.787
average response time [4]345.945
average response time [5]340.818
average response time [6]345.418
average response time [7]345.032
average response time [8]342.153
average response time [9]351.583
TOTAL AVERAGE RESPONSE TIME ====================: 351.17280000000005
NUMBER OF THREADS ==============================: 1
average response time [10]349.965
average response time [11]348.3185
average response time [12]345.8995
average response time [13]352.509
average response time [14]352.224
average response time [15]354.6345
average response time [16]357.55150000000003
average response time [17]353.861
average response time [18]355.57
average response time [19]353.743
TOTAL AVERAGE RESPONSE TIME ====================: 352.4276
NUMBER OF THREADS ==============================: 2
average response time [20]351.95550000000003
average response time [21]357.7605
average response time [22]365.94225
average response time [23]351.99975
average response time [24]352.3505
average response time [25]355.9175
average response time [26]351.03
average response time [27]353.7955
average response time [28]400.464
average response time [29]346.52125
TOTAL AVERAGE RESPONSE TIME ====================: 358.773675
NUMBER OF THREADS ==============================: 4
average response time [30]361.8
average response time [31]355.7445
average response time [32]354.86675
average response time [33]351.143625
average response time [34]346.541
average response time [35]359.431875
average response time [36]363.633625
average response time [37]351.118625
average response time [38]355.100125
average response time [39]354.03
TOTAL AVERAGE RESPONSE TIME ====================: 355.34101250000003
NUMBER OF THREADS ==============================: 8
average response time [40]359.07425
average response time [41]360.3373125
average response time [42]371.3225625
average response time [43]355.7125
average response time [44]361.6955
average response time [45]1026.613
average response time [46]1091.537125
average response time [47]363.4521875
average response time [48]359.9998125
average response time [49]363.0405
TOTAL AVERAGE RESPONSE TIME ====================: 501.27847500000007
NUMBER OF THREADS ==============================: 16
average response time [50]368.8905625
average response time [51]355.36178125
average response time [52]363.3684375
average response time [53]364.27640625
average response time [54]363.1531875
average response time [55]357.04078125
average response time [56]359.16925
average response time [57]356.9826875
average response time [58]360.6415
average response time [59]357.44453125
TOTAL AVERAGE RESPONSE TIME ====================: 360.63291250000003
NUMBER OF THREADS ==============================: 32
average response time [60]396.507421875
average response time [61]1072.32609375
average response time [62]1123.253859375
average response time [63]899.663625
average response time [64]362.96562068965517
average response time [65]362.0190285714286
average response time [66]363.92792592592593
average response time [67]361.3746896551724
average response time [68]364.1797419354839
average response time [69]367.4406551724138
TOTAL AVERAGE RESPONSE TIME ====================: 567.365866195008
NUMBER OF THREADS ==============================: 64
average response time [70]363.59057894736844
average response time [71]471.9128
average response time [72]591.58775
average response time [73]593.1001764705883
average response time [74]627.7511176470588
average response time [75]557.7391724137931
average response time [76]598.937696969697
average response time [77]507.93368
average response time [78]473.02835
average response time [79]822.9922105263158
TOTAL AVERAGE RESPONSE TIME ====================: 560.8573532974822
NUMBER OF THREADS ==============================: 65
average response time [80]575.38278125
average response time [81]547.1265
average response time [82]544.95575
average response time [83]787.4550294117647
average response time [84]592.1082121212121
average response time [85]639.4803947368421
average response time [86]739.9379333333334
average response time [87]537.1444545454546
average response time [88]560.6726071428571
average response time [89]499.8910357142857
TOTAL AVERAGE RESPONSE TIME ====================: 602.415469825575
NUMBER OF THREADS ==============================: 66
average response time [90]532.91234375
average response time [91]1073.0949444444445
average response time [92]369.9651891891892
average response time [93]371.3190285714286
average response time [94]360.8668
average response time [95]374.065972972973
average response time [96]362.7169714285714
average response time [97]369.93856666666665
average response time [98]360.29034285714283
average response time [99]365.4382631578947
TOTAL AVERAGE RESPONSE TIME ====================: 454.0608423038311
NUMBER OF THREADS ==============================: 67
average response time [100]363.25048484848486
average response time [101]363.16678125
average response time [102]363.62241666666665
average response time [103]364.57135
average response time [104]368.12822222222223
average response time [105]370.18771875
average response time [106]368.7646388888889
average response time [107]368.6043055555555
average response time [108]367.14436666666666
average response time [109]369.20354545454546
TOTAL AVERAGE RESPONSE TIME ====================: 366.66438303030293
NUMBER OF THREADS ==============================: 68
average response time [110]360.27475675675674
average response time [111]363.1785641025641
average response time [112]364.5812564102564
average response time [113]362.78964285714284
average response time [114]364.2116857142857
average response time [115]377.48392105263156
average response time [116]594.6164838709677
average response time [117]583.3831612903226
average response time [118]701.5951463414634
average response time [119]733.0770571428571
TOTAL AVERAGE RESPONSE TIME ====================: 480.51916755392483
NUMBER OF THREADS ==============================: 69
average response time [120]503.79855714285713
average response time [121]370.2079142857143
average response time [122]371.1874714285714
average response time [123]377.61942857142856
average response time [124]370.74818571428574
average response time [125]374.01131428571426
average response time [126]367.4324
average response time [127]456.34414285714286
average response time [128]475.55334285714287
average response time [129]540.1367285714285
TOTAL AVERAGE RESPONSE TIME ====================: 420.70394857142855
NUMBER OF THREADS ==============================: 70
average response time sent to Stackdriver [0]351.03
average response time sent to Stackdriver [1]1026.613
average response time sent to Stackdriver [2]396.507421875
average response time sent to Stackdriver [3]364.1797419354839
average response time sent to Stackdriver [4]507.93368
average response time sent to Stackdriver [5]639.4803947368421
average response time sent to Stackdriver [6]371.3190285714286
average response time sent to Stackdriver [7]368.12822222222223
average response time sent to Stackdriver [8]377.48392105263156
average response time sent to Stackdriver [9]370.74818571428574
NUMBER OF THREADS: [1, 2, 4, 8, 16, 32, 64, 65, 66, 67, 68, 69, 70]
WORKLOAD: HFU_LV;  
TOTAL EXECUTION TIME (Concurrent Parallel Requests): 109213.493
NUMBER OF REPLICAS USED: 2

