[[388.854]] 
RATE (RPS) =====================================: 1

[[333.245]] 
RATE (RPS) =====================================: 1

[[332.143]] 
RATE (RPS) =====================================: 1

[[385.153]] 
RATE (RPS) =====================================: 1

[[366.793]] 
RATE (RPS) =====================================: 1

[[337.885]] 
RATE (RPS) =====================================: 1

[[329.105]] 
RATE (RPS) =====================================: 1

[[382.934]] 
RATE (RPS) =====================================: 1

[[338.385]] 
RATE (RPS) =====================================: 1

[[337.219]] 
RATE (RPS) =====================================: 1

[[350.23, 348.348]] 
RATE (RPS) =====================================: 2

[[385.252, 381.647]] 
RATE (RPS) =====================================: 2

[[338.37, 332.909]] 
RATE (RPS) =====================================: 2

[[350.3, 343.994]] 
RATE (RPS) =====================================: 2

[[378.711, 379.609]] 
RATE (RPS) =====================================: 2

[[400.617, 400.443]] 
RATE (RPS) =====================================: 2

[[352.409, 344.03]] 
RATE (RPS) =====================================: 2

[[342.375, 352.329]] 
RATE (RPS) =====================================: 2

[[379.287, 370.349]] 
RATE (RPS) =====================================: 2

[[337.573, 326.244]] 
RATE (RPS) =====================================: 2

[[385.662, 340.262, 360.778, 350.342]] 
RATE (RPS) =====================================: 4

[[355.925, 342.949, 347.077, 338.812]] 
RATE (RPS) =====================================: 4

[[398.304, 396.988, 397.641, 378.843]] 
RATE (RPS) =====================================: 4

[[334.593, 351.954, 350.206, 336.525]] 
RATE (RPS) =====================================: 4

[[339.422, 348.139, 346.796, 354.242]] 
RATE (RPS) =====================================: 4

[[401.968, 401.389, 396.136, 386.5]] 
RATE (RPS) =====================================: 4

[[356.977, 371.065, 344.107, 341.354]] 
RATE (RPS) =====================================: 4

[[352.401, 358.302, 357.708, 341.646]] 
RATE (RPS) =====================================: 4

[[328.863, 328.339, 335.31, 331.391]] 
RATE (RPS) =====================================: 4

[[442.493, 446.122, 466.875, 439.078]] 
RATE (RPS) =====================================: 4

[[340.602, 335.108, 336.686, 330.171, 341.37, 332.825, 331.52, 336.23]] 
RATE (RPS) =====================================: 8

[[376.399, 332.127, 353.106, 355.338, 336.161, 342.12, 338.922, 337.104]] 
RATE (RPS) =====================================: 8

[[394.175, 388.761, 393.054, 379.141, 395.332, 387.656, 381.618, 379.595]] 
RATE (RPS) =====================================: 8

[[399.18, 388.346, 347.73, 352.704, 339.282, 337.74, 344.091, 335.213]] 
RATE (RPS) =====================================: 8

[[337.956, 345.622, 336.292, 338.174, 344.165, 331.297, 347.937, 336.865]] 
RATE (RPS) =====================================: 8

[[394.134, 396.059, 371.376, 354.024, 365.653, 335.061, 360.669, 345.376]] 
RATE (RPS) =====================================: 8

[[348.589, 347.712, 407.237, 367.167, 341.492, 334.584, 395.229, 339.116]] 
RATE (RPS) =====================================: 8

[[358.013, 341.717, 355.562, 346.168, 340.539, 331.793, 335.982, 336.035]] 
RATE (RPS) =====================================: 8

[[382.678, 375.661, 398.13, 400.838, 402.257, 396.082, 401.174, 393.627]] 
RATE (RPS) =====================================: 8

[[328.001, 329.829, 331.724, 333.531, 338.314, 334.652, 335.185, 332.115]] 
RATE (RPS) =====================================: 8

[[334.438, 335.768, 329.586, 328.138, 326.907, 326.531, 330.268, 331.648, 332.575, 332.846, 372.261, 330.782, 331.706, 385.356, 363.809, 358.29]] 
RATE (RPS) =====================================: 16

[[363.764, 345.561, 349.81, 341.942, 340.388, 340.059, 338.635, 339.349, 339.467, 339.882, 340.183, 336.971, 336.756, 335.469, 343.262, 395.927]] 
RATE (RPS) =====================================: 16

[[326.104, 342.979, 337.725, 360.287, 348.798, 337.815, 345.921, 336.767, 337.385, 340.593, 351.609, 358.335, 335.426, 360.751, 358.512, 362.217]] 
RATE (RPS) =====================================: 16

[[341.727, 344.534, 365.147, 359.415, 338.365, 349.438, 350.828, 357.945, 348.532, 342.81, 370.924, 349.302, 342.608, 351.505, 336.907, 345.38]] 
RATE (RPS) =====================================: 16

[[389.729, 384.624, 379.86, 377.006, 377.766, 370.405, 362.142, 370.726, 358.332, 349.981, 361.093, 347.017, 350.869, 355.795, 352.697, 346.81]] 
RATE (RPS) =====================================: 16

[[346.404, 335.445, 358.589, 347.882, 343.922, 340.444, 334.512, 334.572, 335.589, 345.307, 337.285, 357.158, 341.474, 350.893, 344.52, 342.465]] 
RATE (RPS) =====================================: 16

[[343.137, 347.405, 334.158, 337.91, 354.066, 348.352, 351.323, 343.356, 348.194, 334.829, 338.742, 370.954, 352.835, 358.081, 355.824, 346.139]] 
RATE (RPS) =====================================: 16

[[385.71, 386.722, 372.894, 366.347, 373.057, 357.163, 358.703, 351.415, 347.627, 343.443, 332.612, 331.005, 332.386, 334.396, 337.365, 333.646]] 
RATE (RPS) =====================================: 16

[[354.649, 374.376, 357.898, 348.835, 345.36, 350.032, 345.352, 356.762, 341.226, 338.096, 342.274, 346.881, 343.415, 340.128, 341.314, 340.118]] 
RATE (RPS) =====================================: 16

[[335.425, 351.279, 336.521, 338.121, 342.025, 333.926, 338.307, 341.597, 343.3, 336.942, 344.607, 333.834, 337.294, 333.795, 332.553, 334.267]] 
RATE (RPS) =====================================: 16

[[394.059, 391.716, 382.687, 389.842, 392.661, 392.917, 385.558, 378.95, 380.602, 377.732, 389.017, 370.481, 386.528, 362.678, 376.991, 354.128, 349.058, 350.807, 346.718, 343.275, 350.176, 350.503, 343.397, 344.74, 342.125, 340.144, 357.551, 335.551, 339.652, 350.179, 346.831, 343.458]] 
RATE (RPS) =====================================: 32

[[338.562, 355.719, 333.493, 336.45, 335.432, 350.38, 349.36, 356.648, 355.312, 356.388, 343.672, 349.669, 354.437, 351.185, 352.202, 352.849, 360.027, 364.164, 361.708, 358.247, 350.313, 351.195, 347.183, 376.283, 375.49, 347.066, 367.283, 361.153, 358.475, 362.301, 352.202, 352.785]] 
RATE (RPS) =====================================: 32

[[439.614, 408.647, 402.538, 423.42, 385.74, 407.669, 404.466, 397.817, 391.76, 392.242, 388.51, 386.614, 382.868, 378.588, 375.058, 381.713, 359.952, 355.124, 362.112, 365.491, 358.784, 358.618, 365.044, 349.191, 365.36, 345.655, 338.087, 346.164, 347.93, 351.907, 339.169, 345.169]] 
RATE (RPS) =====================================: 32

[[346.338, 346.108, 369.954, 346.14, 342.98, 362.187, 351.015, 354.509, 354.931, 369.11, 353.793, 340.386, 348.389, 347.32, 342.437, 336.543, 341.106, 347.462, 353.491, 344.701, 337.596, 329.903, 352.026, 347.785, 353.08, 351.181, 362.049, 342.809, 352.759, 340.87, 349.44, 343.747]] 
RATE (RPS) =====================================: 32

[[363.242, 371.663, 365.077, 370.987, 358.926, 353.702, 352.078, 355.545, 354.313, 428.656, 406.276, 419.177, 401.848, 406.066, 401.775, 391.85, 392.753, 388.426, 377.832, 349.154, 367.044, 349.279, 361.537, 342.09, 341.981, 386.212, 367.917, 345.608, 356.928, 355.942, 355.52, 358.188]] 
RATE (RPS) =====================================: 32

[[351.36, 349.658, 342.469, 364.088, 366.466, 357.755, 355.514, 355.773, 398.501, 392.436, 407.548, 415.392, 417.575, 412.471, 412.736, 408.607, 420.164, 427.343, 436.553, 443.508, 431.626, 426.797, 431.307, 415.669, 399.773, 392.853, 388.303, 402.423, 393.354, 393.953, 388.582, 383.193]] 
RATE (RPS) =====================================: 32

[[362.124, 1370.4769999999999, 361.999, 364.794, 358.193, 371.812, 365.973, 365.375, 436.768, 407.817, 420.255, 403.876, 416.965, 411.432, 405.083, 435.028, 399.274, 418.683, 412.866, 394.673, 388.932, 374.075, 371.397, 388.918, 360.225, 361.27, 352.565, 366.006, 354.974, 360.59, 351.77, 340.96]] 
RATE (RPS) =====================================: 31

[[916.158, 441.99, 440.642, 429.43, 432.655, 435.128, 501.451, 486.831, 491.213, 501.014, 486.313, 498.699, 486.234, 483.585, 482.849, 469.392, 461.99, 454.485, 449.367, 469.343, 1806.04, 1368.5439999999999, 1330.365, 1578.482, 1573.875, 405.269, 1558.1889999999999, 387.984, 393.624, 401.041, 391.186, 356.232]] 
RATE (RPS) =====================================: 26

[[1429.955, 1431.317, 1393.663, 1385.241, 1412.301, 1399.5230000000001, 1385.868, 542.486, 529.491, 517.56, 500.432, 519.611, 526.745, 519.853, 487.344, 512.379, 502.641, 463.151, 477.837, 497.317, 458.754, 460.682, 458.574, 462.095, 452.704, 433.817, 443.345, 454.39, 420.744, 442.785, 423.19, 409.959]] 
RATE (RPS) =====================================: 25

[[336.774, 334.011, 346.199, 340.825, 347.93, 381.357, 358.945, 364.833, 357.453, 340.874, 349.861, 356.124, 362.92, 354.062, 354.098, 348.715, 354.149, 345.377, 357.432, 342.217, 341.385, 344.024, 340.662, 333.48, 337.247, 340.455, 338.278, 336.186, 338.536, 344.787, 331.333, 337.029]] 
RATE (RPS) =====================================: 32

[[346.212, 352.118, 355.431, 374.32, 338.824, 366.295, 394.071, 364.724, 352.818, 356.081, 353.428, 350.964, 367.955, 343.524, 364.458, 355.486, 359.789, 357.223, 352.557, 348.259, 393.411, 384.125, 385.403, 371.785, 371.425, 361.392, 354.79, 346.845, 369.566, 362.151, 343.843, 345.28, 339.129]] 
RATE (RPS) =====================================: 33

[[346.673, 350.776, 351.251, 376.686, 373.172, 357.03, 388.783, 358.352, 357.543, 369.805, 378.531, 368.815, 367.852, 363.39, 356.972, 355.002, 347.702, 345.45, 344.892, 349.341, 336.673, 342.583, 345.286, 342.717, 339.112, 339.426, 339.344, 340.657, 331.288, 334.977, 361.511, 347.268, 335.597]] 
RATE (RPS) =====================================: 33

[[342.15, 337.202, 346.865, 339.636, 362.131, 352.778, 353.988, 345.694, 356.921, 342.395, 355.876, 363.924, 340.116, 369.404, 376.34, 363.198, 349.862, 345.373, 349.413, 337.237, 343.855, 338.052, 416.463, 328.245, 397.145, 402.024, 392.949, 389.009, 380.07, 373.974, 369.701, 371.06, 373.442]] 
RATE (RPS) =====================================: 33

[[406.42, 359.444, 368.596, 361.648, 375.877, 378.161, 357.258, 347.921, 353.177, 344.199, 346.063, 347.904, 346.021, 343.084, 344.377, 342.771, 345.408, 342.552, 340.749, 342.592, 341.869, 373.289, 344.696, 365.473, 353.108, 349.511, 360.622, 341.178, 356.163, 354.664, 354.126, 348.483, 345.191]] 
RATE (RPS) =====================================: 33

[[376.124, 398.087, 371.327, 413.94, 411.165, 432.62, 408.034, 486.044, 455.454, 469.161, 413.703, 408.219, 448.842, 422.615, 422.764, 410.33, 412.767, 405.871, 396.381, 399.46, 390.452, 381.29, 382.162, 387.709, 364.004, 368.259, 361.026, 367.041, 346.097, 426.563, 410.761, 418.114, 402.533]] 
RATE (RPS) =====================================: 33

[[379.788, 404.298, 376.744, 374.622, 379.769, 372.382, 366.011, 372.624, 369.502, 370.891, 366.637, 368.595, 363.985, 365.749, 359.791, 359.756, 353.277, 344.883, 339.871, 347.654, 340.696, 354.629, 364.653, 355.238, 366.219, 357.568, 389.775, 366.974, 370.442, 392.235, 374.776, 388.923, 363.841]] 
RATE (RPS) =====================================: 33

[[375.383, 384.917, 370.54, 377.123, 365.583, 366.896, 355.558, 360.214, 359.916, 367.698, 415.984, 348.425, 364.579, 376.379, 374.89, 377.902, 394.835, 376.288, 386.841, 415.877, 390.513, 402.01, 374.776, 403.531, 393.409, 392.191, 389.966, 386.362, 452.469, 443.611, 421.821, 419.573, 412.626]] 
RATE (RPS) =====================================: 33

[[370.192, 350.51, 362.441, 381.749, 398.356, 381.75, 365.105, 368.317, 367.656, 361.219, 355.038, 369.39, 348.525, 341.487, 349.091, 343.757, 341.752, 355.522, 363.428, 358.653, 348.354, 345.401, 340.818, 351.2, 361.149, 374.093, 336.167, 355.07, 355.098, 345.72, 343.727, 336.851, 354.506]] 
RATE (RPS) =====================================: 33

[[361.448, 366.774, 354.998, 359.303, 1385.5439999999999, 418.078, 413.347, 397.874, 398.334, 418.134, 403.235, 389.471, 380.003, 379.484, 377.631, 367.496, 366.831, 387.818, 369.796, 351.473, 352.774, 354.751, 354.686, 359.196, 346.132, 402.388, 342.183, 415.056, 404.35, 401.491, 392.357, 391.692, 373.478]] 
RATE (RPS) =====================================: 32

[[351.994, 348.331, 355.838, 343.583, 348.75, 358.996, 358.367, 381.414, 360.104, 358.794, 368.063, 363.126, 354.503, 356.532, 355.17, 347.8, 343.212, 338.973, 345.062, 339.871, 365.611, 363.519, 343.976, 353.022, 351.613, 442.1, 452.596, 426.613, 421.99, 422.814, 404.251, 394.727, 401.76]] 
RATE (RPS) =====================================: 33

[[358.83, 358.557, 364.368, 363.016, 387.342, 377.536, 362.986, 387.306, 377.699, 380.308, 371.694, 373.173, 369.944, 381.548, 367.439, 387.19, 386.307, 375.599, 388.55, 377.649, 387.876, 371.341, 376.914, 371.603, 437.993, 376.542, 360.58, 377.995, 358.445, 357.051, 364.211, 395.379, 373.207, 378.264]] 
RATE (RPS) =====================================: 34

[[342.73, 349.39, 369.497, 344.768, 334.671, 360.231, 350.495, 354.236, 340.554, 364.397, 356.284, 353.309, 348.353, 356.167, 358.408, 343.16, 367.084, 405.102, 394.442, 402.439, 385.245, 394.519, 379.72, 370.202, 365.811, 393.731, 395.834, 380.017, 379.382, 363.512, 369.649, 362.127, 355.872, 349.264]] 
RATE (RPS) =====================================: 34

[[348.005, 350.345, 366.042, 356.305, 354.148, 368.415, 347.706, 353.771, 377.906, 346.941, 362.826, 359.645, 348.06, 345.64, 370.695, 347.63, 347.828, 351.424, 347.841, 338.765, 337.6, 333.41, 387.034, 356.193, 368.132, 341.588, 356.682, 353.187, 344.613, 340.413, 378.775, 366.444, 363.148, 354.162]] 
RATE (RPS) =====================================: 34

[[340.843, 348.543, 366.012, 358.644, 367.627, 366.475, 340.283, 355.281, 356.084, 358.04, 356.081, 356.022, 355.217, 361.534, 361.214, 357.215, 357.323, 355.268, 353.88, 365.803, 360.126, 355.406, 351.846, 354.274, 350.229, 349.575, 452.764, 346.701, 340.168, 333.15, 431.355, 403.779, 402.787, 384.122]] 
RATE (RPS) =====================================: 34

[[346.819, 351.046, 346.54, 346.294, 343.214, 451.491, 337.612, 347.09, 371.282, 356.771, 357.392, 356.283, 340.389, 353.603, 377.622, 369.545, 376.41, 359.123, 359.724, 349.192, 349.844, 339.612, 359.123, 352.287, 376.787, 360.359, 349.249, 346.559, 350.685, 350.64, 353.979, 338.314, 368.611, 337.28]] 
RATE (RPS) =====================================: 34

[[355.208, 350.711, 341.533, 363.98, 336.787, 345.228, 350.309, 369.831, 355.646, 348.077, 348.159, 344.173, 353.431, 345.75, 342.708, 351.528, 348.995, 351.16, 337.166, 345.626, 338.0, 410.137, 387.931, 382.315, 376.642, 385.874, 377.957, 363.054, 369.122, 359.436, 345.729, 348.985, 344.751, 354.869]] 
RATE (RPS) =====================================: 34

[[338.447, 387.474, 368.991, 360.012, 351.713, 356.08, 357.729, 359.084, 360.632, 350.14, 351.384, 344.597, 345.351, 366.759, 354.675, 360.103, 330.125, 346.331, 335.37, 338.696, 351.706, 333.762, 336.204, 341.817, 340.308, 342.243, 356.509, 339.998, 357.168, 343.148, 345.986, 342.322, 346.996, 332.913]] 
RATE (RPS) =====================================: 34

[[346.44, 356.049, 347.387, 378.076, 361.818, 363.013, 351.378, 371.05, 353.845, 372.801, 362.283, 355.057, 351.778, 370.328, 353.055, 360.474, 358.922, 357.24, 342.325, 347.601, 355.069, 390.328, 391.335, 386.613, 376.166, 379.703, 373.186, 371.959, 369.931, 359.398, 378.669, 349.906, 351.118, 339.984]] 
RATE (RPS) =====================================: 34

[[348.136, 340.219, 343.546, 341.053, 340.434, 340.25, 339.344, 340.212, 341.486, 343.14, 350.913, 360.453, 384.978, 392.465, 368.142, 371.539, 370.493, 391.522, 352.799, 353.816, 354.298, 338.652, 349.238, 343.554, 356.188, 349.317, 352.819, 368.695, 371.644, 354.684, 391.322, 360.844, 348.563, 347.773]] 
RATE (RPS) =====================================: 34

[[341.628, 352.545, 343.327, 341.169, 346.488, 333.367, 348.994, 352.08, 353.932, 385.896, 362.648, 356.923, 381.039, 388.094, 386.285, 374.939, 361.057, 362.862, 366.145, 356.053, 355.224, 433.325, 413.485, 402.897, 399.382, 393.171, 384.029, 382.828, 359.569, 354.471, 358.527, 354.225, 340.554, 422.333]] 
RATE (RPS) =====================================: 34

[[368.918, 392.609, 364.619, 371.324, 378.195, 356.232, 342.932, 345.795, 343.032, 343.002, 345.325, 340.981, 347.382, 352.093, 342.296, 348.639, 342.829, 347.009, 346.593, 349.18, 340.537, 335.196, 353.123, 352.277, 349.058, 364.074, 350.099, 359.504, 351.275, 351.323, 346.226, 355.097, 355.385, 345.064, 346.759]] 
RATE (RPS) =====================================: 35

[[355.288, 346.469, 376.917, 343.771, 355.595, 361.303, 354.929, 354.506, 342.372, 342.687, 356.039, 358.642, 373.831, 363.178, 354.482, 425.989, 433.567, 428.171, 407.157, 421.516, 414.482, 412.899, 390.344, 413.536, 427.102, 408.131, 411.667, 397.918, 390.962, 396.418, 391.504, 405.32, 388.275, 392.062, 388.496]] 
RATE (RPS) =====================================: 35

[[372.049, 363.842, 382.811, 373.323, 362.568, 355.931, 355.735, 359.87, 364.387, 351.926, 354.334, 352.407, 347.954, 349.633, 351.841, 351.571, 345.909, 344.203, 345.023, 346.118, 347.854, 347.565, 343.988, 343.034, 342.223, 353.36, 352.343, 406.293, 393.642, 345.592, 356.539, 364.029, 358.819, 351.413, 348.284]] 
RATE (RPS) =====================================: 35

[[350.355, 344.189, 341.809, 363.92, 352.553, 346.563, 363.975, 345.733, 347.024, 358.189, 362.236, 360.632, 362.545, 365.423, 370.679, 369.263, 368.804, 375.378, 370.91, 370.495, 366.936, 352.578, 350.806, 339.757, 340.303, 396.876, 387.202, 377.354, 372.639, 372.211, 354.382, 392.348, 401.736, 387.25, 352.949]] 
RATE (RPS) =====================================: 35

[[343.942, 356.413, 353.616, 354.144, 356.39, 357.724, 353.194, 347.595, 355.231, 344.128, 346.483, 371.247, 374.507, 343.932, 362.605, 353.309, 350.319, 359.959, 342.316, 351.428, 351.383, 350.42, 355.061, 357.409, 381.994, 340.792, 365.357, 360.77, 355.314, 354.785, 359.955, 355.166, 346.593, 351.607, 366.4]] 
RATE (RPS) =====================================: 35

[[343.967, 348.254, 343.699, 342.408, 359.4, 355.101, 335.215, 372.646, 384.024, 367.693, 366.502, 361.43, 374.351, 367.275, 375.427, 352.16, 365.252, 356.036, 335.125, 352.779, 364.223, 371.495, 368.823, 340.322, 348.941, 354.811, 340.683, 348.659, 345.5, 347.472, 347.462, 343.39, 339.449, 359.539, 333.137]] 
RATE (RPS) =====================================: 35

[[397.335, 391.063, 367.131, 368.636, 351.126, 354.6, 353.618, 354.673, 355.103, 357.896, 354.524, 358.649, 351.589, 362.162, 346.88, 350.834, 360.538, 363.764, 359.974, 364.419, 361.606, 365.025, 363.232, 362.427, 353.637, 349.454, 357.637, 370.308, 353.234, 358.152, 363.98, 345.645, 351.201, 371.526, 353.311]] 
RATE (RPS) =====================================: 35

[[345.269, 346.83, 339.626, 357.251, 349.689, 338.066, 342.665, 346.256, 344.057, 336.418, 338.462, 343.306, 330.606, 371.033, 364.612, 351.686, 333.719, 340.954, 345.011, 331.913, 339.963, 341.631, 339.658, 353.102, 352.709, 339.636, 341.704, 345.976, 336.908, 334.277, 334.635, 339.504, 329.243, 350.989, 336.896]] 
RATE (RPS) =====================================: 35

[[389.087, 387.13, 382.517, 374.291, 372.406, 358.853, 356.357, 360.69, 360.873, 356.516, 364.218, 351.629, 341.693, 345.741, 348.871, 346.518, 353.716, 343.368, 352.728, 346.618, 345.809, 345.885, 345.123, 379.159, 365.573, 330.813, 355.579, 365.146, 363.455, 350.288, 356.893, 354.326, 350.887, 353.675, 354.224]] 
RATE (RPS) =====================================: 35

[[347.433, 335.204, 347.756, 347.88, 339.643, 341.573, 338.602, 339.343, 341.991, 341.344, 344.657, 342.606, 342.255, 343.841, 347.446, 359.77, 359.09, 352.484, 357.316, 351.611, 352.729, 351.509, 348.276, 346.801, 355.737, 354.0, 372.48, 350.537, 352.805, 349.147, 352.938, 349.511, 350.789, 348.769, 341.463]] 
RATE (RPS) =====================================: 35

[[419.024, 404.65, 404.739, 395.349, 398.849, 387.182, 398.476, 387.694, 390.722, 394.864, 389.233, 399.725, 384.278, 400.345, 384.721, 381.417, 382.364, 392.94, 375.652, 380.659, 382.271, 389.856, 371.537, 372.22, 377.635, 366.563, 386.281, 385.468, 368.337, 378.435, 359.784, 366.448, 372.042, 370.525, 374.932, 365.958]] 
RATE (RPS) =====================================: 36

[[364.763, 361.035, 375.517, 398.462, 376.166, 391.849, 389.996, 402.381, 407.073, 392.826, 389.222, 397.867, 401.094, 385.385, 374.081, 387.033, 382.334, 375.507, 376.319, 368.541, 365.276, 358.343, 357.249, 348.383, 345.645, 340.409, 344.583, 339.581, 373.314, 347.389, 363.151, 359.425, 354.963, 362.285, 352.998, 361.848]] 
RATE (RPS) =====================================: 36

[[395.964, 389.007, 384.118, 386.053, 389.094, 383.265, 380.977, 382.029, 380.867, 382.004, 383.433, 379.878, 383.8, 380.965, 388.874, 391.527, 379.471, 383.925, 382.404, 387.312, 390.675, 394.059, 391.8, 377.851, 392.999, 381.266, 387.851, 373.632, 383.77, 364.878, 340.534, 355.305, 363.523, 372.45, 344.569, 346.448]] 
RATE (RPS) =====================================: 36

[[353.731, 364.787, 350.636, 367.133, 348.488, 360.309, 351.146, 346.297, 349.455, 355.341, 336.44, 353.237, 369.208, 351.846, 347.519, 349.17, 348.625, 340.924, 341.561, 336.184, 339.238, 353.844, 334.544, 331.075, 347.523, 332.379, 338.467, 332.748, 329.592, 331.918, 351.477, 336.176, 343.417, 340.838, 352.952, 349.963]] 
RATE (RPS) =====================================: 36

[[388.029, 378.094, 382.344, 362.971, 363.575, 370.457, 374.304, 363.254, 372.694, 371.571, 376.563, 365.444, 378.322, 439.413, 389.24, 387.361, 437.681, 423.837, 434.448, 424.895, 427.271, 428.747, 431.779, 420.582, 416.85, 414.179, 398.188, 377.859, 378.445, 372.209, 368.945, 365.337, 383.92, 426.006, 373.046, 370.937]] 
RATE (RPS) =====================================: 36

[[343.052, 345.529, 345.007, 342.971, 351.553, 349.823, 350.348, 350.572, 348.872, 346.082, 363.797, 359.771, 353.262, 350.833, 369.547, 354.817, 355.697, 353.927, 367.6, 352.984, 350.331, 359.998, 363.439, 352.233, 357.363, 358.687, 368.233, 353.559, 352.469, 352.694, 367.523, 355.337, 355.284, 353.92, 363.485, 367.189]] 
RATE (RPS) =====================================: 36

[[374.063, 373.764, 404.261, 369.92, 376.729, 373.57, 375.609, 356.173, 352.756, 364.802, 348.245, 349.801, 351.127, 438.721, 418.852, 427.001, 426.768, 419.848, 417.855, 410.448, 410.629, 405.578, 400.723, 400.752, 398.747, 402.779, 392.099, 395.146, 405.627, 395.304, 402.492, 407.414, 405.735, 401.84, 403.05, 401.532]] 
RATE (RPS) =====================================: 36

[[352.587, 346.905, 375.96, 368.574, 372.995, 361.971, 365.069, 372.534, 358.752, 359.498, 371.09, 350.369, 375.761, 367.826, 369.555, 362.762, 356.566, 356.962, 358.355, 357.676, 357.329, 362.996, 363.473, 352.642, 356.239, 365.545, 356.459, 364.595, 345.014, 348.005, 354.668, 342.322, 347.76, 353.871, 354.285, 330.635]] 
RATE (RPS) =====================================: 36

[[393.188, 365.665, 381.978, 354.929, 355.974, 362.95, 375.713, 356.931, 351.89, 355.473, 349.326, 349.891, 351.145, 347.69, 348.578, 357.756, 365.423, 349.173, 354.151, 352.098, 350.482, 400.294, 391.821, 386.058, 381.536, 388.891, 375.077, 370.459, 372.168, 370.65, 358.124, 366.003, 357.952, 356.103, 349.966, 352.082]] 
RATE (RPS) =====================================: 36

[[419.158, 404.513, 377.107, 371.128, 378.031, 365.799, 357.047, 376.54, 354.82, 352.203, 416.851, 362.465, 402.088, 410.041, 400.003, 356.207, 391.687, 375.134, 364.693, 368.02, 366.722, 386.836, 385.423, 378.818, 376.163, 375.173, 359.195, 356.578, 347.611, 343.113, 356.96, 340.335, 352.348, 344.449, 347.979, 347.646]] 
RATE (RPS) =====================================: 36

[[395.492, 393.882, 366.542, 356.023, 353.432, 377.706, 363.256, 364.959, 363.826, 370.406, 365.166, 360.912, 354.384, 362.596, 362.405, 345.009, 379.044, 343.737, 391.097, 383.658, 396.129, 424.375, 418.043, 416.078, 397.657, 379.757, 379.112, 376.08, 379.47, 376.662, 371.404, 361.781, 356.779, 398.652, 381.524, 371.449, 381.09]] 
RATE (RPS) =====================================: 37

[[372.999, 370.15, 367.231, 395.859, 397.408, 421.415, 396.385, 442.741, 432.103, 387.522, 415.037, 414.911, 422.312, 425.398, 427.658, 406.276, 418.314, 425.685, 410.888, 407.507, 398.869, 390.833, 386.278, 385.037, 375.269, 378.049, 380.383, 382.072, 355.107, 380.515, 375.204, 367.036, 344.924, 359.727, 355.366, 351.042, 341.538]] 
RATE (RPS) =====================================: 37

[[405.956, 408.708, 424.777, 418.53, 404.116, 398.876, 387.757, 382.226, 388.907, 358.331, 366.516, 362.878, 369.408, 365.691, 471.026, 467.317, 467.207, 470.713, 480.774, 463.938, 453.381, 454.141, 453.733, 445.454, 435.093, 435.0, 429.095, 430.781, 421.757, 418.612, 418.179, 423.592, 403.914, 400.923, 392.012, 389.588, 377.665]] 
RATE (RPS) =====================================: 37

[[376.968, 364.471, 359.315, 352.448, 357.962, 379.543, 370.14, 373.809, 363.405, 365.077, 382.032, 387.826, 350.515, 384.571, 381.438, 365.634, 369.122, 368.0, 358.424, 356.389, 370.781, 351.265, 346.044, 343.309, 392.952, 385.266, 387.385, 372.846, 361.587, 356.405, 357.776, 361.743, 339.044, 354.695, 342.623, 335.463, 364.548]] 
RATE (RPS) =====================================: 37

[[346.818, 348.377, 369.949, 372.733, 366.34, 362.687, 353.835, 360.648, 355.016, 353.124, 417.831, 401.656, 402.732, 399.238, 402.795, 402.624, 399.544, 403.973, 413.095, 394.695, 405.295, 407.91, 402.705, 408.389, 393.842, 403.528, 401.027, 403.77, 404.527, 403.286, 397.714, 399.111, 394.929, 387.152, 387.622, 375.367, 361.162]] 
RATE (RPS) =====================================: 37

[[343.046, 355.161, 380.113, 389.31, 373.804, 372.344, 356.852, 358.933, 366.865, 400.532, 381.909, 355.588, 360.057, 383.004, 358.016, 369.224, 366.147, 368.328, 354.331, 356.273, 364.243, 354.24, 357.724, 368.084, 383.394, 361.893, 376.876, 360.525, 372.413, 362.0, 369.736, 368.199, 363.619, 371.37, 400.253, 374.698, 364.714]] 
RATE (RPS) =====================================: 37

[[331.346, 350.015, 339.255, 412.867, 392.493, 466.188, 419.094, 403.59, 401.064, 396.05, 394.675, 399.805, 393.451, 388.611, 375.613, 381.196, 371.276, 376.913, 355.719, 350.94, 358.701, 349.753, 352.298, 358.849, 368.743, 351.015, 343.767, 354.247, 378.509, 345.495, 347.319, 352.905, 341.378, 351.249, 344.826, 353.02, 344.293]] 
RATE (RPS) =====================================: 37

[[359.551, 342.824, 360.852, 353.261, 343.628, 340.204, 345.329, 338.692, 337.954, 337.037, 401.766, 345.803, 370.65, 347.744, 373.314, 366.38, 359.8, 366.182, 350.731, 348.006, 349.829, 359.563, 339.602, 336.013, 376.027, 334.019, 330.391, 345.61, 352.642, 355.682, 354.822, 330.281, 345.52, 348.493, 349.269, 339.383, 343.157]] 
RATE (RPS) =====================================: 37

[[392.475, 388.967, 404.273, 383.348, 372.591, 383.082, 363.891, 377.437, 371.697, 369.49, 367.148, 368.532, 372.146, 363.325, 349.067, 351.483, 349.614, 344.407, 365.488, 335.126, 353.775, 351.052, 363.727, 402.451, 355.193, 372.348, 399.803, 375.488, 364.187, 342.994, 349.11, 348.817, 374.49, 379.589, 337.754, 363.482, 366.687]] 
RATE (RPS) =====================================: 37

[[371.651, 376.847, 374.599, 389.619, 377.601, 379.54, 376.109, 381.756, 391.527, 373.581, 371.273, 368.326, 364.715, 384.414, 390.784, 401.739, 384.226, 385.307, 385.052, 374.049, 370.19, 371.168, 376.837, 365.782, 368.116, 359.023, 348.309, 351.407, 362.871, 383.308, 372.926, 375.588, 365.889, 371.742, 360.259, 366.542, 351.753]] 
RATE (RPS) =====================================: 37

[[396.416, 401.895, 376.514, 379.031, 382.431, 371.17, 374.394, 370.441, 358.432, 360.461, 365.232, 356.846, 357.516, 352.398, 356.834, 353.014, 350.311, 360.613, 340.364, 354.246, 357.454, 357.519, 357.785, 358.868, 359.956, 360.098, 356.289, 357.777, 355.572, 352.722, 355.69, 356.304, 349.26, 349.475, 359.032, 329.712, 346.697, 339.317]] 
RATE (RPS) =====================================: 38

[[458.19, 352.621, 373.185, 430.569, 411.426, 395.21, 386.899, 380.55, 381.386, 375.079, 372.239, 368.313, 366.64, 361.988, 380.238, 359.87, 375.234, 367.963, 361.796, 353.189, 427.018, 410.852, 413.815, 401.302, 398.369, 409.725, 399.897, 394.935, 393.299, 382.714, 377.006, 364.87, 366.14, 371.321, 366.428, 365.092, 353.147, 351.343]] 
RATE (RPS) =====================================: 38

[[417.058, 427.584, 418.781, 389.295, 398.672, 387.964, 400.684, 382.072, 367.44, 354.965, 361.96, 349.947, 338.974, 346.287, 353.612, 356.167, 357.982, 346.702, 398.263, 406.616, 385.549, 378.453, 379.856, 391.486, 366.928, 384.88, 370.498, 372.534, 363.863, 358.057, 367.411, 378.669, 353.375, 343.022, 385.573, 378.69, 380.067, 363.557]] 
RATE (RPS) =====================================: 38

[[351.849, 358.464, 354.426, 355.011, 353.435, 353.077, 343.081, 351.515, 358.424, 356.344, 350.971, 363.579, 348.804, 348.433, 353.203, 342.484, 346.233, 345.088, 352.638, 359.64, 361.67, 350.549, 353.24, 348.848, 345.226, 346.471, 335.681, 342.618, 351.998, 353.79, 332.275, 342.239, 342.036, 359.248, 353.245, 366.721, 344.914, 344.727]] 
RATE (RPS) =====================================: 38

[[430.642, 417.888, 405.924, 400.492, 401.691, 409.133, 406.461, 387.002, 390.685, 410.605, 404.138, 397.999, 400.447, 391.754, 398.411, 393.257, 378.985, 382.924, 365.045, 368.259, 367.584, 382.052, 378.666, 363.016, 377.772, 434.933, 361.535, 356.95, 347.237, 341.789, 350.091, 386.405, 375.65, 359.66, 351.261, 359.067, 342.424, 352.66]] 
RATE (RPS) =====================================: 38

[[372.504, 363.393, 417.334, 394.532, 410.174, 400.746, 395.909, 397.639, 390.915, 377.962, 369.466, 371.694, 372.433, 365.549, 383.77, 368.95, 378.378, 375.633, 376.126, 364.124, 379.087, 383.313, 349.997, 351.377, 361.956, 355.489, 344.225, 348.138, 350.209, 370.742, 367.336, 353.651, 347.451, 358.153, 339.637, 341.484, 344.663, 337.314]] 
RATE (RPS) =====================================: 38

[[443.642, 380.863, 433.828, 409.336, 371.888, 397.005, 365.166, 358.551, 360.264, 365.534, 356.393, 368.64, 352.043, 343.852, 351.525, 349.327, 350.734, 376.855, 369.612, 363.093, 335.13, 364.03, 370.054, 355.147, 352.824, 346.464, 345.756, 349.02, 339.824, 358.689, 335.238, 347.711, 334.918, 332.614, 331.038, 345.522, 355.239, 335.256]] 
RATE (RPS) =====================================: 38

[[355.446, 349.084, 339.097, 376.553, 370.534, 365.47, 353.668, 366.646, 356.651, 358.968, 361.173, 360.634, 361.311, 353.356, 348.855, 356.605, 347.789, 353.713, 345.101, 347.064, 377.061, 349.634, 361.509, 349.503, 350.485, 355.737, 380.777, 354.281, 349.556, 351.093, 344.828, 349.81, 342.673, 380.557, 333.034, 338.693, 334.744, 366.427]] 
RATE (RPS) =====================================: 38

[[406.388, 405.754, 399.049, 374.502, 371.629, 370.749, 368.085, 356.59, 360.717, 359.427, 354.415, 348.394, 433.094, 341.869, 384.766, 385.033, 378.826, 381.687, 376.094, 372.153, 364.064, 357.024, 357.077, 353.035, 349.928, 346.46, 344.579, 352.819, 346.372, 338.994, 355.126, 346.628, 348.335, 407.552, 422.835, 405.119, 408.104, 384.488]] 
RATE (RPS) =====================================: 38

[[384.773, 371.815, 381.153, 399.278, 365.454, 363.043, 376.178, 372.135, 378.247, 420.823, 423.722, 412.538, 416.021, 403.113, 405.447, 394.502, 376.784, 386.085, 379.567, 373.216, 378.529, 399.689, 398.539, 383.319, 379.692, 373.379, 369.542, 423.054, 369.397, 419.951, 385.53, 411.989, 403.197, 414.366, 396.103, 389.139, 374.994, 452.624]] 
RATE (RPS) =====================================: 38

[[389.394, 350.888, 377.228, 351.992, 360.904, 347.767, 343.821, 357.896, 365.083, 353.619, 354.7, 353.31, 350.618, 348.149, 350.854, 344.136, 395.087, 395.429, 396.245, 386.182, 384.745, 369.954, 369.196, 376.575, 360.555, 351.092, 366.094, 368.281, 364.653, 353.33, 342.303, 342.778, 363.998, 338.269, 377.487, 402.399, 392.462, 396.452, 368.549]] 
RATE (RPS) =====================================: 39

[[397.128, 390.743, 365.08, 354.293, 356.017, 392.152, 375.163, 374.428, 373.47, 370.287, 375.058, 349.983, 369.377, 373.837, 346.007, 365.763, 349.444, 354.925, 420.936, 418.813, 411.682, 402.775, 401.064, 402.916, 384.692, 382.372, 395.708, 365.136, 374.987, 383.245, 343.303, 354.211, 347.604, 352.868, 331.978, 377.494, 370.785, 356.82, 344.061]] 
RATE (RPS) =====================================: 39

[[359.649, 336.752, 342.942, 341.001, 344.901, 339.166, 341.179, 341.965, 349.238, 348.657, 356.005, 346.149, 352.366, 359.096, 353.332, 349.416, 351.741, 348.206, 341.266, 347.186, 365.846, 380.781, 354.114, 351.595, 335.182, 351.87, 351.412, 346.122, 350.981, 333.157, 392.117, 347.077, 343.679, 372.216, 340.82, 340.181, 335.492, 341.468, 330.589]] 
RATE (RPS) =====================================: 39

[[357.317, 363.14, 355.98, 340.428, 348.915, 344.76, 342.77, 440.183, 444.327, 422.992, 434.109, 418.185, 413.588, 409.537, 404.322, 404.743, 399.83, 400.191, 395.12, 392.475, 394.225, 383.004, 384.448, 372.55, 367.928, 376.075, 362.844, 366.167, 358.6, 362.125, 357.92, 356.388, 356.901, 356.455, 339.861, 342.663, 358.203, 364.581, 348.985]] 
RATE (RPS) =====================================: 39

[[351.421, 344.015, 345.231, 377.324, 383.214, 363.614, 382.174, 378.645, 380.97, 384.145, 385.208, 377.767, 374.397, 369.139, 377.47, 363.567, 350.438, 358.333, 360.104, 367.367, 381.446, 360.979, 376.38, 347.415, 359.341, 357.776, 357.938, 369.081, 366.182, 360.54, 372.484, 354.055, 384.343, 375.196, 366.132, 368.876, 369.243, 358.435, 364.195]] 
RATE (RPS) =====================================: 39

[[368.687, 369.227, 381.389, 386.556, 374.525, 361.415, 417.291, 403.9, 500.766, 470.274, 461.421, 451.295, 449.378, 450.871, 449.723, 454.221, 455.631, 448.611, 451.534, 447.505, 447.136, 448.777, 449.654, 442.309, 450.384, 451.3, 453.252, 458.18, 457.958, 460.411, 463.013, 457.924, 454.827, 455.97, 465.916, 458.933, 456.103, 450.594, 437.615]] 
RATE (RPS) =====================================: 39

[[433.597, 404.465, 414.476, 399.811, 407.406, 429.596, 433.782, 406.967, 417.913, 413.877, 395.21, 415.738, 388.765, 397.55, 397.7, 395.411, 397.604, 377.474, 384.065, 386.836, 385.146, 383.992, 391.147, 385.796, 382.978, 368.25, 371.944, 378.313, 361.769, 361.901, 372.693, 375.111, 361.904, 361.982, 368.342, 351.475, 367.494, 379.648, 357.844]] 
RATE (RPS) =====================================: 39

[[347.434, 383.047, 356.806, 342.926, 363.728, 446.282, 362.407, 348.134, 415.697, 408.441, 397.494, 389.073, 387.588, 384.37, 378.529, 392.299, 367.595, 371.134, 378.313, 356.379, 360.239, 359.283, 358.114, 381.595, 396.193, 375.149, 393.326, 372.543, 364.64, 366.171, 362.751, 351.278, 353.2, 347.72, 381.173, 343.138, 368.495, 348.971, 343.308]] 
RATE (RPS) =====================================: 39

[[363.019, 347.187, 368.425, 350.524, 365.019, 387.817, 354.9, 358.675, 369.685, 361.759, 360.687, 377.328, 361.846, 378.664, 382.64, 375.477, 366.327, 377.685, 357.722, 369.694, 354.991, 366.162, 358.773, 358.659, 356.802, 350.965, 374.418, 391.165, 376.968, 368.36, 378.06, 377.064, 364.067, 352.882, 339.593, 339.842, 397.167, 375.528, 355.757]] 
RATE (RPS) =====================================: 39

[[410.498, 392.94, 411.27, 390.052, 393.991, 406.5, 397.209, 379.763, 382.03, 398.219, 385.741, 390.408, 378.851, 380.446, 383.446, 384.531, 367.378, 373.848, 365.485, 361.604, 359.279, 361.712, 361.478, 347.554, 353.997, 349.121, 347.373, 347.023, 347.47, 337.578, 352.582, 363.483, 367.037, 361.267, 347.683, 353.813, 351.564, 344.228, 347.57]] 
RATE (RPS) =====================================: 39

[[366.777, 364.143, 340.782, 341.124, 355.024, 351.449, 359.832, 347.942, 355.107, 357.845, 358.209, 361.022, 357.212, 358.526, 354.808, 364.952, 353.03, 360.817, 360.318, 351.518, 359.229, 355.985, 347.031, 338.426, 346.186, 371.012, 375.088, 379.811, 387.738, 384.022, 357.374, 361.583, 368.593, 347.837, 352.814, 352.802, 348.338, 352.414, 370.316, 348.022]] 
RATE (RPS) =====================================: 40

[[431.047, 425.152, 452.362, 407.883, 401.647, 429.636, 395.418, 395.659, 381.209, 375.206, 378.998, 370.44, 366.15, 362.911, 361.535, 365.115, 361.989, 368.982, 364.567, 376.19, 391.905, 365.82, 379.978, 391.753, 377.912, 384.417, 380.359, 368.743, 355.657, 358.773, 346.152, 354.153, 336.812, 355.047, 335.578, 340.459, 342.825, 344.12, 345.703, 374.015]] 
RATE (RPS) =====================================: 40

[[359.111, 371.124, 359.765, 338.775, 347.267, 341.111, 371.744, 349.727, 387.297, 365.037, 359.904, 361.776, 372.176, 354.021, 353.637, 350.485, 366.832, 350.788, 391.941, 355.039, 368.326, 344.558, 362.41, 354.503, 337.023, 343.727, 342.174, 349.379, 354.796, 352.457, 348.506, 339.733, 344.301, 333.596, 343.185, 352.886, 350.754, 329.041, 332.342, 342.644]] 
RATE (RPS) =====================================: 40

[[406.378, 399.048, 391.897, 386.345, 384.244, 381.454, 376.855, 374.964, 376.57, 378.908, 351.968, 346.444, 350.911, 364.725, 355.634, 369.101, 432.991, 375.074, 363.801, 360.327, 357.674, 362.322, 355.903, 342.465, 345.805, 351.174, 349.289, 340.979, 344.811, 330.264, 341.739, 342.539, 340.846, 339.713, 348.799, 330.806, 341.476, 335.033, 393.923, 339.383]] 
RATE (RPS) =====================================: 40

[[364.953, 412.154, 380.979, 385.007, 356.196, 371.007, 349.417, 343.902, 358.269, 392.938, 356.772, 370.119, 361.087, 358.327, 363.132, 356.16, 350.996, 391.609, 373.833, 338.641, 378.082, 388.099, 363.606, 358.257, 369.443, 366.807, 375.969, 359.096, 350.082, 353.383, 350.233, 349.467, 349.013, 363.425, 359.923, 382.068, 394.161, 454.872, 452.33, 396.61]] 
RATE (RPS) =====================================: 40

[[392.82, 390.417, 431.354, 397.813, 410.034, 389.656, 394.045, 370.914, 374.883, 432.292, 395.215, 395.807, 398.865, 400.782, 417.624, 410.909, 394.581, 389.835, 393.02, 394.302, 386.368, 444.732, 411.406, 429.723, 403.881, 399.993, 388.702, 396.003, 402.984, 405.281, 398.293, 399.953, 389.674, 386.242, 433.009, 382.471, 397.177, 427.344, 409.995, 397.239]] 
RATE (RPS) =====================================: 40

[[495.332, 492.703, 550.42, 507.993, 506.424, 537.2, 515.314, 518.197, 517.626, 523.621, 503.465, 503.92, 509.072, 496.038, 502.155, 506.299, 481.03, 480.545, 476.672, 478.809, 461.478, 466.642, 467.19, 444.591, 443.698, 450.867, 429.194, 431.692, 431.083, 424.826, 459.105, 414.845, 407.973, 413.542, 411.879, 383.006, 385.318, 469.531, 413.973, 409.702]] 
RATE (RPS) =====================================: 40

[[349.211, 376.558, 342.713, 351.662, 355.002, 363.231, 365.152, 351.438, 354.482, 355.395, 352.795, 355.327, 363.511, 350.9, 340.903, 345.558, 342.348, 335.4, 347.388, 359.398, 342.697, 339.447, 355.489, 337.071, 339.625, 349.916, 341.339, 339.891, 340.912, 338.131, 337.795, 337.175, 354.071, 344.092, 349.488, 357.43, 343.687, 353.308, 343.363, 340.653]] 
RATE (RPS) =====================================: 40

[[340.399, 364.201, 349.592, 381.097, 343.446, 353.09, 374.883, 424.091, 406.198, 422.888, 402.338, 404.691, 395.532, 372.961, 361.603, 358.901, 363.829, 359.814, 362.548, 365.062, 361.108, 356.556, 354.056, 356.606, 359.301, 356.753, 353.183, 352.989, 354.497, 355.68, 358.662, 353.746, 349.647, 359.451, 341.784, 363.714, 349.096, 345.531, 349.073, 333.564]] 
RATE (RPS) =====================================: 40

[[335.597, 352.22, 344.629, 344.669, 358.624, 356.947, 359.283, 361.507, 364.57, 368.394, 379.7, 338.556, 343.904, 362.838, 355.41, 358.019, 359.345, 364.799, 361.089, 348.006, 353.968, 347.888, 349.303, 349.505, 360.588, 353.461, 348.097, 342.412, 372.16, 337.098, 354.267, 385.732, 353.676, 351.771, 335.535, 344.152, 343.581, 346.335, 349.289, 339.068]] 
RATE (RPS) =====================================: 40

[[423.645, 408.012, 349.08, 404.026, 358.083, 342.851, 382.629, 346.881, 363.722, 364.526, 366.441, 397.623, 387.774, 402.222, 414.186, 384.479, 415.187, 397.186, 396.726, 373.131, 413.362, 398.962, 369.457, 392.544, 394.835, 395.524, 391.094, 386.121, 400.316, 380.657, 375.592, 390.037, 366.192, 371.672, 376.191, 376.162, 375.096, 370.502, 376.948, 375.05, 371.944, 364.55, 407.702, 417.765, 395.245]] 
RATE (RPS) =====================================: 45

[[371.571, 363.574, 357.702, 401.255, 350.102, 394.425, 367.083, 388.547, 377.724, 382.142, 371.567, 382.041, 368.166, 375.923, 378.012, 371.848, 369.035, 372.426, 363.829, 383.302, 369.977, 354.421, 351.598, 363.265, 366.593, 361.928, 371.054, 366.495, 358.305, 337.015, 391.402, 368.418, 374.258, 360.089, 379.39, 361.165, 366.719, 361.771, 387.072, 350.487, 376.916, 375.813, 341.93, 349.363, 355.059]] 
RATE (RPS) =====================================: 45

[[385.213, 380.9, 380.644, 380.316, 380.831, 377.048, 363.322, 390.563, 386.324, 390.061, 376.615, 381.45, 378.315, 381.149, 377.575, 380.265, 376.561, 378.053, 368.476, 379.168, 365.987, 370.573, 371.162, 371.129, 369.408, 367.614, 364.88, 371.406, 375.181, 368.718, 361.495, 366.14, 378.913, 370.118, 358.604, 351.21, 360.789, 365.642, 366.191, 371.587, 367.401, 364.291, 370.536, 369.266, 367.606]] 
RATE (RPS) =====================================: 45

[[353.591, 348.623, 337.765, 353.01, 347.507, 352.007, 344.179, 349.437, 347.841, 358.396, 355.384, 356.428, 358.581, 355.391, 351.312, 355.457, 355.497, 364.629, 356.003, 352.274, 355.336, 351.711, 351.179, 385.796, 358.073, 354.47, 366.675, 352.614, 336.111, 351.815, 343.024, 342.408, 340.658, 372.851, 366.028, 371.058, 358.838, 347.405, 348.387, 349.61, 348.726, 348.018, 346.241, 348.727, 348.322]] 
RATE (RPS) =====================================: 45

[[457.947, 366.821, 423.175, 405.624, 400.276, 387.704, 386.521, 395.444, 379.375, 373.689, 364.866, 385.758, 367.729, 368.347, 361.744, 374.057, 349.225, 344.212, 374.987, 372.788, 374.381, 355.874, 361.426, 338.341, 336.137, 344.843, 345.222, 330.93, 343.714, 358.774, 350.549, 342.117, 361.859, 354.061, 337.894, 352.414, 337.669, 383.758, 384.368, 375.756, 362.753, 385.676, 364.913, 345.578, 340.226]] 
RATE (RPS) =====================================: 45

[[376.53, 333.875, 367.018, 365.755, 363.479, 377.21, 389.889, 425.566, 381.261, 374.031, 364.663, 385.618, 365.243, 364.662, 369.502, 355.134, 351.386, 380.811, 356.088, 363.907, 365.87, 359.813, 357.68, 368.385, 352.407, 372.788, 395.191, 364.02, 365.587, 356.65, 364.882, 383.958, 374.315, 349.23, 355.26, 383.362, 373.781, 349.811, 355.125, 363.0, 359.529, 367.733, 343.467, 387.399, 361.343]] 
RATE (RPS) =====================================: 45

[[424.208, 423.832, 409.442, 410.143, 401.66, 396.212, 400.651, 390.941, 390.724, 392.545, 457.679, 392.575, 386.585, 379.886, 388.477, 365.926, 366.074, 370.829, 396.995, 387.092, 362.808, 367.159, 364.92, 360.999, 381.269, 367.443, 358.268, 359.948, 367.922, 361.513, 384.692, 350.846, 391.583, 356.315, 360.293, 351.985, 354.01, 343.953, 349.132, 355.281, 364.373, 356.79, 358.956, 354.581, 358.707]] 
RATE (RPS) =====================================: 45

[[369.472, 355.999, 375.641, 363.843, 357.678, 406.753, 403.153, 349.112, 357.639, 371.711, 384.075, 372.531, 378.52, 363.239, 379.536, 368.917, 377.052, 365.701, 359.767, 367.862, 369.303, 411.606, 387.452, 353.782, 354.214, 365.647, 369.647, 359.36, 355.114, 387.852, 378.828, 371.677, 372.364, 366.246, 370.243, 367.684, 359.693, 443.81, 408.962, 425.608, 383.586, 385.086, 346.158, 351.193, 348.744]] 
RATE (RPS) =====================================: 45

[[375.949, 348.8, 388.89, 367.81, 383.409, 345.223, 357.414, 340.419, 341.314, 344.68, 343.74, 347.116, 349.209, 356.127, 347.765, 354.101, 352.986, 349.456, 345.923, 352.97, 353.441, 350.857, 354.438, 358.935, 356.757, 358.594, 359.9, 343.119, 380.51, 373.118, 386.925, 366.957, 357.717, 371.836, 342.421, 356.157, 346.344, 366.759, 383.196, 370.139, 352.61, 363.392, 357.514, 334.116, 354.846]] 
RATE (RPS) =====================================: 45

[[359.177, 381.475, 406.541, 385.871, 374.951, 372.27, 376.884, 379.658, 395.015, 394.874, 473.542, 376.175, 362.467, 423.76, 460.134, 418.497, 422.333, 427.811, 405.242, 394.299, 414.676, 400.318, 385.104, 395.534, 398.353, 394.971, 394.576, 394.894, 403.334, 403.71, 391.827, 397.43, 397.953, 397.653, 400.883, 395.499, 392.185, 404.22, 388.489, 390.62, 391.974, 389.015, 384.993, 435.295, 379.76]] 
RATE (RPS) =====================================: 45

[[350.796, 367.365, 363.482, 395.644, 399.742, 363.446, 368.855, 366.052, 372.953, 373.935, 342.158, 354.26, 384.816, 383.968, 378.735, 395.745, 363.724, 356.496, 383.918, 381.391, 411.388, 380.885, 369.533, 367.008, 379.988, 355.536, 362.045, 371.111, 353.574, 455.334, 481.603, 380.42, 380.789, 393.131, 356.853, 381.841, 366.613, 395.654, 352.393, 366.672, 356.417, 367.361, 368.275, 370.728, 355.106, 367.12, 352.139, 407.59, 384.187, 365.522]] 
RATE (RPS) =====================================: 50

[[425.767, 410.585, 405.075, 386.781, 399.439, 407.301, 396.336, 372.029, 385.069, 372.368, 376.696, 368.265, 376.889, 374.357, 381.22, 395.168, 418.05, 389.043, 407.076, 392.907, 390.917, 386.106, 390.233, 398.921, 388.994, 379.788, 381.551, 373.657, 360.955, 364.885, 363.939, 377.109, 358.295, 372.572, 413.365, 377.712, 408.422, 382.106, 385.066, 386.756, 386.696, 377.056, 362.443, 374.091, 369.428, 358.812, 337.868, 338.302, 334.155, 342.874]] 
RATE (RPS) =====================================: 50

[[340.95, 347.807, 380.088, 346.495, 347.759, 351.464, 349.137, 369.289, 356.321, 341.479, 343.229, 350.646, 369.03, 354.408, 357.481, 343.727, 342.223, 379.923, 406.328, 350.828, 355.578, 383.913, 364.734, 367.052, 363.538, 358.522, 363.129, 375.69, 357.678, 358.933, 351.43, 370.974, 356.351, 354.043, 346.857, 415.223, 412.554, 417.294, 396.823, 369.687, 354.591, 361.224, 368.988, 364.2, 440.324, 338.918, 341.544, 378.955, 396.133, 391.805]] 
RATE (RPS) =====================================: 50

[[355.904, 365.698, 355.716, 359.874, 393.865, 399.878, 367.352, 351.779, 379.443, 359.566, 361.24, 359.999, 360.172, 349.015, 344.926, 363.651, 363.487, 355.396, 360.298, 342.68, 352.641, 357.113, 363.297, 350.189, 363.347, 359.014, 361.551, 360.161, 345.174, 356.724, 356.923, 353.239, 340.279, 419.239, 381.386, 366.765, 337.025, 377.015, 345.261, 386.445, 389.149, 359.414, 379.289, 398.985, 352.969, 350.081, 345.972, 391.012, 380.112, 374.077]] 
RATE (RPS) =====================================: 50

[[416.292, 398.944, 413.703, 412.936, 465.637, 410.587, 462.101, 438.467, 391.836, 425.045, 419.43, 420.12, 388.85, 374.889, 372.722, 381.24, 372.453, 374.676, 359.926, 351.603, 354.775, 355.169, 338.253, 348.504, 371.49, 360.232, 364.696, 371.075, 358.517, 366.772, 361.148, 364.64, 373.749, 371.204, 368.865, 363.658, 356.281, 352.37, 349.441, 355.23, 336.33, 369.098, 374.365, 361.671, 336.112, 364.631, 344.835, 372.222, 368.875, 339.659]] 
RATE (RPS) =====================================: 50

[[375.917, 361.116, 399.222, 371.063, 362.152, 362.161, 347.87, 353.253, 349.512, 343.059, 376.163, 394.242, 359.772, 385.02, 374.588, 368.692, 374.939, 360.891, 371.013, 370.327, 357.611, 377.038, 352.237, 481.507, 359.08, 463.117, 463.538, 466.162, 442.333, 431.071, 431.472, 431.432, 430.404, 412.434, 414.226, 401.826, 408.893, 372.696, 365.914, 361.122, 349.319, 351.648, 358.261, 337.824, 355.841, 332.491, 334.319, 352.205, 345.818, 339.74]] 
RATE (RPS) =====================================: 50

[[346.419, 348.924, 373.13, 349.613, 359.328, 366.355, 348.791, 348.192, 351.545, 335.735, 341.32, 373.777, 351.559, 386.03, 367.19, 352.187, 380.79, 378.716, 363.71, 357.111, 367.906, 362.588, 359.0, 358.204, 369.417, 373.189, 345.368, 368.852, 364.469, 382.909, 386.52, 371.22, 361.099, 366.288, 360.274, 408.598, 386.142, 360.042, 347.219, 336.187, 346.85, 340.984, 333.343, 331.34, 332.191, 328.523, 335.181, 404.283, 355.281, 364.375]] 
RATE (RPS) =====================================: 50

[[403.563, 412.768, 453.884, 397.596, 425.945, 388.047, 411.5, 388.886, 375.22, 386.834, 372.423, 360.313, 348.414, 363.255, 369.34, 363.059, 361.173, 354.776, 358.573, 409.581, 381.876, 358.015, 424.312, 369.127, 339.418, 374.315, 376.205, 386.316, 380.882, 365.871, 372.436, 386.902, 366.878, 361.035, 360.23, 376.817, 352.365, 365.739, 366.645, 353.627, 352.63, 436.696, 450.524, 339.678, 384.83, 373.846, 343.593, 377.585, 358.681, 335.501]] 
RATE (RPS) =====================================: 50

[[348.664, 348.991, 389.215, 349.214, 397.254, 389.459, 379.304, 362.823, 347.226, 355.618, 359.566, 372.002, 357.923, 362.431, 350.004, 352.83, 375.781, 365.011, 362.544, 359.398, 364.482, 362.395, 370.299, 361.372, 897.187, 899.392, 878.692, 875.453, 869.733, 866.373, 863.625, 858.675, 857.907, 858.096, 849.236, 924.761, 904.354, 900.41, 898.263, 890.414, 898.361, 866.878, 835.153, 833.169, 823.135, 788.411, 746.89, 731.993, 730.587, 721.198]] 
RATE (RPS) =====================================: 50

[[369.738, 346.279, 361.844, 395.281, 362.462, 389.399, 384.415, 373.418, 384.417, 388.013, 412.142, 401.046, 412.042, 415.644, 401.054, 413.951, 402.645, 396.475, 408.416, 412.959, 390.849, 390.007, 393.873, 392.52, 403.015, 400.35, 393.929, 379.509, 386.238, 366.155, 371.577, 361.586, 372.505, 389.898, 393.186, 383.372, 368.774, 363.608, 418.528, 381.093, 401.987, 383.531, 378.319, 404.28, 375.665, 416.49, 385.271, 416.741, 373.133, 359.298]] 
RATE (RPS) =====================================: 50

[[416.505, 393.545, 384.249, 403.898, 392.859, 384.722, 397.555, 385.143, 425.415, 390.933, 401.005, 392.96, 385.916, 378.995, 378.733, 388.077, 390.324, 418.206, 407.617, 393.719, 380.619, 370.073, 360.814, 413.821, 371.902, 369.999, 374.313, 362.611, 375.624, 370.06, 368.108, 355.798, 381.887, 379.148, 378.052, 378.015, 371.157, 384.833, 365.807, 376.706, 392.003, 379.477, 371.94, 349.309, 360.181, 358.268, 411.131, 357.415, 357.556, 382.797, 350.76, 352.721, 363.718, 366.553, 345.697]] 
RATE (RPS) =====================================: 55

[[347.727, 402.721, 383.264, 339.296, 346.189, 368.877, 435.078, 429.316, 402.994, 454.279, 405.569, 409.831, 415.096, 408.443, 392.421, 379.271, 386.768, 385.048, 378.225, 395.2, 387.522, 386.736, 405.075, 386.466, 381.194, 384.182, 392.835, 360.29, 352.054, 350.521, 431.154, 427.933, 415.64, 407.597, 420.718, 395.401, 409.386, 388.74, 464.969, 450.573, 422.121, 435.16, 425.606, 427.162, 419.79, 424.292, 411.712, 420.695, 373.338, 367.343, 364.898, 347.173, 342.615, 379.525, 334.03]] 
RATE (RPS) =====================================: 55

[[361.331, 351.043, 472.022, 394.566, 450.235, 360.508, 365.21, 362.381, 418.775, 354.801, 398.492, 381.109, 393.974, 365.611, 357.461, 357.961, 357.558, 369.677, 366.18, 358.434, 350.984, 363.617, 350.781, 362.647, 350.982, 371.222, 360.922, 365.471, 380.869, 380.464, 370.399, 374.092, 387.599, 357.078, 363.247, 374.208, 368.705, 360.736, 351.568, 374.098, 354.093, 353.422, 366.519, 359.28, 351.738, 351.453, 383.055, 376.957, 362.908, 375.787, 393.103, 354.731, 354.313, 347.497, 341.392]] 
RATE (RPS) =====================================: 55

[[404.755, 388.791, 389.596, 375.836, 372.644, 376.016, 394.597, 376.468, 363.563, 368.62, 354.101, 357.631, 422.877, 370.781, 420.015, 395.305, 395.857, 376.653, 359.391, 357.092, 363.399, 359.597, 346.756, 351.768, 362.731, 363.854, 363.938, 366.354, 357.082, 347.008, 351.828, 398.337, 394.068, 385.507, 388.989, 380.743, 376.656, 387.226, 374.222, 379.46, 379.155, 382.027, 382.421, 388.298, 407.068, 399.186, 362.676, 334.537, 399.329, 404.119, 340.68, 340.432, 342.996, 330.842, 345.909]] 
RATE (RPS) =====================================: 55

[[403.877, 360.241, 385.831, 348.986, 357.654, 383.196, 359.877, 363.557, 353.564, 349.448, 349.448, 343.949, 375.813, 356.504, 370.224, 385.936, 354.257, 393.514, 383.54, 453.379, 443.228, 437.983, 463.017, 452.374, 440.54, 427.668, 426.139, 421.838, 426.451, 424.257, 442.411, 434.955, 413.394, 418.866, 416.434, 412.197, 452.25, 421.55, 421.061, 373.142, 376.734, 344.368, 382.874, 347.733, 338.116, 374.73, 401.988, 346.659, 353.956, 350.982, 333.954, 374.495, 364.438, 364.651, 373.467]] 
RATE (RPS) =====================================: 55

[[349.891, 349.959, 422.445, 398.083, 362.659, 378.067, 371.664, 360.608, 354.89, 357.948, 358.541, 357.695, 356.352, 355.45, 341.213, 381.04, 360.2, 385.962, 359.203, 386.394, 392.775, 335.289, 376.334, 361.865, 361.655, 363.943, 353.632, 347.628, 346.65, 343.316, 352.178, 344.399, 352.027, 344.917, 345.896, 346.025, 342.097, 342.751, 352.869, 350.702, 356.38, 377.453, 385.483, 361.284, 354.726, 360.419, 348.585, 358.724, 372.742, 349.251, 331.711, 462.326, 435.327, 409.213, 391.065]] 
RATE (RPS) =====================================: 55

[[348.106, 346.832, 371.493, 368.746, 348.381, 345.102, 352.014, 345.112, 358.097, 384.33, 355.254, 362.967, 362.273, 355.393, 353.53, 354.62, 356.821, 348.847, 358.205, 337.484, 348.509, 353.458, 346.765, 349.558, 342.343, 347.691, 344.374, 345.519, 345.073, 345.031, 340.124, 338.587, 342.103, 346.453, 350.021, 341.912, 343.003, 343.716, 355.066, 343.208, 338.958, 358.372, 346.363, 347.675, 355.681, 341.085, 341.822, 344.89, 342.865, 343.391, 339.728, 334.76, 330.236, 353.945, 347.485]] 
RATE (RPS) =====================================: 55

[[341.976, 375.503, 359.658, 367.481, 359.908, 369.394, 428.587, 356.873, 367.766, 362.898, 356.405, 354.331, 380.9, 374.477, 372.126, 364.359, 346.274, 433.274, 415.387, 402.538, 396.575, 390.916, 381.253, 380.022, 377.804, 390.345, 365.899, 364.222, 363.185, 355.999, 353.805, 358.275, 359.391, 363.101, 350.466, 361.134, 354.939, 349.797, 355.527, 349.918, 355.313, 354.507, 399.855, 342.382, 380.82, 365.352, 405.89, 404.791, 365.595, 341.638, 344.656, 339.112, 339.318, 341.452, 333.24]] 
RATE (RPS) =====================================: 55

[[358.687, 358.302, 368.366, 364.417, 389.089, 379.006, 391.697, 376.829, 366.174, 366.757, 378.373, 356.485, 351.692, 375.497, 364.732, 398.929, 396.014, 383.334, 384.968, 399.602, 372.795, 375.041, 365.951, 365.268, 351.471, 391.883, 389.163, 406.308, 397.846, 370.287, 372.185, 350.62, 371.275, 354.464, 358.348, 361.625, 356.896, 353.345, 470.681, 345.893, 460.114, 366.729, 338.452, 402.196, 382.71, 388.259, 350.176, 355.33, 414.499, 448.612, 379.613, 411.833, 361.018, 428.119, 398.293]] 
RATE (RPS) =====================================: 55

[[374.948, 378.863, 361.358, 369.536, 362.241, 910.721, 1321.644, 1106.063, 399.431, 2223.198, 384.74, 399.231, 370.181, 1105.201, 445.356, 394.151, 1717.542, 426.938, 388.792, 395.868, 401.286, 1056.122, 860.844, 2154.11, 385.487, 1138.759, 2124.762, 1305.37, 1292.883, 2487.493, 1411.4569999999999, 593.357, 2139.983, 1366.3980000000001, 1186.3220000000001, 1106.709, 401.0, 1433.713, 1390.0729999999999, 1433.141, 1396.443, 377.476, 481.888, 1438.55, 439.65, 1386.135, 382.042, 390.099, 1381.129, 1377.1309999999999, 1428.387, 422.841, 1131.4859999999999, 610.792, 919.916]] 
RATE (RPS) =====================================: 28

[[342.396, 368.297, 342.939, 355.892, 344.836, 411.422, 358.62, 363.805, 342.027, 346.647, 360.208, 372.318, 362.535, 353.927, 359.121, 359.397, 365.884, 368.512, 350.374, 388.936, 365.762, 379.933, 457.869, 353.596, 393.715, 424.078, 409.904, 397.867, 376.748, 389.446, 378.056, 365.049, 359.602, 381.81, 370.02, 337.988, 394.246, 352.323, 368.999, 357.805, 346.856, 361.55, 363.323, 377.026, 359.949, 382.758, 362.545, 340.799, 353.891, 353.389, 347.8, 347.369, 384.486, 375.093, 364.488, 374.441, 350.018, 362.699, 343.87, 332.603]] 
RATE (RPS) =====================================: 60

[[399.645, 401.798, 439.447, 430.6, 415.782, 409.366, 417.967, 380.56, 390.26, 366.301, 387.031, 371.358, 389.211, 376.294, 379.067, 363.013, 391.2, 383.919, 378.247, 426.625, 362.744, 422.364, 396.383, 386.436, 373.963, 385.687, 371.227, 372.65, 371.665, 360.189, 372.328, 374.312, 362.157, 357.003, 356.344, 367.176, 369.269, 353.981, 370.756, 413.212, 428.08, 406.295, 347.305, 355.91, 349.128, 395.832, 393.803, 390.424, 365.189, 343.182, 348.939, 346.807, 346.373, 347.982, 370.594, 362.896, 351.056, 345.312, 346.771, 343.186]] 
RATE (RPS) =====================================: 60

[[357.622, 365.436, 385.809, 380.531, 380.577, 419.143, 365.999, 373.997, 378.437, 484.679, 472.662, 421.105, 440.22, 432.579, 419.311, 401.194, 414.176, 375.347, 403.135, 395.2, 382.399, 370.85, 417.22, 367.657, 382.927, 383.005, 392.984, 369.053, 390.114, 363.16, 369.528, 358.851, 365.853, 440.554, 429.684, 445.136, 428.987, 429.368, 419.902, 405.257, 417.934, 446.091, 384.479, 480.422, 365.347, 475.941, 466.738, 402.302, 391.108, 474.773, 445.108, 391.545, 357.84, 341.094, 384.919, 368.084, 341.646, 367.021, 381.05, 351.434]] 
RATE (RPS) =====================================: 60

[[346.036, 362.594, 371.068, 358.002, 367.822, 362.792, 385.415, 370.135, 378.948, 395.096, 372.239, 364.597, 395.273, 384.088, 412.558, 398.991, 391.993, 382.122, 405.665, 366.965, 412.296, 384.547, 403.282, 396.518, 380.488, 384.097, 370.418, 358.016, 377.497, 382.182, 370.521, 375.725, 370.824, 370.826, 408.527, 406.463, 397.286, 383.731, 370.552, 444.878, 430.273, 411.517, 493.232, 467.279, 436.084, 349.84, 405.247, 421.146, 401.452, 368.957, 395.551, 394.456, 379.857, 365.976, 365.512, 408.157, 400.515, 413.448, 406.382, 395.62]] 
RATE (RPS) =====================================: 60

[[387.043, 359.914, 361.254, 360.706, 356.134, 368.988, 378.616, 377.344, 360.261, 361.851, 369.245, 358.401, 363.931, 370.491, 354.892, 359.857, 368.964, 368.343, 356.18, 370.691, 363.207, 354.33, 409.091, 398.595, 365.782, 347.41, 359.939, 378.315, 394.793, 373.864, 367.967, 387.677, 353.174, 360.891, 351.431, 350.719, 346.908, 349.239, 342.122, 339.258, 387.225, 371.527, 334.016, 369.461, 381.018, 350.201, 348.666, 338.837, 332.995, 354.587, 336.41, 329.949, 337.769, 333.597, 334.306, 339.682, 328.616, 353.334, 421.569, 400.147]] 
RATE (RPS) =====================================: 60

[[350.064, 344.597, 349.417, 365.048, 381.698, 380.451, 382.383, 370.729, 420.504, 350.451, 359.884, 397.843, 386.179, 372.412, 345.931, 356.472, 435.396, 393.177, 356.144, 379.588, 391.399, 387.124, 369.891, 380.388, 374.172, 359.819, 416.521, 436.935, 414.222, 389.429, 401.8, 399.91, 425.808, 410.356, 376.11, 380.692, 418.852, 502.038, 436.253, 468.546, 431.021, 419.775, 391.584, 434.561, 415.255, 407.333, 430.866, 417.63, 400.71, 406.86, 391.083, 446.593, 436.465, 399.364, 398.199, 395.707, 422.131, 407.276, 392.206, 382.139]] 
RATE (RPS) =====================================: 60

[[460.412, 465.85, 437.101, 437.562, 452.396, 422.251, 432.154, 419.656, 419.63, 397.107, 408.378, 412.935, 408.315, 409.705, 404.666, 411.65, 401.762, 397.87, 410.344, 396.379, 394.24, 391.958, 390.854, 398.275, 374.729, 369.544, 384.42, 380.874, 382.353, 383.662, 383.585, 381.459, 381.376, 382.545, 387.393, 387.884, 393.616, 379.834, 389.932, 387.449, 387.884, 390.457, 387.313, 393.858, 383.619, 384.981, 387.819, 384.086, 387.508, 386.744, 384.004, 384.586, 388.257, 380.169, 392.062, 396.019, 408.164, 417.844, 416.579, 422.859]] 
RATE (RPS) =====================================: 60

[[347.988, 358.591, 352.72, 349.977, 341.97, 373.233, 355.782, 366.826, 366.54, 364.13, 359.987, 364.611, 363.139, 350.832, 374.812, 372.892, 371.809, 346.595, 351.211, 354.163, 347.441, 384.704, 353.0, 348.876, 355.092, 360.709, 350.161, 356.84, 373.123, 362.111, 354.372, 386.552, 353.202, 347.683, 447.338, 346.19, 485.427, 480.187, 488.388, 361.829, 432.918, 421.987, 413.959, 413.732, 408.697, 398.684, 416.906, 404.391, 398.792, 399.448, 377.547, 364.85, 362.974, 377.295, 347.87, 365.526, 375.291, 343.77, 339.438, 341.727]] 
RATE (RPS) =====================================: 60

[[372.427, 364.289, 374.999, 384.803, 376.051, 372.477, 365.848, 384.989, 362.127, 388.727, 378.717, 371.136, 428.36, 411.762, 412.103, 400.354, 385.641, 388.711, 412.967, 376.732, 386.343, 390.378, 401.672, 373.348, 384.477, 371.048, 370.841, 376.799, 364.143, 355.265, 364.758, 373.35, 371.423, 364.92, 358.133, 370.797, 373.666, 366.484, 353.264, 382.29, 369.197, 380.421, 367.539, 368.723, 416.945, 381.526, 349.834, 390.334, 382.34, 379.088, 352.168, 377.139, 371.195, 357.334, 352.421, 384.364, 387.398, 374.004, 413.84, 383.709]] 
RATE (RPS) =====================================: 60

[[441.849, 395.996, 438.501, 423.759, 413.782, 405.229, 400.14, 398.366, 391.5, 377.274, 387.765, 392.59, 366.129, 384.188, 375.223, 383.704, 381.445, 392.394, 397.153, 412.693, 409.307, 405.629, 395.964, 428.861, 404.135, 418.431, 420.761, 396.606, 399.315, 401.282, 401.676, 406.052, 397.123, 432.59, 372.199, 424.95, 412.351, 384.714, 381.327, 382.593, 406.582, 399.914, 398.204, 392.758, 383.368, 411.489, 450.077, 376.481, 373.193, 348.685, 382.571, 388.495, 385.798, 376.691, 370.394, 391.266, 358.315, 349.876, 362.198, 357.271]] 
RATE (RPS) =====================================: 60

[[363.8, 360.377, 370.232, 339.931, 348.521, 366.034, 374.836, 363.939, 356.615, 390.236, 386.888, 369.133, 373.354, 377.009, 368.492, 368.717, 364.482, 379.868, 360.412, 354.474, 368.869, 358.621, 352.686, 356.433, 372.683, 356.941, 344.469, 358.364, 344.037, 407.253, 403.714, 400.84, 396.805, 392.171, 401.71, 388.482, 391.551, 397.397, 397.341, 396.682, 391.778, 391.283, 386.654, 388.373, 389.443, 392.401, 388.415, 392.701, 392.911, 377.287, 385.858, 374.917, 378.025, 360.005, 348.75, 350.363, 352.456, 350.802, 353.509, 359.804, 344.219, 348.978, 366.943, 349.697, 358.869]] 
RATE (RPS) =====================================: 65

[[358.15, 367.995, 367.597, 363.899, 366.181, 362.32, 363.558, 379.979, 375.971, 377.335, 378.89, 373.862, 370.78, 377.481, 377.944, 374.264, 371.43, 383.604, 365.228, 379.817, 372.17, 371.644, 370.011, 376.225, 381.502, 375.858, 358.823, 377.469, 365.252, 394.347, 387.04, 395.502, 378.488, 384.477, 383.434, 380.872, 377.193, 375.766, 376.188, 355.573, 353.404, 355.986, 355.154, 355.566, 345.02, 366.485, 350.167, 365.054, 371.038, 391.293, 354.599, 360.276, 341.468, 341.698, 341.491, 335.854, 342.574, 344.718, 339.311, 337.526, 337.62, 358.117, 340.52, 353.821, 337.332]] 
RATE (RPS) =====================================: 65

[[418.859, 404.682, 406.329, 424.199, 379.352, 380.935, 382.503, 390.911, 373.419, 377.213, 371.586, 364.208, 352.599, 354.795, 351.738, 359.562, 375.423, 360.446, 360.315, 372.868, 367.24, 381.935, 371.46, 359.528, 383.888, 379.879, 357.021, 372.102, 373.748, 380.572, 339.852, 360.961, 378.699, 356.514, 350.683, 359.694, 362.275, 353.034, 357.084, 354.84, 366.07, 365.597, 362.02, 364.332, 362.632, 370.681, 377.169, 412.177, 401.376, 398.087, 351.299, 346.596, 377.912, 346.241, 365.859, 349.439, 375.72, 370.86, 341.133, 366.598, 349.756, 376.38, 385.409, 346.048, 341.509]] 
RATE (RPS) =====================================: 65

[[378.763, 360.932, 361.46, 367.821, 373.784, 396.02, 361.216, 355.048, 353.374, 388.935, 356.603, 376.349, 353.794, 363.124, 372.497, 373.593, 438.765, 433.441, 511.76, 431.479, 428.11, 419.622, 443.076, 426.426, 407.229, 370.777, 400.951, 424.349, 414.97, 398.142, 397.205, 372.834, 389.233, 380.367, 376.956, 374.429, 369.851, 369.264, 363.886, 378.956, 414.645, 353.481, 380.009, 344.829, 361.719, 360.911, 353.673, 356.585, 346.944, 364.85, 359.695, 351.243, 340.973, 353.136, 352.061, 346.279, 435.959, 420.933, 387.884, 379.832, 398.529, 356.537, 356.437, 355.284, 376.595]] 
RATE (RPS) =====================================: 65

[[356.786, 417.049, 365.214, 365.779, 416.363, 414.16, 389.172, 397.73, 374.494, 415.553, 399.794, 377.556, 398.133, 400.898, 390.675, 389.117, 399.683, 400.468, 390.418, 394.795, 427.506, 407.283, 404.317, 383.83, 385.763, 402.475, 404.092, 394.593, 426.874, 415.548, 415.766, 377.797, 391.709, 388.771, 370.656, 365.636, 385.649, 447.532, 373.307, 368.31, 361.052, 460.08, 392.612, 404.604, 420.205, 491.354, 348.394, 437.831, 417.753, 411.23, 377.384, 372.049, 349.311, 346.041, 342.608, 383.072, 374.361, 331.836, 368.971, 354.432, 363.63, 344.594, 343.011, 838.799, 974.308]] 
RATE (RPS) =====================================: 65

[[391.937, 395.563, 380.485, 370.766, 507.101, 508.295, 361.525, 487.871, 478.195, 505.117, 493.812, 485.138, 473.287, 473.587, 514.511, 468.516, 515.926, 480.564, 505.423, 475.371, 479.899, 475.017, 440.707, 460.888, 458.106, 469.895, 479.729, 470.074, 427.088, 448.232, 441.221, 433.324, 464.838, 419.585, 453.535, 447.154, 439.502, 429.39, 417.693, 407.597, 403.058, 396.24, 399.668, 378.958, 439.611, 470.899, 411.066, 427.687, 420.128, 434.958, 409.664, 419.458, 411.541, 407.71, 401.429, 411.976, 374.037, 446.884, 365.489, 423.82, 376.004, 401.509, 395.135, 379.191, 374.372]] 
RATE (RPS) =====================================: 65

[[355.874, 359.959, 399.565, 376.125, 377.97, 388.883, 374.817, 369.015, 365.842, 376.352, 378.479, 363.166, 376.198, 374.86, 369.203, 395.207, 377.556, 385.141, 379.201, 373.732, 364.088, 362.705, 372.735, 408.158, 357.45, 359.284, 360.367, 349.053, 375.952, 364.991, 402.262, 403.496, 396.6, 383.166, 374.145, 367.016, 379.435, 377.57, 374.925, 371.39, 368.696, 376.444, 383.568, 376.961, 376.324, 368.171, 363.467, 364.56, 363.735, 356.186, 421.26, 412.159, 435.82, 419.47, 369.484, 389.251, 348.388, 336.385, 367.735, 338.04, 352.229, 339.011, 423.672, 361.719, 345.919]] 
RATE (RPS) =====================================: 65

[[343.488, 353.095, 382.245, 391.449, 430.174, 443.773, 407.221, 408.47, 386.438, 389.811, 399.537, 363.677, 367.14, 390.71, 355.796, 363.922, 360.078, 380.403, 379.463, 371.333, 374.669, 399.754, 397.638, 373.887, 378.711, 372.489, 388.552, 383.333, 397.93, 369.296, 362.63, 368.046, 370.476, 395.435, 426.804, 433.333, 421.955, 409.872, 395.296, 404.067, 370.448, 367.406, 369.877, 362.343, 360.011, 345.213, 358.102, 372.475, 355.567, 443.784, 389.011, 381.773, 487.872, 358.636, 419.836, 403.534, 405.236, 425.85, 412.235, 411.029, 403.879, 384.809, 394.522, 363.019, 347.657]] 
RATE (RPS) =====================================: 65

[[376.562, 378.937, 350.589, 355.103, 352.496, 383.936, 348.243, 416.925, 345.698, 413.617, 406.49, 394.83, 370.657, 360.39, 413.486, 379.322, 466.516, 397.035, 385.746, 394.096, 406.91, 403.581, 399.567, 407.647, 430.233, 409.444, 401.456, 391.35, 369.849, 373.714, 366.154, 390.216, 356.718, 371.664, 392.043, 362.612, 425.461, 375.248, 347.394, 391.112, 387.628, 361.611, 427.675, 368.8, 379.392, 376.697, 396.035, 355.858, 348.946, 349.011, 346.184, 344.291, 357.587, 362.704, 385.126, 412.813, 341.592, 370.915, 361.593, 344.92, 347.703, 343.502, 357.117, 349.587, 345.647]] 
RATE (RPS) =====================================: 65

[[422.982, 426.865, 407.106, 394.441, 411.819, 415.968, 417.644, 397.954, 357.445, 380.353, 363.395, 371.828, 354.856, 366.011, 404.025, 392.632, 348.646, 386.266, 373.59, 375.529, 386.882, 370.257, 350.118, 450.005, 414.961, 409.504, 422.934, 396.512, 385.397, 404.985, 387.063, 385.904, 372.712, 368.314, 413.841, 404.108, 389.933, 369.983, 411.757, 406.443, 490.095, 397.385, 384.7, 365.86, 371.797, 388.294, 355.961, 374.639, 365.804, 355.754, 344.695, 346.017, 338.367, 391.571, 412.8, 379.355, 353.54, 360.951, 341.647, 360.825, 348.158, 400.896, 357.229, 372.242, 337.313]] 
RATE (RPS) =====================================: 65

average response time [0]388.854
average response time [1]333.245
average response time [2]332.143
average response time [3]385.153
average response time [4]366.793
average response time [5]337.885
average response time [6]329.105
average response time [7]382.934
average response time [8]338.385
average response time [9]337.219
TOTAL AVERAGE RESPONSE TIME ====================: 353.1716
NUMBER OF THREADS ==============================: 1
TOTAL AVERAGE RATE (RPS) =====================================: 1.0
average response time [10]349.289
average response time [11]383.4495
average response time [12]335.6395
average response time [13]347.14700000000005
average response time [14]379.15999999999997
average response time [15]400.53
average response time [16]348.2195
average response time [17]347.352
average response time [18]374.818
average response time [19]331.9085
TOTAL AVERAGE RESPONSE TIME ====================: 359.7513
NUMBER OF THREADS ==============================: 2
TOTAL AVERAGE RATE (RPS) =====================================: 2.0
average response time [20]359.26099999999997
average response time [21]346.19075
average response time [22]392.944
average response time [23]343.3195
average response time [24]347.14975000000004
average response time [25]396.49825
average response time [26]353.37575
average response time [27]352.51425
average response time [28]330.97575
average response time [29]448.642
TOTAL AVERAGE RESPONSE TIME ====================: 367.0871
NUMBER OF THREADS ==============================: 4
TOTAL AVERAGE RATE (RPS) =====================================: 4.0
average response time [30]335.56399999999996
average response time [31]346.409625
average response time [32]387.4165
average response time [33]355.53575
average response time [34]339.7885
average response time [35]365.294
average response time [36]360.14075
average response time [37]343.226125
average response time [38]393.805875
average response time [39]332.918875
TOTAL AVERAGE RESPONSE TIME ====================: 356.01
NUMBER OF THREADS ==============================: 8
TOTAL AVERAGE RATE (RPS) =====================================: 8.0
average response time [40]340.6818125
average response time [41]345.4640625
average response time [42]346.3265
average response time [43]349.7104375
average response time [44]364.67825
average response time [45]343.5288125
average response time [46]347.8315625
average response time [47]352.7806875
average response time [48]347.91975
average response time [49]338.3620625
TOTAL AVERAGE RESPONSE TIME ====================: 347.72839375
NUMBER OF THREADS ==============================: 16
TOTAL AVERAGE RATE (RPS) =====================================: 16.0
average response time [50]363.77225
average response time [51]353.67603125
average response time [52]375.03190625
average response time [53]348.81703125
average response time [54]371.79975
average response time [55]396.3671875
average response time [56]414.22340625
average response time [57]667.8
average response time [58]679.8673125
average response time [59]346.7986875
TOTAL AVERAGE RESPONSE TIME ====================: 431.81535625000004
NUMBER OF THREADS ==============================: 32
TOTAL AVERAGE RATE (RPS) =====================================: 30.6
average response time [60]360.11157575757574
average response time [61]352.8623333333333
average response time [62]360.80278787878785
average response time [63]354.0180303030303
average response time [64]405.11875757575757
average response time [65]367.35751515151514
average response time [66]387.8389696969697
average response time [67]357.0330909090909
average response time [68]410.2304848484848
average response time [69]370.3962121212121
TOTAL AVERAGE RESPONSE TIME ====================: 372.5769757575757
NUMBER OF THREADS ==============================: 33
TOTAL AVERAGE RATE (RPS) =====================================: 32.9
average response time [70]376.013
average response time [71]365.90005882352943
average response time [72]355.03879411764706
average response time [73]363.34326470588235
average response time [74]356.78738235294117
average response time [75]356.78847058823527
average response time [76]349.2580294117647
average response time [77]362.7730882352941
average response time [78]355.95679411764706
average response time [79]369.1026764705882
TOTAL AVERAGE RESPONSE TIME ====================: 361.09615588235295
NUMBER OF THREADS ==============================: 34
TOTAL AVERAGE RATE (RPS) =====================================: 34.0
average response time [80]352.11377142857145
average response time [81]385.30071428571426
average response time [82]356.7546571428571
average response time [83]363.88577142857145
average response time [84]355.18537142857144
average response time [85]354.64714285714285
average response time [86]360.1396857142857
average response time [87]343.2645714285714
average response time [88]357.4472857142857
average response time [89]348.5524571428571
TOTAL AVERAGE RESPONSE TIME ====================: 357.7291428571429
NUMBER OF THREADS ==============================: 35
TOTAL AVERAGE RATE (RPS) =====================================: 35.0
average response time [90]384.4770833333333
average response time [91]371.45258333333334
average response time [92]379.34936111111114
average response time [93]346.33855555555556
average response time [94]392.7443611111111
average response time [95]355.21633333333335
average response time [96]393.32666666666665
average response time [97]358.8223611111111
average response time [98]364.0996666666667
average response time [99]371.3578888888889
TOTAL AVERAGE RESPONSE TIME ====================: 371.71848611111113
NUMBER OF THREADS ==============================: 36
TOTAL AVERAGE RATE (RPS) =====================================: 36.0
average response time [100]376.2047027027027
average response time [101]390.94724324324324
average response time [102]417.47491891891895
average response time [103]364.6167837837838
average response time [104]388.2444864864865
average response time [105]368.2112972972973
average response time [106]370.1764324324324
average response time [107]350.8111081081081
average response time [108]366.8792972972973
average response time [109]373.6331081081081
TOTAL AVERAGE RESPONSE TIME ====================: 376.7199378378378
NUMBER OF THREADS ==============================: 37
TOTAL AVERAGE RATE (RPS) =====================================: 37.0
average response time [110]359.9496315789474
average response time [111]383.15415789473684
average response time [112]375.35507894736844
average response time [113]350.5840789473684
average response time [114]382.3814210526316
average response time [115]369.24876315789476
average response time [116]360.5953947368421
average response time [117]355.2136842105263
average response time [118]371.52
average response time [119]392.28755263157893
TOTAL AVERAGE RESPONSE TIME ====================: 370.02897631578946
NUMBER OF THREADS ==============================: 38
TOTAL AVERAGE RATE (RPS) =====================================: 38.0
average response time [120]365.70446153846154
average response time [121]373.24628205128204
average response time [122]349.1003076923077
average response time [123]378.02141025641026
average response time [124]367.29692307692306
average response time [125]440.37117948717946
average response time [126]388.87107692307694
average response time [127]371.9221282051282
average response time [128]365.95648717948717
average response time [129]370.15441025641024
TOTAL AVERAGE RESPONSE TIME ====================: 377.0644666666667
NUMBER OF THREADS ==============================: 39
TOTAL AVERAGE RATE (RPS) =====================================: 39.0
average response time [130]358.12645
average response time [131]375.056925
average response time [132]353.34745
average response time [133]361.56455
average response time [134]371.2606
average response time [135]401.64095
average response time [136]468.07425
average response time [137]348.5988
average response time [138]364.304025
average response time [139]353.3998
TOTAL AVERAGE RESPONSE TIME ====================: 375.53738
NUMBER OF THREADS ==============================: 40
TOTAL AVERAGE RATE (RPS) =====================================: 40.0
average response time [140]384.70955555555554
average response time [141]368.68393333333336
average response time [142]372.8599111111111
average response time [143]353.2754
average response time [144]366.87826666666666
average response time [145]367.6047555555555
average response time [146]377.2493777777778
average response time [147]373.8235555555556
average response time [148]357.6422
average response time [149]398.09426666666667
TOTAL AVERAGE RESPONSE TIME ====================: 372.0821222222222
NUMBER OF THREADS ==============================: 45
TOTAL AVERAGE RATE (RPS) =====================================: 45.0
average response time [150]376.08594
average response time [151]381.2699
average response time [152]366.10594
average response time [153]364.07574
average response time [154]376.50648
average response time [155]380.85102
average response time [156]359.76528
average response time [157]377.5545
average response time [158]616.24304
average response time [159]388.53854
TOTAL AVERAGE RESPONSE TIME ====================: 398.699638
NUMBER OF THREADS ==============================: 50
TOTAL AVERAGE RATE (RPS) =====================================: 50.0
average response time [160]379.98634545454547
average response time [161]395.63743636363637
average response time [162]369.8775636363636
average response time [163]373.8143090909091
average response time [164]389.6671818181818
average response time [165]364.72547272727275
average response time [166]348.9704909090909
average response time [167]367.7565272727273
average response time [168]379.56814545454546
average response time [169]964.8952181818182
TOTAL AVERAGE RESPONSE TIME ====================: 433.48986909090917
NUMBER OF THREADS ==============================: 55
TOTAL AVERAGE RATE (RPS) =====================================: 52.3
average response time [170]366.96436666666665
average response time [171]378.04335
average response time [172]400.2420666666667
average response time [173]390.5262333333333
average response time [174]361.52883333333335
average response time [175]397.4231833333333
average response time [176]399.6152833333333
average response time [177]375.6139166666667
average response time [178]378.4356333333333
average response time [179]394.9862
TOTAL AVERAGE RESPONSE TIME ====================: 384.33790666666664
NUMBER OF THREADS ==============================: 60
TOTAL AVERAGE RATE (RPS) =====================================: 60.0
average response time [180]372.28984615384616
average response time [181]365.38786153846155
average response time [182]369.75155384615385
average response time [183]381.91406153846157
average response time [184]406.16573846153847
average response time [185]437.18393846153845
average response time [186]375.08595384615387
average response time [187]387.48492307692305
average response time [188]378.24586153846155
average response time [189]384.1055846153846
TOTAL AVERAGE RESPONSE TIME ====================: 385.76153230769233
NUMBER OF THREADS ==============================: 65
TOTAL AVERAGE RATE (RPS) =====================================: 65.0
average response time sent to Stackdriver [0]353.37575
average response time sent to Stackdriver [1]338.3620625
average response time sent to Stackdriver [2]360.11157575757574
average response time sent to Stackdriver [3]356.78847058823527
average response time sent to Stackdriver [4]384.4770833333333
average response time sent to Stackdriver [5]368.2112972972973
average response time sent to Stackdriver [6]365.70446153846154
average response time sent to Stackdriver [7]371.2606
average response time sent to Stackdriver [8]357.6422
average response time sent to Stackdriver [9]388.53854
average response time sent to Stackdriver [10]379.56814545454546
average response time sent to Stackdriver [11]378.4356333333333
average response time sent to Stackdriver [12]387.48492307692305
NUMBER OF THREADS: [1, 2, 4, 8, 16, 32, 33, 34, 35, 36, 37, 38, 39, 40, 45, 50, 55, 60, 65]
WORKLOAD: HFU_LV;  
DATA COLLECTOR SETTING: CACHE AND COMPRESSION;  
TOTAL EXECUTION TIME (Concurrent Parallel Requests): 137030.036
NUMBER OF REPLICAS: 1

