[[516.132]] 
[[460.119]] 
[[418.506]] 
[[416.278]] 
[[416.416]] 
[[416.527]] 
[[416.309]] 
[[416.278]] 
[[416.424]] 
[[373.058]] 
[[461.455, 456.986]] 
[[416.238, 411.925]] 
[[413.535, 413.127]] 
[[419.714, 419.107]] 
[[415.737, 415.409]] 
[[415.789, 414.537]] 
[[415.728, 415.192]] 
[[416.658, 416.02]] 
[[415.505, 414.403]] 
[[415.588, 415.164]] 
[[413.76, 410.241, 406.599, 402.349]] 
[[417.655, 415.59, 414.585, 415.04]] 
[[418.522, 417.272, 414.116, 405.499]] 
[[519.698, 518.455, 515.865, 511.278]] 
[[414.042, 414.217, 409.405, 402.313]] 
[[519.128, 519.163, 511.091, 506.306]] 
[[417.131, 411.528, 406.032, 404.719]] 
[[412.757, 409.066, 404.374, 401.578]] 
[[415.622, 413.667, 410.088, 406.309]] 
[[415.898, 411.336, 410.047, 410.048]] 
[[420.737, 421.468, 407.829, 407.581, 408.13, 402.55, 394.728, 389.67]] 
[[410.019, 408.94, 402.539, 404.208, 399.914, 396.49, 392.69, 386.416]] 
[[414.021, 412.807, 404.327, 400.983, 395.49, 386.829, 384.403, 384.555]] 
[[414.032, 409.725, 404.954, 398.126, 401.794, 388.527, 388.852, 386.077]] 
[[404.012, 403.583, 398.521, 391.895, 388.121, 384.137, 380.318, 377.564]] 
[[425.308, 422.769, 421.126, 420.501, 419.926, 430.147, 419.044, 414.504]] 
[[402.981, 399.268, 398.759, 394.411, 385.904, 398.29, 387.627, 410.414]] 
[[378.999, 379.325, 376.28, 371.556, 366.397, 367.552, 361.144, 359.805]] 
[[408.461, 410.442, 404.513, 401.866, 395.418, 394.29, 389.203, 385.788]] 
[[409.147, 407.889, 404.24, 398.965, 397.668, 394.566, 386.498, 386.256]] 
[[413.502, 408.102, 410.635, 400.033, 402.348, 402.891, 388.214, 397.158, 388.172, 386.057, 383.603, 379.563, 369.823, 372.345, 370.004, 367.402]] 
[[389.11, 403.44, 387.009, 396.401, 391.315, 376.402, 371.882, 380.964, 374.312, 367.427, 365.01, 367.281, 361.569, 356.528, 371.654, 355.623]] 
[[386.017, 380.179, 375.373, 371.846, 373.722, 367.577, 361.673, 360.257, 361.932, 354.684, 354.168, 353.26, 362.289, 351.287, 352.288, 358.509]] 
[[385.932, 379.408, 372.42, 372.07, 371.952, 366.936, 362.046, 357.026, 358.849, 351.351, 350.93, 351.918, 350.578, 350.743, 360.486, 356.829]] 
[[350.432, 348.891, 355.908, 341.99, 352.155, 344.413, 344.155, 348.311, 351.207, 339.404, 351.064, 354.054, 343.923, 356.704, 346.057, 356.973]] 
[[337.188, 344.11, 341.044, 341.973, 350.303, 344.207, 352.215, 343.588, 350.945, 352.558, 350.745, 351.48, 371.234, 361.097, 354.302, 367.036]] 
[[334.009, 346.393, 334.528, 349.077, 345.16, 355.691, 345.537, 341.097, 347.884, 346.845, 348.947, 361.248, 354.356, 342.509, 360.955, 352.192]] 
[[330.548, 351.866, 342.212, 344.887, 367.082, 345.456, 338.321, 344.904, 349.392, 347.933, 344.638, 348.2, 354.798, 347.077, 351.102, 354.721]] 
[[333.733, 338.492, 333.239, 339.973, 352.036, 340.309, 335.832, 343.036, 343.648, 357.029, 346.374, 342.356, 350.035, 364.582, 349.017, 351.686]] 
[[356.264, 355.334, 348.183, 344.701, 352.829, 340.687, 346.655, 350.239, 355.95, 350.16, 356.774, 348.46, 356.762, 361.068, 356.524, 363.643]] 
[[342.658, 341.294, 345.87, 334.529, 344.252, 341.29, 346.642, 354.858, 340.901, 353.742, 352.602, 350.745, 365.543, 364.459, 342.693, 351.1, 361.344, 356.143, 369.616, 353.667, 362.962, 366.883, 363.351, 374.211, 364.023, 368.988, 372.208, 374.214, 370.724, 369.588, 374.169, 374.34]] 
[[371.781, 376.689, 371.094, 370.436, 373.73, 379.621, 385.089, 383.232, 368.601, 383.436, 387.987, 381.358, 386.489, 390.339, 387.184, 403.65, 386.214, 388.573, 395.452, 400.305, 390.463, 399.032, 397.853, 399.949, 403.454, 413.592, 400.193, 408.377, 412.732, 403.28, 409.673, 415.594]] 
[[339.191, 337.106, 345.448, 341.978, 353.975, 345.599, 346.506, 350.062, 349.453, 347.352, 350.038, 349.749, 370.083, 348.264, 354.414, 351.864, 383.931, 363.767, 355.52, 356.647, 376.698, 352.421, 371.637, 367.516, 368.236, 373.348, 372.167, 379.78, 375.474, 373.672, 377.657, 379.925]] 
[[346.22, 335.76, 349.119, 343.309, 338.202, 344.928, 366.544, 344.621, 358.964, 334.036, 362.711, 337.477, 349.857, 374.262, 374.58, 358.208, 382.216, 373.125, 388.803, 380.595, 386.308, 391.832, 400.28, 429.009, 387.652, 390.995, 419.015, 409.392, 423.652, 391.697, 423.369, 396.665]] 
[[346.127, 337.733, 337.451, 343.042, 338.441, 347.842, 342.934, 343.925, 352.744, 348.67, 353.135, 350.895, 349.646, 350.345, 357.685, 353.296, 356.293, 359.141, 359.435, 360.261, 361.016, 359.924, 363.93, 364.708, 374.851, 360.066, 375.324, 366.141, 359.137, 367.55, 364.396, 368.275]] 
[[339.568, 328.803, 339.283, 339.392, 339.616, 346.566, 339.01, 349.221, 345.627, 346.72, 345.049, 352.864, 345.63, 349.458, 353.709, 354.678, 353.825, 358.154, 357.516, 355.93, 358.144, 366.822, 354.047, 361.589, 369.135, 359.907, 367.692, 368.133, 371.204, 380.837, 366.28, 373.732]] 
[[343.562, 357.244, 339.377, 340.526, 348.899, 355.119, 353.411, 362.28, 348.639, 357.112, 363.653, 352.556, 363.133, 357.428, 364.67, 363.031, 356.835, 364.346, 364.842, 372.254, 373.762, 357.568, 367.517, 370.565, 381.804, 366.598, 374.111, 379.317, 376.227, 379.869, 378.746, 378.336]] 
[[342.239, 337.687, 343.141, 339.83, 343.855, 347.009, 338.529, 343.784, 351.178, 351.099, 343.352, 349.946, 349.249, 366.433, 353.886, 363.244, 351.073, 360.375, 362.58, 360.668, 373.438, 355.996, 377.894, 362.862, 377.751, 380.582, 391.632, 365.758, 383.675, 369.758, 388.271, 374.147]] 
[[337.144, 337.453, 340.895, 339.169, 341.254, 354.208, 335.854, 339.84, 352.714, 342.698, 354.222, 345.355, 358.773, 351.524, 356.679, 362.293, 353.546, 357.133, 376.801, 375.494, 370.915, 365.751, 373.836, 359.96, 364.765, 368.106, 368.252, 372.616, 378.482, 396.955, 363.493, 388.487]] 
[[349.79, 346.493, 330.894, 342.604, 346.122, 346.529, 348.326, 346.591, 352.767, 355.171, 356.841, 351.556, 354.563, 353.565, 354.33, 360.483, 368.042, 376.901, 351.789, 359.256, 363.457, 367.026, 379.619, 368.784, 375.576, 366.966, 377.639, 377.902, 383.223, 381.466, 374.595, 380.234]] 
[[356.313, 338.779, 340.346, 352.622, 340.998, 340.076, 350.812, 344.995, 362.007, 354.978, 348.43, 356.003, 356.812, 356.368, 361.247, 360.711, 375.031, 360.67, 360.923, 367.112, 368.029, 371.986, 371.803, 370.729, 370.886, 384.96, 368.292, 376.414, 379.369, 379.177, 388.302, 383.893, 386.432, 396.462, 384.976, 398.151, 388.575, 398.957, 388.832, 399.275, 402.216, 404.953, 398.31, 404.139, 402.819, 415.885, 403.008, 396.059, 406.545, 408.651, 419.061, 397.312, 410.025, 414.278, 403.513, 422.397, 436.58, 430.785, 427.797, 434.413, 420.303, 426.317, 423.669, 430.049]] 
[[344.72, 379.902, 376.94, 349.753, 353.174, 375.506, 405.096, 374.561, 380.763, 371.167, 381.814, 389.029, 410.668, 395.425, 392.08, 395.835, 412.352, 397.079, 395.81, 411.111, 420.668, 431.244, 421.987, 428.828, 439.234, 424.011, 435.788, 449.409, 432.023, 446.783, 438.172, 448.594, 448.599, 454.023, 456.472, 458.968, 461.093, 463.966, 465.849, 470.037, 477.576, 470.516, 477.462, 498.621, 489.786, 477.891, 499.365, 488.065, 465.177, 523.423, 497.757, 486.359, 504.677, 494.958, 537.412, 509.631, 503.7, 522.254, 527.283, 538.059, 521.995, 551.317, 542.375, 530.388]] 
[[344.639, 346.065, 356.497, 354.423, 363.935, 361.67, 365.795, 360.829, 366.329, 375.743, 374.118, 397.267, 406.444, 374.994, 371.546, 376.065, 383.673, 394.455, 393.496, 407.755, 393.195, 401.875, 398.45, 397.778, 399.057, 400.275, 403.677, 393.244, 396.318, 398.919, 399.259, 397.848, 392.265, 393.396, 393.132, 395.355, 394.545, 391.031, 390.129, 388.026, 389.196, 394.228, 383.44, 391.505, 387.641, 389.223, 384.852, 388.884, 379.672, 382.091, 385.044, 378.931, 378.195, 377.998, 377.599, 375.346, 376.014, 378.494, 373.883, 372.918, 373.294, 366.528, 376.494, 369.068]] 
[[335.888, 337.603, 342.853, 346.703, 340.648, 339.1, 338.619, 338.57, 346.706, 345.908, 352.629, 352.619, 345.452, 356.806, 344.027, 343.424, 341.765, 344.555, 350.084, 351.316, 344.865, 350.797, 344.208, 347.665, 343.343, 343.481, 342.693, 348.81, 338.2, 339.833, 346.899, 340.389, 344.959, 336.034, 347.405, 336.828, 335.84, 345.284, 333.831, 338.295, 340.178, 335.577, 333.767, 336.324, 355.471, 336.248, 339.74, 338.698, 340.93, 332.88, 339.238, 350.62, 339.427, 342.254, 345.423, 335.511, 344.252, 332.797, 344.558, 337.015, 331.837, 340.049, 341.726, 329.27]] 
[[357.189, 338.314, 353.074, 341.844, 352.436, 344.688, 338.306, 349.004, 342.447, 350.493, 340.187, 338.211, 341.908, 361.421, 350.12, 352.253, 359.902, 351.647, 341.093, 350.654, 351.07, 347.831, 353.111, 341.918, 349.861, 340.893, 349.724, 340.687, 340.773, 341.956, 343.899, 343.544, 346.018, 348.098, 335.599, 348.09, 340.86, 336.769, 338.011, 338.211, 348.782, 334.587, 335.193, 334.976, 342.303, 332.9, 338.7, 340.505, 335.86, 334.974, 334.918, 334.212, 370.685, 338.347, 338.602, 350.673, 335.876, 353.803, 340.946, 356.991, 349.976, 342.656, 343.903, 342.335]] 
[[345.191, 330.841, 337.567, 337.498, 354.416, 345.376, 348.836, 352.339, 346.723, 349.523, 359.071, 363.494, 339.568, 352.298, 354.912, 354.42, 353.616, 359.065, 349.105, 351.318, 354.56, 353.558, 346.808, 351.645, 348.779, 349.95, 352.852, 354.919, 356.586, 346.99, 350.548, 375.062, 345.841, 353.785, 343.162, 352.764, 342.271, 345.389, 344.05, 351.997, 341.795, 340.613, 341.452, 350.733, 341.409, 340.906, 339.338, 337.574, 336.984, 354.994, 364.782, 336.252, 347.585, 343.981, 346.67, 350.536, 339.399, 349.298, 338.446, 345.017, 339.89, 349.219, 338.023, 334.738]] 
[[331.287, 338.37, 329.15, 332.408, 428.429, 506.576, 401.588, 406.25, 450.12, 410.191, 412.05, 387.891, 450.676, 469.867, 484.356, 488.46, 440.254, 367.07, 399.35, 477.352, 431.226, 416.796, 400.886, 417.177, 435.125, 399.708, 388.313, 414.977, 392.898, 424.893, 449.542, 429.333, 394.987, 370.182, 347.231, 430.593, 348.321, 462.554, 441.153, 476.046, 441.377, 376.822, 424.895, 352.978, 465.725, 464.296, 470.209, 447.275, 451.048, 450.665, 477.655, 469.63, 473.245, 466.209, 470.176, 478.008, 481.197, 483.083, 474.566, 487.696, 489.665, 480.656, 495.952, 487.56]] 
[[340.036, 342.64, 342.794, 335.022, 337.866, 335.642, 340.049, 331.213, 339.786, 341.524, 342.208, 341.119, 345.281, 347.375, 353.123, 351.682, 351.774, 355.279, 352.091, 350.125, 353.545, 352.193, 349.51, 348.214, 347.584, 347.732, 347.552, 346.141, 345.195, 344.562, 344.484, 346.158, 345.765, 340.996, 340.204, 340.446, 339.752, 342.507, 338.83, 339.587, 335.558, 339.835, 342.159, 333.674, 344.308, 332.605, 336.776, 343.295, 341.194, 335.579, 340.092, 355.445, 353.007, 339.945, 345.625, 347.176, 357.433, 360.578, 347.545, 341.23, 340.674, 346.881, 338.444, 332.394]] 
[[336.55, 334.319, 335.008, 339.67, 335.14, 351.904, 343.311, 339.323, 350.431, 349.629, 342.793, 348.244, 344.798, 351.705, 341.726, 345.382, 349.771, 342.756, 343.414, 342.517, 348.619, 337.62, 341.707, 356.293, 341.844, 351.499, 339.685, 347.719, 350.76, 352.334, 340.009, 349.078, 347.299, 345.626, 342.407, 346.361, 341.118, 342.651, 341.937, 345.163, 347.799, 352.999, 343.796, 346.257, 345.271, 339.25, 339.24, 339.81, 357.413, 349.47, 332.676, 350.141, 342.246, 340.156, 346.391, 345.82, 355.53, 336.629, 331.548, 340.644, 348.292, 351.908, 339.499, 332.404]] 
[[381.448, 367.484, 366.667, 363.46, 371.402, 363.598, 367.542, 364.225, 363.062, 362.224, 369.936, 355.01, 355.871, 357.51, 363.699, 352.613, 377.722, 378.952, 359.525, 376.176, 373.46, 383.556, 386.275, 367.149, 365.137, 371.072, 375.371, 365.819, 367.748, 366.205, 367.768, 369.534, 364.319, 365.536, 367.396, 368.373, 366.701, 361.555, 367.858, 356.246, 358.639, 358.727, 359.184, 358.679, 357.081, 365.33, 353.154, 352.521, 358.503, 354.478, 352.732, 352.279, 349.056, 354.285, 350.499, 353.905, 349.606, 354.977, 346.147, 352.294, 360.099, 342.592, 338.007, 340.608]] 
[[336.759, 350.563, 357.414, 334.6, 352.733, 352.005, 348.06, 348.995, 346.902, 345.923, 346.213, 345.054, 344.697, 344.579, 338.663, 344.4, 341.541, 343.11, 338.631, 340.104, 337.171, 338.887, 341.023, 340.722, 340.641, 335.847, 339.458, 348.043, 360.007, 336.21, 357.267, 336.425, 338.249, 338.486, 336.422, 342.722, 345.343, 336.311, 334.548, 355.324, 335.837, 337.798, 341.165, 336.937, 346.741, 345.175, 330.152, 336.346, 339.073, 333.326, 336.395, 342.261, 345.279, 339.15, 338.392, 342.581, 334.116, 339.319, 340.775, 334.394, 342.022, 341.168, 345.371, 344.819, 337.805]] 
[[366.169, 334.126, 351.011, 360.261, 366.793, 402.98, 363.539, 377.577, 363.057, 378.543, 357.12, 364.234, 401.608, 379.881, 383.169, 404.016, 387.198, 390.58, 407.619, 398.372, 405.554, 410.043, 407.437, 412.45, 418.049, 416.08, 420.802, 425.436, 428.634, 433.214, 431.821, 442.718, 430.288, 444.653, 441.273, 454.879, 444.507, 457.811, 467.972, 451.982, 464.588, 466.567, 467.318, 479.551, 465.614, 477.895, 481.687, 484.181, 504.658, 486.877, 485.479, 493.326, 506.306, 501.061, 500.508, 500.725, 502.873, 512.076, 531.042, 511.975, 501.812, 512.353, 524.892, 515.061, 524.019]] 
[[398.524, 364.375, 416.571, 490.095, 457.141, 536.244, 503.428, 553.639, 578.634, 599.216, 642.965, 692.552, 716.205, 659.035, 740.1, 762.824, 782.083, 809.183, 835.385, 858.224, 880.964, 901.709, 953.261, 925.646, 1006.345, 1030.583, 961.228, 1080.338, 1047.671, 1128.551, 1208.038, 1098.089, 1172.807, 1143.292, 1238.467, 1270.4470000000001, 1291.455, 1337.459, 1390.422, 1423.91, 1464.747, 1532.5259999999998, 1498.867, 1550.85, 1571.632, 1593.807, 1616.376, 1637.892, 1675.644, 1720.76, 1761.627, 1781.642, 1831.001, 1804.8110000000001, 1851.62, 1880.106, 1928.127, 1898.1100000000001, 1944.993, 1972.051, 2043.709, 2014.617, 1984.787, 2057.539, 2079.946]] 
[[360.216, 381.939, 431.982, 400.999, 448.476, 476.15, 495.44, 572.484, 522.447, 593.694, 563.383, 666.948, 609.325, 629.499, 679.218, 737.916, 707.204, 757.437, 779.453, 802.855, 852.575, 817.867, 874.814, 891.877, 918.455, 937.207, 979.374, 992.278, 1046.438, 1083.9470000000001, 1160.905, 1156.938, 1208.061, 1177.865, 1147.915, 1225.059, 1248.593, 1272.4850000000001, 1325.05, 1295.601, 1343.013, 1366.134, 1385.441, 1407.702, 1458.467, 1426.4859999999999, 1501.913, 1470.8980000000001, 1545.228, 1513.266, 1567.923, 1593.0320000000002, 1640.261, 1612.801, 1656.049, 1682.4279999999999, 1700.672, 1726.3490000000002, 1748.333, 1774.0140000000001, 1800.33, 1819.825, 1963.8029999999999, 1839.368, 1890.851]] 
[[526.608, 516.454, 564.965, 667.748, 624.21, 512.88, 942.429, 643.794, 584.847, 713.423, 513.331, 871.661, 711.377, 1076.4180000000001, 971.198, 1227.886, 1127.911, 738.981, 867.846, 1331.84, 1275.637, 1016.474, 1538.358, 1170.028, 1687.779, 1428.339, 1371.071, 2319.242, 2107.324, 2643.464, 1578.892, 1741.779, 1783.315, 1471.2730000000001, 1835.4470000000001, 2839.677, 1623.205, 2831.4030000000002, 2412.3, 2580.525, 1951.431, 2146.764, 2816.7129999999997, 2826.515, 2252.531, 2526.321, 2678.127, 2458.64, 2816.806, 2727.4610000000002, 2820.744, 2351.37, 2035.841, 2818.1549999999997, 2822.833, 2817.258, 2813.61, 2809.31, 2813.675, 2803.453, 2814.562, 2802.718, 2184.063, 2807.048, 2791.1369999999997]] 
[[346.264, 346.525, 341.479, 356.29, 346.788, 348.556, 355.267, 344.814, 340.665, 357.984, 346.003, 341.658, 342.788, 347.221, 347.03, 338.541, 353.783, 345.217, 338.588, 349.823, 345.305, 348.28, 348.417, 340.882, 351.812, 341.365, 346.904, 343.688, 348.667, 337.449, 343.256, 344.897, 337.087, 338.816, 341.055, 333.815, 349.432, 333.936, 346.899, 333.379, 339.034, 356.537, 342.383, 348.802, 337.215, 340.919, 340.771, 342.249, 341.404, 340.553, 341.947, 334.746, 337.126, 339.009, 343.886, 347.49, 335.231, 338.976, 339.299, 336.872, 349.051, 351.259, 342.997, 336.568, 335.799]] 
[[407.402, 338.456, 392.99, 375.596, 405.642, 391.284, 393.162, 395.581, 396.514, 393.307, 399.092, 391.899, 399.059, 388.185, 388.77, 393.445, 384.333, 389.099, 386.873, 388.1, 389.903, 397.171, 386.557, 389.032, 378.355, 386.262, 382.833, 383.145, 383.386, 388.793, 389.188, 372.871, 387.152, 378.996, 381.42, 381.084, 374.158, 382.536, 373.357, 376.724, 369.982, 376.907, 380.108, 368.806, 369.389, 370.045, 367.997, 378.112, 381.275, 364.839, 360.848, 365.448, 367.65, 365.318, 363.963, 361.209, 360.526, 371.811, 357.937, 357.2, 365.288, 359.1, 354.768, 362.518, 357.26]] 
[[350.531, 364.17, 350.561, 358.273, 342.716, 353.858, 347.396, 354.577, 347.528, 351.285, 352.449, 344.247, 351.162, 339.875, 346.002, 347.616, 343.368, 347.601, 351.556, 347.945, 350.35, 344.121, 345.381, 345.07, 343.665, 343.632, 342.545, 346.937, 343.395, 353.044, 342.596, 358.177, 338.601, 367.101, 338.97, 343.548, 347.839, 337.648, 344.118, 350.805, 339.707, 348.419, 348.591, 338.009, 342.059, 349.931, 339.238, 334.117, 352.597, 336.09, 343.892, 336.934, 341.641, 336.567, 337.995, 336.533, 338.989, 345.78, 338.794, 351.738, 338.135, 329.712, 331.744, 334.433, 335.936]] 
[[338.719, 343.198, 342.981, 334.3, 336.979, 341.03, 343.608, 338.468, 342.158, 345.686, 351.72, 343.571, 348.701, 343.46, 346.822, 343.268, 344.853, 348.281, 344.902, 344.208, 342.891, 343.072, 349.306, 339.395, 343.123, 341.873, 342.428, 340.11, 340.719, 337.551, 338.314, 339.279, 336.641, 338.564, 338.963, 343.633, 330.172, 335.799, 334.336, 335.322, 337.518, 334.28, 345.406, 337.82, 336.692, 336.202, 337.17, 339.018, 334.781, 346.719, 335.631, 335.686, 347.139, 350.643, 336.63, 332.261, 344.709, 335.953, 347.054, 334.835, 338.033, 337.458, 345.384, 334.61, 338.341]] 
[[347.205, 343.292, 341.391, 342.094, 359.409, 356.288, 343.712, 343.492, 347.483, 352.601, 341.539, 351.434, 342.623, 347.487, 341.072, 341.401, 343.257, 347.712, 341.768, 340.383, 343.734, 334.996, 339.329, 337.588, 336.677, 334.937, 334.388, 341.504, 343.627, 340.518, 339.409, 336.082, 336.905, 338.621, 341.218, 334.555, 337.028, 334.793, 336.702, 334.443, 336.997, 338.502, 331.028, 343.356, 338.85, 334.626, 335.147, 342.711, 365.13, 356.2, 344.096, 346.479, 342.262, 353.863, 345.516, 357.731, 361.805, 343.086, 356.237, 349.826, 353.961, 347.611, 350.566, 349.021, 342.714]] 
[[336.423, 358.861, 347.137, 342.885, 357.493, 349.488, 348.095, 346.929, 349.02, 355.363, 343.833, 361.718, 353.239, 339.336, 340.004, 342.323, 349.289, 358.244, 347.899, 343.932, 344.979, 342.18, 342.158, 344.752, 343.089, 342.44, 339.137, 346.305, 335.715, 340.068, 332.307, 335.862, 347.915, 338.519, 334.491, 340.643, 337.051, 337.135, 337.855, 341.363, 337.013, 339.854, 335.294, 335.384, 336.589, 333.627, 342.103, 346.104, 334.354, 335.99, 336.004, 340.627, 342.265, 337.768, 347.818, 337.84, 337.32, 338.408, 337.57, 337.028, 335.607, 337.72, 335.464, 341.275, 340.296, 335.376]] 
[[341.401, 340.165, 341.027, 338.709, 338.504, 337.572, 338.325, 336.682, 343.111, 342.747, 361.671, 346.745, 353.118, 341.421, 350.542, 353.559, 366.629, 358.935, 358.308, 357.597, 357.052, 356.037, 356.425, 358.717, 360.481, 353.832, 352.881, 352.406, 352.074, 357.38, 348.89, 353.56, 344.756, 348.879, 351.392, 344.419, 346.576, 351.684, 342.058, 345.277, 346.998, 343.173, 342.528, 341.355, 343.527, 342.535, 349.076, 344.405, 344.237, 328.838, 338.508, 338.071, 341.79, 340.311, 336.417, 344.646, 341.516, 341.967, 347.132, 341.544, 344.19, 343.327, 341.44, 332.695, 339.922, 331.474]] 
[[347.035, 352.483, 356.861, 345.324, 351.898, 358.007, 347.112, 344.975, 352.945, 341.374, 346.271, 344.099, 342.369, 343.945, 345.228, 340.972, 341.207, 346.826, 348.305, 347.956, 345.338, 342.211, 345.448, 345.121, 342.304, 340.572, 342.723, 341.442, 344.426, 346.127, 346.955, 346.076, 339.375, 339.474, 345.427, 340.429, 345.745, 348.046, 341.485, 346.404, 339.073, 342.076, 342.228, 331.284, 335.806, 339.245, 353.061, 346.379, 335.414, 350.143, 343.334, 338.403, 338.986, 345.032, 343.462, 347.461, 332.478, 342.688, 334.414, 351.968, 341.054, 335.067, 339.352, 337.532, 345.615, 336.141]] 
[[343.265, 345.793, 351.451, 357.448, 351.371, 355.449, 358.239, 363.111, 366.467, 376.937, 365.197, 386.673, 377.067, 368.838, 380.703, 387.859, 389.947, 389.228, 393.966, 407.979, 393.411, 408.868, 416.44, 393.89, 400.326, 445.467, 404.333, 406.909, 405.89, 418.109, 406.792, 411.921, 420.596, 417.206, 423.021, 422.465, 426.807, 430.444, 446.324, 430.622, 435.089, 440.977, 451.324, 443.207, 456.649, 442.595, 455.049, 471.746, 464.377, 460.15, 461.28, 463.069, 469.823, 462.829, 479.191, 466.537, 475.716, 476.914, 485.525, 476.02, 484.967, 488.354, 501.238, 505.939, 479.352, 480.069]] 
[[361.081, 402.86, 376.216, 419.402, 440.672, 509.829, 459.961, 479.115, 568.016, 514.659, 590.375, 530.252, 604.258, 625.873, 676.598, 648.93, 716.961, 686.205, 730.783, 751.199, 817.678, 840.443, 761.988, 783.993, 850.467, 892.519, 870.507, 911.46, 928.561, 950.482, 971.419, 993.604, 1011.389, 1053.792, 1027.134, 1100.58, 1069.13, 1113.187, 1129.183, 1176.849, 1144.788, 1193.4279999999999, 1294.1190000000001, 1237.113, 1330.013, 1347.297, 1366.95, 1386.705, 1432.224, 1402.937, 1490.425, 1443.635, 1539.4769999999999, 1561.315, 1454.285, 1495.751, 1568.165, 1639.423, 1587.44, 1603.966, 1645.511, 1670.521, 1712.286, 1685.961, 1724.5549999999998, 1751.2069999999999]] 
[[418.927, 382.885, 459.535, 434.707, 500.267, 473.166, 515.773, 535.852, 581.818, 553.359, 616.836, 592.191, 633.904, 653.439, 699.598, 670.327, 740.902, 711.282, 804.013, 753.856, 773.116, 813.822, 835.908, 855.455, 875.931, 895.364, 915.331, 936.244, 955.957, 984.194, 1002.657, 1044.96, 1021.35, 1089.01, 1059.701, 1101.534, 1124.007, 1144.173, 1163.757, 1267.6399999999999, 1205.137, 1309.405, 1337.636, 1364.306, 1379.992, 1396.899, 1442.594, 1412.891, 1482.1689999999999, 1450.917, 1493.742, 1515.766, 1538.5, 1565.174, 1582.7, 1602.8400000000001, 1645.019, 1621.592, 1660.7359999999999, 1684.248, 1798.2930000000001, 1699.8139999999999, 1729.011, 1753.7069999999999, 1803.845, 1836.857]] 
[[482.185, 409.924, 356.171, 374.751, 443.393, 417.665, 479.578, 502.074, 524.446, 549.366, 569.657, 588.856, 637.048, 610.432, 651.032, 696.361, 668.728, 712.42, 730.654, 751.843, 770.101, 789.461, 814.451, 833.734, 853.213, 875.86, 959.652, 913.466, 989.973, 1031.601, 1075.9, 1126.098, 1180.815, 1218.731, 1291.484, 1319.0720000000001, 1283.469, 1288.367, 1334.859, 1354.737, 1372.161, 1392.529, 1412.711, 1430.5520000000001, 1476.97, 1448.408, 1492.779, 1565.587, 1511.749, 1577.254, 1621.842, 1521.1, 1589.932, 1632.271, 1652.299, 1704.705, 1674.175, 1749.8310000000001, 1716.473, 1770.71, 1814.652, 1791.386, 1867.454, 1832.0059999999999, 1880.508, 1912.729]] 
[[391.208, 445.53, 369.997, 434.008, 447.632, 490.918, 459.42, 530.665, 503.169, 572.105, 549.21, 591.321, 608.465, 627.753, 650.744, 667.995, 739.392, 686.761, 707.604, 820.238, 752.785, 787.86, 872.623, 841.904, 890.854, 913.155, 935.07, 989.205, 1043.854, 1075.247, 1125.935, 1097.941, 1147.38, 1244.711, 1168.885, 1215.68, 1289.027, 1188.079, 1258.3600000000001, 1333.73, 1405.649, 1307.6390000000001, 1359.208, 1430.1979999999999, 1376.824, 1477.136, 1450.249, 1498.8809999999999, 1596.941, 1521.362, 1545.246, 1620.511, 1667.632, 1563.586, 1745.335, 1635.324, 1716.4940000000001, 1684.653, 1760.741, 1783.733, 1807.65, 1904.6779999999999, 1839.0259999999998, 1996.2469999999998, 1872.339, 1941.536]] 
[[380.924, 357.788, 425.389, 392.325, 441.758, 530.641, 479.905, 581.038, 553.632, 645.37, 616.671, 662.023, 584.2, 707.281, 679.744, 720.279, 741.658, 762.731, 783.275, 803.251, 842.823, 930.156, 892.555, 969.67, 943.374, 991.691, 1008.293, 1050.792, 1022.402, 1090.806, 1061.346, 1134.402, 1153.67, 1099.598, 1167.503, 1186.313, 1234.117, 1204.787, 1250.492, 1313.098, 1270.566, 1314.724, 1334.866, 1355.5720000000001, 1376.402, 1395.701, 1489.116, 1418.283, 1561.034, 1505.362, 1425.042, 1444.958, 1519.429, 1559.066, 1579.4299999999998, 1598.223, 1622.685, 1667.479, 1712.94, 1797.399, 1838.6970000000001, 1964.605, 1870.124, 1915.606, 1988.478, 2013.355]] 
[[357.95, 383.291, 480.466, 401.785, 440.658, 487.186, 532.322, 504.262, 573.621, 545.485, 625.943, 664.249, 688.713, 730.886, 700.75, 747.634, 770.432, 787.862, 812.528, 830.234, 850.789, 897.027, 870.355, 911.561, 935.771, 954.238, 980.443, 998.227, 1017.288, 1068.028, 1065.935, 1084.503, 1105.044, 1206.729, 1127.003, 1224.622, 1145.666, 1168.66, 1239.559, 1285.473, 1255.371, 1303.047, 1351.327, 1319.695, 1367.001, 1386.211, 1441.946, 1402.98, 1477.223, 1573.54, 1521.152, 1612.8029999999999, 1744.806, 1651.597, 1758.6979999999999, 1691.488, 1795.74, 1773.013, 1816.138, 1911.4450000000002, 1835.52, 1855.8319999999999, 1919.72, 1867.194, 1935.059, 1960.601]] 
[[360.292, 403.287, 479.597, 443.688, 516.248, 483.953, 528.578, 550.233, 571.1, 589.121, 635.691, 606.977, 651.272, 676.121, 696.934, 745.174, 709.835, 764.21, 787.583, 799.754, 819.443, 842.924, 863.829, 882.453, 927.94, 957.228, 897.922, 1001.342, 968.23, 1063.23, 1086.203, 1004.789, 1025.967, 1127.616, 1096.579, 1140.903, 1160.99, 1180.352, 1200.135, 1258.5810000000001, 1214.596, 1351.5430000000001, 1297.689, 1426.863, 1370.076, 1390.731, 1489.583, 1437.164, 1454.211, 1497.444, 1528.6109999999999, 1540.658, 1560.663, 1579.58, 1626.4769999999999, 1600.8429999999998, 1668.848, 1642.028, 1685.875, 1773.049, 1697.598, 1715.5320000000002, 1735.141, 1783.781, 1829.467, 1798.324, 1841.7350000000001]] 
[[363.138, 383.848, 404.16, 430.191, 447.721, 492.413, 464.449, 530.106, 499.987, 544.727, 677.038, 628.183, 580.714, 798.0, 750.139, 700.582, 806.673, 856.489, 824.092, 924.522, 873.458, 892.902, 948.061, 1016.02, 961.886, 979.994, 1104.096, 1029.119, 1077.79, 1279.676, 1040.091, 1108.969, 1129.368, 1158.432, 1203.224, 1395.757, 1278.3220000000001, 1297.516, 1313.04, 1357.865, 1328.288, 1398.4479999999999, 1419.349, 1437.094, 1469.571, 1555.089, 1558.0410000000002, 1537.643, 1586.714, 1556.376, 1628.746, 1601.136, 1642.154, 1686.415, 1660.92, 1699.4160000000002, 1726.9969999999998, 1773.848, 1747.8319999999999, 1795.103, 1894.045, 1835.6799999999998, 1807.4969999999998, 1853.2440000000001, 1899.375, 1918.232, 1940.958]] 
[[360.933, 384.575, 380.011, 393.951, 412.966, 433.436, 441.045, 459.158, 476.848, 492.851, 516.541, 530.01, 550.704, 576.906, 569.175, 582.626, 617.352, 585.952, 635.364, 707.018, 671.889, 639.979, 729.369, 792.712, 734.463, 752.485, 818.498, 915.837, 858.471, 952.803, 977.805]] 
[[365.927, 377.596, 389.948, 409.601, 439.764, 465.93, 500.065, 544.148, 508.538, 549.598, 565.21, 576.722, 590.416, 606.7, 630.62, 667.755, 715.68, 733.558, 756.016, 781.981, 799.842, 809.13, 825.179, 849.184, 862.192, 879.27, 895.845, 908.138, 954.11, 924.831, 956.797, 977.489]] 
[[385.859, 357.068, 410.602, 442.544, 464.323, 479.845, 510.504, 545.938, 542.008, 557.632, 580.29, 585.476, 606.421, 628.973, 669.211, 644.242, 680.017, 703.914, 718.274, 813.635, 811.231, 809.568, 800.109, 823.724, 875.166, 866.795, 820.835, 881.719, 956.973, 911.944, 980.908, 1021.575]] 
[[393.481, 361.839, 407.777, 417.811, 459.412, 429.211, 500.446, 469.748, 502.577, 520.795, 540.72, 560.247, 625.349, 571.591, 617.953, 620.409, 677.81, 668.729, 672.653, 697.17, 695.559, 711.791, 722.845, 761.908, 776.614, 770.818, 787.547, 813.966, 871.778, 836.652, 860.322]] 
[[495.555, 520.865, 455.429, 532.215, 543.451, 594.498, 617.623, 571.809, 610.987, 631.474, 725.763, 635.125, 702.416, 710.814, 588.464, 691.604, 749.18, 745.145, 837.789, 985.332, 754.833, 771.019, 821.608, 820.542, 970.004, 824.609, 872.388, 845.46]] 
[[359.523, 375.928, 385.434, 455.728, 404.532, 416.863, 454.198, 504.17, 469.637, 504.222, 523.951, 546.446, 518.521, 566.25, 582.11, 602.243, 619.436, 635.857, 662.643, 677.703, 733.716, 680.889, 758.471, 850.109, 875.143, 792.825, 883.563, 907.167, 924.651, 942.798, 957.681, 974.963, 978.384]] 
[[362.525, 408.394, 381.295, 410.26, 436.82, 445.055, 454.181, 484.821, 501.57, 522.838, 545.155, 619.647, 581.372, 639.568, 649.747, 673.716, 688.716, 735.803, 755.645, 702.909, 757.073, 777.545, 800.479, 818.464, 845.098, 820.663, 863.822, 834.38, 876.518, 892.714, 901.66]] 
[[380.824, 414.356, 478.769, 539.929, 577.233, 614.828, 700.922, 649.801, 837.765, 724.909, 869.516, 764.644, 895.942, 928.958, 959.543, 1004.409, 1046.715, 1086.583, 1122.426, 1211.04, 1158.253, 1252.754, 1282.069, 1363.795, 1402.091, 1441.513, 1476.646, 1541.2759999999998, 1567.846, 1599.173, 1641.634, 1624.7089999999998, 1625.874, 1621.479, 1622.806, 1613.0720000000001]] 
[[348.77, 343.403, 344.179, 347.873, 347.04, 396.805, 387.357, 377.466, 353.8, 342.362, 345.845, 342.24, 338.731, 337.25, 333.302, 333.953, 335.163, 333.66, 349.946, 335.85, 336.297, 359.736, 342.78, 359.992, 346.28, 338.773, 349.456, 342.102, 348.901, 337.458, 338.775]] 
[[353.877, 346.634, 344.215, 340.35, 357.907, 349.144, 372.446, 358.452, 355.042, 345.384, 340.489, 337.159, 341.098, 335.511, 333.491, 334.164, 338.332, 338.752, 334.336, 339.063, 336.994, 340.7, 339.103, 333.536, 334.999, 346.757, 344.75, 338.118, 341.438]] 
[[342.008, 337.54, 341.592, 356.014, 352.308, 351.467, 344.145, 343.53, 344.949, 346.908, 338.375, 340.705, 333.521, 337.808, 341.017, 337.99, 336.657, 340.768, 337.166, 351.759, 357.469, 338.264, 338.946, 339.311, 342.681, 335.671, 335.762, 336.038, 341.045, 329.01, 336.212]] 
[[341.215, 347.094, 340.947, 346.669, 346.139, 343.71, 335.236, 346.827, 339.966, 349.985, 342.179, 343.133, 335.732, 339.19, 344.643, 345.462, 343.14, 340.353, 340.946, 329.573, 334.709, 333.125, 343.546, 351.547, 342.539, 338.508, 331.68, 333.039, 357.681, 338.34, 349.955, 352.608, 331.677, 339.669, 344.627]] 
[[333.972, 344.367, 349.975, 339.697, 348.081, 351.81, 341.569, 343.823, 344.174, 366.237, 347.102, 340.546, 339.234, 339.279, 338.164, 332.047, 338.505, 338.528, 336.571, 352.348, 343.064, 333.145, 341.113, 341.354, 343.655, 330.9, 349.577, 338.35, 336.075, 339.512, 335.924, 329.872, 340.492, 349.323, 334.906, 333.72]] 
[[340.486, 343.984, 346.951, 339.835, 337.94, 345.431, 349.384, 354.886, 342.26, 343.968, 344.754, 346.066, 357.681, 339.58, 345.504, 344.456, 345.487, 342.088, 338.703, 335.843, 334.139, 334.905, 329.54, 340.5, 333.655, 341.078, 344.064, 345.229, 333.058, 334.739, 338.843, 338.062, 339.093]] 
[[334.444, 344.593, 345.208, 341.473, 345.557, 354.325, 344.987, 342.462, 343.384, 345.545, 344.132, 336.281, 341.303, 340.597, 349.618, 338.335, 344.493, 343.288, 341.207, 331.664, 337.897, 335.984, 330.153, 344.34, 332.548, 335.143, 340.135, 335.117, 330.927, 334.505, 334.957, 333.859, 334.39, 351.313, 343.256, 352.471, 337.85]] 
[[348.794, 337.849, 335.358, 342.779, 339.099, 342.86, 344.255, 344.992, 349.16, 338.764, 337.976, 332.31, 331.621, 342.559, 345.312, 345.113, 334.837, 341.268, 331.489, 339.083, 340.902, 340.486, 334.194, 351.3, 337.175, 345.851, 340.197, 330.388]] 
[[333.313, 345.563, 338.928, 331.889, 339.985, 336.273, 343.418, 338.395, 336.875, 344.099, 340.964, 333.338, 341.543, 336.421, 335.412, 334.951, 337.584, 344.271, 335.565, 330.568, 332.017, 331.542, 331.972, 332.181, 343.497, 331.779, 337.693, 341.888, 338.706, 336.393, 330.905, 333.238, 337.996, 338.717]] 
[[353.672, 338.18, 343.07, 341.435, 344.045, 341.791, 346.976, 344.456, 347.329, 352.277, 350.421, 350.689, 349.243, 353.682, 345.637, 342.165, 351.682, 347.784, 338.84, 339.019, 341.642, 342.088, 340.955, 337.471, 344.273, 334.078, 337.23, 336.179, 343.101, 343.011, 345.806, 338.43, 338.681, 339.318, 341.929, 340.786, 343.229, 331.064, 355.206, 339.041, 353.945, 340.687, 347.351, 339.942, 343.677]] 
[[350.503, 342.648, 340.734, 341.131, 359.74, 354.128, 361.949, 344.084, 343.236, 340.243, 333.349, 348.151, 338.625, 338.503, 335.96, 338.076, 343.93, 337.096, 339.987, 350.82, 333.37, 331.84, 343.948, 344.948, 342.863, 339.345, 340.742, 336.119, 337.595, 334.971, 343.132, 347.137, 338.874]] 
[[341.369, 342.043, 341.37, 338.314, 335.557, 343.509, 337.749, 348.989, 336.907, 348.937, 345.407, 330.197, 335.272, 341.195, 337.141, 337.482, 338.095, 339.897, 343.13, 340.14, 338.156, 341.284, 332.58, 343.332, 330.418, 337.257, 340.115, 354.588, 338.754, 337.503, 330.603, 344.926, 346.664, 335.928]] 
[[345.304, 333.88, 338.757, 352.395, 350.19, 349.228, 353.914, 335.669, 344.234, 345.774, 342.719, 344.158, 341.423, 339.847, 341.478, 343.094, 333.392, 333.669, 347.132, 333.884, 348.343, 360.515, 346.207, 332.581, 332.561, 343.529, 331.038, 345.148, 340.244, 336.736, 343.868, 341.085, 335.128, 331.886, 339.616, 335.296]] 
[[350.288, 355.126, 343.658, 348.384, 343.74, 335.669, 339.522, 351.648, 342.48, 352.343, 353.95, 366.105, 362.502, 357.322, 352.523, 349.171, 355.08, 364.04, 349.838, 349.737, 353.773, 349.761, 335.232, 349.546, 339.709, 334.501, 339.156, 344.205, 337.682, 335.178, 342.051, 363.699, 360.428, 365.33, 345.595, 348.771, 350.125]] 
[[341.946, 336.693, 340.786, 336.68, 346.254, 347.585, 342.825, 343.204, 343.279, 348.254, 338.884, 336.704, 342.12, 334.219, 342.318, 329.348, 340.91, 344.387, 335.615, 332.374, 341.987, 334.111, 342.102, 351.291, 337.513, 346.531, 331.706, 335.143, 344.295, 342.98, 333.54, 343.35, 335.887]] 
[[341.991, 339.637, 336.411, 339.961, 350.676, 357.321, 346.613, 351.135, 341.151, 339.153, 338.486, 338.203, 338.768, 339.371, 336.856, 338.294, 335.498, 334.968, 345.972, 338.708, 335.672, 334.66, 335.615, 334.737, 335.071, 338.474, 336.635, 342.033, 340.52, 341.478, 330.988, 340.753, 358.173, 343.112, 347.195, 335.733, 334.774]] 
[[369.194, 367.3, 355.516, 360.038, 370.257, 371.22, 361.726, 368.9, 345.483, 347.48, 347.785, 339.435, 340.884, 330.884, 336.678, 337.086, 338.884, 340.004, 339.935, 334.646, 331.621, 344.671, 335.294, 338.547, 335.257, 339.51, 337.655, 337.27, 365.979, 339.981, 333.518, 332.326, 344.579, 340.15, 332.634, 343.399]] 
[[370.881, 368.958, 356.093, 350.244, 355.296, 360.876, 351.942, 349.883, 340.142, 342.556, 349.274, 336.564, 340.45, 338.892, 332.044, 347.597, 345.647, 342.546, 340.519, 336.642, 345.21, 338.839, 345.881, 337.992, 345.784, 336.742, 330.472, 340.754, 336.319, 338.825, 342.486, 334.565, 335.233, 335.121, 352.359]] 
[[380.954, 398.989, 378.253, 352.477, 378.429, 352.072, 363.001, 356.48, 345.032, 344.292, 341.435, 342.841, 347.524, 334.838, 333.846, 360.482, 343.077, 349.417, 342.685, 344.549, 406.129, 395.482, 379.58, 394.831, 403.695, 379.728, 369.168, 381.285, 349.854, 370.536, 365.813, 367.67, 365.502, 359.352, 355.137, 351.891, 349.075, 342.548, 339.882, 340.19, 338.275]] 
[[340.824, 353.204, 353.922, 359.466, 351.08, 342.507, 347.414, 339.39, 349.542, 373.065, 338.432, 355.802, 344.684, 336.536, 346.15, 347.027, 334.678, 341.599, 343.507, 336.942, 333.304, 366.07, 342.202, 349.37, 338.64, 347.331, 356.363, 334.532, 334.643, 341.815, 340.311, 338.073, 346.389, 336.908, 340.559]] 
[[353.925, 337.233, 341.624, 348.059, 347.263, 339.891, 338.312, 342.698, 348.519, 347.486, 354.264, 347.382, 350.359, 344.185, 341.43, 354.646, 356.58, 354.895, 348.208, 343.487, 343.368, 339.332, 338.824, 331.779, 341.874, 334.268, 341.97, 334.458, 333.185, 348.367, 340.173, 334.517, 333.755, 333.879, 347.738, 334.898, 345.513, 338.796, 339.537, 342.082, 338.174]] 
[[332.07, 348.536, 340.064, 346.124, 339.575, 343.12, 343.529, 348.205, 341.811, 346.782, 338.86, 352.993, 343.255, 344.142, 342.736, 344.052, 338.716, 335.441, 331.679, 333.784, 331.753, 338.92, 337.801, 339.242, 338.494, 342.097, 339.729, 340.11, 331.388, 348.092, 339.396, 339.666, 333.305, 340.722, 336.266, 333.908, 351.302, 339.538, 343.636, 340.407, 333.744]] 
[[346.107, 335.391, 352.321, 353.129, 349.495, 346.087, 347.625, 343.54, 352.786, 346.42, 346.651, 348.692, 339.894, 349.026, 345.936, 346.974, 345.024, 340.964, 335.046, 332.853, 357.913, 339.503, 334.125, 336.801, 333.002, 339.567, 337.012, 334.158, 339.553, 332.992, 330.6, 350.038, 348.669, 331.186, 341.53, 340.868, 331.507, 332.069, 337.214, 342.013, 335.247, 332.038]] 
[[352.868, 339.375, 350.978, 346.566, 346.714, 347.457, 347.233, 345.992, 343.813, 343.123, 347.389, 346.348, 345.22, 348.795, 349.263, 354.65, 346.515, 349.217, 347.736, 344.099, 330.101, 334.164, 335.645, 340.609, 339.378, 340.67, 333.858, 332.787, 353.036, 344.048, 336.909, 336.894, 338.476, 334.254, 337.62, 344.096, 339.188, 336.549, 335.89, 336.346]] 
[[338.772, 337.412, 337.942, 347.73, 344.972, 338.288, 336.663, 364.512, 350.476, 344.487, 344.015, 336.299, 360.416, 362.212, 343.598, 342.14, 337.928, 333.118, 337.829, 334.337, 338.11, 339.507, 340.335, 341.216, 338.013, 341.701, 334.584, 332.259, 343.404, 338.743, 329.626, 330.369]] 
[[344.861, 345.344, 350.448, 341.715, 339.818, 339.452, 340.457, 341.809, 340.886, 346.915, 343.797, 349.211, 337.517, 346.495, 337.214, 344.684, 343.896, 342.57, 340.99, 352.345, 336.686, 339.747, 340.789, 333.966, 347.629, 342.077, 338.277, 338.29, 333.463, 334.857]] 
[[335.061, 350.914, 365.988, 346.893, 360.029, 355.734, 350.117, 348.569, 349.675, 347.995, 340.616, 349.268, 339.843, 344.589, 339.796, 340.988, 338.552, 334.587, 336.336, 334.746, 349.235, 346.932, 334.311, 349.989, 348.173, 334.382, 339.629, 332.017, 342.113, 339.828, 336.803]] 
[[335.62, 342.303, 339.643, 338.399, 342.459, 337.393, 341.381, 343.502, 347.323, 354.939, 349.068, 356.755, 358.748, 368.853, 356.664, 357.728, 366.156, 372.297, 363.987, 371.959, 376.019, 374.294, 378.139, 374.164, 382.265, 374.305, 381.095, 381.767, 376.334, 385.97, 376.462, 371.705, 381.54, 382.006, 387.868, 386.804, 385.531, 389.983]] 
[[353.52, 347.688, 343.604, 346.364, 335.893, 337.965, 354.992, 334.488, 339.232, 349.267, 337.437, 335.853, 333.407, 335.311, 334.728, 335.01, 333.2, 339.609, 356.446, 344.111, 334.944, 335.311, 334.506, 333.334, 335.328, 349.815, 344.537, 331.976]] 
[[341.915, 342.409, 334.086, 336.769, 340.651, 343.346, 348.59, 340.802, 344.318, 331.629, 353.217, 340.695, 340.862, 342.53, 341.141, 341.307, 349.68, 345.591, 336.914, 337.477, 342.787, 335.809, 333.788, 343.399, 345.17, 335.717, 334.693, 341.392, 337.882, 335.549, 334.749, 333.919, 333.147, 329.447, 336.335, 333.178, 332.116, 334.777, 341.789, 337.28, 339.401, 341.222, 340.349, 336.839]] 
average response time [0]516.132
average response time [1]460.119
average response time [2]418.506
average response time [3]416.278
average response time [4]416.416
average response time [5]416.527
average response time [6]416.309
average response time [7]416.278
average response time [8]416.424
average response time [9]373.058
TOTAL AVERAGE RESPONSE TIME: 426.60470000000004
average response time [11]414.0815
average response time [12]413.331
average response time [13]419.4105
average response time [14]415.573
average response time [15]415.163
average response time [16]415.46000000000004
average response time [17]416.339
average response time [18]414.954
average response time [19]415.376
TOTAL AVERAGE RESPONSE TIME: 373.9688
average response time [21]415.7175
average response time [22]413.85225
average response time [23]516.3240000000001
average response time [24]409.99424999999997
average response time [25]513.922
average response time [26]409.85249999999996
average response time [27]406.94375
average response time [28]411.42150000000004
average response time [29]411.83225000000004
TOTAL AVERAGE RESPONSE TIME: 390.986
average response time [31]400.152
average response time [32]397.926875
average response time [33]399.010875
average response time [34]391.018875
average response time [35]421.665625
average response time [36]397.20675
average response time [37]370.13225
average response time [38]398.74762499999997
average response time [39]398.153625
TOTAL AVERAGE RESPONSE TIME: 357.40144999999995
average response time [41]375.9954375
average response time [42]364.0663125
average response time [43]362.467125
average response time [44]349.1025625
average response time [45]350.8765625
average response time [46]347.90175
average response time [47]347.6960625
average response time [48]345.0860625
average response time [49]352.7645625
TOTAL AVERAGE RESPONSE TIME: 319.59564375
average response time [51]391.420375
average response time [52]359.6711875
average response time [53]374.79384375
average response time [54]355.44871875
average response time [55]354.31690625
average response time [56]362.91678125
average response time [57]359.40378125
average response time [58]358.89584375
average response time [59]360.909375
TOTAL AVERAGE RESPONSE TIME: 327.77768125
average response time [61]448.8215625
average response time [62]383.18828125
average response time [63]342.0113125
average response time [64]344.450265625
average response time [65]347.755109375
average response time [66]431.941
average response time [67]343.89121875
average response time [68]344.270453125
average response time [69]362.00915625
TOTAL AVERAGE RESPONSE TIME: 334.83383593750006
average response time [71]439.7830769230769
average response time [72]1224.382953846154
average response time [73]1133.3070153846154
average response time [74]1823.0526923076923
average response time [75]343.54996923076925
average response time [76]378.7694769230769
average response time [77]345.0436923076923
average response time [78]340.59041538461537
average response time [79]343.6925846153846
TOTAL AVERAGE RESPONSE TIME: 637.2171876923077
average response time [81]346.26009090909093
average response time [82]343.7578181818182
average response time [83]423.1032575757576
average response time [84]1046.319803030303
average response time [85]1089.493
average response time [86]1134.4606212121212
average response time [87]1135.9884545454545
average response time [88]1135.4077727272727
average response time [89]1147.4594696969698
TOTAL AVERAGE RESPONSE TIME: 780.2250287878787
average response time [91]1186.730880597015
average response time [92]611.3462258064516
average response time [93]681.805625
average response time [94]683.97884375
average response time [95]623.4041290322581
average response time [96]700.9286071428571
average response time [97]652.295606060606
average response time [98]651.2404193548387
average response time [99]1101.2250555555556
TOTAL AVERAGE RESPONSE TIME: 689.2955392299581
average response time [101]343.180724137931
average response time [102]341.50438709677417
average response time [103]341.86825714285715
average response time [104]341.3058611111111
average response time [105]341.58157575757576
average response time [106]340.4794864864865
average response time [107]340.21325
average response time [108]336.99644117647057
average response time [109]343.58917777777776
TOTAL AVERAGE RESPONSE TIME: 307.0719160686984
average response time [111]339.84729411764704
average response time [112]341.49783333333335
average response time [113]349.1315675675676
average response time [114]340.1460909090909
average response time [115]340.3998918918919
average response time [116]345.4368333333333
average response time [117]344.38937142857145
average response time [118]360.88526829268295
average response time [119]345.20802857142854
TOTAL AVERAGE RESPONSE TIME: 310.69421794455474
average response time [121]340.36560975609757
average response time [122]341.46585714285715
average response time [123]342.596725
average response time [124]341.28165625
average response time [125]341.8735
average response time [126]343.9905806451613
average response time [127]365.5638947368421
average response time [128]340.28128571428573
average response time [129]339.19688636363634
NUMBER OF THREADS: [1, 2, 4, 8, 16, 32, 64, 65, 66, 67, 68, 69, 70]
WORKLOAD: HFU_LV; PAL CONFIG: default 
TOTAL EXECUTION TIME (Concurrent Parallel Requests): 93585.629
NUMBER OF REPLICAS USED: 2

