[[409.837, 401.557, 412.668, 453.819, 390.361, 421.683, 438.288, 391.985, 463.741, 544.851, 494.972, 452.316, 505.266, 570.194, 375.39, 602.087, 529.228, 572.926, 393.285, 433.22, 619.598, 595.239, 655.44, 617.825, 686.539, 721.149, 428.423, 739.207, 368.004, 409.851, 434.6, 433.849, 731.832, 551.978, 442.333, 621.957, 492.818, 560.817, 393.909, 637.654, 675.941, 418.156, 686.527, 444.775, 513.27, 589.009, 453.967, 445.595, 516.638, 617.094]] 
AVERAGE RESPONSE TIME: 515.23336
NUMBER OF THREADS: [50]
WORKLOAD: LV_HF; PAL CONFIG: default; NUMBER OF REPLICAS: 4 
TOTAL EXECUTION TIME (Concurrent Parallel Requests): 1065.973


[[436.193, 397.708, 372.055, 371.471, 456.296, 419.175, 420.553, 368.459, 446.749, 487.963, 444.467, 377.321, 479.128, 1340.9569999999999, 626.627, 635.229, 395.183, 627.688, 811.173, 616.719, 417.004, 402.257, 599.451, 1270.238, 597.336, 624.29, 554.412, 619.235, 886.002, 641.806, 532.808, 638.68, 663.92, 686.143, 482.379, 715.496, 490.165, 504.135, 747.943, 787.685, 802.795, 501.982, 398.828, 815.587, 539.018, 845.915, 564.59, 866.449, 908.755, 584.565]] 
AVERAGE RESPONSE TIME: 604.41966
NUMBER OF THREADS: [50]
WORKLOAD: LV_HF; PAL CONFIG: default; NUMBER OF REPLICAS: 4 
TOTAL EXECUTION TIME (Concurrent Parallel Requests): 1438.3319999999999


[[405.431, 380.74, 389.292, 431.582, 418.144, 461.028, 376.041, 470.078, 380.813, 421.405, 444.096, 473.315, 432.184, 384.384, 456.204, 394.65, 422.441, 491.932, 390.587, 456.855, 403.258, 409.38, 410.512, 430.659, 459.746, 471.649, 474.359, 487.756, 432.49, 520.178, 556.224, 482.607, 593.892, 632.433, 717.9, 664.869, 389.403, 416.314, 440.849, 720.285, 441.721, 441.035, 476.729, 391.851, 683.444, 436.043, 758.03, 467.421, 682.028, 728.155]] 
AVERAGE RESPONSE TIME: 482.04843999999997
NUMBER OF THREADS: [50]
WORKLOAD: LV_HF; PAL CONFIG: default; NUMBER OF REPLICAS: 4 
TOTAL EXECUTION TIME (Concurrent Parallel Requests): 1303.266


[[415.961, 404.888, 506.553, 390.545, 436.559, 521.979, 417.425, 471.421, 414.27, 498.729, 419.046, 409.846, 513.232, 443.951, 426.362, 461.345, 448.44, 536.564, 481.765, 475.854, 548.364, 537.457, 478.994, 422.774, 442.529, 469.486, 543.387, 512.496, 481.288, 532.872, 512.374, 538.841, 546.232, 526.339, 378.982, 562.574, 563.61, 592.432, 632.661, 687.188, 506.824, 708.127, 524.118, 561.408, 734.103, 583.44, 604.591, 627.17, 376.845, 666.878]] 
AVERAGE RESPONSE TIME: 509.98238
NUMBER OF THREADS: [50]
WORKLOAD: LV_HF; PAL CONFIG: default; NUMBER OF REPLICAS: 4 
TOTAL EXECUTION TIME (Concurrent Parallel Requests): 1235.407


[[461.447, 389.765, 378.382, 464.762, 405.61, 397.891, 450.67, 421.708, 478.697, 491.538, 392.467, 504.865, 518.543, 597.368, 635.716, 538.303, 668.076, 695.567, 521.291, 723.006, 380.862, 409.064, 378.596, 722.263, 767.667, 412.384, 783.517, 854.928, 803.705, 377.478, 468.257, 397.763, 408.846, 442.874, 414.396, 475.826, 461.569, 487.078, 498.336, 823.376, 780.239, 505.053, 537.227, 456.82, 841.623, 400.82, 516.589, 461.996, 415.416, 475.344]] 
AVERAGE RESPONSE TIME: 525.91168
NUMBER OF THREADS: [50]
WORKLOAD: LV_HF; PAL CONFIG: default; NUMBER OF REPLICAS: 4 
TOTAL EXECUTION TIME (Concurrent Parallel Requests): 1252.958


[[492.682, 441.068, 418.562, 533.573, 456.898, 447.097, 389.409, 531.508, 469.786, 547.066, 395.344, 678.995, 561.491, 610.647, 381.462, 415.957, 370.803, 420.732, 652.945, 422.461, 451.525, 419.896, 379.185, 464.9, 642.862, 492.443, 414.169, 672.425, 374.731, 412.394, 699.211, 427.505, 738.239, 434.145, 483.772, 526.954, 442.11, 577.577, 751.831, 449.693, 478.868, 779.918, 519.983, 589.342, 441.448, 547.231, 479.116, 777.244, 547.934, 786.377]] 
AVERAGE RESPONSE TIME: 516.83028
NUMBER OF THREADS: [50]
WORKLOAD: LV_HF; PAL CONFIG: default; NUMBER OF REPLICAS: 4 
TOTAL EXECUTION TIME (Concurrent Parallel Requests): 1220.555


[[450.988, 396.648, 398.599, 387.904, 431.809, 380.636, 406.24, 470.87, 408.961, 456.9, 424.631, 479.205, 512.186, 428.55, 432.808, 511.084, 549.195, 461.593, 437.921, 411.855, 465.604, 490.36, 521.765, 510.672, 424.162, 496.981, 437.305, 561.309, 414.246, 496.358, 448.057, 554.911, 498.895, 442.264, 448.25, 570.475, 662.687, 432.876, 579.787, 707.023, 441.813, 476.561, 439.53, 490.233, 406.962, 516.202, 540.933, 419.089, 555.052, 424.484]] 
AVERAGE RESPONSE TIME: 474.26858
NUMBER OF THREADS: [50]
WORKLOAD: LV_HF; PAL CONFIG: default; NUMBER OF REPLICAS: 4 
TOTAL EXECUTION TIME (Concurrent Parallel Requests): 1114.289


[[434.448, 393.511, 393.739, 381.711, 423.919, 389.302, 418.98, 463.733, 502.282, 442.645, 482.988, 455.443, 400.507, 516.17, 517.046, 548.191, 371.09, 578.824, 463.108, 406.242, 525.713, 563.681, 599.626, 640.031, 675.934, 585.154, 452.531, 620.967, 652.379, 675.574, 398.367, 690.534, 623.431, 400.751, 399.539, 482.734, 645.939, 427.53, 670.776, 535.959, 390.719, 476.698, 415.012, 609.861, 669.638, 441.193, 629.758, 662.273, 506.507, 541.152]] 
AVERAGE RESPONSE TIME: 511.8768
NUMBER OF THREADS: [50]
WORKLOAD: LV_HF; PAL CONFIG: default; NUMBER OF REPLICAS: 4 
TOTAL EXECUTION TIME (Concurrent Parallel Requests): 1067.345


[[474.281, 415.699, 501.685, 534.367, 379.885, 431.591, 463.172, 375.827, 555.751, 491.056, 388.565, 448.216, 397.618, 436.289, 475.513, 450.955, 497.347, 483.633, 549.302, 532.511, 489.331, 551.979, 514.165, 582.282, 529.539, 498.984, 569.881, 392.695, 538.032, 492.118, 581.187, 559.673, 405.346, 593.446, 424.139, 466.982, 616.571, 555.833, 415.88, 579.559, 609.362, 492.589, 598.176, 427.666, 509.205, 621.925, 407.253, 577.923, 617.879, 648.288]] 
AVERAGE RESPONSE TIME: 503.02302
NUMBER OF THREADS: [50]
WORKLOAD: LV_HF; PAL CONFIG: default; NUMBER OF REPLICAS: 4 
TOTAL EXECUTION TIME (Concurrent Parallel Requests): 1159.21


[[397.413, 379.546, 415.947, 378.425, 381.042, 405.207, 408.168, 471.155, 420.959, 427.977, 498.431, 428.075, 464.845, 453.016, 377.918, 485.071, 471.647, 606.077, 497.854, 506.877, 517.999, 561.401, 425.474, 405.872, 453.58, 511.716, 509.295, 545.052, 532.501, 497.494, 579.432, 594.996, 390.042, 609.172, 638.861, 718.686, 610.457, 482.336, 649.202, 617.073, 727.879, 603.638, 512.376, 555.846, 622.736, 594.209, 703.081, 618.016, 417.654, 721.39]] 
AVERAGE RESPONSE TIME: 516.06232
NUMBER OF THREADS: [50]
WORKLOAD: LV_HF; PAL CONFIG: default; NUMBER OF REPLICAS: 4 
TOTAL EXECUTION TIME (Concurrent Parallel Requests): 1159.95


[[423.354, 412.624, 420.889, 459.557, 444.281, 484.987, 450.796, 384.924, 532.794, 474.119, 449.877, 435.939, 479.249, 490.734, 439.368, 388.258, 483.47, 504.499, 523.38, 455.772, 390.998, 526.467, 540.527, 476.849, 552.513, 564.683, 600.834, 491.909, 559.971, 616.855, 584.044, 503.025, 367.041, 524.067, 596.132, 561.899, 383.681, 650.938, 600.637, 675.217, 602.951, 402.859, 440.341, 693.793, 623.052, 726.198, 761.486, 499.004, 443.181, 786.276]] 
AVERAGE RESPONSE TIME: 517.72598
NUMBER OF THREADS: [50]
WORKLOAD: LV_HF; PAL CONFIG: default; NUMBER OF REPLICAS: 4 
TOTAL EXECUTION TIME (Concurrent Parallel Requests): 1212.198


[[387.048, 406.749, 408.318, 446.392, 486.564, 410.072, 451.894, 535.445, 575.371, 618.888, 375.4, 662.317, 485.501, 375.092, 412.298, 579.405, 451.844, 518.449, 376.095, 670.777, 595.741, 701.661, 738.873, 386.758, 621.873, 431.447, 749.804, 839.218, 418.501, 788.73, 452.795, 612.266, 469.468, 638.712, 816.932, 647.764, 691.156, 394.076, 456.618, 803.289, 687.179, 480.499, 513.964, 550.953, 369.172, 802.355, 574.296, 616.388, 394.571, 647.658]] 
AVERAGE RESPONSE TIME: 550.53272
NUMBER OF THREADS: [50]
WORKLOAD: LV_HF; PAL CONFIG: default; NUMBER OF REPLICAS: 4 
TOTAL EXECUTION TIME (Concurrent Parallel Requests): 1169.398


[[512.346, 452.911, 451.034, 436.229, 436.493, 396.669, 472.364, 438.541, 495.451, 423.689, 529.062, 457.678, 562.198, 597.261, 430.372, 393.828, 465.854, 620.976, 530.933, 478.924, 383.746, 418.158, 393.25, 535.165, 419.685, 535.552, 572.851, 552.148, 596.048, 414.334, 556.253, 454.748, 375.294, 579.973, 588.026, 462.884, 621.638, 391.651, 658.534, 702.438, 560.506, 441.881, 489.187, 399.906, 478.46, 577.999, 427.2, 492.905, 591.652, 637.594]] 
AVERAGE RESPONSE TIME: 497.84958
NUMBER OF THREADS: [50]
WORKLOAD: LV_HF; PAL CONFIG: default; NUMBER OF REPLICAS: 4 
TOTAL EXECUTION TIME (Concurrent Parallel Requests): 1089.532


