[[490.878, 458.235, 471.373, 465.061, 480.979, 447.868, 451.402, 456.471, 467.215, 477.976, 516.815, 487.364, 474.445, 489.692, 472.62, 488.109, 470.384, 497.399, 492.614, 478.214, 484.121, 526.567, 499.571, 493.782, 538.406, 478.479, 462.82, 508.969, 510.128, 521.326, 498.856, 489.28, 503.824, 540.245, 490.56, 511.625, 535.539, 545.616, 518.562, 508.642, 490.699, 460.423, 453.818, 516.217, 499.235, 507.018, 493.882, 472.502, 450.368, 449.62, 461.06, 453.33, 464.764, 554.631, 485.834, 431.531, 496.334, 481.481, 485.47, 534.015, 498.908, 508.936, 503.172, 498.258, 478.624, 538.037, 533.777, 485.404, 502.59, 473.094, 462.049, 462.628, 484.58, 463.849, 532.199, 518.33, 495.808, 504.429, 546.847, 504.509, 479.475, 487.881, 498.235, 508.32, 474.786, 471.383, 490.894, 496.948, 485.47, 491.222, 481.856, 496.305, 480.865, 500.435, 487.176, 480.924, 490.447, 493.672, 483.193, 486.248, 488.101, 481.807, 470.649, 469.173, 463.635, 461.214, 480.353, 473.041, 459.982, 463.856, 462.538, 465.068, 467.456, 458.567, 457.784, 455.113, 451.538, 467.582, 446.639, 444.773, 449.96, 445.241, 444.92, 434.274, 438.362, 439.16, 437.849, 442.975, 437.361, 440.636, 436.511, 435.415, 427.451, 441.614, 455.041, 470.259, 437.382, 430.943, 466.227, 444.749, 441.213, 440.534, 440.769, 450.691, 439.361, 439.595, 467.05, 447.815, 436.874, 455.0]] 
AVERAGE RESPONSE TIME: 478.06752
NUMBER OF THREADS: [150]
WORKLOAD: LV_HF; PAL CONFIG: cache_and_compression; NUMBER OF REPLICAS: 2 
TOTAL EXECUTION TIME (Concurrent Parallel Requests): 2375.584


[[480.34, 469.317, 474.893, 457.597, 472.447, 527.51, 479.91, 511.276, 474.558, 512.556, 465.149, 498.146, 487.479, 485.453, 521.117, 499.732, 523.254, 485.878, 497.997, 497.127, 486.177, 473.835, 498.673, 479.958, 496.275, 471.397, 482.005, 467.702, 508.378, 502.23, 491.288, 481.032, 494.498, 516.087, 482.03, 476.051, 482.359, 482.079, 476.68, 496.622, 486.884, 488.601, 465.985, 476.428, 476.461, 472.831, 471.08, 541.3, 474.449, 498.82, 475.47, 491.805, 468.536, 494.749, 498.449, 545.598, 533.567, 517.353, 507.297, 498.59, 519.96, 509.542, 507.166, 482.731, 486.891, 482.426, 507.94, 517.525, 490.076, 508.948, 506.411, 488.866, 480.078, 1379.228, 529.001, 536.092, 496.778, 496.955, 509.699, 511.145, 481.467, 482.073, 515.665, 509.019, 468.486, 477.788, 463.648, 503.778, 502.127, 468.365, 516.142, 533.532, 498.96, 480.289, 497.014, 462.905, 495.601, 457.228, 472.93, 468.771, 465.394, 450.133, 464.83, 455.285, 463.55, 436.183, 452.923, 442.273, 435.437, 444.083, 439.277, 447.398, 444.368, 430.296, 423.343, 427.316, 418.254, 418.807, 423.718, 446.382, 441.026, 444.278, 434.638, 460.211, 473.617, 445.936, 442.296, 451.343, 440.753, 452.285, 446.114, 446.64, 433.587, 437.471, 425.425, 462.067, 484.311, 449.065, 435.959, 435.131, 438.465, 445.854, 440.561, 434.522, 460.325, 419.078, 457.359, 440.054, 456.784, 454.024]] 
AVERAGE RESPONSE TIME: 482.4868
NUMBER OF THREADS: [150]
WORKLOAD: LV_HF; PAL CONFIG: cache_and_compression; NUMBER OF REPLICAS: 2 
TOTAL EXECUTION TIME (Concurrent Parallel Requests): 2145.637


[[582.581, 552.338, 537.873, 562.1, 541.703, 544.575, 522.784, 502.438, 513.515, 522.156, 487.485, 500.632, 490.807, 490.917, 498.202, 490.511, 532.57, 513.494, 507.162, 491.287, 494.744, 485.148, 479.574, 504.95, 495.633, 489.405, 477.183, 475.71, 482.356, 537.357, 607.876, 522.029, 554.962, 533.846, 586.224, 536.098, 560.388, 568.776, 560.863, 585.488, 499.977, 550.369, 532.834, 538.008, 549.875, 521.766, 520.013, 530.591, 1492.291, 486.738, 522.631, 505.193, 520.363, 481.629, 479.615, 491.58, 489.946, 487.252, 484.045, 558.353, 548.105, 598.36, 586.944, 579.687, 541.349, 524.69, 496.263, 509.177, 462.871, 483.648, 460.852, 438.66, 444.222, 542.13, 517.279, 584.041, 515.253, 557.753, 482.77, 480.025, 469.084, 446.007, 473.049, 462.186, 440.99, 438.582, 436.931, 463.237, 457.228, 559.726, 490.128, 501.805, 474.396, 500.016, 504.027, 464.185, 470.438, 486.02, 477.356, 494.052, 482.23, 475.341, 474.112, 469.773, 471.952, 503.044, 513.706, 497.258, 502.592, 480.919, 471.56, 477.268, 491.352, 462.677, 463.575, 493.048, 493.548, 470.753, 510.969, 516.212, 481.727, 468.49, 473.652, 495.585, 507.667, 493.381, 478.017, 483.936, 484.933, 471.195, 470.829, 475.092, 504.113, 491.051, 474.427, 548.704, 567.111, 546.097, 497.02, 526.787, 509.044, 493.473, 498.817, 504.557, 492.637, 470.274, 520.981, 496.525, 502.804, 492.499]] 
AVERAGE RESPONSE TIME: 511.1576333333333
NUMBER OF THREADS: [150]
WORKLOAD: LV_HF; PAL CONFIG: cache_and_compression; NUMBER OF REPLICAS: 2 
TOTAL EXECUTION TIME (Concurrent Parallel Requests): 2419.166


[[467.5, 434.344, 460.034, 441.45, 460.865, 436.58, 481.204, 474.648, 456.294, 466.021, 461.772, 440.826, 481.946, 515.888, 457.781, 461.723, 454.041, 458.917, 440.285, 453.233, 460.454, 476.011, 463.772, 422.379, 456.82, 442.871, 440.17, 436.523, 451.909, 457.119, 453.402, 457.027, 438.075, 439.644, 467.785, 450.86, 456.81, 447.508, 445.273, 437.584, 449.743, 437.715, 436.503, 426.345, 450.975, 462.002, 442.862, 420.391, 464.089, 444.109, 459.944, 452.397, 459.29, 496.925, 478.059, 460.989, 448.044, 445.729, 434.542, 422.005, 465.686, 444.551, 432.781, 503.792, 434.748, 461.589, 444.002, 472.832, 442.639, 454.12, 489.911, 499.539, 485.23, 489.789, 425.343, 498.181, 435.734, 452.076, 451.193, 493.143, 499.937, 473.637, 488.05, 473.328, 465.16, 453.095, 442.495, 436.658, 449.448, 447.014, 472.117, 461.633, 433.795, 449.138, 433.261, 430.369, 424.996, 469.735, 426.893, 501.717, 514.679, 481.498, 467.352, 455.109, 447.27, 450.437, 470.919, 441.29, 428.776, 463.63, 453.031, 521.482, 462.507, 481.675, 504.916, 462.036, 498.282, 487.072, 482.165, 475.35, 460.457, 452.587, 439.813, 423.882, 445.815, 445.714, 436.481, 531.623, 544.993, 481.154, 464.043, 494.503, 474.041, 452.192, 453.754, 435.694, 436.331, 448.106, 432.072, 467.561, 460.158, 454.246, 477.258, 497.865, 482.147, 472.926, 443.27, 494.083, 467.153, 446.96]] 
AVERAGE RESPONSE TIME: 459.83812666666665
NUMBER OF THREADS: [150]
WORKLOAD: LV_HF; PAL CONFIG: cache_and_compression; NUMBER OF REPLICAS: 2 
TOTAL EXECUTION TIME (Concurrent Parallel Requests): 2553.1549999999997


[[523.061, 483.594, 503.28, 494.728, 500.631, 478.446, 472.432, 512.718, 513.743, 499.296, 497.632, 485.382, 501.796, 489.937, 471.401, 477.821, 483.486, 490.092, 479.804, 472.262, 452.485, 481.85, 474.357, 480.968, 473.453, 474.502, 468.822, 459.13, 474.391, 479.151, 469.185, 492.58, 505.532, 492.741, 499.275, 487.791, 480.644, 467.809, 480.238, 511.098, 498.269, 504.111, 483.156, 483.302, 477.311, 499.628, 520.821, 465.555, 452.806, 467.198, 442.233, 547.057, 432.536, 529.681, 517.9, 489.728, 468.424, 1207.868, 525.272, 543.581, 512.934, 499.757, 497.235, 458.152, 483.48, 521.843, 483.937, 482.553, 530.556, 1511.127, 543.031, 529.768, 515.958, 483.257, 491.434, 488.762, 491.476, 472.749, 520.874, 520.484, 496.889, 572.585, 507.786, 468.976, 509.848, 488.757, 491.69, 480.994, 517.654, 491.168, 558.668, 512.059, 559.428, 511.298, 505.715, 499.399, 813.632, 492.383, 525.987, 516.926, 535.113, 489.145, 568.871, 502.488, 477.642, 1516.054, 1477.287, 499.761, 526.324, 563.02, 566.31, 610.996, 520.261, 525.189, 548.113, 523.903, 528.978, 507.766, 495.708, 496.766, 494.79, 508.266, 508.83, 494.509, 479.428, 462.559, 484.489, 568.936, 487.613, 502.456, 508.222, 517.096, 498.355, 479.439, 456.825, 463.882, 449.324, 442.106, 449.77, 443.945, 473.752, 450.55, 483.805, 453.902, 456.67, 432.991, 448.294, 456.209, 451.732, 453.447]] 
AVERAGE RESPONSE TIME: 521.9805133333333
NUMBER OF THREADS: [150]
WORKLOAD: LV_HF; PAL CONFIG: cache_and_compression; NUMBER OF REPLICAS: 2 
TOTAL EXECUTION TIME (Concurrent Parallel Requests): 2894.343


[[443.511, 439.11, 431.404, 478.708, 453.684, 462.805, 453.03, 468.809, 432.464, 451.173, 479.976, 459.312, 468.482, 459.854, 448.256, 453.775, 458.102, 447.886, 468.159, 430.54, 444.313, 457.125, 464.802, 454.045, 508.218, 454.529, 512.466, 500.867, 475.349, 481.748, 485.164, 504.576, 491.182, 501.923, 499.997, 528.76, 509.064, 480.954, 494.561, 475.308, 492.203, 481.654, 501.255, 508.547, 488.417, 545.563, 533.851, 504.449, 511.254, 533.65, 493.344, 535.13, 503.857, 504.805, 508.766, 549.47, 516.493, 508.917, 487.383, 497.874, 487.127, 505.632, 507.257, 476.721, 469.561, 474.039, 509.159, 504.135, 526.593, 473.332, 476.07, 486.574, 490.833, 463.115, 459.725, 464.498, 514.76, 550.68, 494.003, 488.645, 532.819, 512.757, 499.172, 482.187, 465.762, 476.371, 494.878, 461.736, 526.24, 482.876, 521.937, 496.575, 533.876, 547.584, 531.082, 530.395, 511.599, 502.934, 469.767, 476.451, 471.176, 473.265, 452.619, 497.629, 512.327, 487.324, 477.471, 482.84, 449.298, 545.41, 458.135, 1248.497, 1387.176, 1187.798, 1179.489, 572.163, 608.019, 585.436, 573.134, 531.891, 545.114, 537.947, 484.593, 516.226, 457.999, 458.609, 421.033, 439.638, 1429.942, 1415.004, 1433.045, 641.061, 617.073, 594.641, 589.803, 585.858, 576.961, 558.07, 556.689, 534.295, 482.544, 455.865, 474.651, 486.551, 484.339, 480.862, 464.757, 593.616, 595.311, 601.095]] 
AVERAGE RESPONSE TIME: 537.29746
NUMBER OF THREADS: [150]
WORKLOAD: LV_HF; PAL CONFIG: cache_and_compression; NUMBER OF REPLICAS: 2 
TOTAL EXECUTION TIME (Concurrent Parallel Requests): 3205.216


[[505.443, 454.741, 475.729, 471.102, 464.522, 442.476, 464.932, 454.647, 444.281, 445.868, 441.661, 433.234, 453.312, 456.221, 443.095, 446.427, 463.538, 460.584, 447.625, 456.956, 445.744, 472.239, 469.982, 467.866, 456.943, 468.419, 458.76, 440.963, 460.118, 465.694, 474.567, 439.431, 462.153, 449.391, 459.853, 483.359, 463.686, 471.726, 503.131, 490.89, 490.419, 508.707, 478.968, 474.751, 469.61, 481.175, 476.894, 490.776, 472.141, 467.445, 472.848, 471.024, 456.805, 525.166, 517.198, 501.241, 507.619, 499.777, 474.174, 487.088, 486.283, 530.532, 502.304, 491.944, 497.364, 461.602, 474.598, 452.632, 442.374, 455.635, 478.167, 462.313, 447.201, 433.035, 439.248, 439.601, 442.926, 483.187, 447.342, 464.891, 437.769, 483.265, 464.932, 443.91, 465.433, 445.355, 464.057, 459.565, 430.819, 436.003, 430.946, 456.218, 447.55, 482.388, 495.036, 447.354, 437.164, 434.188, 449.103, 429.101, 468.102, 455.12, 452.26, 425.277, 445.257, 450.814, 460.211, 454.277, 443.413, 431.852, 456.286, 544.801, 488.078, 452.468, 474.599, 456.149, 441.839, 452.368, 435.996, 472.684, 477.06, 466.605, 451.598, 437.86, 444.717, 440.941, 434.985, 436.59, 504.238, 492.359, 483.273, 458.525, 445.368, 508.435, 459.95, 461.624, 432.268, 455.87, 449.665, 464.325, 446.534, 457.992, 449.89, 449.838, 455.424, 442.763, 476.843, 471.747, 459.282, 473.515]] 
AVERAGE RESPONSE TIME: 463.2027
NUMBER OF THREADS: [150]
WORKLOAD: LV_HF; PAL CONFIG: cache_and_compression; NUMBER OF REPLICAS: 2 
TOTAL EXECUTION TIME (Concurrent Parallel Requests): 2476.784


