[[429.021, 453.268, 503.555, 554.085, 595.761, 645.459, 748.266, 692.537, 786.467, 832.323, 878.297, 925.367, 971.477, 1074.088, 1013.974, 1137.9279999999999, 1172.724, 1219.84, 1265.249, 1351.858, 1294.8020000000001, 1402.238, 1483.8029999999999, 1437.9270000000001, 1524.036, 1573.5, 1618.83, 1657.1570000000002, 1700.142, 1796.306, 1731.54, 1826.7530000000002, 2008.631, 1941.01, 1878.848, 2037.862, 2126.089, 2071.657, 2153.778, 2215.466, 2246.721, 2345.577, 2281.982, 2439.992, 2377.583, 2579.656, 2516.5299999999997, 2453.0190000000002, 2606.0950000000003, 2651.5190000000002]] 
AVERAGE RESPONSE TIME: 1544.61186
NUMBER OF THREADS: [50]
WORKLOAD: LV_HF; PAL CONFIG: compression; NUMBER OF REPLICAS: 1 
TOTAL EXECUTION TIME (Concurrent Parallel Requests): 3079.127


[[827.156, 606.894, 876.493, 712.01, 550.209, 769.18, 654.502, 461.353, 492.745, 901.369, 834.647, 974.366, 924.0, 1155.033, 1005.742, 1193.506, 1040.37, 1228.807, 1271.067, 1329.816, 1488.0230000000001, 1378.1770000000001, 1425.6979999999999, 1520.088, 1562.02, 1637.7, 1675.7910000000002, 1814.674, 1729.15, 1848.692, 1890.192, 1935.708, 1981.123, 2027.775, 2071.42, 2115.43, 2174.556, 2223.316, 2269.2799999999997, 2314.868, 2414.686, 2364.566, 2452.975, 2498.263, 2624.477, 2541.2309999999998, 2662.044, 2705.42, 2751.459, 2802.203]] 
AVERAGE RESPONSE TIME: 1614.2054
NUMBER OF THREADS: [50]
WORKLOAD: LV_HF; PAL CONFIG: compression; NUMBER OF REPLICAS: 1 
TOTAL EXECUTION TIME (Concurrent Parallel Requests): 3204.387


[[586.581, 410.894, 504.504, 438.416, 597.682, 646.708, 686.038, 780.76, 715.015, 874.314, 804.688, 907.908, 957.516, 1001.187, 1063.21, 1158.165, 1098.974, 1196.686, 1239.057, 1333.211, 1257.105, 1383.501, 1484.643, 1414.809, 1515.9589999999998, 1559.615, 1596.0430000000001, 1651.627, 1745.1219999999998, 1792.632, 1682.5610000000001, 1936.989, 1875.522, 1976.3809999999999, 2073.244, 2016.783, 2111.415, 2153.985, 2273.613, 2191.656, 2313.305, 2359.434, 2402.531, 2453.34, 2502.007, 2548.122, 2597.465, 2698.004, 2635.253, 2736.341]] 
AVERAGE RESPONSE TIME: 1558.81042
NUMBER OF THREADS: [50]
WORKLOAD: LV_HF; PAL CONFIG: compression; NUMBER OF REPLICAS: 1 
TOTAL EXECUTION TIME (Concurrent Parallel Requests): 3170.473


[[464.257, 398.336, 552.177, 496.207, 597.272, 647.026, 692.549, 795.231, 734.587, 938.359, 831.46, 876.781, 973.472, 1069.19, 1115.032, 1008.701, 1158.696, 1221.269, 1363.1309999999999, 1290.963, 1380.634, 1426.8609999999999, 1481.628, 1584.1860000000001, 1526.778, 1619.578, 1655.103, 1707.126, 1914.7359999999999, 1753.245, 1793.255, 1840.8600000000001, 2076.626, 2020.763, 2145.646, 2192.104, 1921.743, 2271.291, 2212.782, 2353.05, 2292.103, 2388.85, 2437.743, 2481.9, 2533.175, 2577.407, 2631.2870000000003, 2673.031, 2710.852, 2772.556]] 
AVERAGE RESPONSE TIME: 1592.0319
NUMBER OF THREADS: [50]
WORKLOAD: LV_HF; PAL CONFIG: compression; NUMBER OF REPLICAS: 1 
TOTAL EXECUTION TIME (Concurrent Parallel Requests): 3129.152


[[477.205, 405.62, 593.683, 491.471, 530.873, 629.011, 677.807, 712.468, 805.731, 926.756, 746.174, 845.743, 1098.856, 947.892, 985.707, 1132.27, 1188.868, 1232.435, 1277.835, 1317.195, 1375.401, 1420.259, 1510.65, 1458.613, 1650.366, 1542.717, 1575.871, 1856.722, 1661.917, 1777.4470000000001, 1691.586, 1913.683, 1851.374, 2001.929, 1937.991, 2086.598, 2017.985, 2118.029, 2210.8940000000002, 2314.4030000000002, 2153.909, 2239.046, 2338.37, 2380.8450000000003, 2425.764, 2512.342, 2465.974, 2566.634, 2610.133, 2651.302]] 
AVERAGE RESPONSE TIME: 1546.84708
NUMBER OF THREADS: [50]
WORKLOAD: LV_HF; PAL CONFIG: compression; NUMBER OF REPLICAS: 1 
TOTAL EXECUTION TIME (Concurrent Parallel Requests): 3163.91


[[529.666, 408.206, 452.223, 541.518, 593.105, 703.943, 641.511, 723.938, 764.158, 807.207, 884.026, 971.595, 1018.928, 1107.167, 890.554, 1149.513, 1056.663, 1190.104, 1234.277, 1269.816, 1313.935, 1353.0230000000001, 1402.9189999999999, 1438.9189999999999, 1477.29, 1550.7759999999998, 1673.663, 1605.646, 1737.626, 1691.455, 1825.719, 1765.106, 1843.9070000000002, 1887.754, 1929.4769999999999, 2081.5190000000002, 1970.295, 2007.166, 2208.956, 2099.443, 2143.346, 2242.35, 2281.232, 2335.339, 2455.335, 2389.9610000000002, 2540.082, 2483.451, 2563.176, 2612.825]] 
AVERAGE RESPONSE TIME: 1516.99618
NUMBER OF THREADS: [50]
WORKLOAD: LV_HF; PAL CONFIG: compression; NUMBER OF REPLICAS: 1 
TOTAL EXECUTION TIME (Concurrent Parallel Requests): 3082.143


[[459.389, 393.419, 485.673, 530.536, 676.825, 618.609, 559.91, 801.739, 710.237, 840.368, 885.344, 1045.768, 935.149, 979.653, 1188.869, 1079.603, 1124.077, 1223.5529999999999, 1267.5, 1389.274, 1302.358, 1430.346, 1570.01, 1512.491, 1453.3690000000001, 1639.3200000000002, 1675.5410000000002, 1575.279, 1819.255, 1693.548, 1734.192, 1830.027, 1882.425, 1916.26, 2007.953, 2099.228, 2047.779, 1943.176, 2128.301, 2199.718, 2231.491, 2382.5860000000002, 2323.75, 2262.694, 2411.928, 2462.357, 2553.707, 2481.1440000000002, 2617.946, 2547.131]] 
AVERAGE RESPONSE TIME: 1538.6161
NUMBER OF THREADS: [50]
WORKLOAD: LV_HF; PAL CONFIG: compression; NUMBER OF REPLICAS: 1 
TOTAL EXECUTION TIME (Concurrent Parallel Requests): 3058.113


[[487.094, 411.706, 591.708, 694.725, 509.616, 768.43, 619.679, 805.042, 709.94, 891.405, 836.922, 921.13, 1024.336, 959.254, 1069.035, 1112.252, 1165.65, 1203.577, 1247.462, 1290.689, 1376.461, 1416.929, 1310.5059999999999, 1457.029, 1504.783, 1670.095, 1546.3519999999999, 1699.585, 1587.1390000000001, 1792.1, 1726.751, 1822.5059999999999, 2054.155, 2000.92, 1865.3690000000001, 2081.15, 1924.38, 2109.887, 2161.917, 2257.115, 2200.653, 2295.8469999999998, 2506.053, 2334.709, 2386.573, 2432.5280000000002, 2541.619, 2646.795, 2582.232, 2681.09]] 
AVERAGE RESPONSE TIME: 1545.8576
NUMBER OF THREADS: [50]
WORKLOAD: LV_HF; PAL CONFIG: compression; NUMBER OF REPLICAS: 1 
TOTAL EXECUTION TIME (Concurrent Parallel Requests): 3117.087


