[[497.497]] 
RATE (RPS) =====================================: 1

[[363.535]] 
RATE (RPS) =====================================: 1

[[342.741]] 
RATE (RPS) =====================================: 1

[[342.216]] 
RATE (RPS) =====================================: 1

[[351.942]] 
RATE (RPS) =====================================: 1

[[354.27]] 
RATE (RPS) =====================================: 1

[[339.97]] 
RATE (RPS) =====================================: 1

[[339.238]] 
RATE (RPS) =====================================: 1

[[339.269]] 
RATE (RPS) =====================================: 1

[[347.92]] 
RATE (RPS) =====================================: 1

[[351.991, 343.26]] 
RATE (RPS) =====================================: 2

[[347.99, 340.593]] 
RATE (RPS) =====================================: 2

[[349.958, 344.042]] 
RATE (RPS) =====================================: 2

[[347.374, 350.975]] 
RATE (RPS) =====================================: 2

[[348.402, 339.182]] 
RATE (RPS) =====================================: 2

[[344.026, 354.761]] 
RATE (RPS) =====================================: 2

[[343.156, 341.92]] 
RATE (RPS) =====================================: 2

[[360.082, 347.333]] 
RATE (RPS) =====================================: 2

[[349.929, 342.505]] 
RATE (RPS) =====================================: 2

[[387.114, 368.587]] 
RATE (RPS) =====================================: 2

[[386.585, 366.306, 378.542, 363.197]] 
RATE (RPS) =====================================: 4

[[372.679, 347.958, 342.882, 350.765]] 
RATE (RPS) =====================================: 4

[[354.231, 349.375, 351.663, 341.498]] 
RATE (RPS) =====================================: 4

[[367.206, 342.434, 344.528, 345.555]] 
RATE (RPS) =====================================: 4

[[353.271, 340.892, 353.377, 354.685]] 
RATE (RPS) =====================================: 4

[[343.811, 345.769, 350.539, 351.112]] 
RATE (RPS) =====================================: 4

[[351.49, 343.666, 345.938, 345.174]] 
RATE (RPS) =====================================: 4

[[364.284, 359.044, 356.896, 340.582]] 
RATE (RPS) =====================================: 4

[[409.749, 405.147, 371.955, 371.477]] 
RATE (RPS) =====================================: 4

[[356.861, 340.114, 351.602, 344.334]] 
RATE (RPS) =====================================: 4

[[366.598, 343.898, 347.683, 348.133, 345.157, 345.887, 342.843, 343.542]] 
RATE (RPS) =====================================: 8

[[358.413, 349.26, 349.718, 346.207, 359.193, 344.465, 349.58, 347.654]] 
RATE (RPS) =====================================: 8

[[370.355, 347.108, 343.297, 354.577, 356.351, 357.829, 355.834, 355.173]] 
RATE (RPS) =====================================: 8

[[350.195, 345.238, 342.037, 355.146, 358.415, 358.841, 347.001, 344.878]] 
RATE (RPS) =====================================: 8

[[349.992, 356.632, 348.49, 339.322, 343.92, 361.988, 348.35, 344.596]] 
RATE (RPS) =====================================: 8

[[349.33, 350.29, 355.625, 344.74, 355.242, 377.821, 372.796, 365.464]] 
RATE (RPS) =====================================: 8

[[406.154, 347.823, 366.852, 352.562, 344.367, 344.63, 345.374, 346.192]] 
RATE (RPS) =====================================: 8

[[363.313, 343.759, 363.852, 345.873, 349.189, 359.937, 338.414, 346.869]] 
RATE (RPS) =====================================: 8

[[346.34, 354.071, 348.849, 340.423, 365.68, 337.606, 345.933, 369.99]] 
RATE (RPS) =====================================: 8

[[354.582, 344.947, 349.012, 344.648, 351.255, 376.864, 368.415, 371.292]] 
RATE (RPS) =====================================: 8

[[340.484, 360.742, 354.521, 354.432, 356.356, 351.229, 349.071, 356.383, 351.218, 368.394, 346.845, 357.399, 354.921, 349.022, 347.071, 345.166]] 
RATE (RPS) =====================================: 16

[[359.547, 377.151, 347.062, 355.08, 352.693, 385.289, 343.51, 363.741, 337.255, 340.632, 348.495, 348.042, 344.452, 354.462, 359.161, 357.108]] 
RATE (RPS) =====================================: 16

[[358.041, 375.16, 350.026, 371.044, 354.217, 358.54, 341.832, 356.871, 344.345, 377.24, 369.273, 345.591, 358.234, 360.187, 352.442, 348.492]] 
RATE (RPS) =====================================: 16

[[360.876, 344.598, 343.167, 359.491, 357.607, 354.14, 344.815, 341.23, 350.322, 347.138, 350.503, 346.15, 344.575, 349.451, 365.398, 349.614]] 
RATE (RPS) =====================================: 16

[[341.093, 338.888, 344.972, 359.268, 350.189, 344.781, 345.41, 346.038, 341.204, 339.203, 349.079, 341.312, 341.366, 339.534, 338.902, 341.74]] 
RATE (RPS) =====================================: 16

[[361.208, 345.956, 356.602, 355.974, 360.694, 360.0, 359.006, 383.112, 359.209, 361.476, 360.931, 366.689, 354.574, 363.151, 357.138, 349.875]] 
RATE (RPS) =====================================: 16

[[352.662, 356.325, 370.044, 376.062, 365.137, 358.193, 355.117, 363.897, 351.596, 357.627, 361.672, 359.864, 367.965, 347.291, 354.132, 352.527]] 
RATE (RPS) =====================================: 16

[[368.395, 391.464, 414.367, 437.663, 442.492, 461.659, 537.864, 470.883, 487.861, 534.657, 582.06, 553.099, 598.957, 628.325, 915.689, 929.796]] 
RATE (RPS) =====================================: 16

[[389.504, 413.395, 425.477, 455.412, 477.325, 479.595, 505.617, 544.922, 511.64, 563.28, 702.364, 588.065, 603.039, 637.017, 694.705, 721.549]] 
RATE (RPS) =====================================: 16

[[457.88, 368.131, 394.015, 416.588, 464.099, 486.226, 508.627, 525.646, 540.78, 562.061, 583.849, 606.676, 627.174, 651.678, 671.818, 693.907]] 
RATE (RPS) =====================================: 16

[[407.736, 373.329, 439.528, 411.572, 452.716, 458.991, 479.428, 500.527, 548.285, 504.622, 548.739, 564.377, 607.883, 573.192, 680.897, 617.712, 634.839, 681.985, 699.361, 715.093, 760.453, 732.486, 787.918, 808.853, 901.755, 818.869, 846.133, 967.554, 930.643, 981.939, 1003.567, 1026.525]] 
RATE (RPS) =====================================: 30

[[429.278, 370.584, 396.798, 445.127, 461.319, 496.562, 467.14, 573.504, 547.074, 490.375, 504.056, 604.069, 565.564, 758.638, 612.178, 629.942, 706.533, 649.358, 743.486, 757.244, 826.353, 797.499, 758.342, 836.855, 880.919, 983.37, 923.544, 1023.644, 1071.36, 1117.384, 1219.797, 1163.483]] 
RATE (RPS) =====================================: 27

[[412.247, 563.218, 508.387, 451.744, 585.617, 647.405, 795.394, 681.292, 727.725, 931.687, 824.937, 870.306, 961.244, 1002.234, 1089.104, 1042.568, 1110.059, 1102.371, 1079.932, 1100.158, 1105.001, 1089.593, 1078.871, 1088.987, 1093.778, 1101.561, 1060.65, 1061.248, 1066.814, 1059.748, 1064.042, 1064.266]] 
RATE (RPS) =====================================: 13

[[346.993, 349.354, 378.549, 369.489, 360.364, 381.421, 382.174, 368.224, 359.591, 357.597, 363.098, 394.788, 382.763, 377.814, 390.301, 363.888, 406.274, 393.791, 348.154, 369.566, 362.43, 369.705, 369.8, 360.864, 360.685, 345.563, 359.792, 359.416, 366.684, 372.653, 360.075, 458.259]] 
RATE (RPS) =====================================: 32

[[364.025, 351.228, 412.348, 386.291, 375.848, 397.637, 355.092, 369.05, 358.625, 358.084, 352.141, 350.996, 349.24, 358.581, 342.632, 341.333, 342.579, 341.152, 348.66, 349.447, 346.05, 355.212, 352.753, 352.266, 348.433, 347.292, 357.144, 340.881, 372.081, 373.17, 392.02, 355.065]] 
RATE (RPS) =====================================: 32

[[343.989, 384.754, 357.771, 362.076, 374.679, 349.805, 358.559, 341.701, 380.006, 386.21, 354.176, 356.398, 372.963, 378.533, 370.268, 358.154, 350.405, 352.838, 353.164, 349.764, 350.77, 343.406, 353.45, 338.951, 346.594, 344.062, 342.188, 359.215, 342.969, 352.439, 376.636, 345.122]] 
RATE (RPS) =====================================: 32

[[387.748, 359.075, 368.681, 378.395, 366.739, 359.34, 390.376, 386.011, 382.064, 350.918, 352.336, 359.01, 383.089, 377.907, 378.416, 401.013, 351.82, 385.305, 382.462, 363.404, 356.897, 344.872, 361.265, 342.478, 344.429, 344.275, 343.261, 337.678, 348.954, 339.948, 341.434, 343.674]] 
RATE (RPS) =====================================: 32

[[357.873, 373.178, 342.688, 351.138, 356.183, 347.539, 357.984, 355.594, 348.972, 346.547, 360.583, 355.905, 355.064, 358.106, 342.403, 339.598, 342.365, 343.305, 338.155, 343.454, 357.098, 340.058, 345.66, 356.927, 355.53, 354.969, 355.445, 363.634, 358.163, 371.906, 365.77, 366.777]] 
RATE (RPS) =====================================: 32

[[356.115, 344.646, 370.805, 361.314, 361.608, 349.25, 346.16, 356.259, 345.494, 341.733, 360.888, 350.207, 347.709, 348.067, 345.309, 341.76, 340.047, 362.552, 352.735, 340.773, 356.117, 344.733, 344.501, 352.083, 342.055, 345.12, 352.041, 354.238, 355.192, 371.264, 373.018, 351.374]] 
RATE (RPS) =====================================: 32

[[357.634, 348.247, 346.738, 360.778, 356.274, 365.561, 340.493, 360.573, 358.03, 372.032, 370.091, 376.554, 389.812, 355.413, 356.997, 379.406, 374.65, 375.205, 361.876, 353.976, 358.954, 344.031, 363.623, 342.843, 339.062, 349.441, 345.864, 343.378, 351.437, 345.598, 343.434, 358.736]] 
RATE (RPS) =====================================: 32

[[356.277, 368.016, 341.547, 380.447, 367.198, 380.915, 382.522, 366.33, 365.527, 389.374, 363.656, 364.938, 383.082, 374.259, 391.079, 367.908, 366.691, 370.865, 378.991, 382.308, 358.888, 370.349, 407.675, 402.46, 379.206, 372.056, 407.487, 413.029, 359.315, 348.772, 375.11, 380.246, 382.589, 377.362, 371.984, 426.217, 366.589, 403.834, 408.019, 402.417, 377.993, 393.609, 369.286, 369.004, 371.179, 357.54, 351.994, 369.845, 360.839, 360.132, 358.338, 425.684, 404.582, 406.284, 355.65, 371.581, 384.015, 402.199, 384.251, 392.683, 384.353, 390.932, 367.884, 364.171]] 
RATE (RPS) =====================================: 64

[[381.099, 439.901, 413.129, 491.118, 450.576, 529.022, 413.599, 514.244, 466.902, 528.942, 603.878, 527.81, 559.551, 619.465, 595.115, 650.643, 619.774, 656.285, 672.638, 692.417, 705.363, 714.604, 787.212, 712.404, 720.461, 783.912, 731.273, 808.112, 773.201, 833.986, 867.997, 785.451, 825.59, 870.912, 845.727, 905.965, 917.355, 866.042, 931.904, 970.224, 1017.583, 1092.72, 1042.927, 1104.633, 1114.48, 1134.127, 1153.854, 1179.619, 1182.3609999999999, 1193.571, 1196.6390000000001, 1214.037, 1221.286, 1215.527, 1240.4569999999999, 1310.6390000000001, 1252.593, 1301.271, 1312.069, 1316.3600000000001, 1332.807, 1334.902, 1361.483, 1319.628]] 
RATE (RPS) =====================================: 40

[[385.105, 479.693, 396.393, 419.221, 433.877, 485.424, 496.244, 639.53, 581.278, 544.444, 493.284, 530.727, 580.079, 628.085, 649.343, 661.198, 674.836, 683.065, 751.943, 688.533, 704.785, 740.155, 752.759, 764.269, 781.5, 806.273, 824.259, 848.591, 868.069, 888.138, 909.644, 954.64, 920.619, 972.398, 1050.076, 989.719, 1087.222, 1117.67, 1140.0430000000001, 1186.458, 1148.721, 1194.883, 1212.278, 1225.635, 1244.291, 1280.2640000000001, 1297.916, 1339.351, 1386.606, 1302.037, 1345.325, 1409.537, 1363.219, 1404.965, 1408.776, 1420.8809999999999, 1426.285, 1435.55, 1452.5430000000001, 1468.317, 1474.7269999999999, 1521.625, 1459.787, 1497.584]] 
RATE (RPS) =====================================: 35

[[373.688, 388.882, 440.214, 400.318, 455.36, 478.305, 520.15, 476.03, 526.813, 548.235, 577.861, 618.691, 588.798, 630.335, 644.114, 660.915, 679.071, 703.825, 695.372, 710.041, 726.637, 787.641, 810.296, 848.073, 943.98, 884.333, 992.168, 1087.882, 1027.511, 1121.455, 1163.628, 1207.924, 1168.124, 1212.72, 1245.35, 1284.412, 1298.43, 1344.517, 1310.3809999999999, 1355.923, 1402.349, 1374.789, 1453.181, 1410.3319999999999, 1467.754, 1484.517, 1502.185, 1517.022, 1565.463, 1529.52, 1668.9569999999999, 1568.612, 1587.516, 1608.0700000000002, 1676.63, 1707.9270000000001, 1733.742, 1782.591, 1825.664, 1851.0810000000001, 1898.621, 1861.8310000000001, 1924.346, 1895.363]] 
RATE (RPS) =====================================: 27

[[378.925, 403.95, 443.884, 421.583, 483.863, 447.98, 489.806, 564.794, 507.922, 527.904, 656.562, 624.448, 581.069, 556.361, 670.846, 722.39, 764.516, 784.132, 862.195, 802.474, 826.434, 861.947, 882.891, 900.456, 932.531, 1002.816, 945.09, 977.259, 1039.507, 1008.901, 1058.898, 1073.702, 1091.657, 1144.652, 1112.603, 1154.976, 1178.946, 1194.795, 1291.98, 1213.061, 1230.482, 1288.75, 1231.442, 1302.019, 1350.5059999999999, 1320.325, 1360.6, 1383.055, 1403.8899999999999, 1446.549, 1489.2640000000001, 1561.259, 1520.7649999999999, 1604.1480000000001, 1583.8400000000001, 1613.2530000000002, 1620.412, 1636.3319999999999, 1658.5610000000001, 1701.904, 1656.5529999999999, 1698.952, 1722.7649999999999, 1733.716]] 
RATE (RPS) =====================================: 27

[[407.547, 394.839, 446.765, 463.888, 414.984, 505.185, 472.611, 522.931, 565.117, 590.497, 605.088, 647.952, 616.692, 685.642, 763.038, 653.625, 697.702, 723.806, 765.334, 787.003, 855.485, 799.881, 819.532, 862.77, 886.659, 901.249, 917.315, 933.675, 978.212, 1002.587, 949.96, 1000.986, 1019.234, 1037.688, 1071.973, 1046.482, 1087.554, 1127.502, 1086.078, 1163.346, 1184.125, 1121.873, 1217.0149999999999, 1181.177, 1231.998, 1387.167, 1287.5059999999999, 1458.655, 1511.891, 1548.321, 1617.467, 1577.557, 1628.821, 1643.9850000000001, 1662.4569999999999, 1699.812, 1713.576, 1657.201, 1724.661, 1745.929, 1833.9180000000001, 1757.5, 1767.2150000000001, 1785.03]] 
RATE (RPS) =====================================: 30

[[367.936, 399.186, 423.196, 401.692, 452.968, 448.86, 471.99, 487.855, 505.629, 557.266, 517.993, 595.769, 620.694, 559.68, 634.191, 652.672, 674.916, 759.038, 713.821, 835.248, 773.413, 792.751, 860.605, 831.505, 873.668, 892.524, 912.501, 928.908, 945.37, 1024.518, 957.68, 978.074, 1031.797, 1065.314, 1101.316, 1144.185, 1209.594, 1184.083, 1216.727, 1239.339, 1282.046, 1245.114, 1369.1399999999999, 1333.967, 1278.2350000000001, 1296.021, 1392.098, 1368.126, 1399.766, 1417.114, 1437.026, 1454.6779999999999, 1464.874, 1483.737, 1505.554, 1573.516, 1498.493, 1512.613, 1553.529, 1577.262, 1596.496, 1534.558, 1628.826, 1601.025]] 
RATE (RPS) =====================================: 31

[[527.862, 386.253, 414.923, 456.292, 399.429, 470.031, 539.639, 476.11, 526.601, 549.11, 562.802, 555.53, 591.319, 596.593, 635.965, 609.213, 649.11, 674.42, 719.872, 685.901, 735.334, 749.755, 792.742, 752.425, 796.375, 798.185, 840.549, 798.092, 866.056, 836.648, 874.748, 902.157, 1085.381, 1031.674, 922.852, 1077.778, 1141.713, 1091.346, 1091.99, 1139.8899999999999, 1111.319, 1151.071, 1187.215, 1143.757, 1187.492, 1206.712, 1249.779, 1327.309, 1189.981, 1256.185, 1277.366, 1199.556, 1527.4279999999999, 1260.341, 1275.182, 1241.654, 1405.685, 1270.788, 1219.06, 1311.3600000000001, 1328.781, 1248.329, 1364.79, 1260.228]] 
RATE (RPS) =====================================: 33

[[373.228, 414.03, 431.278, 471.528, 592.366, 477.875, 563.907, 609.551, 667.345, 610.254, 629.994, 661.116, 682.019, 642.44, 715.799, 681.392, 716.627, 733.617, 714.846, 659.472, 714.325, 765.565, 716.22, 790.615, 685.254, 688.15, 677.467, 693.006, 716.106, 771.281, 707.674, 721.594]] 
RATE (RPS) =====================================: 64

[[415.866, 419.176, 390.066, 434.331, 438.035, 454.07, 451.525, 432.33, 482.886, 465.714, 427.966, 501.946, 443.885, 410.507, 482.641, 426.061, 417.367, 416.415, 408.9, 419.06, 446.108, 414.292, 418.85, 427.876, 427.159]] 
RATE (RPS) =====================================: 64

[[385.835, 382.808, 399.651, 409.867, 443.923, 465.41, 478.315, 520.812, 478.722, 513.713, 475.279, 524.687, 534.798, 450.547, 477.906, 455.445, 470.145, 447.432, 441.911, 455.468, 452.891, 461.858, 376.505, 372.229, 385.489, 372.731, 372.678, 413.148]] 
RATE (RPS) =====================================: 65

[[409.448, 420.417, 435.081, 455.3, 492.073, 545.186, 446.49, 512.567, 496.511, 564.924, 528.449, 583.075, 592.538, 594.493, 614.285, 619.762, 621.4, 631.689, 639.912, 630.794, 650.637, 596.688, 596.935, 587.179, 580.446, 618.19, 565.955, 611.719, 558.203, 573.513, 598.209, 569.848, 571.246, 652.109, 591.148, 644.844, 657.407, 673.419]] 
RATE (RPS) =====================================: 65

[[377.393, 402.622, 405.935, 408.808, 465.645, 474.902, 524.311, 525.419, 551.945, 585.845, 579.944, 512.82, 541.497, 525.906, 538.038, 525.891, 563.501, 515.564, 582.63, 518.018, 520.913, 515.141, 540.916, 492.413, 546.285, 567.743, 558.96, 557.15, 546.065]] 
RATE (RPS) =====================================: 65

[[415.875, 477.216, 412.133, 471.81, 454.079, 463.597, 472.852, 501.322, 527.055, 534.854, 564.209, 499.271, 509.837, 536.071, 534.231, 536.693, 541.991, 566.732, 525.372, 569.91, 572.079, 545.216, 541.33, 542.616, 555.197, 534.58, 517.468, 524.324, 567.002, 587.628, 503.617, 571.669, 506.12, 497.924, 541.923, 548.452, 547.296, 557.32]] 
RATE (RPS) =====================================: 65

[[413.382, 415.452, 415.132, 450.169, 426.104, 474.657, 504.142, 478.655, 512.978, 542.173, 543.395, 583.99, 555.875, 601.261, 617.073, 638.135, 653.508, 627.27, 631.784, 657.689, 649.8, 664.994, 627.615, 629.825, 685.333, 618.977, 691.662, 704.183, 684.276, 708.23, 1380.196, 736.502, 661.543, 682.609, 724.924, 758.904, 712.392]] 
RATE (RPS) =====================================: 64

[[398.126, 382.58, 394.121, 440.081, 448.7, 401.635, 443.821, 451.014, 409.655, 426.697, 462.134, 465.919, 464.257, 445.519, 453.837, 465.998, 444.506, 450.235, 464.074, 414.686, 459.871, 451.16, 467.157, 468.748, 539.928, 558.396, 509.491, 553.336, 587.043, 627.51]] 
RATE (RPS) =====================================: 65

[[482.208, 531.558, 416.574, 534.191, 580.642, 588.366, 615.594, 604.196, 609.967, 611.538, 601.557, 602.852, 585.283, 554.149, 529.054, 495.257, 496.005, 411.397, 417.04, 375.248, 362.685, 392.152, 377.154, 412.735, 368.267, 382.995, 374.12, 364.703, 410.695, 348.613, 375.07]] 
RATE (RPS) =====================================: 65

[[367.165, 355.589, 395.191, 375.821, 356.311, 359.732, 354.705, 378.316, 352.418, 358.652, 353.424, 407.14, 383.284, 387.143, 378.465, 361.126, 378.048, 368.193, 358.608, 387.553, 388.107, 383.526, 340.189, 356.245, 492.756, 353.092, 345.739, 373.94, 356.209, 343.288, 355.375, 362.524, 349.567, 354.011]] 
RATE (RPS) =====================================: 65

[[372.559, 363.248, 397.991, 388.503, 363.38, 366.687, 352.104, 348.336, 341.839, 356.173, 373.12, 357.4, 421.025, 366.088, 372.799, 391.728, 366.159, 365.989, 448.877, 446.277, 386.829, 446.93, 368.279, 343.076, 356.385, 412.837, 392.14, 377.231, 391.277, 352.538, 349.361, 348.056, 392.015, 365.484, 364.498]] 
RATE (RPS) =====================================: 65

[[359.744, 366.066, 372.601, 378.732, 412.153, 375.258, 352.543, 355.833, 364.624, 359.166, 351.772, 357.54, 368.549, 358.605, 387.055, 363.664, 344.832, 376.397, 373.127, 384.62, 363.533, 353.554, 365.193, 357.959]] 
RATE (RPS) =====================================: 65

[[374.152, 379.593, 437.462, 398.179, 419.955, 407.08, 394.465, 359.355, 360.3, 391.969, 363.156, 348.361, 399.174, 397.741, 416.771, 392.074, 378.692, 348.557, 358.741, 447.259, 366.925, 405.287, 415.477, 366.539, 373.45, 348.762, 356.464, 346.924, 346.298, 353.145, 344.394, 345.091, 341.911, 358.025, 348.012, 344.127, 357.243]] 
RATE (RPS) =====================================: 66

[[390.679, 365.322, 367.212, 359.515, 385.713, 369.222, 373.613, 391.072, 361.649, 385.435, 419.457, 399.038, 378.081, 374.621, 383.008, 412.251, 376.265, 365.663, 353.285, 393.299, 382.654, 369.035, 407.684, 393.482, 369.881, 358.576, 351.313, 412.519, 368.86, 380.751, 354.555, 375.115, 410.93, 415.598, 387.028, 351.193, 390.021, 361.843, 355.817]] 
RATE (RPS) =====================================: 66

[[354.849, 358.354, 355.36, 353.138, 346.583, 383.133, 387.031, 363.847, 382.821, 420.525, 418.873, 417.013, 391.498, 381.014, 365.484, 356.963, 376.788, 396.42, 351.293, 383.459, 379.893, 347.916, 353.841, 351.273, 382.149, 358.003, 385.947, 359.931]] 
RATE (RPS) =====================================: 66

[[370.312, 366.092, 353.115, 376.827, 372.579, 381.671, 353.416, 393.938, 373.308, 380.104, 362.221, 389.032, 361.195, 353.841, 373.429, 370.223, 352.953, 404.891, 392.03, 354.858, 420.767, 387.583, 366.864, 355.919, 375.278, 344.747, 361.617]] 
RATE (RPS) =====================================: 66

[[402.347, 377.901, 355.74, 353.433, 363.583, 369.971, 361.014, 350.058, 380.871, 364.304, 359.572, 376.476, 365.976, 357.807, 399.89, 389.182, 378.582, 357.483, 406.727, 390.417, 372.904, 375.002, 409.306, 400.686, 388.614, 370.695, 373.713, 386.384, 373.854, 359.149, 405.86, 364.57, 362.316, 370.949, 375.78, 386.488, 357.478, 358.624, 358.884, 359.69]] 
RATE (RPS) =====================================: 66

[[358.104, 369.399, 347.005, 361.316, 350.53, 354.007, 351.318, 342.032, 362.779, 345.489, 362.79, 352.936, 351.629, 370.198, 363.109, 384.163, 387.663, 378.551, 372.138, 361.775, 365.2, 369.981, 383.675, 369.978, 351.832, 349.024, 353.519, 347.561, 350.722, 342.774, 370.091, 352.406, 356.55, 351.621]] 
RATE (RPS) =====================================: 66

[[363.708, 373.662, 380.005, 364.252, 362.692, 414.178, 360.693, 384.871, 393.176, 358.991, 379.501, 375.098, 367.893, 363.614, 402.293, 397.851, 361.435, 368.2, 385.908, 374.98, 382.158, 359.99, 372.943, 362.02, 402.047, 375.755, 403.827, 359.182, 365.298, 352.813, 363.388, 342.286]] 
RATE (RPS) =====================================: 66

[[365.402, 384.128, 408.561, 373.832, 393.792, 378.402, 404.162, 371.187, 394.268, 364.544, 356.926, 352.143, 375.411, 369.031, 350.211, 346.85, 359.31, 364.677, 382.526, 382.268, 372.17, 369.077, 350.83, 354.699, 364.416, 351.764, 353.704, 346.161, 368.316, 356.984, 342.289, 361.54, 338.399, 357.799]] 
RATE (RPS) =====================================: 66

[[381.318, 382.959, 448.302, 375.521, 392.565, 371.565, 385.741, 387.881, 380.26, 387.45, 360.837, 408.757, 388.204, 416.785, 373.591, 371.857, 392.659, 383.952, 369.705, 383.94, 409.833, 381.302, 381.387, 359.688, 357.484, 404.106, 383.705, 346.482, 351.168, 348.33]] 
RATE (RPS) =====================================: 66

[[401.926, 528.864, 371.72, 430.981, 412.363, 388.719, 397.452, 379.097, 360.073, 352.026, 356.013, 374.448, 388.526, 401.649, 461.756, 368.797, 392.184, 391.352, 366.191, 353.046, 380.899, 370.682, 372.84, 380.477, 346.768, 366.016, 389.658, 348.817, 352.771, 350.837, 359.174, 347.217, 343.813, 345.315, 352.101, 356.648]] 
RATE (RPS) =====================================: 66

[[368.142, 372.3, 377.316, 368.836, 399.739, 387.379, 394.71, 369.172, 943.363, 928.336, 908.314, 876.47, 876.876, 835.475, 831.033, 818.62, 770.349, 728.545, 653.25, 622.333, 613.333, 601.568, 590.246, 573.843, 554.429, 548.856, 519.345, 506.893, 505.701, 479.559, 491.838, 474.316, 461.009, 457.771, 455.143, 455.291, 444.927, 445.39, 445.41]] 
RATE (RPS) =====================================: 67

[[367.533, 368.474, 385.45, 361.748, 354.652, 377.205, 412.779, 398.799, 375.72, 378.483, 367.256, 355.612, 360.359, 408.261, 379.754, 371.6, 392.375, 354.873, 390.485, 358.475, 360.947, 359.823, 378.2, 347.752, 365.146, 348.067]] 
RATE (RPS) =====================================: 67

[[375.482, 355.605, 380.083, 378.409, 367.105, 393.03, 392.794, 365.765, 367.849, 381.808, 414.41, 373.438, 380.446, 362.787, 369.098, 366.639, 361.908, 356.334, 373.303, 388.536, 351.567, 408.736, 359.459, 372.64, 375.056, 353.333, 353.092, 369.173, 383.512, 355.675, 360.208, 361.506, 373.894, 357.312, 378.86, 376.208]] 
RATE (RPS) =====================================: 67

[[366.938, 361.711, 376.314, 351.711, 353.517, 346.287, 368.965, 356.861, 359.777, 385.726, 365.948, 360.67, 365.096, 357.847, 362.02, 363.141, 352.943, 346.697, 367.142, 350.489, 361.831, 362.572, 367.296, 366.222, 361.243, 363.61, 352.403, 356.261, 344.672, 348.073, 344.548, 344.094, 341.074, 369.875, 358.185, 352.236, 361.837, 360.686, 346.942, 360.39]] 
RATE (RPS) =====================================: 67

[[346.563, 355.297, 342.641, 374.224, 364.94, 357.717, 366.015, 374.687, 368.869, 376.169, 370.604, 354.608, 364.23, 350.067, 347.12, 366.235, 352.457, 383.601, 373.871, 382.512, 361.168, 351.3, 354.813, 374.498, 347.301, 345.651, 349.232, 353.416, 353.95, 349.122, 357.219]] 
RATE (RPS) =====================================: 67

[[357.991, 374.764, 372.455, 372.173, 367.657, 361.959, 372.63, 375.702, 356.37, 353.552, 363.857, 378.438, 346.739, 367.45, 357.476, 352.914, 348.011, 351.284, 343.369, 350.691, 373.846, 360.614, 358.679, 354.024, 344.157, 360.742, 343.792, 352.31, 352.96, 344.267, 358.867, 356.401, 342.879, 356.368, 353.623, 343.632]] 
RATE (RPS) =====================================: 67

[[363.019, 368.041, 345.938, 362.552, 376.903, 345.906, 392.413, 386.984, 442.362, 418.902, 391.963, 397.619, 371.63, 368.719, 366.429, 362.07, 357.317, 369.452, 345.032, 362.186, 352.547, 364.646, 357.289, 400.994, 374.965, 382.424, 397.003, 388.857, 377.028, 362.908, 396.129, 353.506, 400.698, 343.269]] 
RATE (RPS) =====================================: 67

[[362.206, 354.663, 359.32, 357.464, 344.295, 361.119, 355.697, 354.273, 370.992, 373.573, 368.801, 383.338, 363.296, 368.018, 372.984, 369.906, 364.325, 355.738, 367.236, 362.502, 349.87, 382.773, 376.903, 348.715, 378.045, 347.669, 348.906, 355.061, 344.765, 354.45, 343.281, 354.598]] 
RATE (RPS) =====================================: 67

[[368.921, 365.621, 370.632, 363.178, 370.929, 361.616, 393.948, 379.934, 371.551, 359.284, 372.839, 358.431, 360.338, 357.25, 357.526, 356.568, 356.336, 344.256, 354.354, 361.591, 375.834, 343.703, 367.062, 371.735, 361.621, 366.04, 362.94, 347.947]] 
RATE (RPS) =====================================: 67

[[406.783, 528.476, 467.966, 459.888, 466.721, 426.943, 437.437, 397.849, 514.757, 502.799, 467.091, 443.936, 419.509, 407.476, 378.128, 366.648, 1048.15, 468.16, 431.94, 421.211, 436.207, 406.799, 403.655, 383.72, 379.861, 1352.78, 416.844, 416.017, 397.225, 382.386, 371.406, 367.091, 360.012, 361.959, 347.815, 513.555]] 
RATE (RPS) =====================================: 65

[[493.81, 463.124, 451.368, 444.059, 414.308, 1357.495, 1372.3809999999999, 2299.615, 500.662, 480.966, 455.116, 457.476, 434.404, 426.771, 435.612, 429.249, 426.265, 424.162, 389.381, 369.43, 2402.998, 348.634, 347.724, 1623.281, 1611.471, 1606.135, 1600.534, 1594.595, 1569.94, 1582.054, 1572.257, 1565.5430000000001, 345.33, 344.338]] 
RATE (RPS) =====================================: 55

[[341.385, 397.142, 394.281, 381.157, 407.681, 404.398, 374.705, 361.367, 361.279, 357.65, 363.976, 353.648, 464.015, 440.952, 397.518, 368.202, 379.995, 348.4, 359.233, 408.769, 372.469, 380.87, 351.353, 349.681, 367.995, 392.316, 356.567, 383.771, 377.955, 352.245, 351.407, 351.17, 342.344]] 
RATE (RPS) =====================================: 68

[[355.577, 359.09, 388.202, 355.982, 360.787, 359.894, 359.035, 363.98, 373.202, 365.323, 343.746, 366.461, 353.783, 356.796, 356.205, 356.891, 346.117, 362.767, 350.428, 383.291, 341.863, 360.479, 351.057, 356.173, 363.926, 343.359, 345.355, 338.594, 348.274, 343.403, 343.436, 346.335]] 
RATE (RPS) =====================================: 68

[[367.658, 397.615, 377.739, 350.303, 391.71, 387.015, 379.691, 413.55, 371.67, 388.414, 379.236, 372.522, 353.882, 387.694, 390.47, 353.514, 376.573, 409.714, 371.593, 352.211, 358.779, 350.51, 407.952, 384.444, 359.709, 376.045]] 
RATE (RPS) =====================================: 68

[[365.359, 384.473, 371.63, 391.835, 376.088, 368.072, 1386.124, 359.973, 347.963, 353.237, 344.595, 360.63, 356.864, 365.555, 362.568, 349.681, 375.854, 361.226, 384.128, 404.393, 377.518, 365.499, 389.345, 348.646, 368.278, 369.354, 423.644, 387.484, 357.063, 358.697, 361.864, 367.592, 383.679, 366.132, 408.715, 361.881, 380.375, 415.137, 373.444, 377.591, 340.571, 344.623]] 
RATE (RPS) =====================================: 67

[[373.411, 396.139, 409.555, 364.42, 357.21, 370.898, 393.95, 366.748, 396.66, 362.7, 405.05, 390.842, 380.417, 405.693, 398.938, 399.102, 387.086, 398.188, 377.005, 418.643, 368.768, 385.331, 385.03, 364.113, 363.441, 389.156, 378.406, 355.543, 382.957, 350.439, 367.94, 372.747, 360.761, 344.232, 344.429, 350.022, 371.111, 344.499, 341.677]] 
RATE (RPS) =====================================: 68

[[374.269, 375.551, 392.983, 393.27, 361.696, 372.427, 391.309, 364.382, 343.073, 358.114, 345.622, 353.337, 378.001, 344.459, 369.253, 396.757, 365.292, 350.879, 353.904, 350.191, 351.825, 343.908, 337.863, 340.698, 353.215, 340.624, 348.201, 342.949, 343.872, 341.124, 338.846, 345.485, 342.007, 345.163]] 
RATE (RPS) =====================================: 68

[[364.017, 401.454, 388.458, 369.696, 353.902, 376.147, 375.265, 374.535, 352.647, 362.169, 351.581, 346.385, 362.164, 386.538, 374.108, 382.805, 381.839, 356.027, 364.987, 355.92, 378.052, 412.666, 380.15, 374.404, 359.35, 352.973, 357.759, 344.959, 349.939, 351.462, 352.787, 377.404, 351.261, 342.238, 376.822, 403.719, 388.393]] 
RATE (RPS) =====================================: 68

[[365.218, 360.017, 362.834, 376.29, 356.135, 351.231, 340.388, 383.93, 374.059, 353.471, 375.991, 360.207, 363.135, 359.981, 380.659, 374.718, 381.062, 347.794, 350.769, 355.812, 351.864, 384.417, 410.132, 345.337, 351.592, 363.314, 349.524, 366.446, 342.262, 400.282, 353.006]] 
RATE (RPS) =====================================: 68

[[357.376, 408.581, 403.453, 377.187, 360.973, 356.058, 430.485, 434.115, 391.019, 395.877, 393.004, 411.796, 382.285, 401.832, 380.567, 369.157, 358.772, 402.205, 481.936, 365.275, 420.994, 380.914, 382.225, 372.538, 365.376, 368.436, 351.05, 379.58, 366.931, 363.829, 354.424, 359.678, 341.914]] 
RATE (RPS) =====================================: 68

[[368.588, 374.922, 360.075, 345.892, 354.95, 348.421, 366.525, 360.87, 354.067, 345.77, 353.528, 362.426, 383.905, 432.998, 396.139, 395.281, 370.887, 366.263, 360.763, 356.009, 426.708, 378.373, 394.46, 354.622, 359.962, 348.783, 348.508, 355.842, 361.332, 350.651, 353.641, 364.303, 354.381, 345.768, 359.623, 395.507, 355.113, 376.866, 345.232]] 
RATE (RPS) =====================================: 69

[[372.079, 359.646, 392.91, 387.492, 378.672, 418.599, 360.112, 389.905, 401.53, 404.635, 374.343, 351.321, 369.3, 371.865, 362.436, 369.597, 360.696, 401.646, 368.953, 364.153, 363.252, 365.625, 382.582, 371.364, 404.967, 357.673, 363.474]] 
RATE (RPS) =====================================: 69

[[350.215, 368.945, 359.786, 343.989, 340.957, 344.106, 349.205, 359.772, 346.597, 395.574, 375.946, 374.456, 370.331, 352.747, 361.599, 363.301, 362.157, 345.562, 350.833, 349.523, 345.408, 362.7, 352.182, 345.855, 377.667, 344.462, 354.721, 357.278, 348.22, 347.524, 348.468, 338.386, 338.708, 344.131, 346.425, 351.681, 339.235, 352.968]] 
RATE (RPS) =====================================: 69

[[433.765, 381.487, 355.976, 369.537, 367.131, 376.399, 366.421, 368.484, 364.395, 355.381, 362.214, 365.703, 393.193, 366.922, 348.301, 351.306, 357.506, 425.327, 381.205, 387.028, 366.0, 379.641, 380.707, 364.225, 350.268, 352.697, 349.764, 344.265, 345.735, 338.564, 349.992, 343.054, 354.008, 381.654, 369.856, 350.525]] 
RATE (RPS) =====================================: 69

[[349.295, 362.409, 358.763, 350.072, 353.561, 363.208, 354.344, 367.002, 439.387, 371.922, 440.643, 366.941, 356.187, 368.082, 390.079, 366.634, 359.132, 353.45, 366.75, 370.839, 350.791, 373.807, 371.659, 378.597, 359.248, 362.398, 408.172, 374.873, 393.836, 397.038]] 
RATE (RPS) =====================================: 69

[[402.556, 389.941, 353.448, 358.553, 343.537, 352.558, 361.217, 372.505, 344.935, 357.0, 348.559, 379.325, 389.487, 361.417, 409.856, 367.08, 357.688, 369.727, 344.892, 347.598, 369.039, 364.872, 392.677, 352.315, 349.002, 362.771, 362.984, 356.485, 349.696, 356.182, 348.435, 356.073, 341.381]] 
RATE (RPS) =====================================: 69

[[394.246, 371.442, 365.466, 389.018, 366.376, 343.066, 409.494, 389.348, 369.485, 344.375, 356.323, 349.689, 358.959, 353.769, 373.592, 348.92, 350.8, 345.91, 359.229, 350.135, 368.476, 351.125, 382.199, 374.168, 352.83, 398.142, 351.638, 351.256, 357.59, 351.487]] 
RATE (RPS) =====================================: 69

[[356.882, 361.73, 391.408, 373.741, 385.352, 395.786, 358.594, 387.011, 388.983, 371.715, 365.091, 372.225, 369.622, 412.861, 400.439, 357.532, 406.954, 351.394, 366.063, 363.553, 362.784, 385.234, 383.134, 365.681, 340.045, 394.313, 363.21, 349.39, 344.208, 346.083]] 
RATE (RPS) =====================================: 69

[[391.11, 352.128, 375.686, 349.521, 355.952, 374.229, 387.865, 363.48, 391.653, 371.744, 401.027, 402.525, 353.851, 403.357, 379.144, 355.336, 379.218, 355.137, 356.176, 380.269, 430.08, 354.566, 361.603, 379.498, 376.936, 352.824, 374.955, 353.808, 341.62, 338.916, 356.155, 339.57]] 
RATE (RPS) =====================================: 69

[[364.157, 369.312, 414.022, 355.019, 387.334, 382.32, 378.259, 418.789, 450.576, 437.18, 370.449, 390.503, 393.176, 361.471, 392.051, 390.118, 369.489, 363.225, 365.307, 391.644, 358.55, 389.007, 369.454, 441.322, 397.783, 384.37, 409.233, 371.059, 360.022, 359.84, 362.169, 393.735, 397.474, 401.308, 374.553, 354.277, 343.085, 349.287]] 
RATE (RPS) =====================================: 69

[[423.588, 417.052, 405.922, 392.662, 376.519, 423.739, 418.286, 406.285, 406.834, 389.51, 441.064, 412.179, 402.342, 396.309, 418.042, 408.914, 396.921, 416.405, 410.964, 406.65, 385.746, 433.863, 440.819, 402.677, 392.805, 389.254, 390.792, 390.722, 556.898, 405.552, 383.175, 364.639, 391.521, 370.842, 380.262, 406.362, 364.385, 476.619, 423.279, 419.182, 409.03, 389.508, 357.328, 360.919, 343.298, 368.97, 372.49, 349.271, 388.169, 345.8, 346.487, 360.864, 354.666, 367.026, 337.931, 344.28, 354.028, 340.921, 343.144, 346.201, 340.949, 340.298, 352.526, 352.789, 347.865, 348.651, 347.549, 347.499, 344.386, 343.499]] 
RATE (RPS) =====================================: 70

[[377.128, 374.989, 361.455, 380.158, 371.623, 360.532, 380.466, 355.227, 366.239, 358.563, 374.954, 380.105, 377.424, 367.811, 360.498, 347.139, 384.14, 363.946, 350.198, 400.202, 385.19, 376.741, 399.978, 406.716, 377.04, 380.75, 401.087, 381.636, 347.608, 440.078, 374.328, 383.66, 362.113, 398.427, 374.276, 374.22, 366.215, 352.186, 419.584, 369.31, 378.447, 387.063, 361.322, 380.982, 465.402, 404.927, 431.071, 383.888, 383.155, 394.367, 385.365, 368.722, 377.633, 364.264, 366.129, 361.371, 382.623, 374.597, 360.287, 367.46, 351.639, 346.366, 406.221, 385.16, 381.047, 350.393, 386.984, 380.866, 371.091, 355.773]] 
RATE (RPS) =====================================: 70

[[370.066, 386.755, 375.457, 392.997, 362.614, 369.657, 369.509, 356.654, 405.381, 370.304, 370.992, 345.652, 377.667, 376.763, 362.252, 367.948, 373.62, 385.257, 355.095, 374.199, 358.348, 373.936, 360.081, 374.793, 371.835, 364.73, 378.81, 371.213, 389.9, 378.384, 371.272, 359.566, 380.489, 370.022, 361.436, 380.749, 375.126, 376.029, 432.645, 389.13, 502.308, 440.397, 399.917, 389.098, 361.319, 388.418, 390.583, 462.404, 392.097, 357.244, 403.244, 405.503, 377.358, 368.089, 356.669, 355.703, 367.499, 357.863, 362.414, 355.483, 377.041, 374.326, 379.817, 408.35, 394.34, 391.112, 380.635, 378.409, 351.535, 348.692]] 
RATE (RPS) =====================================: 70

[[422.142, 432.692, 382.739, 377.958, 412.417, 407.805, 377.271, 391.949, 405.08, 398.406, 378.461, 418.031, 412.752, 379.932, 387.346, 385.435, 395.69, 390.45, 382.365, 378.362, 394.057, 379.613, 398.451, 387.691, 365.781, 373.39, 363.584, 384.595, 360.971, 360.107, 375.202, 348.144, 405.576, 384.751, 425.733, 416.269, 414.862, 393.237, 466.972, 470.569, 462.353, 418.767, 406.491, 388.18, 378.141, 416.498, 355.762, 364.83, 409.562, 361.237, 367.151, 407.587, 394.344, 352.648, 379.308, 392.891, 375.999, 363.969, 412.25, 392.307, 361.144, 364.808, 344.498, 349.783, 339.227, 459.576, 417.861, 429.841, 392.356, 379.855]] 
RATE (RPS) =====================================: 70

[[380.719, 394.852, 371.62, 374.512, 367.29, 359.113, 400.161, 408.113, 370.752, 355.314, 385.702, 366.703, 380.395, 378.515, 368.849, 361.975, 351.21, 407.663, 373.731, 396.855, 371.052, 404.003, 366.342, 387.311, 376.412, 374.046, 407.988, 372.966, 375.675, 380.492, 374.09, 371.103, 365.909, 383.285, 377.145, 369.436, 364.306, 358.964, 351.138, 380.623, 400.602, 392.581, 407.524, 506.922, 402.949, 454.151, 409.163, 380.876, 395.185, 352.557, 399.566, 409.522, 390.432, 379.337, 370.436, 370.967, 370.056, 367.811, 367.739, 361.721, 428.024, 385.536, 361.036, 377.795, 360.397, 339.891, 404.963, 379.052, 353.531, 362.707]] 
RATE (RPS) =====================================: 70

[[371.448, 362.179, 355.724, 380.692, 370.072, 357.109, 385.828, 372.555, 382.636, 375.239, 364.218, 379.485, 363.315, 380.612, 344.894, 362.815, 365.434, 356.468, 379.028, 375.985, 372.699, 359.137, 386.878, 357.238, 392.983, 357.411, 366.621, 363.051, 390.261, 381.64, 359.503, 362.281, 360.961, 390.192, 475.263, 434.074, 430.947, 394.878, 394.209, 373.856, 380.884, 401.331, 397.871, 410.071, 405.943, 386.219, 360.917, 369.779, 374.078, 381.677, 361.056, 370.204, 367.192, 395.753, 405.394, 384.142, 378.64, 370.977, 388.262, 370.085, 361.433, 358.185, 362.6, 359.872, 377.294, 357.851, 344.191, 356.078, 350.2, 343.362]] 
RATE (RPS) =====================================: 70

[[402.927, 356.403, 376.222, 390.26, 402.686, 363.359, 364.36, 361.089, 392.437, 349.753, 345.655, 395.087, 392.953, 398.094, 363.393, 383.864, 349.569, 401.349, 399.87, 381.503, 360.415, 367.799, 375.513, 374.259, 361.907, 371.215, 346.804, 374.763, 346.957, 361.606, 355.541, 380.84, 359.744, 349.859, 351.584, 354.318, 360.014, 386.595, 373.606, 399.105, 374.26, 422.974, 373.218, 380.21, 396.798, 381.227, 433.745, 345.849, 404.463, 382.794, 419.054, 397.037, 383.194, 358.713, 350.68, 393.62, 363.07, 387.63, 351.532, 356.847, 346.703, 353.528, 347.164, 362.592, 355.945, 410.086, 398.096, 374.716, 351.301, 367.095]] 
RATE (RPS) =====================================: 70

[[363.678, 373.183, 381.982, 401.816, 360.298, 385.177, 407.793, 368.337, 371.442, 379.006, 381.895, 366.182, 381.562, 350.511, 373.253, 354.26, 368.372, 345.712, 355.746, 356.672, 384.089, 408.099, 413.381, 383.793, 379.879, 379.554, 376.623, 377.34, 386.846, 388.035, 369.614, 409.816, 389.03, 375.833, 367.063, 390.855, 390.925, 366.322, 394.647, 360.072, 530.777, 380.314, 425.082, 358.829, 410.882, 371.116, 400.727, 383.348, 433.496, 362.681, 355.56, 387.303, 388.273, 359.499, 352.513, 361.158, 371.037, 341.869, 384.558, 433.519, 400.214, 344.987, 444.999, 352.656, 343.632, 342.239, 440.163, 461.845, 479.81, 339.821]] 
RATE (RPS) =====================================: 70

[[372.055, 397.037, 392.657, 388.131, 386.462, 417.024, 370.684, 369.266, 419.049, 466.183, 428.897, 478.244, 350.693, 386.169, 487.551, 360.713, 358.354, 355.615, 505.762, 478.052, 523.791, 573.703, 373.801, 538.827, 582.008, 605.469, 628.24, 676.677, 751.401, 633.081, 767.093, 678.619, 699.784, 777.965, 376.293, 821.228, 781.56, 831.164, 348.575, 351.892, 347.642, 373.601, 355.55, 816.677, 837.593, 858.639, 982.825, 877.6, 925.285, 364.527, 1025.254, 422.616, 950.959, 957.35, 354.29, 364.963, 341.427, 360.106, 337.546, 367.325, 892.05, 911.659, 364.273, 954.586, 918.978, 341.927, 345.272, 363.416, 948.348, 348.929]] 
RATE (RPS) =====================================: 69

[[357.234, 372.822, 383.92, 401.935, 391.325, 450.842, 360.036, 399.797, 363.197, 473.248, 475.433, 371.885, 373.057, 365.303, 355.124, 373.119, 372.854, 371.355, 373.049, 363.546, 428.852, 367.791, 479.134, 447.297, 498.063, 364.088, 608.939, 543.038, 381.428, 382.774, 377.679, 636.465, 393.334, 362.508, 372.283, 631.868, 652.502, 676.7, 389.758, 376.618, 383.823, 374.863, 689.543, 661.339, 368.818, 377.467, 698.508, 359.046, 738.136, 385.924, 696.301, 356.872, 736.68, 356.626, 352.061, 749.081, 359.31, 757.528, 413.0, 378.537, 739.018, 708.976, 364.118, 375.537, 379.632, 362.434, 374.671, 364.144, 349.85, 670.888]] 
RATE (RPS) =====================================: 70

average response time [0]497.497
average response time [1]363.535
average response time [2]342.741
average response time [3]342.216
average response time [4]351.942
average response time [5]354.27
average response time [6]339.97
average response time [7]339.238
average response time [8]339.269
average response time [9]347.92
TOTAL AVERAGE RESPONSE TIME ====================: 361.8598
NUMBER OF THREADS ==============================: 1
TOTAL AVERAGE RATE (RPS) =====================================: 1.0
NUMBER OF REPLICAS USED ================================================= 1
average response time [10]347.6255
average response time [11]344.29150000000004
average response time [12]347.0
average response time [13]349.1745
average response time [14]343.79200000000003
average response time [15]349.3935
average response time [16]342.538
average response time [17]353.7075
average response time [18]346.217
average response time [19]377.8505
TOTAL AVERAGE RESPONSE TIME ====================: 350.159
NUMBER OF THREADS ==============================: 2
TOTAL AVERAGE RATE (RPS) =====================================: 2.0
NUMBER OF REPLICAS USED ================================================= 1
average response time [20]373.65749999999997
average response time [21]353.571
average response time [22]349.19175
average response time [23]349.93075
average response time [24]350.55625
average response time [25]347.80775
average response time [26]346.567
average response time [27]355.2015
average response time [28]389.582
average response time [29]348.22775
TOTAL AVERAGE RESPONSE TIME ====================: 356.42932499999995
NUMBER OF THREADS ==============================: 4
TOTAL AVERAGE RATE (RPS) =====================================: 4.0
NUMBER OF REPLICAS USED ================================================= 1
average response time [30]347.967625
average response time [31]350.56125
average response time [32]355.0655
average response time [33]350.218875
average response time [34]349.16125
average response time [35]358.9135
average response time [36]356.74425
average response time [37]351.40075
average response time [38]351.1115
average response time [39]357.626875
TOTAL AVERAGE RESPONSE TIME ====================: 352.8771375
NUMBER OF THREADS ==============================: 8
TOTAL AVERAGE RATE (RPS) =====================================: 8.0
NUMBER OF REPLICAS USED ================================================= 1
average response time [40]352.703375
average response time [41]354.605
average response time [42]357.5959375
average response time [43]350.5671875
average response time [44]343.9361875
average response time [45]359.7246875
average response time [46]359.3819375
average response time [47]547.2019375
average response time [48]544.556625
average response time [49]534.9471875
TOTAL AVERAGE RESPONSE TIME ====================: 410.52200625000006
NUMBER OF THREADS ==============================: 16
TOTAL AVERAGE RATE (RPS) =====================================: 16.0
NUMBER OF REPLICAS USED ================================================= 1
average response time [50]670.85959375
average response time [51]712.85559375
average response time [52]919.4433750000001
average response time [53]371.56621875
average response time [54]359.292375
average response time [55]357.25046875
average response time [56]362.9148125
average response time [57]353.39284375
average response time [58]352.03646875
average response time [59]357.71065625
TOTAL AVERAGE RESPONSE TIME ====================: 481.73224062500003
NUMBER OF THREADS ==============================: 32
TOTAL AVERAGE RATE (RPS) =====================================: 29.4
NUMBER OF REPLICAS USED ================================================= 1
average response time [60]378.58690625
average response time [61]880.1465000000001
average response time [62]972.3545625
average response time [63]1128.69478125
average response time [64]1073.56325
average response time [65]1065.988609375
average response time [66]1028.8794687500001
average response time [67]930.5317656249999
average response time [68]646.74815625
average response time [69]434.92128
TOTAL AVERAGE RESPONSE TIME ====================: 854.0415280000001
NUMBER OF THREADS ==============================: 64
TOTAL AVERAGE RATE (RPS) =====================================: 41.5
NUMBER OF REPLICAS USED ================================================= 2
average response time [70]443.57867857142855
average response time [71]571.8970789473684
average response time [72]516.283448275862
average response time [73]523.075552631579
average response time [74]623.3726756756756
average response time [75]465.00783333333334
average response time [76]477.80209677419356
average response time [77]369.7485882352941
average response time [78]377.3490857142857
average response time [79]366.7966666666667
TOTAL AVERAGE RESPONSE TIME ====================: 473.4911704825687
NUMBER OF THREADS ==============================: 65
TOTAL AVERAGE RATE (RPS) =====================================: 64.9
NUMBER OF REPLICAS USED ================================================= 2
average response time [80]375.4354054054054
average response time [81]379.51935897435897
average response time [82]373.69282142857145
average response time [83]372.1781481481481
average response time [84]374.307
average response time [85]360.0548529411765
average response time [86]374.209625
average response time [87]366.64055882352943
average response time [88]382.24446666666665
average response time [89]378.92266666666666
TOTAL AVERAGE RESPONSE TIME ====================: 373.7204904054523
NUMBER OF THREADS ==============================: 66
TOTAL AVERAGE RATE (RPS) =====================================: 66.0
NUMBER OF REPLICAS USED ================================================= 2
average response time [90]575.7801538461539
average response time [91]372.30107692307695
average response time [92]372.085
average response time [93]358.59625
average response time [94]360.32570967741935
average response time [95]357.85119444444445
average response time [96]374.9323529411765
average response time [97]361.0869375
average response time [98]363.64232142857145
average response time [99]465.53333333333336
TOTAL AVERAGE RESPONSE TIME ====================: 396.2134330094176
NUMBER OF THREADS ==============================: 67
TOTAL AVERAGE RATE (RPS) =====================================: 66.8
NUMBER OF REPLICAS USED ================================================= 2
average response time [100]901.1908235294118
average response time [101]375.6332121212121
average response time [102]356.24409375
average response time [103]377.3158846153846
average response time [104]395.17571428571426
average response time [105]376.237358974359
average response time [106]357.3690882352941
average response time [107]368.513027027027
average response time [108]364.25409677419356
average response time [109]383.9346060606061
TOTAL AVERAGE RESPONSE TIME ====================: 425.5867905373202
NUMBER OF THREADS ==============================: 68
TOTAL AVERAGE RATE (RPS) =====================================: 66.6
NUMBER OF REPLICAS USED ================================================= 2
average response time [110]366.35779487179485
average response time [111]376.62322222222224
average response time [112]354.25315789473683
average response time [113]366.62877777777777
average response time [114]372.6373
average response time [115]362.8421515151515
average response time [116]364.2851
average response time [117]372.3672666666667
average response time [118]369.99809375
average response time [119]383.18234210526316
TOTAL AVERAGE RESPONSE TIME ====================: 368.9175206803613
NUMBER OF THREADS ==============================: 69
TOTAL AVERAGE RATE (RPS) =====================================: 69.0
NUMBER OF REPLICAS USED ================================================= 2
average response time [120]385.5131857142857
average response time [121]377.97935714285717
average response time [122]379.21714285714285
average response time [123]391.8008857142857
average response time [124]381.5622714285714
average response time [125]376.0194285714286
average response time [126]374.3916857142857
average response time [127]383.7371428571429
average response time [128]558.5854571428572
average response time [129]457.1847285714286
TOTAL AVERAGE RESPONSE TIME ====================: 406.5991285714286
NUMBER OF THREADS ==============================: 70
TOTAL AVERAGE RATE (RPS) =====================================: 69.9
NUMBER OF REPLICAS USED ================================================= 2
average response time sent to Stackdriver [0]346.567
average response time sent to Stackdriver [1]547.2019375
average response time sent to Stackdriver [2]357.71065625
average response time sent to Stackdriver [3]1073.56325
average response time sent to Stackdriver [4]571.8970789473684
average response time sent to Stackdriver [5]377.3490857142857
average response time sent to Stackdriver [6]366.64055882352943
average response time sent to Stackdriver [7]361.0869375
average response time sent to Stackdriver [8]395.17571428571426
average response time sent to Stackdriver [9]354.25315789473683
average response time sent to Stackdriver [10]379.21714285714285
NUMBER OF THREADS: [1, 2, 4, 8, 16, 32, 64, 65, 66, 67, 68, 69, 70]
WORKLOAD: HFU_LV;  
TOTAL EXECUTION TIME (Concurrent Parallel Requests): 123895.412


