[[418.275]] 
RATE (RPS) =====================================: 1

[[365.302]] 
RATE (RPS) =====================================: 1

[[348.806]] 
RATE (RPS) =====================================: 1

[[409.909]] 
RATE (RPS) =====================================: 1

[[357.665]] 
RATE (RPS) =====================================: 1

[[356.913]] 
RATE (RPS) =====================================: 1

[[349.666]] 
RATE (RPS) =====================================: 1

[[401.508]] 
RATE (RPS) =====================================: 1

[[345.619]] 
RATE (RPS) =====================================: 1

[[352.998]] 
RATE (RPS) =====================================: 1

[[420.375, 358.913]] 
RATE (RPS) =====================================: 2

[[348.086, 344.459]] 
RATE (RPS) =====================================: 2

[[356.381, 345.833]] 
RATE (RPS) =====================================: 2

[[352.209, 352.125]] 
RATE (RPS) =====================================: 2

[[383.826, 381.28]] 
RATE (RPS) =====================================: 2

[[350.763, 350.416]] 
RATE (RPS) =====================================: 2

[[374.207, 350.908]] 
RATE (RPS) =====================================: 2

[[368.624, 351.159]] 
RATE (RPS) =====================================: 2

[[413.097, 397.34]] 
RATE (RPS) =====================================: 2

[[365.076, 355.559]] 
RATE (RPS) =====================================: 2

[[352.395, 353.334, 357.867, 354.939]] 
RATE (RPS) =====================================: 4

[[383.217, 382.44, 378.624, 378.895]] 
RATE (RPS) =====================================: 4

[[349.417, 361.265, 353.091, 351.262]] 
RATE (RPS) =====================================: 4

[[355.71, 344.573, 350.013, 351.188]] 
RATE (RPS) =====================================: 4

[[354.373, 369.619, 358.254, 342.545]] 
RATE (RPS) =====================================: 4

[[398.706, 395.864, 397.663, 396.574]] 
RATE (RPS) =====================================: 4

[[377.359, 360.68, 345.271, 364.776]] 
RATE (RPS) =====================================: 4

[[371.168, 352.978, 380.055, 380.541]] 
RATE (RPS) =====================================: 4

[[396.513, 394.929, 391.344, 387.51]] 
RATE (RPS) =====================================: 4

[[347.529, 366.623, 342.765, 344.84]] 
RATE (RPS) =====================================: 4

[[343.387, 367.737, 349.902, 362.266, 364.308, 361.597, 871.993, 351.537]] 
RATE (RPS) =====================================: 8

[[393.303, 385.979, 381.09, 398.775, 377.952, 384.412, 381.074, 370.761]] 
RATE (RPS) =====================================: 8

[[363.429, 363.029, 343.058, 358.305, 364.766, 349.921, 347.775, 347.716]] 
RATE (RPS) =====================================: 8

[[351.048, 361.57, 363.924, 366.389, 362.732, 341.787, 358.895, 353.301]] 
RATE (RPS) =====================================: 8

[[416.75, 419.518, 409.646, 412.468, 408.447, 420.77, 406.84, 406.303]] 
RATE (RPS) =====================================: 8

[[341.646, 340.222, 356.921, 359.461, 350.906, 356.947, 346.121, 349.9]] 
RATE (RPS) =====================================: 8

[[387.47, 355.142, 405.118, 379.566, 378.97, 364.604, 367.659, 370.965]] 
RATE (RPS) =====================================: 8

[[387.505, 384.026, 382.749, 381.064, 382.272, 386.304, 398.959, 367.252]] 
RATE (RPS) =====================================: 8

[[342.417, 348.306, 344.809, 342.006, 370.088, 356.106, 343.424, 340.118]] 
RATE (RPS) =====================================: 8

[[347.886, 341.86, 352.208, 344.15, 348.498, 366.759, 363.963, 347.164]] 
RATE (RPS) =====================================: 8

[[395.331, 385.491, 388.049, 395.508, 379.823, 388.364, 385.756, 384.159, 390.338, 374.391, 388.35, 385.635, 367.431, 361.066, 358.575, 367.042]] 
RATE (RPS) =====================================: 16

[[342.84, 369.838, 341.163, 373.464, 372.514, 366.876, 362.397, 371.625, 378.169, 374.73, 370.145, 374.394, 362.45, 362.714, 349.32, 356.297]] 
RATE (RPS) =====================================: 16

[[350.55, 353.012, 362.021, 346.039, 353.017, 353.441, 364.62, 345.363, 373.94, 365.354, 350.948, 378.757, 356.885, 360.292, 361.304, 361.85]] 
RATE (RPS) =====================================: 16

[[397.998, 392.479, 388.197, 386.603, 396.891, 377.254, 370.57, 374.811, 383.709, 376.123, 406.103, 371.211, 384.4, 379.823, 391.963, 383.011]] 
RATE (RPS) =====================================: 16

[[361.912, 375.116, 365.229, 360.816, 359.95, 376.569, 362.133, 376.249, 366.164, 373.55, 380.973, 374.218, 359.538, 348.211, 363.255, 353.561]] 
RATE (RPS) =====================================: 16

[[354.792, 345.503, 360.284, 354.574, 366.253, 350.923, 353.206, 349.893, 348.413, 346.748, 385.763, 388.813, 368.11, 379.32, 346.687, 359.629]] 
RATE (RPS) =====================================: 16

[[396.108, 385.856, 378.338, 383.571, 374.82, 375.024, 382.031, 371.808, 383.484, 364.208, 373.559, 387.673, 381.136, 377.591, 347.27, 356.655]] 
RATE (RPS) =====================================: 16

[[352.634, 342.337, 348.013, 347.845, 354.538, 356.028, 374.79, 363.815, 376.629, 388.815, 385.244, 381.798, 386.711, 390.696, 373.538, 367.486]] 
RATE (RPS) =====================================: 16

[[370.911, 367.403, 347.486, 357.945, 357.032, 357.988, 363.788, 366.545, 359.966, 382.826, 386.607, 363.656, 370.47, 357.173, 366.57, 354.9]] 
RATE (RPS) =====================================: 16

[[392.943, 386.874, 385.33, 386.857, 387.623, 382.843, 379.156, 389.938, 381.204, 385.094, 393.036, 372.585, 387.667, 365.072, 367.554, 360.322]] 
RATE (RPS) =====================================: 16

[[353.777, 381.137, 389.382, 379.036, 377.877, 384.969, 362.135, 362.952, 368.105, 362.086, 362.911, 354.989, 353.105, 362.058, 347.861, 358.256, 361.736, 356.617, 359.59, 358.639, 381.189, 405.559, 382.18, 394.807, 350.893, 364.784, 368.685, 373.584, 360.727, 374.339, 359.207, 355.31]] 
RATE (RPS) =====================================: 32

[[358.55, 349.288, 345.271, 380.746, 367.631, 367.516, 360.662, 409.208, 407.248, 416.37, 415.137, 396.971, 386.232, 423.389, 392.649, 391.659, 392.035, 393.544, 402.498, 388.307, 394.935, 393.714, 395.03, 388.353, 395.331, 377.261, 383.116, 382.854, 372.357, 386.711, 377.956, 363.494]] 
RATE (RPS) =====================================: 32

[[351.363, 370.949, 357.972, 368.169, 370.407, 359.871, 363.742, 363.01, 351.796, 363.236, 370.665, 372.716, 347.672, 385.201, 374.723, 407.178, 361.828, 371.333, 350.999, 371.217, 354.981, 343.054, 357.5, 384.022, 370.317, 348.558, 349.411, 361.332, 349.582, 379.334, 358.93, 353.405]] 
RATE (RPS) =====================================: 32

[[361.209, 350.359, 360.596, 362.8, 352.752, 366.009, 365.556, 355.586, 344.279, 354.956, 363.974, 359.332, 360.194, 351.985, 373.239, 357.491, 360.619, 360.61, 365.599, 357.26, 376.08, 364.39, 373.94, 369.675, 350.786, 394.635, 355.499, 366.002, 350.097, 352.015, 361.862, 350.089]] 
RATE (RPS) =====================================: 32

[[390.956, 409.986, 389.314, 378.809, 377.151, 380.722, 383.591, 373.586, 380.938, 371.798, 362.754, 367.976, 372.549, 357.939, 375.632, 358.721, 360.937, 358.796, 360.245, 356.956, 355.9, 352.825, 350.066, 393.23, 356.198, 354.566, 344.858, 362.023, 352.989, 361.178, 347.247, 354.098]] 
RATE (RPS) =====================================: 32

[[348.076, 351.332, 368.155, 353.423, 347.884, 386.043, 367.875, 378.687, 345.978, 392.986, 398.7, 361.954, 361.051, 371.214, 369.641, 348.14, 368.47, 359.08, 361.863, 366.738, 356.987, 363.193, 355.923, 353.073, 356.065, 360.414, 357.58, 356.504, 373.97, 344.423, 350.864, 354.621]] 
RATE (RPS) =====================================: 32

[[406.886, 393.021, 388.891, 388.192, 387.589, 389.865, 387.171, 396.155, 400.511, 392.189, 396.335, 395.761, 373.29, 371.079, 383.034, 378.42, 380.489, 376.225, 388.295, 378.507, 365.011, 354.054, 373.718, 371.006, 354.249, 380.54, 367.032, 351.575, 351.812, 360.994, 359.508, 362.474]] 
RATE (RPS) =====================================: 32

[[344.51, 355.051, 364.039, 354.162, 359.931, 357.172, 355.43, 375.537, 354.832, 369.507, 360.42, 341.033, 360.884, 352.833, 354.083, 362.118, 348.928, 351.283, 365.733, 347.68, 352.543, 356.83, 346.007, 359.627, 357.489, 365.618, 352.835, 387.069, 362.501, 362.822, 345.92, 352.173]] 
RATE (RPS) =====================================: 32

[[345.485, 360.216, 360.534, 405.179, 401.313, 386.393, 373.617, 370.605, 366.937, 403.518, 402.723, 403.185, 384.509, 407.193, 394.87, 390.152, 402.301, 383.774, 387.883, 386.764, 387.345, 372.948, 375.597, 424.623, 363.678, 370.793, 407.688, 381.946, 396.457, 398.822, 394.101, 395.587]] 
RATE (RPS) =====================================: 32

[[355.848, 355.148, 352.573, 354.87, 380.658, 353.685, 363.451, 346.23, 346.235, 354.229, 352.692, 357.784, 358.456, 348.768, 374.616, 385.032, 355.794, 360.513, 364.218, 357.208, 363.565, 354.302, 354.343, 353.646, 348.108, 362.115, 360.188, 359.122, 353.714, 352.121, 376.849, 349.07]] 
RATE (RPS) =====================================: 32

[[398.331, 383.97, 372.128, 421.428, 426.476, 389.823, 404.164, 476.394, 410.737, 391.034, 406.524, 412.459, 408.9, 421.637, 389.227, 386.498, 415.037, 383.432, 376.162, 394.384, 376.294, 378.204, 408.628, 370.576, 357.483, 361.225, 359.465, 360.856, 374.464, 378.099, 362.753, 360.975, 371.271, 420.936, 410.409, 398.025, 413.623, 406.522, 397.743, 395.854, 382.994, 383.514, 385.98, 395.335, 374.038, 377.227, 365.927, 367.9, 387.582, 375.296, 362.693, 354.452, 374.715, 398.055, 351.169, 405.964, 356.26, 353.333, 418.433, 372.196, 367.697, 362.623, 368.721, 357.93]] 
RATE (RPS) =====================================: 64

[[410.22, 441.483, 405.549, 427.392, 418.226, 406.25, 412.659, 408.462, 407.208, 447.378, 422.159, 429.13, 428.174, 406.506, 447.247, 424.997, 441.981, 457.522, 414.338, 444.859, 426.715, 443.168, 435.015, 437.102, 451.219, 449.407, 444.839, 456.095, 446.715, 438.901, 471.639, 455.005, 443.615, 450.665, 464.033, 446.228, 459.621, 447.694, 445.748, 439.531, 434.276, 419.163, 414.054, 415.9, 413.325, 424.606, 421.563, 412.165, 407.568, 415.716, 417.282, 425.293, 402.187, 435.938, 399.435, 410.879, 416.01, 413.967, 397.39, 398.869, 401.01, 404.268, 396.397, 393.323]] 
RATE (RPS) =====================================: 64

[[424.366, 431.146, 392.591, 414.693, 401.149, 406.494, 392.58, 416.308, 411.847, 401.78, 384.315, 382.499, 382.498, 373.717, 388.328, 369.012, 382.054, 386.315, 382.636, 374.633, 368.714, 369.544, 368.833, 373.404, 363.378, 404.393, 386.906, 387.078, 377.198, 357.052, 369.276, 371.54, 372.274, 359.883, 368.878, 360.054, 358.8, 356.807, 374.69, 369.262, 366.342, 362.248, 389.439, 367.796, 365.919, 354.716, 355.728, 390.704, 363.888, 349.501, 387.96, 384.917, 389.763, 343.267, 356.904, 402.951, 384.57, 384.981, 375.57, 381.33, 380.09, 356.364, 377.51, 349.737]] 
RATE (RPS) =====================================: 64

[[382.44, 407.885, 375.701, 376.768, 351.68, 371.75, 353.172, 362.156, 378.043, 355.292, 381.263, 405.958, 369.575, 389.575, 400.452, 371.11, 402.779, 388.301, 390.491, 398.833, 393.352, 387.527, 391.41, 380.144, 403.302, 385.873, 374.534, 381.081, 376.412, 378.638, 397.228, 381.706, 369.681, 361.96, 395.774, 396.111, 378.873, 367.745, 366.126, 345.07, 399.701, 371.516, 378.483, 362.509, 358.588, 368.322, 364.209, 363.241, 367.723, 364.062, 347.334, 369.085, 368.49, 422.04, 400.282, 400.65, 378.295, 379.992, 378.935, 376.842, 380.842, 375.978, 366.037, 367.146]] 
RATE (RPS) =====================================: 64

[[354.717, 367.502, 368.675, 355.188, 358.301, 366.066, 362.494, 390.625, 368.787, 395.391, 394.148, 396.892, 383.23, 392.61, 391.233, 381.599, 395.196, 384.614, 378.456, 395.618, 400.271, 361.805, 365.731, 357.089, 357.138, 376.578, 365.07, 372.694, 370.475, 354.879, 365.405, 353.487, 359.386, 355.059, 366.057, 353.401, 363.835, 362.039, 368.05, 370.575, 367.767, 368.404, 362.164, 352.42, 377.362, 386.948, 367.989, 348.922, 353.409, 351.062, 381.335, 366.303, 383.55, 356.964, 367.963, 348.699, 347.912, 346.862, 345.205, 394.994, 368.724, 352.365, 361.611, 368.357]] 
RATE (RPS) =====================================: 64

[[406.905, 376.725, 389.762, 387.179, 385.87, 364.742, 418.87, 419.072, 393.441, 414.032, 416.008, 395.701, 393.01, 401.032, 404.441, 415.517, 391.26, 397.947, 396.526, 385.82, 392.418, 388.957, 381.977, 375.802, 363.704, 407.514, 395.522, 361.255, 369.108, 374.542, 375.336, 369.73, 368.317, 386.927, 357.254, 359.626, 357.872, 363.723, 370.07, 356.412, 352.257, 380.816, 367.566, 377.467, 388.338, 363.12, 358.977, 358.575, 389.987, 406.975, 390.937, 396.133, 364.802, 360.753, 362.577, 359.331, 368.368, 354.697, 354.885, 383.679, 378.859, 368.637, 350.678, 364.471]] 
RATE (RPS) =====================================: 64

[[438.09, 392.314, 451.414, 406.836, 386.799, 395.118, 379.622, 397.152, 375.537, 411.602, 400.199, 376.838, 369.087, 481.634, 730.448, 520.147, 527.921, 5497.933, 2058.077, 2093.055, 2103.701, 498.349, 2080.471, 2062.408, 521.356, 460.352, 469.728, 467.195, 465.316, 1628.519, 427.944, 437.526, 436.37, 410.366, 2013.204, 411.113, 578.986, 574.68, 430.082, 566.399, 556.275, 2299.295, 604.329, 576.651, 1888.499, 2270.88, 702.612, 677.728, 664.705, 665.995, 812.583, 630.908, 624.252, 643.59, 644.452, 610.598, 767.81, 768.587, 1556.193, 756.036, 732.646, 1804.741, 708.976, 688.177]] 
RATE (RPS) =====================================: 51

[[435.98, 455.528, 446.646, 432.392, 439.003, 427.234, 432.514, 421.707, 429.792, 426.037, 426.471, 421.657, 419.496, 424.986, 423.343, 404.098, 421.787, 431.223, 415.366, 411.772, 424.266, 416.681, 429.826, 413.882, 405.225, 407.665, 408.702, 439.835, 405.824, 415.448, 438.998, 401.058, 406.609, 422.8, 401.007, 427.589, 437.436, 409.015, 416.504, 406.293, 415.679, 404.247, 419.698, 405.041, 390.956, 394.514, 393.998, 390.586, 388.845, 390.855, 386.773, 383.379, 392.758, 380.854, 394.171, 382.387, 398.142, 376.744, 374.283, 383.917, 388.206, 372.917, 376.627, 375.856]] 
RATE (RPS) =====================================: 64

[[347.163, 354.514, 380.752, 370.799, 370.264, 375.181, 393.244, 363.06, 364.258, 369.834, 397.279, 376.441, 380.887, 379.813, 381.528, 394.026, 388.829, 396.919, 383.86, 380.117, 369.012, 363.12, 368.37, 378.385, 365.062, 362.746, 376.748, 357.503, 364.567, 374.521, 402.899, 359.223, 377.215, 358.909, 356.863, 375.065, 364.221, 370.443, 388.136, 394.015, 398.836, 385.732, 396.614, 384.917, 388.43, 386.785, 381.911, 440.126, 407.397, 400.106, 406.234, 405.469, 401.904, 404.432, 401.293, 392.924, 390.26, 384.783, 369.22, 370.537, 369.74, 375.233, 397.82, 358.848]] 
RATE (RPS) =====================================: 64

[[371.558, 368.204, 360.744, 376.568, 369.965, 383.09, 359.522, 373.353, 365.207, 367.483, 378.822, 385.436, 385.621, 374.887, 373.203, 381.313, 376.147, 398.39, 373.598, 397.274, 365.308, 386.388, 389.26, 389.459, 387.566, 371.559, 386.197, 383.948, 365.654, 385.972, 376.217, 376.798, 375.116, 383.573, 367.37, 384.831, 416.986, 388.967, 378.3, 376.841, 376.011, 380.063, 384.472, 395.643, 383.912, 385.874, 394.544, 397.759, 381.098, 370.756, 374.187, 375.335, 383.536, 369.987, 377.286, 363.417, 392.414, 375.384, 394.449, 386.196, 372.618, 386.056, 375.863, 370.857]] 
RATE (RPS) =====================================: 64

[[411.521, 403.377, 420.2, 414.63, 400.578, 404.822, 406.982, 408.037, 383.158, 412.877, 410.981, 400.439, 419.11, 393.569, 411.45, 404.129, 389.318, 392.957, 397.356, 387.621, 389.592, 390.742, 387.528, 384.027, 388.273, 386.04, 388.785, 373.32, 382.995, 373.394, 384.661, 410.753, 391.11, 397.884, 378.785, 463.357, 391.508, 477.376, 382.677, 426.924, 441.844, 429.81, 431.237, 406.816, 407.597, 420.906, 413.959, 416.221, 415.221, 412.622, 414.016, 402.328, 417.727, 407.263, 399.717, 403.069, 407.105, 399.464, 393.916, 443.706, 406.912, 414.184, 397.856, 401.234, 360.745]] 
RATE (RPS) =====================================: 65

[[382.547, 369.358, 370.323, 360.489, 373.672, 382.069, 353.528, 363.249, 363.128, 366.373, 399.218, 390.921, 389.172, 376.848, 391.213, 385.608, 370.564, 390.645, 395.145, 392.358, 360.544, 405.698, 367.792, 385.457, 358.96, 366.79, 375.917, 394.031, 371.2, 368.405, 381.499, 400.865, 374.476, 377.442, 366.81, 373.276, 387.25, 386.169, 384.515, 391.309, 367.39, 375.257, 366.503, 367.776, 362.396, 360.401, 357.807, 371.301, 357.665, 361.742, 373.601, 368.398, 369.773, 371.308, 363.679, 364.223, 428.146, 424.495, 423.559, 411.272, 400.756, 398.864, 390.408, 389.22, 376.755]] 
RATE (RPS) =====================================: 65

[[358.756, 373.045, 365.37, 369.975, 391.471, 372.832, 383.932, 396.752, 379.51, 371.856, 358.871, 370.674, 396.814, 374.009, 400.445, 355.639, 358.207, 359.786, 383.623, 377.167, 363.062, 362.106, 363.664, 377.335, 367.686, 356.957, 361.343, 364.693, 353.606, 359.231, 360.346, 362.749, 358.877, 349.954, 358.58, 356.262, 361.086, 354.418, 350.129, 357.642, 372.63, 370.233, 363.808, 382.787, 353.706, 364.885, 387.542, 405.345, 365.039, 376.35, 378.553, 376.438, 365.483, 367.965, 353.726, 388.925, 358.554, 349.455, 346.048, 351.77, 354.506, 356.877, 359.333, 349.706, 346.186]] 
RATE (RPS) =====================================: 65

[[371.604, 390.386, 363.053, 377.989, 354.658, 381.817, 376.974, 417.044, 436.593, 426.798, 412.513, 424.262, 425.23, 410.568, 424.525, 412.253, 408.007, 390.082, 407.432, 401.331, 389.15, 394.517, 394.951, 384.718, 396.014, 380.432, 388.278, 385.766, 381.416, 377.007, 362.341, 373.094, 382.861, 364.23, 356.643, 373.985, 374.259, 354.949, 360.673, 358.232, 365.758, 366.697, 355.575, 379.634, 386.056, 366.513, 362.163, 363.954, 358.773, 393.365, 393.426, 372.505, 353.639, 346.686, 372.144, 366.732, 375.297, 379.549, 356.309, 344.48, 360.896, 376.889, 356.258, 364.12, 360.464]] 
RATE (RPS) =====================================: 65

[[375.653, 357.314, 372.115, 367.061, 353.232, 364.138, 354.095, 366.019, 362.862, 372.559, 370.513, 387.892, 364.976, 363.062, 367.758, 371.852, 384.658, 360.124, 372.351, 382.303, 382.722, 370.774, 370.311, 368.642, 361.18, 362.028, 388.492, 360.379, 366.416, 375.008, 375.471, 368.579, 408.286, 362.583, 371.018, 374.058, 384.133, 376.03, 378.584, 360.261, 381.842, 365.982, 376.816, 346.19, 355.585, 360.58, 356.438, 362.364, 355.429, 356.302, 379.705, 358.868, 358.283, 351.049, 343.545, 355.212, 361.017, 362.467, 362.913, 366.127, 344.538, 343.957, 379.599, 366.892, 371.847]] 
RATE (RPS) =====================================: 65

[[410.385, 410.993, 403.674, 398.322, 422.018, 402.48, 388.654, 407.466, 423.616, 389.589, 400.265, 398.48, 387.712, 378.726, 387.994, 379.343, 365.826, 369.986, 372.452, 386.129, 362.233, 381.976, 383.767, 360.585, 362.544, 360.728, 382.365, 362.978, 355.366, 362.752, 442.136, 366.718, 353.471, 356.657, 374.178, 350.575, 358.563, 400.626, 393.407, 396.8, 389.866, 385.517, 387.175, 382.853, 384.498, 384.974, 373.206, 361.822, 375.695, 360.062, 364.428, 364.148, 374.92, 375.923, 356.876, 357.251, 396.839, 369.549, 399.54, 359.022, 378.843, 352.245, 375.592, 346.416, 353.02]] 
RATE (RPS) =====================================: 65

[[398.157, 404.712, 386.706, 403.775, 387.301, 379.268, 423.559, 410.725, 399.587, 385.27, 411.621, 371.29, 405.499, 393.474, 389.566, 406.271, 385.382, 371.278, 370.06, 390.734, 451.011, 364.819, 368.069, 359.731, 390.253, 380.679, 416.361, 405.614, 409.655, 399.609, 397.226, 398.878, 459.469, 393.323, 449.977, 437.138, 448.936, 423.052, 425.08, 428.559, 430.461, 421.661, 420.704, 426.103, 418.936, 416.579, 447.86, 445.028, 426.47, 442.231, 384.447, 386.902, 412.84, 382.071, 374.588, 396.458, 399.733, 396.799, 364.58, 368.034, 349.396, 380.881, 368.982, 356.125, 357.102]] 
RATE (RPS) =====================================: 65

[[367.806, 388.335, 366.657, 382.024, 374.288, 349.783, 387.501, 378.179, 392.342, 373.598, 382.35, 376.654, 429.378, 375.866, 368.937, 416.774, 404.519, 409.569, 403.722, 397.441, 398.942, 390.594, 403.995, 383.925, 373.566, 381.294, 384.206, 390.199, 362.574, 366.176, 371.209, 380.252, 366.918, 361.565, 362.479, 384.844, 379.016, 444.161, 381.847, 352.192, 359.963, 360.288, 370.679, 383.382, 383.33, 366.197, 372.245, 367.196, 363.022, 386.654, 369.158, 368.144, 403.543, 410.884, 399.805, 361.471, 390.791, 363.554, 361.607, 363.516, 376.555, 348.599, 367.242, 349.254, 360.962]] 
RATE (RPS) =====================================: 65

[[415.499, 431.667, 425.164, 406.379, 428.905, 400.839, 404.475, 420.372, 402.822, 381.277, 405.393, 398.24, 401.12, 387.881, 383.111, 387.296, 411.119, 389.498, 387.68, 391.365, 391.457, 391.698, 379.911, 383.474, 383.391, 384.631, 390.869, 385.072, 370.047, 370.042, 371.39, 359.203, 360.488, 355.255, 398.124, 396.638, 404.73, 377.477, 397.808, 415.708, 402.911, 385.213, 410.868, 428.693, 386.503, 404.532, 416.581, 423.034, 413.548, 432.682, 418.144, 404.385, 408.777, 403.407, 404.363, 400.564, 391.67, 394.099, 378.743, 380.126, 354.843, 347.056, 359.614, 359.538, 362.906]] 
RATE (RPS) =====================================: 65

[[342.911, 352.207, 355.63, 355.211, 351.078, 380.523, 390.181, 379.228, 365.472, 372.321, 382.845, 379.832, 383.268, 373.772, 367.339, 368.739, 377.508, 364.663, 383.866, 391.634, 362.679, 367.057, 372.762, 368.562, 380.118, 384.684, 352.846, 377.411, 395.966, 378.699, 374.803, 376.347, 403.276, 373.605, 371.131, 361.512, 372.314, 361.13, 375.955, 362.38, 351.449, 367.43, 370.57, 362.614, 391.046, 444.984, 364.671, 423.284, 407.815, 413.206, 401.682, 393.801, 414.478, 389.109, 394.644, 378.15, 386.174, 389.886, 370.983, 369.167, 358.472, 361.102, 349.263, 358.459, 353.926]] 
RATE (RPS) =====================================: 65

[[362.077, 370.412, 378.226, 369.669, 378.538, 359.968, 361.569, 354.359, 352.872, 363.868, 387.901, 384.435, 354.391, 367.007, 366.278, 353.887, 385.969, 356.705, 363.486, 369.467, 359.235, 385.874, 369.982, 362.115, 372.238, 355.01, 375.458, 375.787, 383.451, 378.566, 375.701, 368.207, 363.029, 365.936, 370.175, 363.61, 391.373, 358.701, 378.05, 357.506, 368.833, 365.269, 378.047, 359.966, 366.714, 364.221, 361.614, 382.684, 352.779, 361.914, 348.714, 372.651, 375.768, 395.936, 383.891, 361.241, 368.606, 385.677, 361.108, 348.217, 365.289, 344.625, 382.246, 358.979, 347.433, 349.367]] 
RATE (RPS) =====================================: 66

[[394.261, 394.046, 401.326, 384.977, 390.812, 397.907, 392.166, 392.505, 388.116, 385.208, 414.899, 379.978, 370.798, 360.436, 388.577, 353.131, 373.809, 372.639, 401.475, 369.616, 386.392, 368.287, 358.432, 359.82, 374.992, 389.637, 396.432, 378.889, 378.895, 380.432, 381.277, 372.212, 377.223, 376.206, 374.16, 394.842, 391.975, 360.113, 358.161, 354.544, 351.92, 404.219, 384.715, 369.038, 361.224, 374.293, 371.608, 367.368, 364.279, 369.182, 360.071, 381.064, 371.954, 363.829, 347.674, 356.056, 397.754, 384.93, 350.447, 361.239, 353.769, 353.477, 358.887, 358.323, 354.323, 350.327]] 
RATE (RPS) =====================================: 66

[[363.384, 387.712, 377.166, 372.083, 363.775, 402.099, 382.313, 395.093, 383.371, 398.208, 376.021, 361.309, 381.37, 388.257, 379.047, 366.472, 370.329, 415.263, 379.193, 412.282, 347.866, 386.82, 377.316, 372.356, 382.028, 363.641, 371.465, 404.494, 362.305, 361.484, 375.135, 353.456, 417.515, 370.812, 358.388, 395.622, 383.691, 389.038, 394.74, 368.833, 372.777, 369.278, 401.205, 372.838, 375.925, 364.789, 375.506, 358.896, 368.962, 361.696, 366.429, 389.635, 354.185, 361.112, 346.445, 369.567, 398.243, 358.208, 383.267, 362.723, 356.681, 362.178, 359.015, 369.418, 418.68, 397.348]] 
RATE (RPS) =====================================: 66

[[387.728, 374.817, 387.453, 436.799, 400.133, 382.39, 367.202, 400.053, 446.471, 423.967, 393.637, 391.392, 385.646, 403.386, 398.606, 370.979, 416.169, 386.82, 400.173, 403.486, 371.796, 380.489, 379.775, 383.119, 400.752, 392.953, 411.142, 396.888, 386.805, 372.659, 394.047, 382.597, 376.971, 405.311, 387.849, 372.456, 381.294, 379.955, 380.092, 386.669, 365.968, 375.294, 387.113, 370.381, 372.591, 370.414, 370.167, 373.905, 358.937, 368.656, 358.132, 371.949, 347.807, 364.965, 353.115, 369.006, 352.61, 421.97, 352.155, 379.391, 372.782, 375.286, 375.551, 375.287, 359.393, 347.455]] 
RATE (RPS) =====================================: 66

[[379.439, 363.468, 373.928, 374.833, 436.218, 386.443, 418.68, 417.436, 415.387, 411.064, 419.888, 404.489, 405.316, 403.474, 397.204, 392.327, 402.71, 400.486, 387.816, 397.547, 385.322, 384.526, 386.115, 380.393, 374.199, 380.862, 370.067, 386.808, 366.026, 362.065, 359.964, 377.788, 379.598, 364.665, 384.648, 380.887, 360.483, 358.213, 365.196, 381.619, 373.724, 373.688, 346.42, 389.479, 369.866, 370.546, 356.68, 365.115, 359.791, 375.628, 384.517, 360.799, 349.038, 374.074, 352.624, 365.363, 357.684, 360.912, 371.919, 382.851, 358.842, 367.622, 379.092, 349.883, 355.567, 349.647]] 
RATE (RPS) =====================================: 66

[[376.582, 401.259, 373.206, 390.452, 363.745, 377.577, 367.111, 398.704, 360.074, 362.802, 384.433, 385.723, 376.76, 369.465, 425.778, 439.784, 392.438, 391.815, 388.226, 391.536, 394.642, 363.632, 357.268, 376.065, 374.513, 383.333, 389.544, 375.156, 380.565, 377.138, 373.406, 373.768, 370.461, 374.312, 364.845, 368.173, 364.387, 366.323, 354.745, 358.252, 355.552, 374.033, 369.835, 360.597, 360.672, 364.767, 359.926, 358.726, 390.477, 380.594, 374.35, 360.204, 381.087, 383.252, 379.873, 367.616, 344.635, 360.061, 369.946, 376.204, 351.105, 368.406, 360.113, 360.767, 355.329, 363.047]] 
RATE (RPS) =====================================: 66

[[403.93, 406.795, 406.706, 415.556, 388.455, 416.151, 402.581, 406.828, 391.765, 377.138, 407.704, 392.809, 372.503, 382.31, 396.072, 401.119, 372.775, 399.195, 374.02, 393.807, 382.349, 379.582, 379.269, 396.124, 363.031, 374.23, 376.464, 371.301, 369.516, 361.886, 361.385, 393.555, 353.651, 348.472, 400.301, 391.401, 391.608, 375.355, 393.349, 385.344, 397.204, 365.062, 374.692, 366.719, 369.53, 356.38, 364.378, 359.629, 374.145, 356.829, 369.835, 361.851, 363.972, 371.618, 372.487, 359.255, 384.026, 374.469, 372.563, 361.951, 362.221, 394.691, 350.967, 349.702, 383.67, 359.547]] 
RATE (RPS) =====================================: 66

[[378.621, 361.392, 391.045, 360.561, 375.122, 361.591, 371.441, 357.43, 368.486, 450.158, 475.368, 427.229, 421.413, 423.311, 416.816, 419.446, 403.891, 420.698, 407.353, 406.116, 404.453, 397.852, 398.614, 393.4, 440.592, 419.576, 413.266, 397.084, 393.528, 392.47, 386.55, 382.501, 379.748, 377.435, 375.841, 373.076, 372.913, 368.889, 368.239, 364.267, 364.863, 368.543, 353.278, 377.817, 350.66, 364.73, 361.208, 357.915, 404.818, 368.449, 396.263, 374.318, 365.922, 367.421, 362.809, 377.276, 358.415, 357.91, 363.718, 355.894, 355.438, 358.056, 361.262, 368.564, 377.082, 366.679]] 
RATE (RPS) =====================================: 66

[[349.148, 372.31, 369.764, 385.802, 364.181, 367.993, 382.509, 358.45, 372.904, 369.041, 388.37, 414.657, 365.754, 366.391, 401.672, 386.789, 382.206, 368.987, 409.734, 399.068, 362.294, 412.209, 386.334, 388.938, 384.838, 401.988, 393.452, 375.8, 381.811, 377.732, 374.786, 374.186, 387.617, 361.438, 375.572, 399.797, 402.965, 397.121, 375.332, 384.372, 385.719, 390.074, 371.196, 365.578, 408.792, 378.615, 356.521, 380.365, 380.168, 358.391, 373.78, 358.08, 377.596, 367.42, 361.82, 345.76, 354.396, 348.044, 373.398, 356.253, 349.518, 362.826, 349.357, 355.003, 345.203, 353.45]] 
RATE (RPS) =====================================: 66

[[408.194, 437.062, 411.284, 400.296, 395.295, 385.544, 384.247, 390.849, 384.59, 372.234, 371.618, 371.241, 364.187, 405.182, 387.895, 362.042, 353.772, 396.168, 387.912, 402.228, 384.397, 373.793, 374.568, 372.435, 377.983, 377.809, 374.521, 371.129, 407.84, 358.64, 380.507, 370.811, 384.809, 363.269, 384.777, 373.354, 372.302, 357.81, 377.216, 367.852, 382.265, 365.611, 399.499, 369.112, 376.345, 370.16, 372.522, 360.564, 371.01, 379.349, 361.476, 366.413, 395.962, 356.426, 363.57, 342.302, 373.71, 355.726, 358.697, 369.777, 383.722, 390.597, 379.697, 390.675, 358.179, 370.487]] 
RATE (RPS) =====================================: 66

[[385.38, 388.831, 356.627, 371.978, 365.61, 366.827, 362.962, 382.107, 362.441, 364.62, 359.737, 373.849, 366.219, 384.624, 372.161, 379.638, 400.68, 381.709, 376.349, 357.781, 415.813, 405.694, 409.204, 413.419, 406.439, 409.059, 401.323, 404.64, 391.043, 391.524, 399.142, 386.416, 398.726, 404.387, 375.886, 371.417, 377.026, 382.235, 382.021, 378.702, 371.127, 384.673, 388.737, 378.134, 375.379, 386.092, 398.585, 413.427, 380.797, 386.553, 360.034, 360.814, 375.62, 345.324, 353.477, 358.018, 352.995, 385.719, 374.773, 358.185, 372.403, 369.37, 351.495, 359.285, 372.436, 373.585, 356.522]] 
RATE (RPS) =====================================: 67

[[413.428, 421.742, 417.046, 382.338, 370.654, 369.852, 384.16, 378.321, 393.495, 418.081, 405.76, 400.177, 399.444, 393.306, 422.771, 390.239, 373.309, 406.203, 395.585, 388.0, 387.724, 360.702, 372.52, 372.917, 382.427, 410.283, 376.424, 374.105, 370.643, 392.179, 371.848, 385.764, 371.473, 392.112, 373.488, 367.402, 398.383, 416.997, 402.33, 407.753, 402.905, 401.626, 392.567, 382.658, 406.445, 397.098, 408.198, 392.723, 381.191, 390.016, 384.893, 391.224, 379.633, 395.178, 364.487, 373.124, 375.055, 351.732, 444.008, 418.993, 395.281, 422.93, 394.957, 380.733, 373.647, 368.046, 369.312]] 
RATE (RPS) =====================================: 67

[[436.629, 459.321, 420.403, 425.797, 436.077, 426.815, 413.731, 412.533, 398.256, 415.142, 409.748, 436.299, 390.775, 412.924, 415.387, 398.308, 389.439, 405.02, 385.012, 389.378, 384.372, 378.747, 401.372, 380.996, 385.832, 381.392, 388.242, 375.114, 364.235, 374.702, 377.233, 367.492, 381.868, 364.209, 404.823, 367.395, 399.679, 389.625, 359.359, 377.448, 378.582, 378.141, 379.114, 378.86, 372.267, 369.979, 373.748, 371.824, 386.559, 363.702, 361.912, 359.337, 357.6, 355.027, 352.523, 351.869, 353.889, 375.871, 385.361, 399.771, 376.574, 344.227, 398.499, 371.724, 382.163, 352.66, 352.269]] 
RATE (RPS) =====================================: 67

[[391.241, 364.561, 373.091, 371.5, 376.565, 369.257, 373.6, 364.621, 377.178, 389.676, 396.563, 388.325, 391.544, 390.012, 367.897, 376.784, 402.405, 365.986, 403.117, 392.315, 382.531, 373.269, 379.742, 374.87, 371.751, 393.68, 363.99, 388.634, 380.73, 450.9, 377.041, 363.567, 424.295, 419.164, 418.007, 406.572, 411.694, 420.903, 405.612, 412.664, 405.215, 392.23, 403.235, 412.031, 393.715, 390.655, 404.7, 404.202, 398.437, 382.94, 399.53, 379.825, 381.662, 379.503, 379.167, 369.702, 355.208, 358.696, 350.877, 350.266, 355.068, 418.473, 387.222, 388.927, 391.952, 386.081, 359.219]] 
RATE (RPS) =====================================: 67

[[352.999, 373.816, 359.214, 352.478, 371.392, 370.076, 382.542, 361.771, 378.071, 361.56, 373.389, 398.635, 391.227, 404.01, 399.935, 373.297, 413.072, 388.027, 416.06, 392.166, 390.821, 391.065, 371.723, 401.305, 369.02, 381.141, 376.063, 374.094, 361.817, 356.594, 367.682, 351.393, 408.07, 366.887, 364.658, 356.579, 388.776, 386.886, 389.576, 378.845, 424.652, 369.419, 414.508, 417.978, 361.192, 370.87, 390.801, 393.097, 383.565, 392.487, 382.572, 376.416, 376.375, 357.197, 369.312, 397.7, 396.511, 394.838, 396.723, 367.57, 380.884, 369.401, 361.626, 356.466, 373.942, 371.102, 356.377]] 
RATE (RPS) =====================================: 67

[[400.975, 414.058, 403.532, 413.847, 387.72, 405.872, 385.329, 390.224, 380.773, 391.854, 383.239, 383.616, 387.405, 382.941, 401.829, 376.326, 386.83, 385.994, 384.726, 369.26, 370.264, 400.955, 351.069, 383.926, 372.13, 410.39, 389.282, 387.612, 384.679, 381.177, 389.227, 377.973, 370.585, 371.188, 372.808, 371.2, 367.462, 357.995, 360.805, 354.9, 388.557, 363.062, 373.438, 347.383, 346.535, 376.895, 369.382, 356.186, 363.767, 368.825, 370.717, 410.146, 373.689, 358.877, 347.934, 378.567, 354.298, 358.895, 359.48, 367.521, 377.054, 366.922, 353.998, 346.02, 353.011, 345.391, 365.119]] 
RATE (RPS) =====================================: 67

[[373.094, 368.367, 368.43, 383.651, 373.759, 363.852, 376.058, 378.336, 378.16, 377.329, 374.236, 370.732, 385.048, 388.576, 371.677, 361.73, 370.404, 361.922, 373.885, 358.781, 384.677, 381.404, 370.592, 368.534, 367.486, 356.383, 372.65, 351.557, 354.176, 362.044, 447.215, 356.053, 428.406, 360.244, 353.764, 420.624, 409.249, 410.387, 417.595, 399.058, 414.837, 397.938, 400.097, 402.896, 394.885, 392.601, 397.326, 399.211, 381.672, 383.476, 385.12, 383.393, 397.373, 376.615, 366.208, 354.682, 360.519, 368.22, 369.392, 356.4, 351.492, 353.421, 353.672, 357.257, 368.895, 372.933, 347.796]] 
RATE (RPS) =====================================: 67

[[362.23, 382.941, 373.112, 400.198, 390.412, 372.456, 373.028, 370.476, 383.244, 358.657, 355.776, 369.458, 407.665, 401.381, 376.246, 366.123, 382.323, 379.198, 391.335, 363.968, 373.178, 368.785, 347.969, 370.574, 355.033, 369.576, 362.526, 365.876, 356.863, 379.086, 347.33, 369.276, 368.059, 361.865, 368.378, 361.718, 362.7, 353.474, 381.508, 368.064, 405.628, 404.392, 360.041, 354.627, 384.72, 389.685, 391.802, 386.363, 378.097, 405.253, 396.933, 397.045, 368.724, 356.322, 355.228, 348.674, 357.187, 355.207, 360.745, 390.715, 357.297, 391.107, 394.5, 368.461, 357.456, 345.72, 355.423]] 
RATE (RPS) =====================================: 67

[[393.508, 401.973, 399.503, 385.986, 412.158, 379.621, 400.546, 374.211, 390.306, 401.408, 374.004, 369.329, 388.779, 386.665, 402.202, 372.341, 392.812, 366.118, 396.923, 394.103, 386.07, 387.491, 390.095, 380.274, 376.395, 367.494, 373.608, 371.817, 359.753, 368.655, 348.651, 373.503, 357.991, 358.646, 405.393, 400.185, 391.28, 385.348, 378.543, 375.313, 377.648, 370.035, 381.245, 373.999, 358.48, 371.089, 364.518, 396.705, 380.491, 375.447, 373.343, 359.345, 362.937, 364.856, 367.759, 354.046, 400.565, 383.106, 364.571, 373.938, 355.059, 356.686, 357.249, 356.301, 358.76, 349.205, 350.825]] 
RATE (RPS) =====================================: 67

[[364.915, 371.494, 383.949, 367.623, 351.691, 368.612, 351.917, 373.973, 371.058, 358.469, 361.339, 388.916, 378.882, 393.428, 372.832, 394.482, 393.206, 421.748, 419.791, 416.684, 419.557, 367.43, 402.584, 403.372, 408.195, 397.644, 398.661, 405.899, 390.99, 401.86, 388.41, 376.512, 386.886, 383.756, 383.515, 383.474, 372.043, 371.381, 385.752, 369.03, 359.206, 360.121, 409.028, 407.406, 417.65, 399.444, 410.366, 393.893, 403.041, 384.537, 385.881, 400.339, 363.832, 367.03, 356.162, 354.347, 363.146, 367.882, 367.658, 360.821, 368.519, 370.469, 368.005, 353.631, 346.869, 350.091, 356.581]] 
RATE (RPS) =====================================: 67

[[369.179, 365.065, 361.365, 394.39, 392.637, 358.657, 361.719, 379.892, 375.025, 375.51, 362.473, 360.254, 370.635, 365.152, 368.222, 353.716, 361.102, 376.887, 372.123, 374.619, 381.334, 363.598, 368.713, 384.047, 375.119, 382.308, 382.932, 361.191, 358.378, 363.645, 359.372, 372.329, 358.306, 364.019, 359.902, 363.254, 360.849, 356.1, 359.772, 344.019, 370.039, 366.561, 387.012, 360.491, 371.429, 354.935, 376.927, 375.843, 390.648, 372.284, 363.072, 360.089, 359.233, 355.832, 353.82, 351.402, 366.179, 357.313, 354.703, 363.392, 348.732, 356.759, 369.115, 349.536, 351.529, 346.808, 374.755, 358.298]] 
RATE (RPS) =====================================: 68

[[422.55, 401.012, 389.674, 401.794, 390.268, 386.893, 379.086, 402.771, 375.543, 375.773, 376.216, 388.233, 373.224, 392.278, 386.094, 379.864, 359.533, 378.467, 382.945, 367.361, 370.522, 371.829, 398.016, 399.582, 385.706, 383.63, 376.932, 377.24, 366.576, 370.225, 369.468, 367.118, 358.319, 355.46, 366.504, 372.408, 352.795, 351.638, 379.413, 368.435, 382.85, 366.362, 374.792, 365.027, 372.816, 373.007, 354.702, 363.228, 345.214, 372.084, 368.779, 364.083, 363.431, 362.887, 363.215, 346.28, 352.17, 359.258, 353.86, 359.724, 349.039, 361.312, 368.478, 343.162, 342.571, 373.007, 374.885, 363.434]] 
RATE (RPS) =====================================: 68

[[359.034, 361.471, 397.573, 361.81, 358.78, 372.816, 375.692, 389.591, 382.067, 377.185, 365.874, 372.299, 377.719, 387.103, 382.793, 363.232, 402.516, 377.184, 382.795, 377.965, 393.885, 405.557, 396.972, 386.97, 384.417, 379.693, 375.192, 372.533, 378.895, 376.191, 369.782, 388.138, 391.796, 393.286, 381.471, 374.2, 379.909, 381.904, 375.261, 357.812, 376.001, 365.211, 362.712, 362.974, 424.615, 417.529, 425.08, 427.344, 405.829, 397.144, 410.69, 405.773, 404.841, 394.204, 396.312, 384.624, 380.914, 383.579, 365.326, 362.475, 354.714, 350.08, 374.296, 357.177, 366.218, 366.372, 362.01, 354.057]] 
RATE (RPS) =====================================: 68

[[372.104, 376.192, 368.716, 353.098, 406.159, 396.955, 398.124, 397.413, 355.972, 372.229, 392.095, 391.461, 405.322, 408.727, 401.311, 418.306, 401.704, 389.236, 395.453, 390.645, 394.598, 388.7, 408.9, 380.396, 375.358, 383.661, 377.541, 379.686, 374.374, 386.774, 371.841, 365.268, 370.502, 369.288, 371.453, 375.264, 358.173, 375.957, 370.08, 365.25, 383.199, 371.755, 371.275, 371.492, 354.44, 369.77, 356.129, 366.678, 369.398, 370.547, 382.455, 357.437, 376.574, 365.477, 362.468, 356.103, 356.205, 388.561, 381.95, 385.817, 369.641, 367.978, 367.163, 369.986, 362.36, 381.612, 353.691, 364.264]] 
RATE (RPS) =====================================: 68

[[438.217, 431.632, 410.651, 412.677, 413.455, 409.442, 402.128, 410.279, 391.822, 403.347, 393.41, 411.935, 405.804, 422.441, 423.103, 396.829, 392.104, 418.128, 393.213, 392.429, 388.016, 413.089, 386.884, 373.153, 377.505, 381.582, 380.67, 370.886, 375.542, 364.931, 373.291, 376.297, 366.397, 372.821, 389.094, 384.05, 392.711, 385.835, 390.166, 412.052, 372.058, 372.295, 399.327, 390.754, 379.578, 386.691, 391.426, 391.928, 359.092, 360.199, 370.662, 376.202, 363.282, 383.75, 385.866, 400.879, 368.619, 377.625, 371.174, 369.531, 372.613, 374.905, 397.925, 384.798, 380.015, 367.754, 364.287, 390.561]] 
RATE (RPS) =====================================: 68

[[418.267, 428.165, 427.179, 394.358, 423.077, 433.413, 396.393, 402.672, 432.585, 422.379, 420.748, 416.526, 406.042, 407.08, 416.857, 383.968, 396.167, 408.545, 384.332, 396.814, 423.733, 380.352, 381.122, 382.653, 385.444, 395.29, 390.631, 428.089, 388.616, 370.681, 401.358, 409.565, 400.476, 399.142, 401.011, 401.027, 393.93, 385.981, 389.181, 402.069, 387.215, 380.895, 375.071, 379.715, 385.371, 401.266, 388.749, 370.185, 361.724, 376.18, 372.646, 364.377, 373.426, 365.994, 365.949, 425.187, 414.763, 411.909, 399.291, 387.817, 386.741, 391.998, 367.519, 381.842, 372.179, 381.077, 382.541, 363.477]] 
RATE (RPS) =====================================: 68

[[405.246, 428.109, 418.114, 412.591, 416.486, 427.11, 424.483, 430.43, 412.195, 411.745, 438.932, 416.527, 419.335, 427.901, 414.946, 412.071, 439.863, 429.189, 449.481, 422.912, 440.239, 443.321, 422.266, 427.654, 444.177, 432.762, 432.236, 434.235, 429.188, 440.219, 435.692, 425.285, 452.654, 438.559, 444.178, 455.793, 437.36, 422.814, 426.859, 426.246, 424.216, 415.026, 416.43, 412.015, 409.454, 418.022, 406.51, 404.157, 402.725, 424.237, 407.254, 423.434, 414.454, 412.25, 412.216, 395.993, 442.631, 425.06, 430.552, 411.882, 410.652, 406.41, 407.008, 394.54, 397.009, 392.592, 384.291, 378.687]] 
RATE (RPS) =====================================: 68

[[499.892, 454.449, 435.757, 428.127, 473.794, 435.849, 459.196, 450.059, 435.81, 437.585, 418.176, 414.845, 426.962, 439.421, 424.559, 412.759, 449.671, 435.071, 444.402, 436.626, 441.218, 430.031, 431.809, 452.069, 429.521, 415.615, 418.186, 408.608, 400.935, 398.448, 409.081, 397.574, 401.669, 405.055, 396.086, 391.578, 427.305, 389.127, 374.435, 404.318, 397.864, 394.682, 426.889, 415.664, 395.305, 412.369, 393.365, 382.9, 400.784, 418.642, 384.347, 388.149, 410.499, 381.781, 377.284, 381.941, 379.02, 376.297, 366.091, 365.959, 422.492, 379.165, 391.528, 362.5, 363.577, 356.917, 350.019, 354.218]] 
RATE (RPS) =====================================: 68

[[364.289, 389.898, 396.236, 384.527, 366.011, 373.2, 366.42, 368.599, 393.959, 381.268, 378.92, 394.935, 388.129, 382.271, 403.767, 409.721, 374.783, 388.294, 372.798, 379.766, 401.923, 394.694, 379.743, 381.716, 403.388, 388.89, 379.127, 377.737, 383.349, 379.75, 381.676, 384.884, 372.263, 362.368, 384.531, 391.097, 382.146, 364.69, 363.952, 363.849, 368.215, 360.217, 364.356, 377.81, 353.764, 372.346, 355.547, 369.283, 362.794, 362.644, 373.454, 359.857, 353.032, 349.056, 348.533, 371.554, 373.973, 351.323, 445.024, 409.696, 409.547, 395.289, 391.647, 386.935, 383.459, 365.722, 369.796, 359.649]] 
RATE (RPS) =====================================: 68

[[357.905, 358.763, 365.823, 361.869, 384.576, 382.977, 375.214, 364.348, 392.048, 386.653, 370.993, 396.612, 386.396, 381.091, 378.984, 403.988, 401.521, 387.638, 392.811, 381.503, 385.387, 368.478, 398.665, 373.239, 384.399, 390.408, 366.537, 377.483, 400.377, 357.616, 371.29, 375.887, 383.91, 370.82, 388.479, 383.59, 372.566, 372.609, 371.884, 370.884, 366.13, 374.879, 362.454, 355.953, 352.032, 356.089, 395.885, 373.265, 381.455, 367.101, 382.597, 363.754, 370.081, 361.742, 380.688, 369.737, 366.488, 389.341, 370.07, 370.935, 404.245, 360.041, 371.238, 357.553, 371.241, 344.383, 373.42, 371.127]] 
RATE (RPS) =====================================: 68

[[416.881, 429.199, 436.573, 413.544, 406.277, 418.315, 420.294, 415.856, 406.506, 396.142, 416.647, 413.799, 408.311, 393.806, 399.506, 394.478, 376.038, 397.335, 397.236, 392.663, 378.779, 382.674, 377.576, 391.225, 380.24, 374.947, 388.196, 371.059, 378.162, 366.585, 413.154, 361.43, 380.826, 383.531, 378.704, 383.465, 383.426, 370.349, 372.053, 362.461, 363.533, 367.525, 357.239, 356.18, 376.425, 372.704, 372.858, 369.577, 373.982, 377.725, 371.886, 360.48, 369.681, 358.063, 361.9, 398.011, 370.871, 353.04, 376.07, 354.115, 354.832, 382.231, 353.075, 359.892, 368.277, 382.866, 374.532, 372.847, 362.876]] 
RATE (RPS) =====================================: 69

[[383.317, 368.518, 372.283, 380.616, 369.29, 375.37, 375.268, 409.459, 387.37, 390.878, 388.237, 380.834, 414.151, 405.782, 372.064, 389.588, 396.928, 415.562, 408.431, 399.674, 378.67, 400.804, 376.074, 374.181, 369.818, 394.435, 379.092, 369.006, 385.174, 365.379, 362.668, 380.38, 370.401, 369.237, 397.521, 373.594, 373.681, 409.791, 375.324, 381.898, 419.948, 373.031, 394.839, 411.326, 404.337, 385.394, 396.946, 398.163, 411.7, 522.006, 381.558, 384.67, 391.073, 378.046, 368.513, 368.64, 355.633, 351.223, 445.489, 422.153, 403.784, 411.424, 421.302, 401.18, 391.335, 374.794, 370.317, 368.988, 355.069]] 
RATE (RPS) =====================================: 69

[[449.676, 494.405, 468.435, 518.685, 485.964, 481.259, 475.023, 475.957, 490.433, 474.623, 460.339, 464.726, 469.963, 473.311, 475.76, 471.993, 452.064, 465.064, 448.483, 457.673, 454.715, 455.279, 453.973, 445.227, 456.552, 447.4, 445.622, 441.63, 445.198, 449.994, 450.862, 466.077, 428.379, 429.583, 433.896, 424.279, 441.291, 435.493, 424.745, 428.157, 418.748, 430.067, 422.622, 413.324, 427.596, 414.09, 407.864, 404.942, 417.105, 404.032, 390.456, 398.132, 417.377, 392.855, 385.399, 382.604, 380.477, 391.771, 382.757, 379.654, 375.713, 373.873, 376.813, 382.328, 376.71, 359.261, 368.551, 365.444, 358.432]] 
RATE (RPS) =====================================: 69

[[390.587, 377.046, 378.718, 376.036, 413.006, 406.328, 418.455, 416.76, 416.368, 403.157, 393.644, 395.531, 447.646, 409.241, 390.712, 398.231, 390.279, 382.57, 399.199, 399.375, 385.911, 385.569, 388.636, 378.886, 373.914, 388.785, 370.177, 373.154, 369.094, 370.588, 373.876, 366.502, 360.653, 405.943, 367.753, 405.68, 401.596, 360.439, 375.419, 391.013, 379.509, 377.284, 383.355, 367.468, 376.582, 375.984, 371.77, 373.283, 394.449, 401.894, 384.492, 374.977, 353.056, 367.937, 398.355, 364.798, 367.683, 362.094, 373.751, 373.618, 365.596, 369.245, 390.391, 366.284, 362.707, 370.631, 359.423, 392.384, 391.765]] 
RATE (RPS) =====================================: 69

[[391.781, 391.235, 412.35, 397.334, 383.588, 393.936, 370.179, 370.008, 385.796, 374.918, 413.035, 377.594, 394.721, 411.761, 418.517, 388.409, 398.027, 377.909, 422.073, 400.231, 388.068, 393.272, 404.465, 407.685, 399.36, 396.432, 402.182, 396.119, 392.462, 386.361, 391.885, 391.984, 424.355, 426.639, 421.197, 422.064, 411.166, 412.378, 415.949, 419.812, 416.109, 400.055, 415.131, 400.362, 404.637, 403.874, 409.635, 395.667, 406.322, 383.634, 378.701, 386.058, 386.06, 373.555, 415.619, 380.113, 399.75, 362.481, 435.346, 376.716, 424.644, 401.594, 395.229, 395.283, 379.646, 380.971, 374.631, 369.26, 359.094]] 
RATE (RPS) =====================================: 69

[[384.681, 396.196, 386.98, 378.887, 380.331, 373.867, 370.558, 376.254, 370.253, 395.883, 390.19, 383.861, 405.652, 373.233, 392.929, 384.948, 394.915, 378.498, 383.483, 405.731, 368.667, 379.462, 373.965, 369.602, 373.235, 389.855, 366.191, 381.114, 398.999, 382.753, 364.78, 366.208, 371.062, 375.381, 360.354, 375.374, 357.278, 353.607, 361.5, 372.214, 380.702, 367.469, 353.861, 357.596, 392.611, 358.612, 374.083, 385.469, 373.572, 365.667, 378.476, 363.698, 365.503, 362.069, 363.28, 351.227, 349.357, 363.821, 362.357, 360.16, 345.895, 363.01, 367.185, 358.619, 366.224, 348.603, 368.239, 369.611, 372.788]] 
RATE (RPS) =====================================: 69

[[404.924, 405.99, 425.13, 422.995, 410.663, 409.917, 400.149, 405.555, 389.642, 402.303, 389.491, 377.519, 379.655, 371.198, 406.672, 393.453, 401.996, 397.619, 408.266, 399.418, 379.557, 388.072, 389.207, 386.075, 378.476, 380.668, 389.109, 380.212, 382.764, 373.426, 378.164, 389.521, 374.368, 371.417, 359.922, 361.374, 366.741, 364.389, 384.097, 360.299, 368.238, 386.661, 355.025, 380.863, 375.176, 381.924, 369.588, 397.025, 359.33, 359.84, 364.984, 356.05, 396.682, 396.889, 380.036, 362.037, 357.556, 346.649, 346.457, 377.419, 358.012, 362.146, 382.046, 354.859, 370.299, 363.99, 345.038, 362.354, 386.231]] 
RATE (RPS) =====================================: 69

[[413.238, 354.638, 360.867, 400.48, 373.931, 381.645, 397.48, 389.081, 386.505, 401.414, 382.884, 397.663, 380.59, 374.072, 422.414, 377.149, 399.995, 399.501, 389.155, 369.844, 393.153, 383.481, 396.949, 382.289, 378.724, 384.605, 371.571, 399.662, 380.231, 375.282, 377.883, 414.276, 371.104, 393.999, 394.218, 386.78, 367.078, 374.949, 369.811, 433.634, 363.767, 414.659, 408.069, 416.369, 398.393, 393.626, 401.65, 394.153, 398.072, 383.545, 442.242, 377.57, 424.734, 415.882, 418.432, 401.345, 394.513, 382.484, 379.051, 406.451, 384.343, 396.512, 379.694, 367.409, 364.2, 349.526, 360.151, 375.511, 349.84]] 
RATE (RPS) =====================================: 69

[[364.617, 374.865, 383.986, 397.263, 380.835, 378.452, 390.214, 401.629, 377.065, 385.795, 371.289, 385.278, 371.249, 420.835, 384.361, 408.767, 397.786, 399.594, 376.709, 384.275, 379.978, 377.651, 392.007, 384.332, 370.964, 415.91, 416.701, 400.488, 411.005, 406.26, 391.492, 401.781, 392.728, 391.819, 387.19, 389.263, 382.673, 382.374, 381.176, 373.312, 374.056, 400.463, 371.308, 369.278, 362.425, 368.268, 381.367, 348.961, 356.819, 376.894, 363.037, 371.286, 375.118, 397.789, 355.735, 368.008, 371.758, 377.233, 347.263, 368.161, 369.658, 362.237, 359.36, 384.533, 367.378, 345.567, 354.898, 356.804, 355.506]] 
RATE (RPS) =====================================: 69

[[417.009, 387.545, 398.761, 395.049, 395.586, 383.127, 388.23, 371.694, 374.703, 389.32, 405.277, 398.118, 394.974, 386.483, 411.775, 383.472, 379.691, 385.22, 368.93, 372.598, 411.566, 374.418, 391.153, 381.617, 395.954, 379.826, 361.298, 379.832, 372.801, 382.914, 372.377, 355.5, 367.618, 368.394, 354.097, 391.372, 360.818, 360.485, 359.464, 361.597, 365.286, 394.854, 366.706, 390.087, 377.884, 376.065, 405.284, 392.692, 375.138, 376.224, 375.926, 371.017, 367.739, 366.352, 367.189, 375.496, 386.436, 364.251, 368.799, 346.6, 348.032, 353.98, 372.45, 376.148, 359.844, 393.709, 382.909, 375.443, 377.045]] 
RATE (RPS) =====================================: 69

[[375.076, 372.632, 369.203, 366.922, 357.971, 391.062, 394.032, 471.414, 430.275, 383.365, 425.414, 414.865, 417.052, 410.934, 401.293, 402.876, 385.65, 379.675, 390.351, 384.409, 372.712, 382.525, 373.548, 409.095, 381.094, 382.389, 393.129, 384.092, 377.192, 389.573, 365.207, 367.552, 376.818, 374.033, 397.57, 397.198, 373.783, 391.761, 393.882, 384.022, 399.428, 400.017, 390.263, 406.547, 385.521, 389.552, 389.674, 385.119, 401.946, 397.729, 379.523, 396.93, 382.548, 424.837, 420.174, 396.39, 436.02, 392.135, 469.202, 385.291, 393.168, 403.261, 402.412, 379.38, 385.431, 382.369, 378.294, 369.469, 368.119, 374.232]] 
RATE (RPS) =====================================: 70

[[364.243, 371.312, 374.45, 378.983, 370.781, 376.421, 362.37, 379.727, 396.049, 388.563, 361.29, 357.492, 388.07, 388.306, 392.547, 408.628, 381.38, 372.488, 389.606, 378.936, 384.094, 403.951, 374.816, 376.31, 385.11, 364.856, 383.766, 389.207, 379.935, 374.536, 379.219, 365.253, 366.92, 367.537, 370.147, 376.926, 362.117, 373.007, 363.733, 369.882, 356.662, 362.27, 352.559, 361.587, 360.845, 355.18, 392.183, 370.172, 366.796, 367.298, 351.037, 359.435, 369.206, 379.985, 379.768, 356.771, 359.292, 361.737, 366.719, 357.599, 367.346, 356.541, 358.072, 366.305, 390.411, 353.81, 346.664, 353.25, 365.425, 360.1]] 
RATE (RPS) =====================================: 70

[[402.685, 431.177, 402.084, 389.189, 383.161, 391.445, 403.09, 378.66, 389.108, 396.065, 387.958, 374.649, 400.698, 420.084, 390.176, 414.245, 399.548, 398.667, 423.447, 372.264, 384.451, 399.567, 400.157, 394.477, 392.341, 377.589, 379.94, 373.366, 372.604, 397.464, 363.733, 368.11, 401.119, 378.36, 374.635, 374.529, 383.8, 374.704, 382.202, 373.361, 367.359, 376.032, 405.988, 355.551, 400.646, 375.941, 391.935, 371.911, 387.412, 372.204, 379.75, 380.282, 390.601, 369.174, 369.88, 370.24, 359.905, 394.145, 357.958, 359.161, 364.036, 375.665, 365.975, 356.403, 355.361, 374.066, 354.502, 358.187, 382.319, 377.953]] 
RATE (RPS) =====================================: 70

[[362.037, 373.212, 385.784, 374.912, 371.936, 384.377, 377.665, 372.333, 365.575, 375.758, 400.25, 415.856, 399.597, 384.778, 391.168, 377.286, 400.86, 390.368, 397.935, 391.915, 376.98, 375.594, 383.39, 383.526, 391.565, 360.164, 394.681, 386.877, 382.236, 376.151, 377.936, 399.701, 374.443, 381.391, 361.65, 369.423, 365.508, 367.558, 374.653, 358.696, 353.669, 368.349, 355.66, 390.058, 357.252, 383.961, 378.584, 379.863, 430.752, 365.578, 412.034, 410.069, 409.988, 395.173, 389.862, 385.81, 374.793, 372.075, 377.117, 402.842, 362.255, 381.575, 382.641, 402.517, 376.178, 364.727, 372.236, 374.044, 361.15, 361.891]] 
RATE (RPS) =====================================: 70

[[376.467, 366.316, 377.73, 414.899, 396.293, 396.37, 400.794, 394.937, 417.162, 394.466, 403.805, 397.557, 396.415, 386.56, 401.304, 411.229, 392.167, 382.952, 391.375, 409.919, 383.235, 378.776, 374.245, 387.046, 388.708, 397.762, 373.511, 367.908, 376.118, 379.665, 375.497, 381.44, 381.94, 367.847, 356.457, 387.693, 395.956, 366.481, 382.617, 383.3, 362.341, 392.56, 402.921, 390.079, 389.901, 379.301, 378.793, 380.824, 379.202, 387.448, 383.333, 424.12, 390.403, 400.619, 395.196, 397.82, 385.806, 371.216, 374.552, 365.594, 362.366, 387.43, 399.962, 375.177, 362.847, 359.787, 352.204, 351.448, 362.826, 368.972]] 
RATE (RPS) =====================================: 70

[[427.041, 432.187, 403.97, 404.487, 398.297, 403.343, 409.585, 401.312, 388.104, 397.789, 400.278, 408.17, 396.691, 422.687, 390.765, 388.803, 398.965, 387.589, 392.651, 387.924, 381.629, 372.136, 396.808, 382.676, 399.412, 386.18, 403.665, 393.683, 382.383, 378.559, 408.214, 396.848, 392.272, 412.437, 385.14, 387.907, 391.018, 397.516, 383.615, 393.802, 370.8, 380.01, 379.642, 373.828, 387.3, 371.914, 369.154, 374.349, 368.742, 394.954, 394.774, 388.792, 371.522, 389.152, 381.423, 361.491, 370.777, 366.436, 349.138, 348.76, 388.755, 380.053, 350.522, 368.773, 361.098, 358.005, 363.355, 353.579, 354.155, 354.201]] 
RATE (RPS) =====================================: 70

[[386.778, 386.21, 389.97, 383.094, 385.099, 375.334, 417.245, 386.645, 375.152, 356.704, 369.032, 371.303, 377.224, 374.537, 404.367, 362.62, 387.232, 380.421, 381.168, 365.268, 375.786, 386.675, 391.621, 388.256, 409.707, 413.201, 414.18, 409.029, 411.199, 394.943, 400.597, 394.721, 397.341, 391.315, 386.599, 389.801, 386.055, 367.52, 427.632, 424.563, 354.498, 425.327, 414.705, 398.695, 407.035, 400.181, 395.723, 402.363, 401.28, 404.85, 368.388, 366.776, 356.885, 359.125, 339.581, 367.18, 353.852, 355.597, 357.38, 361.834, 379.487, 359.282, 366.636, 360.985, 358.121, 354.207, 360.345, 353.873, 346.745, 364.008]] 
RATE (RPS) =====================================: 70

[[364.778, 405.843, 420.945, 398.164, 380.92, 409.889, 395.894, 382.512, 366.243, 454.462, 381.772, 441.747, 474.274, 417.364, 427.709, 490.074, 510.404, 419.056, 504.703, 466.489, 474.602, 507.936, 519.962, 485.029, 495.984, 513.214, 541.606, 564.719, 511.707, 534.857, 493.411, 527.701, 503.025, 523.23, 520.094, 523.146, 515.59, 515.498, 513.962, 512.372, 523.236, 507.23, 513.756, 515.067, 518.126, 507.654, 497.583, 489.372, 481.573, 492.405, 475.718, 463.772, 447.355, 456.829, 450.834, 439.588, 440.627, 430.692, 421.914, 416.609, 413.025, 410.504, 416.415, 402.898, 392.571, 400.575, 389.853, 385.675, 375.902, 382.578]] 
RATE (RPS) =====================================: 70

[[405.088, 399.104, 389.874, 395.77, 387.383, 386.241, 393.666, 433.893, 397.693, 419.812, 411.573, 385.112, 416.851, 400.766, 384.28, 419.897, 380.243, 373.963, 406.703, 418.805, 409.738, 422.608, 432.389, 414.172, 419.191, 412.76, 376.472, 395.409, 371.438, 403.51, 394.268, 357.925, 394.535, 387.431, 389.133, 417.318, 407.37, 396.471, 397.568, 379.54, 384.542, 399.297, 407.768, 361.044, 397.767, 356.467, 378.544, 377.92, 376.015, 364.413, 387.218, 369.038, 383.589, 367.266, 358.617, 369.681, 365.802, 358.763, 371.544, 371.616, 352.577, 357.876, 345.94, 352.653, 354.237, 353.504, 375.362, 377.347, 385.531, 377.856]] 
RATE (RPS) =====================================: 70

[[379.874, 356.126, 370.339, 388.169, 365.233, 384.286, 381.783, 384.044, 398.97, 426.949, 406.431, 388.161, 403.95, 397.835, 376.698, 398.741, 373.646, 407.775, 379.021, 386.811, 367.36, 389.523, 445.874, 427.994, 412.873, 424.984, 412.278, 420.107, 406.912, 408.725, 408.074, 410.66, 406.342, 417.412, 398.725, 403.579, 411.236, 394.854, 388.749, 404.367, 391.024, 395.356, 381.907, 399.425, 375.453, 378.828, 367.469, 378.376, 371.424, 374.03, 365.62, 359.914, 355.284, 348.014, 358.552, 356.836, 367.901, 384.11, 400.83, 385.88, 382.881, 348.62, 354.872, 349.539, 354.357, 352.284, 377.913, 363.7, 371.988, 353.967]] 
RATE (RPS) =====================================: 70

average response time [0]418.275
average response time [1]365.302
average response time [2]348.806
average response time [3]409.909
average response time [4]357.665
average response time [5]356.913
average response time [6]349.666
average response time [7]401.508
average response time [8]345.619
average response time [9]352.998
TOTAL AVERAGE RESPONSE TIME ====================: 370.66610000000003
NUMBER OF THREADS ==============================: 1
TOTAL AVERAGE RATE (RPS) =====================================: 1.0
average response time [10]389.644
average response time [11]346.27250000000004
average response time [12]351.10699999999997
average response time [13]352.16700000000003
average response time [14]382.553
average response time [15]350.5895
average response time [16]362.5575
average response time [17]359.8915
average response time [18]405.21849999999995
average response time [19]360.3175
TOTAL AVERAGE RESPONSE TIME ====================: 366.03180000000003
NUMBER OF THREADS ==============================: 2
TOTAL AVERAGE RATE (RPS) =====================================: 2.0
average response time [20]354.63375
average response time [21]380.794
average response time [22]353.75874999999996
average response time [23]350.371
average response time [24]356.19775000000004
average response time [25]397.20175
average response time [26]362.0215
average response time [27]371.1855
average response time [28]392.57399999999996
average response time [29]350.43925
TOTAL AVERAGE RESPONSE TIME ====================: 366.91772499999996
NUMBER OF THREADS ==============================: 4
TOTAL AVERAGE RATE (RPS) =====================================: 4.0
average response time [30]421.590875
average response time [31]384.16825
average response time [32]354.749875
average response time [33]357.45574999999997
average response time [34]412.59275
average response time [35]350.2655
average response time [36]376.18675
average response time [37]383.766375
average response time [38]348.40925
average response time [39]351.56100000000004
TOTAL AVERAGE RESPONSE TIME ====================: 374.07463750000005
NUMBER OF THREADS ==============================: 8
TOTAL AVERAGE RATE (RPS) =====================================: 8.0
average response time [40]380.9568125
average response time [41]364.3085
average response time [42]358.5870625
average response time [43]385.071625
average response time [44]366.09024999999997
average response time [45]359.9319375
average response time [46]376.19575
average response time [47]368.1823125
average response time [48]364.454125
average response time [49]381.506125
TOTAL AVERAGE RESPONSE TIME ====================: 370.52844999999996
NUMBER OF THREADS ==============================: 16
TOTAL AVERAGE RATE (RPS) =====================================: 16.0
average response time [50]367.7650625
average response time [51]386.12571875000003
average response time [52]363.88978125
average response time [53]360.92109375
average response time [54]367.3291875
average response time [55]362.21584375
average response time [56]378.2461875
average response time [57]357.39375
average response time [58]387.0855
average response time [59]358.28596875
TOTAL AVERAGE RESPONSE TIME ====================: 368.92580937500003
NUMBER OF THREADS ==============================: 32
TOTAL AVERAGE RATE (RPS) =====================================: 32.0
average response time [60]386.440375
average response time [61]427.269984375
average response time [62]378.73625
average response time [63]378.688640625
average response time [64]368.869640625
average response time [65]380.200171875
average response time [66]887.35009375
average response time [67]410.048875
average response time [68]380.86471875
average response time [69]379.7564375
TOTAL AVERAGE RESPONSE TIME ====================: 437.82251875000003
NUMBER OF THREADS ==============================: 64
TOTAL AVERAGE RATE (RPS) =====================================: 62.7
average response time [70]404.43566153846155
average response time [71]379.19273846153845
average response time [72]366.8355384615385
average response time [73]380.37718461538464
average response time [74]367.06213846153844
average response time [75]379.4279230769231
average response time [76]400.8714615384615
average response time [77]379.28796923076925
average response time [78]393.851
average response time [79]376.2743076923077
TOTAL AVERAGE RESPONSE TIME ====================: 382.76159230769224
NUMBER OF THREADS ==============================: 65
TOTAL AVERAGE RATE (RPS) =====================================: 65.0
average response time [80]367.6193484848485
average response time [81]374.8723181818182
average response time [82]376.76906060606063
average response time [83]382.8970606060606
average response time [84]378.46921212121214
average response time [85]374.07836363636363
average response time [86]379.29977272727274
average response time [87]383.895303030303
average response time [88]375.4793181818182
average response time [89]377.9017424242424
TOTAL AVERAGE RESPONSE TIME ====================: 377.12815
NUMBER OF THREADS ==============================: 66
TOTAL AVERAGE RATE (RPS) =====================================: 66.0
average response time [90]379.22097014925373
average response time [91]390.2991791044776
average response time [92]386.0474776119403
average response time [93]386.9342089552239
average response time [94]379.8554179104478
average response time [95]375.8753134328358
average response time [96]377.8873432835821
average response time [97]372.67786567164177
average response time [98]376.9732686567164
average response time [99]381.31216417910446
TOTAL AVERAGE RESPONSE TIME ====================: 380.70832089552243
NUMBER OF THREADS ==============================: 67
TOTAL AVERAGE RATE (RPS) =====================================: 67.0
average response time [100]365.9491911764706
average response time [101]371.9272352941176
average response time [102]380.9921176470588
average response time [103]377.48104411764706
average response time [104]388.7031470588235
average response time [105]394.7209117647059
average response time [106]421.3104411764706
average response time [107]409.79302941176473
average response time [108]378.2953823529412
average response time [109]375.5903676470588
TOTAL AVERAGE RESPONSE TIME ====================: 386.4762867647059
NUMBER OF THREADS ==============================: 68
TOTAL AVERAGE RATE (RPS) =====================================: 68.0
average response time [110]382.63102898550727
average response time [111]388.8931739130435
average response time [112]430.596884057971
average response time [113]383.8730724637681
average response time [114]396.91904347826085
average response time [115]373.0245652173913
average response time [116]380.3451739130435
average response time [117]388.75968115942027
average response time [118]380.0744347826087
average response time [119]378.5543188405797
TOTAL AVERAGE RESPONSE TIME ====================: 388.36713768115936
NUMBER OF THREADS ==============================: 69
TOTAL AVERAGE RATE (RPS) =====================================: 69.0
average response time [120]392.2375285714286
average response time [121]371.39984285714286
average response time [122]382.79215714285715
average response time [123]380.97754285714285
average response time [124]384.42810000000003
average response time [125]385.59988571428573
average response time [126]382.4441142857143
average response time [127]461.01175714285716
average response time [128]387.5108142857143
average response time [129]386.02605714285716
TOTAL AVERAGE RESPONSE TIME ====================: 391.44278
NUMBER OF THREADS ==============================: 70
TOTAL AVERAGE RATE (RPS) =====================================: 70.0
average response time sent to Stackdriver [0]397.20175
average response time sent to Stackdriver [1]364.454125
average response time sent to Stackdriver [2]378.688640625
average response time sent to Stackdriver [3]404.43566153846155
average response time sent to Stackdriver [4]376.76906060606063
average response time sent to Stackdriver [5]386.9342089552239
average response time sent to Stackdriver [6]388.7031470588235
average response time sent to Stackdriver [7]380.3451739130435
average response time sent to Stackdriver [8]461.01175714285716
NUMBER OF THREADS: [1, 2, 4, 8, 16, 32, 64, 65, 66, 67, 68, 69, 70]
WORKLOAD: HFU_LV;  
TOTAL EXECUTION TIME (Concurrent Parallel Requests): 95110.854


