[[428.472]] 
RATE (RPS) =====================================: 1

[[365.124]] 
RATE (RPS) =====================================: 1

[[371.12]] 
RATE (RPS) =====================================: 1

[[397.749]] 
RATE (RPS) =====================================: 1

[[347.94]] 
RATE (RPS) =====================================: 1

[[349.467]] 
RATE (RPS) =====================================: 1

[[353.251]] 
RATE (RPS) =====================================: 1

[[401.041]] 
RATE (RPS) =====================================: 1

[[345.101]] 
RATE (RPS) =====================================: 1

[[363.797]] 
RATE (RPS) =====================================: 1

[[395.915, 391.932]] 
RATE (RPS) =====================================: 2

[[357.086, 350.695]] 
RATE (RPS) =====================================: 2

[[371.724, 379.778]] 
RATE (RPS) =====================================: 2

[[371.38, 367.53]] 
RATE (RPS) =====================================: 2

[[390.247, 391.509]] 
RATE (RPS) =====================================: 2

[[369.776, 366.077]] 
RATE (RPS) =====================================: 2

[[356.653, 353.668]] 
RATE (RPS) =====================================: 2

[[366.027, 350.716]] 
RATE (RPS) =====================================: 2

[[413.158, 405.78]] 
RATE (RPS) =====================================: 2

[[365.226, 360.655]] 
RATE (RPS) =====================================: 2

[[374.195, 350.511, 356.828, 352.415]] 
RATE (RPS) =====================================: 4

[[420.263, 425.904, 401.827, 391.531]] 
RATE (RPS) =====================================: 4

[[397.619, 388.486, 381.073, 373.994]] 
RATE (RPS) =====================================: 4

[[373.343, 365.191, 379.147, 358.77]] 
RATE (RPS) =====================================: 4

[[374.629, 439.308, 364.935, 408.437]] 
RATE (RPS) =====================================: 4

[[372.819, 353.761, 355.156, 372.179]] 
RATE (RPS) =====================================: 4

[[405.554, 392.111, 407.658, 387.95]] 
RATE (RPS) =====================================: 4

[[367.36, 351.695, 348.001, 366.193]] 
RATE (RPS) =====================================: 4

[[1314.8220000000001, 1308.079, 1358.547, 723.789]] 
RATE (RPS) =====================================: 1

[[422.683, 410.895, 413.774, 396.686]] 
RATE (RPS) =====================================: 4

[[347.054, 351.592, 343.466, 388.444, 360.585, 358.896, 350.247, 355.542]] 
RATE (RPS) =====================================: 8

[[379.353, 369.819, 351.181, 367.169, 372.871, 388.573, 372.8, 376.666]] 
RATE (RPS) =====================================: 8

[[406.843, 390.996, 402.58, 393.173, 388.226, 386.591, 379.409, 373.315]] 
RATE (RPS) =====================================: 8

[[363.732, 361.59, 379.68, 374.888, 358.125, 378.849, 356.063, 350.111]] 
RATE (RPS) =====================================: 8

[[369.45, 347.28, 364.054, 365.416, 361.738, 360.566, 353.465, 358.374]] 
RATE (RPS) =====================================: 8

[[397.396, 434.894, 435.462, 426.297, 427.004, 422.191, 410.924, 406.678]] 
RATE (RPS) =====================================: 8

[[348.779, 357.994, 345.827, 358.044, 357.853, 360.201, 347.563, 353.944]] 
RATE (RPS) =====================================: 8

[[353.58, 357.747, 351.391, 356.263, 350.483, 350.759, 352.31, 349.448]] 
RATE (RPS) =====================================: 8

[[344.674, 353.961, 359.728, 361.986, 349.501, 362.419, 359.154, 432.062]] 
RATE (RPS) =====================================: 8

[[351.073, 354.855, 359.994, 348.854, 365.069, 365.238, 355.632, 358.211]] 
RATE (RPS) =====================================: 8

[[369.207, 383.608, 369.422, 361.859, 370.557, 357.598, 365.855, 364.562, 374.42, 370.743, 365.31, 368.309, 393.611, 384.274, 369.372, 373.733]] 
RATE (RPS) =====================================: 16

[[379.473, 356.625, 388.678, 375.98, 374.108, 375.632, 360.924, 403.188, 405.399, 406.458, 450.674, 398.193, 409.384, 389.043, 388.145, 407.723]] 
RATE (RPS) =====================================: 16

[[376.802, 369.285, 380.479, 368.293, 358.178, 372.619, 384.163, 373.901, 392.516, 396.661, 349.515, 367.632, 378.67, 347.628, 375.389, 374.196]] 
RATE (RPS) =====================================: 16

[[378.286, 382.569, 371.453, 366.321, 360.2, 362.082, 380.269, 357.222, 354.043, 395.369, 358.432, 372.92, 362.737, 357.466, 367.922, 361.605]] 
RATE (RPS) =====================================: 16

[[397.965, 403.078, 385.495, 399.686, 386.941, 407.697, 384.795, 385.112, 390.603, 411.217, 388.158, 393.65, 380.888, 385.248, 385.223, 379.997]] 
RATE (RPS) =====================================: 16

[[387.783, 390.587, 414.344, 397.057, 382.311, 377.65, 398.268, 382.465, 415.377, 406.428, 404.342, 392.903, 409.13, 408.22, 387.664, 399.418]] 
RATE (RPS) =====================================: 16

[[389.562, 392.386, 393.067, 401.48, 409.508, 421.637, 405.828, 421.877, 419.608, 397.799, 413.698, 423.58, 416.926, 400.282, 407.277, 398.452]] 
RATE (RPS) =====================================: 16

[[389.812, 387.104, 384.141, 380.392, 388.866, 371.241, 387.913, 368.605, 398.389, 380.803, 365.836, 386.474, 377.217, 354.695, 374.921, 370.027]] 
RATE (RPS) =====================================: 16

[[370.207, 374.443, 376.734, 389.302, 371.973, 361.597, 406.826, 380.177, 380.119, 386.501, 404.011, 393.366, 377.409, 404.862, 396.707, 377.952]] 
RATE (RPS) =====================================: 16

[[351.073, 362.387, 347.364, 354.373, 364.199, 379.839, 357.299, 360.257, 366.918, 355.2, 369.7, 352.366, 364.359, 376.494, 353.588, 350.763]] 
RATE (RPS) =====================================: 16

[[401.898, 406.202, 407.388, 395.272, 408.638, 396.071, 413.86, 375.933, 385.956, 381.651, 382.316, 397.487, 376.1, 375.484, 394.142, 372.625, 369.149, 361.807, 384.047, 361.765, 365.413, 349.447, 375.679, 388.668, 375.397, 375.681, 366.681, 367.104, 355.981, 367.319, 352.207, 351.828]] 
RATE (RPS) =====================================: 32

[[399.299, 411.883, 384.006, 423.779, 413.931, 417.909, 397.881, 398.504, 400.389, 416.324, 390.73, 408.477, 410.181, 422.267, 400.745, 418.345, 389.263, 406.726, 411.438, 400.415, 416.725, 396.813, 395.929, 392.276, 409.054, 395.748, 404.37, 392.408, 419.692, 415.069, 393.346, 408.421]] 
RATE (RPS) =====================================: 32

[[397.797, 394.946, 391.895, 396.59, 375.035, 380.837, 377.325, 385.005, 387.321, 584.063, 380.134, 370.405, 369.428, 362.442, 369.091, 370.057, 390.955, 370.236, 351.27, 363.381, 364.562, 373.014, 364.271, 350.888, 359.191, 380.954, 352.224, 348.625, 359.266, 356.306, 929.494, 914.577]] 
RATE (RPS) =====================================: 32

[[356.629, 355.833, 361.318, 379.388, 364.058, 357.696, 359.735, 387.659, 373.382, 356.189, 346.096, 367.523, 358.263, 357.25, 356.621, 368.367, 371.397, 425.338, 363.974, 424.291, 402.147, 401.317, 398.789, 416.439, 398.86, 390.204, 389.247, 393.061, 391.896, 381.956, 387.108, 382.991]] 
RATE (RPS) =====================================: 32

[[418.143, 428.572, 417.121, 396.476, 394.65, 394.981, 387.198, 392.4, 399.028, 397.019, 380.651, 387.619, 383.385, 389.301, 387.244, 391.937, 389.676, 1501.812, 1500.99, 1495.32, 1486.349, 1476.377, 461.139, 1465.9, 412.986, 392.084, 403.096, 402.561, 413.015, 402.877, 375.707, 361.019]] 
RATE (RPS) =====================================: 26

[[1808.536, 469.066, 479.182, 478.753, 1889.989, 1941.0430000000001, 1522.655, 1812.932, 1503.156, 1481.068, 1485.307, 1469.054, 1453.154, 587.887, 1443.3890000000001, 557.067, 508.655, 521.914, 491.415, 483.385, 476.829, 522.654, 483.545, 576.322, 519.987, 562.923, 517.839, 543.245, 536.709, 505.582, 529.26, 495.813]] 
RATE (RPS) =====================================: 21

[[439.4, 433.029, 429.543, 721.048, 615.262, 603.491, 467.886, 437.653, 454.224, 463.307, 666.666, 665.567, 403.698, 572.033, 579.506, 530.599, 405.298, 555.981, 567.643, 559.26, 610.879, 559.473, 541.317, 1422.325, 564.42, 1399.974, 576.092, 526.973, 496.605, 515.617, 501.773, 545.745]] 
RATE (RPS) =====================================: 30

[[378.111, 391.811, 363.439, 394.087, 373.587, 371.237, 379.356, 376.13, 380.424, 365.009, 366.073, 367.409, 384.033, 362.656, 371.49, 385.747, 360.899, 365.463, 380.973, 392.5, 372.826, 374.197, 439.067, 413.073, 382.011, 380.3, 354.84, 387.157, 383.822, 360.547, 379.205, 375.636]] 
RATE (RPS) =====================================: 32

[[357.127, 378.783, 389.884, 359.725, 390.586, 390.47, 368.136, 375.973, 375.334, 359.0, 372.201, 356.607, 378.521, 491.163, 490.164, 465.188, 441.863, 483.149, 475.237, 494.09, 453.517, 472.95, 459.842, 483.007, 453.982, 456.407, 446.418, 456.074, 447.786, 450.829, 460.373, 446.958]] 
RATE (RPS) =====================================: 32

[[383.861, 408.501, 388.377, 397.192, 371.234, 383.895, 383.003, 392.735, 366.312, 370.918, 375.5, 370.199, 373.391, 359.979, 360.986, 379.977, 353.933, 377.514, 365.632, 372.605, 368.344, 379.233, 363.798, 359.902, 362.702, 357.267, 371.549, 354.512, 350.408, 357.62, 354.266, 368.846]] 
RATE (RPS) =====================================: 32

[[407.307, 403.69, 416.014, 408.043, 428.382, 419.172, 414.402, 409.673, 407.207, 418.388, 430.258, 409.663, 412.278, 415.106, 411.092, 413.16, 455.488, 408.224, 468.841, 448.683, 433.75, 445.071, 452.497, 424.538, 432.942, 429.542, 435.763, 495.789, 476.702, 461.252, 467.113, 469.382, 459.924]] 
RATE (RPS) =====================================: 33

[[420.858, 408.786, 402.984, 406.347, 415.179, 407.045, 396.325, 409.364, 400.892, 388.367, 399.33, 404.123, 387.211, 395.51, 403.741, 429.39, 386.064, 407.074, 384.551, 388.016, 385.997, 410.28, 397.788, 410.745, 403.791, 384.373, 388.732, 395.741, 402.883, 377.773, 399.01, 393.757, 377.843]] 
RATE (RPS) =====================================: 33

[[403.759, 406.774, 410.073, 411.697, 384.719, 390.182, 380.179, 408.381, 398.472, 401.897, 398.632, 393.442, 404.755, 392.019, 396.22, 387.73, 402.943, 381.294, 377.599, 373.361, 376.841, 377.473, 376.439, 393.685, 402.967, 383.961, 384.89, 384.368, 381.606, 386.543, 384.994, 388.153, 374.085]] 
RATE (RPS) =====================================: 33

[[415.196, 410.66, 417.061, 414.685, 411.349, 409.478, 402.184, 401.644, 404.313, 391.305, 395.189, 392.296, 380.578, 388.377, 396.806, 372.771, 368.468, 380.993, 358.498, 383.228, 371.093, 373.647, 374.224, 392.384, 380.382, 381.279, 385.016, 378.513, 381.147, 382.026, 370.064, 381.186, 365.361]] 
RATE (RPS) =====================================: 33

[[409.055, 382.975, 389.421, 402.192, 367.861, 382.933, 380.812, 382.313, 377.882, 376.933, 384.82, 392.639, 383.457, 379.737, 382.181, 381.86, 364.774, 362.847, 367.701, 365.85, 369.019, 364.773, 380.046, 356.779, 368.144, 353.262, 390.932, 356.534, 370.928, 375.638, 390.12, 382.402, 361.781]] 
RATE (RPS) =====================================: 33

[[405.44, 393.786, 396.581, 398.268, 380.45, 382.478, 392.508, 379.66, 397.149, 373.045, 373.023, 371.332, 376.359, 377.359, 360.379, 370.688, 371.288, 354.863, 383.079, 364.639, 365.143, 367.713, 363.817, 368.339, 354.308, 357.204, 357.981, 373.467, 391.519, 370.219, 374.737, 353.759, 351.232]] 
RATE (RPS) =====================================: 33

[[416.331, 427.34, 374.03, 395.436, 395.122, 390.654, 386.303, 387.893, 386.058, 371.666, 384.896, 380.441, 366.018, 372.823, 379.409, 379.853, 373.183, 362.229, 368.06, 367.033, 355.654, 366.591, 349.069, 364.718, 356.591, 364.823, 368.908, 385.678, 382.375, 395.588, 373.15, 375.356, 357.915]] 
RATE (RPS) =====================================: 33

[[380.876, 377.941, 372.176, 398.623, 360.071, 372.474, 385.243, 381.527, 371.644, 425.075, 416.033, 402.425, 408.151, 408.485, 402.74, 401.881, 398.28, 403.25, 398.775, 393.981, 404.678, 387.686, 378.558, 398.379, 375.322, 378.125, 393.719, 369.117, 368.385, 369.982, 370.456, 356.804, 361.249]] 
RATE (RPS) =====================================: 33

[[360.159, 369.992, 386.874, 359.247, 383.859, 376.991, 358.981, 348.074, 362.485, 366.532, 358.677, 359.087, 357.994, 372.591, 375.194, 352.82, 407.557, 410.394, 355.723, 423.691, 407.36, 365.015, 378.998, 377.702, 373.124, 392.479, 369.639, 375.255, 381.162, 373.04, 375.136, 371.148, 365.92]] 
RATE (RPS) =====================================: 33

[[363.298, 349.23, 401.733, 346.729, 379.105, 358.261, 371.099, 368.445, 358.26, 360.598, 362.034, 396.159, 390.013, 359.682, 363.568, 382.068, 362.869, 375.208, 355.313, 367.438, 357.229, 375.918, 349.675, 358.804, 357.214, 353.607, 355.682, 366.807, 353.133, 387.873, 355.157, 360.357, 355.929]] 
RATE (RPS) =====================================: 33

[[392.934, 392.895, 392.382, 398.139, 403.125, 393.701, 374.459, 377.847, 397.598, 375.202, 378.545, 373.3, 374.028, 373.844, 370.224, 383.025, 363.263, 361.503, 374.957, 352.504, 355.821, 364.188, 364.978, 358.859, 356.766, 369.159, 374.15, 401.668, 372.465, 376.163, 369.977, 366.98, 377.02, 356.967]] 
RATE (RPS) =====================================: 34

[[355.815, 350.865, 365.949, 376.961, 357.355, 361.783, 358.182, 360.662, 359.185, 368.76, 366.484, 362.908, 395.306, 356.761, 362.069, 365.923, 359.814, 359.152, 366.548, 373.445, 361.843, 381.855, 369.274, 355.893, 363.797, 352.813, 374.147, 360.92, 359.55, 363.063, 358.361, 364.636, 370.616, 374.478]] 
RATE (RPS) =====================================: 34

[[413.972, 418.282, 413.497, 414.41, 401.973, 409.513, 396.9, 408.411, 397.027, 401.001, 413.28, 411.674, 382.283, 390.418, 385.923, 387.474, 390.512, 380.664, 385.287, 387.377, 374.591, 379.621, 406.257, 370.282, 367.415, 364.037, 363.264, 357.703, 353.907, 351.059, 359.601, 376.455, 360.402, 361.997]] 
RATE (RPS) =====================================: 34

[[369.786, 352.706, 367.902, 379.265, 359.876, 389.482, 359.627, 357.719, 372.759, 356.004, 355.771, 356.991, 352.542, 363.192, 359.959, 373.494, 359.615, 367.661, 370.156, 353.875, 348.259, 365.115, 371.962, 360.215, 385.212, 388.24, 357.967, 350.054, 357.114, 369.191, 357.727, 365.078, 353.557, 368.173]] 
RATE (RPS) =====================================: 34

[[405.136, 402.769, 404.764, 399.427, 401.018, 388.958, 390.067, 380.375, 386.8, 394.267, 382.736, 366.44, 374.809, 374.972, 371.864, 365.244, 379.661, 403.767, 361.706, 365.321, 369.349, 358.805, 361.972, 376.657, 357.779, 365.301, 355.778, 363.121, 376.524, 359.522, 351.326, 364.881, 357.847, 352.405]] 
RATE (RPS) =====================================: 34

[[379.817, 374.857, 348.241, 380.594, 365.101, 389.808, 379.202, 380.659, 382.184, 365.258, 370.528, 366.001, 394.649, 355.488, 374.751, 382.248, 356.094, 380.11, 364.131, 373.148, 370.449, 363.148, 364.83, 381.81, 371.866, 353.271, 351.824, 361.03, 363.684, 375.337, 353.677, 357.077, 343.432, 363.142]] 
RATE (RPS) =====================================: 34

[[380.707, 372.917, 374.753, 363.635, 364.056, 404.044, 370.207, 373.756, 393.753, 387.505, 376.078, 380.273, 373.355, 368.45, 370.408, 360.874, 379.571, 358.788, 358.923, 362.8, 423.3, 406.612, 405.251, 416.657, 397.994, 396.691, 400.399, 395.167, 390.975, 390.489, 387.193, 390.861, 377.835, 385.649]] 
RATE (RPS) =====================================: 34

[[361.175, 388.564, 389.709, 389.849, 385.873, 384.007, 384.542, 372.784, 374.456, 377.006, 384.665, 379.225, 388.42, 377.788, 363.331, 408.855, 388.992, 388.268, 414.227, 391.539, 395.275, 381.47, 382.494, 396.026, 403.706, 390.084, 405.413, 382.569, 399.203, 424.882, 411.205, 400.432, 384.195, 387.548]] 
RATE (RPS) =====================================: 34

[[379.276, 370.803, 366.078, 370.387, 367.085, 359.957, 363.804, 358.281, 362.097, 350.876, 364.019, 366.281, 371.412, 375.682, 360.561, 377.348, 364.77, 375.313, 360.492, 368.641, 358.097, 365.987, 386.062, 367.823, 379.518, 373.346, 376.936, 364.173, 367.787, 377.623, 383.798, 365.276, 362.801, 367.055]] 
RATE (RPS) =====================================: 34

[[401.771, 399.463, 402.236, 401.582, 400.077, 400.897, 400.05, 388.771, 394.049, 389.335, 387.924, 386.875, 391.146, 385.533, 370.317, 381.725, 378.178, 366.352, 360.519, 403.131, 357.775, 393.818, 396.502, 360.875, 359.489, 370.497, 361.384, 369.071, 372.709, 362.151, 363.344, 362.823, 359.382, 357.315]] 
RATE (RPS) =====================================: 34

[[374.865, 378.869, 379.072, 387.287, 399.481, 413.075, 394.043, 363.247, 385.324, 394.346, 381.491, 381.933, 366.721, 417.969, 380.601, 378.478, 371.775, 384.855, 367.933, 357.776, 401.374, 368.949, 381.387, 360.169, 358.802, 350.17, 363.492, 366.807, 370.518, 347.465, 366.742, 363.663, 367.188, 361.601, 355.95]] 
RATE (RPS) =====================================: 35

[[468.422, 468.623, 466.674, 453.4, 453.63, 462.905, 443.061, 438.789, 441.738, 445.613, 441.463, 432.262, 428.138, 440.611, 437.302, 417.043, 413.91, 421.778, 411.644, 408.5, 408.713, 412.933, 393.648, 404.738, 395.774, 394.166, 398.231, 444.309, 396.063, 421.376, 390.21, 428.517, 390.491, 389.882, 387.806]] 
RATE (RPS) =====================================: 35

[[361.348, 371.898, 352.073, 352.27, 357.209, 353.204, 361.836, 373.756, 372.526, 369.442, 370.27, 377.703, 375.684, 372.67, 373.234, 365.846, 377.257, 355.285, 354.193, 373.703, 353.404, 410.712, 369.803, 375.517, 363.281, 370.499, 356.77, 359.903, 372.022, 385.871, 363.654, 362.339, 374.533, 367.762, 366.97]] 
RATE (RPS) =====================================: 35

[[451.772, 448.826, 453.892, 444.774, 456.02, 450.635, 440.29, 448.364, 429.507, 447.914, 423.603, 459.515, 424.653, 454.336, 452.451, 421.773, 438.021, 431.845, 423.339, 415.796, 422.823, 421.967, 426.356, 411.627, 408.53, 422.45, 409.939, 415.412, 411.651, 396.385, 406.937, 409.89, 401.172, 397.575, 393.138]] 
RATE (RPS) =====================================: 35

[[365.355, 362.045, 358.028, 392.684, 348.613, 378.689, 378.812, 378.369, 366.432, 372.431, 371.66, 383.053, 362.434, 370.957, 367.721, 370.303, 363.752, 366.127, 376.493, 355.961, 370.077, 349.269, 362.211, 382.843, 355.782, 360.622, 368.568, 357.108, 367.126, 354.288, 397.599, 372.967, 358.836, 379.522, 357.165]] 
RATE (RPS) =====================================: 35

[[375.779, 373.048, 350.293, 383.694, 376.172, 373.879, 372.697, 360.194, 378.983, 363.318, 363.969, 366.811, 397.406, 365.89, 373.335, 363.113, 377.687, 361.293, 375.399, 363.575, 353.788, 358.857, 359.167, 358.237, 414.234, 414.078, 402.606, 406.419, 416.759, 409.75, 386.258, 382.099, 392.534, 390.878, 382.043]] 
RATE (RPS) =====================================: 35

[[379.998, 388.965, 379.414, 369.942, 384.585, 387.504, 381.388, 380.348, 376.486, 378.015, 382.149, 386.344, 361.095, 362.518, 373.282, 377.519, 380.933, 363.428, 390.357, 365.382, 377.683, 360.786, 361.572, 365.995, 361.08, 348.095, 360.257, 368.34, 364.044, 353.592, 352.682, 349.555, 358.534, 361.444, 354.647]] 
RATE (RPS) =====================================: 35

[[374.892, 378.094, 358.005, 395.793, 397.756, 372.726, 353.934, 354.569, 371.907, 363.069, 371.242, 357.389, 390.514, 373.564, 355.314, 346.812, 375.396, 352.291, 363.245, 351.561, 359.267, 348.781, 379.985, 363.985, 374.406, 377.809, 361.415, 374.248, 357.225, 353.305, 353.657, 355.151, 362.785, 362.623, 367.337]] 
RATE (RPS) =====================================: 35

[[406.153, 391.546, 404.568, 390.877, 400.284, 385.045, 394.043, 393.039, 382.11, 382.01, 375.521, 377.893, 368.352, 378.485, 368.976, 373.707, 376.808, 369.89, 369.043, 362.331, 365.408, 386.863, 371.843, 353.69, 368.16, 369.815, 366.714, 356.444, 356.368, 353.463, 376.191, 353.61, 363.453, 349.503, 350.068]] 
RATE (RPS) =====================================: 35

[[370.295, 370.1, 355.471, 367.095, 384.363, 380.439, 358.408, 369.927, 376.381, 367.403, 386.596, 373.344, 361.833, 348.442, 364.262, 404.36, 364.151, 371.298, 377.391, 347.624, 361.601, 363.252, 379.213, 364.455, 350.795, 353.47, 368.137, 388.436, 372.867, 357.859, 373.809, 370.822, 363.349, 364.936, 363.57]] 
RATE (RPS) =====================================: 35

[[391.678, 403.663, 389.324, 383.28, 376.971, 385.438, 398.478, 379.348, 395.579, 402.59, 387.923, 409.99, 395.03, 390.077, 412.145, 396.077, 381.521, 369.847, 383.212, 377.485, 378.567, 371.907, 372.941, 363.052, 370.301, 373.806, 357.745, 364.378, 359.779, 368.62, 379.491, 363.464, 351.729, 361.461, 359.547, 357.237]] 
RATE (RPS) =====================================: 36

[[379.287, 367.056, 366.233, 367.37, 370.747, 368.106, 372.666, 383.617, 365.603, 376.664, 358.502, 361.269, 367.216, 351.892, 361.6, 375.879, 356.992, 366.829, 364.861, 359.6, 362.975, 368.864, 393.864, 367.121, 362.536, 360.181, 376.193, 365.556, 360.901, 379.467, 367.712, 352.917, 381.742, 361.354, 373.128, 370.254]] 
RATE (RPS) =====================================: 36

[[417.325, 412.508, 422.153, 410.976, 417.8, 405.246, 405.296, 410.423, 401.169, 391.431, 399.179, 406.49, 397.266, 382.525, 391.848, 400.711, 378.759, 373.519, 372.303, 375.105, 377.817, 377.37, 369.719, 381.776, 369.606, 373.957, 380.977, 376.88, 360.198, 365.2, 368.028, 373.389, 371.545, 356.572, 368.624, 371.405]] 
RATE (RPS) =====================================: 36

[[349.945, 361.16, 351.495, 358.944, 372.006, 361.037, 362.968, 362.791, 369.554, 371.445, 369.545, 388.581, 354.408, 365.894, 365.165, 364.107, 367.873, 370.454, 375.16, 362.171, 388.182, 384.176, 383.213, 366.606, 394.635, 368.81, 367.793, 368.985, 355.256, 361.972, 393.812, 352.668, 395.536, 373.69, 355.622, 344.266]] 
RATE (RPS) =====================================: 36

[[349.884, 376.92, 382.561, 375.567, 372.582, 379.534, 374.576, 352.4, 366.166, 371.793, 357.019, 376.612, 434.926, 423.472, 407.114, 441.295, 411.981, 415.641, 424.808, 421.127, 422.804, 422.501, 421.703, 426.243, 450.731, 404.998, 412.47, 409.532, 426.508, 403.133, 419.516, 396.182, 410.261, 410.24, 399.335, 401.545]] 
RATE (RPS) =====================================: 36

[[399.383, 402.281, 401.319, 394.061, 393.041, 394.661, 383.333, 375.144, 393.887, 423.239, 403.251, 383.388, 386.789, 413.732, 402.397, 390.15, 388.582, 397.91, 379.22, 399.465, 375.384, 380.035, 374.08, 386.394, 387.184, 395.747, 386.447, 381.016, 381.035, 374.83, 370.412, 372.223, 386.093, 394.482, 374.09, 366.964]] 
RATE (RPS) =====================================: 36

[[386.436, 389.679, 438.438, 385.207, 418.362, 400.583, 413.235, 401.904, 400.751, 402.541, 404.569, 444.156, 388.355, 410.463, 392.9, 390.988, 415.431, 410.959, 403.565, 418.007, 393.573, 409.446, 377.597, 455.609, 438.11, 445.734, 456.557, 431.999, 438.236, 439.917, 438.231, 426.259, 422.655, 441.659, 414.181, 421.578]] 
RATE (RPS) =====================================: 36

[[360.042, 374.472, 379.746, 386.436, 386.771, 382.287, 381.84, 388.009, 370.995, 376.376, 393.14, 368.75, 367.997, 371.855, 369.024, 365.574, 365.459, 369.104, 355.196, 358.671, 382.043, 359.287, 378.964, 377.209, 345.341, 368.977, 359.559, 368.828, 390.503, 367.119, 385.924, 363.868, 390.521, 383.207, 358.022, 353.885]] 
RATE (RPS) =====================================: 36

[[360.672, 380.112, 368.783, 367.751, 364.855, 363.368, 356.617, 359.033, 365.864, 357.755, 365.635, 350.981, 354.686, 361.524, 360.747, 364.342, 370.988, 361.519, 346.426, 358.636, 365.011, 372.308, 379.651, 382.515, 389.147, 363.332, 367.881, 371.892, 389.822, 382.673, 358.674, 375.562, 371.424, 374.093, 365.815, 358.595]] 
RATE (RPS) =====================================: 36

[[414.249, 409.041, 428.901, 392.565, 394.851, 391.094, 408.26, 420.557, 391.812, 393.177, 388.037, 392.689, 389.438, 400.262, 387.056, 379.452, 391.355, 374.161, 369.584, 372.509, 373.317, 382.242, 372.499, 376.711, 354.509, 357.52, 377.724, 369.272, 371.65, 379.233, 368.887, 368.17, 374.555, 377.048, 365.71, 369.486]] 
RATE (RPS) =====================================: 36

[[352.633, 354.304, 369.111, 361.423, 359.58, 394.828, 403.3, 390.8, 385.406, 439.98, 439.137, 432.256, 389.562, 364.399, 420.65, 408.343, 413.23, 400.143, 392.12, 392.828, 383.952, 382.0, 381.726, 369.181, 373.261, 362.19, 381.833, 390.544, 388.489, 443.454, 376.659, 374.416, 421.461, 396.787, 401.687, 358.807, 352.688]] 
RATE (RPS) =====================================: 37

[[427.473, 426.0, 422.212, 427.717, 440.029, 426.857, 423.846, 440.558, 428.796, 436.61, 452.211, 435.848, 441.243, 427.479, 454.85, 422.331, 430.578, 428.205, 464.956, 406.346, 442.933, 435.806, 431.462, 420.798, 414.784, 419.447, 437.082, 421.055, 435.628, 439.849, 439.13, 420.53, 443.406, 442.862, 426.883, 443.884, 428.439]] 
RATE (RPS) =====================================: 37

[[437.925, 445.541, 422.757, 433.419, 409.325, 425.72, 416.224, 407.714, 429.161, 408.942, 435.359, 419.814, 444.377, 431.723, 415.602, 416.118, 419.318, 427.706, 411.663, 411.164, 451.112, 420.359, 422.295, 403.46, 417.489, 403.698, 427.404, 405.611, 438.252, 404.712, 425.884, 439.145, 385.516, 418.008, 410.462, 410.481, 402.798]] 
RATE (RPS) =====================================: 37

[[411.301, 411.955, 410.206, 405.547, 424.798, 394.185, 394.315, 393.809, 408.722, 399.467, 389.44, 394.417, 418.38, 395.226, 382.554, 390.194, 387.732, 418.831, 404.179, 389.201, 386.345, 400.471, 388.115, 413.156, 382.761, 384.876, 374.448, 409.701, 372.445, 390.044, 398.303, 408.001, 391.761, 387.687, 385.952, 377.847, 375.313]] 
RATE (RPS) =====================================: 37

[[353.74, 373.699, 370.396, 365.508, 376.869, 377.543, 378.736, 375.83, 364.738, 400.481, 391.763, 392.925, 386.802, 377.754, 378.033, 370.591, 379.74, 384.886, 359.64, 362.349, 368.637, 358.169, 366.821, 363.495, 363.437, 359.364, 370.564, 384.634, 399.845, 384.927, 375.534, 380.477, 374.698, 375.048, 375.057, 373.807, 370.36]] 
RATE (RPS) =====================================: 37

[[406.965, 409.998, 417.814, 399.817, 406.746, 387.66, 400.749, 408.933, 407.025, 373.046, 400.474, 386.486, 384.015, 378.065, 398.686, 374.862, 372.113, 412.359, 392.26, 391.096, 394.974, 366.304, 362.939, 381.804, 366.739, 389.829, 362.316, 416.782, 399.167, 383.551, 367.684, 366.187, 369.281, 387.754, 373.022, 373.213, 351.861]] 
RATE (RPS) =====================================: 37

[[406.73, 378.222, 366.141, 369.861, 368.788, 352.134, 360.834, 372.702, 377.704, 386.386, 397.304, 359.616, 383.978, 369.657, 356.13, 375.652, 377.562, 370.316, 346.798, 366.59, 360.925, 365.785, 397.639, 364.452, 377.499, 360.046, 381.121, 375.042, 351.238, 365.788, 376.323, 371.986, 380.534, 348.113, 356.494, 355.544, 366.133]] 
RATE (RPS) =====================================: 37

[[365.974, 417.493, 415.965, 419.862, 403.975, 396.902, 400.452, 398.833, 394.118, 397.789, 386.644, 394.841, 383.62, 388.139, 372.833, 374.29, 368.021, 371.023, 402.556, 402.851, 365.24, 390.185, 362.522, 385.164, 427.273, 396.833, 401.245, 407.141, 364.52, 371.313, 390.398, 362.465, 390.353, 381.49, 380.868, 382.6, 382.859]] 
RATE (RPS) =====================================: 37

[[356.481, 355.697, 357.102, 377.716, 373.51, 370.092, 367.676, 371.737, 392.377, 380.39, 386.076, 364.2, 376.263, 392.547, 389.82, 376.031, 361.528, 364.17, 368.931, 369.67, 361.455, 369.434, 380.328, 359.526, 362.024, 355.474, 374.463, 380.719, 358.849, 356.845, 374.858, 369.073, 364.22, 349.324, 367.884, 367.314, 369.06]] 
RATE (RPS) =====================================: 37

[[392.122, 386.009, 397.458, 394.792, 395.262, 374.212, 372.062, 372.339, 371.225, 443.88, 436.436, 362.204, 406.361, 409.74, 410.382, 426.506, 403.492, 408.727, 413.845, 398.024, 407.83, 404.182, 376.1, 403.874, 401.585, 379.223, 400.657, 376.632, 369.779, 396.108, 403.001, 392.427, 377.996, 374.336, 377.339, 380.004, 377.836]] 
RATE (RPS) =====================================: 37

[[408.259, 402.704, 440.357, 452.319, 408.031, 420.738, 446.401, 448.791, 428.742, 428.586, 451.664, 458.025, 446.976, 438.963, 460.689, 438.224, 447.925, 439.444, 437.528, 431.139, 439.656, 431.467, 417.547, 442.615, 433.784, 425.413, 429.495, 446.231, 416.02, 412.37, 413.461, 453.101, 438.998, 422.92, 411.04, 431.42, 439.534, 422.104]] 
RATE (RPS) =====================================: 38

[[421.951, 434.57, 414.823, 415.113, 413.451, 415.638, 419.209, 431.698, 431.094, 437.366, 422.271, 422.554, 432.944, 415.64, 429.778, 402.943, 409.865, 413.871, 413.242, 399.786, 489.016, 474.12, 475.677, 475.669, 479.514, 465.598, 469.907, 472.132, 462.777, 476.733, 460.138, 457.896, 463.155, 447.431, 464.196, 453.249, 441.596, 443.465]] 
RATE (RPS) =====================================: 38

[[437.185, 423.72, 432.488, 418.25, 447.812, 447.259, 436.627, 466.065, 434.065, 438.002, 418.211, 415.176, 438.189, 420.786, 433.644, 456.609, 433.672, 434.813, 438.345, 441.466, 430.39, 428.725, 457.299, 425.041, 435.151, 414.762, 435.148, 481.471, 455.926, 426.381, 484.693, 451.236, 445.698, 444.676, 461.108, 450.39, 430.833, 431.106]] 
RATE (RPS) =====================================: 38

[[374.638, 372.958, 372.759, 366.605, 363.599, 372.448, 380.213, 380.839, 382.979, 400.118, 380.373, 388.033, 379.195, 403.475, 371.126, 418.833, 376.547, 391.563, 467.149, 472.253, 433.516, 433.999, 441.589, 450.31, 446.746, 438.549, 439.812, 433.058, 437.799, 438.904, 423.371, 427.676, 421.889, 437.839, 415.367, 414.667, 399.691, 395.887]] 
RATE (RPS) =====================================: 38

[[381.818, 360.362, 359.515, 370.449, 370.249, 372.005, 366.918, 362.229, 358.716, 366.377, 378.961, 357.657, 354.861, 373.167, 361.429, 365.139, 390.045, 371.729, 356.725, 358.595, 377.267, 406.078, 385.274, 367.57, 364.153, 371.647, 369.756, 373.892, 374.203, 391.438, 380.997, 368.254, 374.962, 354.433, 377.966, 379.734, 362.528, 359.119]] 
RATE (RPS) =====================================: 38

[[370.651, 376.21, 365.603, 368.678, 366.296, 361.884, 375.613, 380.137, 364.479, 361.78, 389.598, 375.62, 355.11, 374.663, 378.801, 368.262, 365.881, 366.316, 366.085, 371.975, 366.568, 394.834, 354.31, 360.575, 344.419, 345.505, 371.245, 356.801, 364.427, 368.619, 364.291, 425.891, 351.196, 410.404, 412.319, 411.144, 409.374, 409.678]] 
RATE (RPS) =====================================: 38

[[393.828, 386.535, 401.121, 378.012, 378.256, 381.338, 385.823, 375.202, 384.12, 382.486, 385.281, 388.305, 380.91, 388.347, 392.515, 383.88, 387.334, 384.62, 383.859, 384.281, 382.714, 374.264, 379.102, 366.625, 375.096, 388.966, 413.92, 426.964, 432.839, 421.584, 375.286, 418.139, 427.364, 432.022, 433.876, 451.171, 441.084, 419.209]] 
RATE (RPS) =====================================: 38

[[368.702, 380.409, 366.104, 395.701, 358.0, 360.549, 361.952, 398.501, 370.509, 380.056, 382.108, 363.279, 363.723, 368.153, 366.041, 363.581, 382.996, 357.439, 363.247, 368.59, 357.439, 365.083, 369.509, 363.671, 370.459, 357.406, 373.438, 361.855, 373.512, 371.097, 389.673, 375.116, 431.927, 385.396, 407.019, 391.988, 405.103, 395.486]] 
RATE (RPS) =====================================: 38

[[362.496, 387.336, 372.076, 391.126, 393.057, 394.307, 399.526, 390.141, 396.449, 383.466, 372.943, 375.879, 388.717, 386.693, 400.264, 365.544, 373.557, 361.55, 372.19, 388.534, 367.571, 372.059, 416.146, 380.186, 417.015, 407.591, 402.516, 393.664, 391.807, 384.362, 380.396, 377.104, 377.195, 372.838, 382.339, 362.025, 371.325, 367.981]] 
RATE (RPS) =====================================: 38

[[346.297, 352.351, 388.165, 370.938, 379.738, 378.71, 374.435, 370.359, 369.198, 384.994, 377.686, 357.952, 373.674, 362.367, 366.389, 356.297, 356.315, 378.456, 355.126, 354.325, 352.287, 361.482, 362.706, 360.969, 380.155, 364.984, 368.814, 369.256, 367.856, 364.589, 366.046, 359.665, 363.56, 376.608, 362.397, 349.647, 346.585, 366.327]] 
RATE (RPS) =====================================: 38

[[403.037, 406.629, 411.787, 396.293, 395.882, 402.051, 387.88, 392.431, 420.166, 389.915, 421.836, 408.93, 424.119, 391.94, 424.694, 397.02, 408.897, 388.86, 406.693, 399.915, 397.648, 402.354, 393.747, 397.005, 378.733, 385.054, 379.477, 380.805, 380.424, 369.518, 362.552, 381.9, 379.48, 359.967, 377.049, 355.061, 383.759, 349.838, 355.083]] 
RATE (RPS) =====================================: 39

[[367.969, 355.499, 360.82, 379.27, 395.755, 384.784, 377.498, 381.913, 398.926, 400.896, 379.452, 385.566, 412.319, 407.705, 370.572, 394.975, 393.968, 389.761, 385.078, 370.488, 368.613, 362.541, 359.521, 357.832, 354.413, 355.005, 363.829, 369.265, 351.835, 359.229, 359.823, 361.027, 358.683, 372.223, 361.781, 364.614, 380.23, 359.118, 354.428]] 
RATE (RPS) =====================================: 39

[[399.491, 398.968, 401.008, 399.432, 398.474, 395.978, 390.486, 398.265, 386.156, 391.802, 396.296, 388.247, 378.942, 383.24, 371.687, 376.618, 373.505, 380.608, 360.455, 363.51, 361.804, 359.913, 355.5, 355.729, 357.174, 356.462, 360.061, 361.832, 353.029, 357.258, 364.091, 366.883, 364.929, 367.469, 374.069, 370.592, 349.363, 356.717, 359.138]] 
RATE (RPS) =====================================: 39

[[380.234, 357.433, 353.475, 386.845, 373.075, 386.616, 363.484, 364.333, 366.538, 371.227, 399.265, 363.813, 367.311, 355.686, 357.637, 374.215, 372.067, 378.407, 389.897, 368.996, 365.829, 387.495, 368.378, 371.293, 368.428, 377.204, 368.861, 378.923, 361.094, 350.617, 373.317, 365.068, 365.115, 377.339, 361.547, 375.935, 356.59, 368.745, 348.408]] 
RATE (RPS) =====================================: 39

[[413.057, 408.646, 418.94, 404.491, 400.89, 404.371, 403.753, 410.361, 400.916, 391.75, 396.673, 413.542, 379.81, 396.786, 397.798, 373.647, 389.848, 379.178, 382.074, 369.49, 377.319, 361.578, 384.192, 363.702, 363.353, 368.09, 368.065, 354.732, 363.404, 385.721, 365.496, 350.371, 366.103, 361.642, 357.509, 351.602, 371.368, 361.363, 349.206]] 
RATE (RPS) =====================================: 39

[[388.671, 422.007, 404.928, 409.341, 393.35, 409.071, 398.846, 389.594, 409.382, 416.258, 414.495, 414.117, 407.379, 398.332, 423.212, 391.341, 420.386, 393.883, 402.264, 401.966, 400.505, 419.821, 394.128, 383.331, 385.681, 388.8, 396.995, 403.007, 417.154, 402.374, 398.797, 395.237, 383.672, 383.352, 393.881, 388.035, 394.615, 401.581, 399.467]] 
RATE (RPS) =====================================: 39

[[424.691, 414.971, 420.873, 417.532, 410.252, 411.116, 414.859, 406.842, 410.345, 408.112, 403.721, 400.716, 392.104, 402.842, 392.875, 379.741, 402.46, 383.872, 402.983, 375.818, 397.07, 394.684, 395.194, 396.01, 380.843, 382.678, 389.922, 394.774, 376.519, 381.674, 388.09, 369.898, 366.981, 391.697, 366.752, 371.511, 355.965, 373.773, 353.203]] 
RATE (RPS) =====================================: 39

[[386.965, 382.277, 364.479, 362.59, 364.188, 371.931, 358.881, 371.58, 396.955, 361.871, 388.491, 369.033, 372.824, 387.227, 388.827, 379.509, 381.243, 384.269, 376.149, 394.652, 375.822, 356.251, 354.156, 356.271, 363.099, 370.948, 382.705, 364.186, 420.707, 378.531, 398.817, 385.161, 370.97, 368.032, 396.712, 384.761, 366.103, 366.256, 371.228]] 
RATE (RPS) =====================================: 39

[[426.643, 419.239, 408.454, 419.796, 400.636, 446.824, 449.048, 436.173, 437.173, 442.585, 439.608, 429.339, 421.44, 407.119, 414.227, 406.8, 402.016, 395.27, 393.47, 386.138, 381.666, 381.718, 415.852, 394.426, 393.594, 418.358, 416.769, 413.808, 416.267, 431.165, 421.552, 424.353, 406.094, 402.834, 397.874, 406.692, 394.015, 410.913, 398.782]] 
RATE (RPS) =====================================: 39

[[352.795, 358.645, 381.8, 392.383, 373.382, 376.946, 389.023, 388.808, 387.083, 399.557, 388.598, 371.632, 378.069, 385.995, 374.613, 375.029, 359.125, 365.774, 388.244, 371.669, 361.547, 376.819, 378.708, 367.115, 372.723, 378.021, 364.76, 367.138, 400.894, 389.239, 374.457, 358.523, 364.765, 367.513, 396.159, 363.992, 368.72, 362.972, 353.327]] 
RATE (RPS) =====================================: 39

[[419.496, 429.825, 420.432, 425.044, 440.479, 432.785, 448.4, 437.105, 440.524, 2025.897, 1037.078, 2015.847, 1159.526, 776.68, 515.815, 1881.743, 1870.978, 468.021, 483.928, 473.888, 499.583, 1062.253, 482.942, 2058.055, 1660.645, 495.739, 1861.4560000000001, 1483.0529999999999, 1372.022, 1931.471, 2038.879, 1177.845, 1244.1399999999999, 2260.303, 2089.294, 1824.2150000000001, 2241.3940000000002, 2219.216, 1971.659, 1968.441]] 
RATE (RPS) =====================================: 17

[[417.55, 413.194, 415.29, 412.293, 413.402, 409.816, 417.544, 421.592, 1923.6689999999999, 424.057, 433.863, 1897.239, 1452.026, 1805.155, 1934.949, 2038.683, 1852.98, 983.282, 1844.242, 1448.934, 1990.867, 1167.727, 1988.891, 1464.886, 1979.554, 943.869, 998.398, 1428.3690000000001, 1732.137, 1490.711, 1610.9160000000002, 1164.266, 432.23, 1427.145, 1582.703, 1183.753, 1782.789, 995.007, 1756.452, 1273.308]] 
RATE (RPS) =====================================: 15

[[452.698, 461.441, 427.871, 454.263, 459.722, 466.921, 450.744, 2161.468, 1351.595, 2148.185, 438.625, 1847.558, 1485.498, 1940.634, 2089.064, 932.374, 1960.88, 1806.25, 1450.704, 1519.062, 1706.167, 2043.746, 1357.713, 1174.8029999999999, 1729.289, 793.519, 1521.812, 1488.3600000000001, 1826.077, 1474.606, 1936.071, 1304.612, 2099.839, 1788.846, 1948.187, 1889.588, 1947.509, 1124.578, 1756.217, 1802.083]] 
RATE (RPS) =====================================: 10

[[424.625, 442.64, 416.235, 414.024, 428.458, 417.098, 424.654, 1034.939, 1310.234, 409.443, 1194.778, 1469.498, 986.958, 826.905, 1132.071, 1621.662, 1607.364, 1713.55, 1164.733, 1478.439, 1643.108, 1734.6979999999999, 1896.778, 1893.837, 1308.217, 420.614, 1013.883, 990.169, 1459.57, 1157.711, 1624.703, 1155.71, 1858.231, 2193.476, 1627.9299999999998, 1262.402, 412.251, 390.2, 987.69, 1886.701]] 
RATE (RPS) =====================================: 15

[[427.053, 427.854, 433.938, 428.864, 437.137, 431.951, 413.101, 439.879, 831.804, 1755.4070000000002, 1919.04, 1584.036, 1795.652, 1668.517, 1492.502, 1790.4589999999998, 1829.5639999999999, 1918.309, 1488.685, 1642.569, 1304.1689999999999, 1632.217, 1267.654, 1464.0059999999999, 1199.714, 1164.305, 1468.393, 1805.9560000000001, 1860.2849999999999, 1797.692, 1636.274, 2118.931, 1227.715, 1284.888, 1157.354, 1609.879, 1996.859, 1181.635, 1870.9569999999999, 1702.784]] 
RATE (RPS) =====================================: 9

[[462.779, 511.134, 479.328, 553.601, 516.764, 606.265, 562.031, 619.186, 1717.913, 629.741, 1499.253, 645.305, 1662.028, 1663.379, 1278.2350000000001, 1695.521, 1434.501, 1577.954, 1494.604, 1588.85, 1736.007, 710.636, 673.602, 1782.844, 736.321, 1440.988, 1744.079, 1972.538, 1594.8020000000001, 1311.491, 1887.983, 1418.402, 753.884, 1402.373, 1706.336, 762.807, 783.124, 865.284, 795.905, 822.926]] 
RATE (RPS) =====================================: 19

[[534.516, 477.068, 442.073, 549.843, 484.922, 564.45, 586.931, 611.272, 1732.415, 1339.806, 1486.965, 1715.117, 1502.395, 1448.973, 1445.73, 1599.524, 1675.0700000000002, 1432.368, 1088.122, 1254.251, 1434.907, 1449.4859999999999, 1226.365, 1077.676, 1445.608, 1392.4569999999999, 1579.507, 1565.528, 1396.844, 1262.944, 1401.406, 1580.917, 1521.0430000000001, 996.247, 712.789, 685.241, 731.876, 708.248, 729.918, 741.265]] 
RATE (RPS) =====================================: 15

[[441.327, 454.647, 444.137, 467.075, 452.87, 470.079, 2206.937, 469.141, 1160.406, 486.65, 1813.851, 462.859, 1228.231, 553.989, 511.858, 518.273, 515.74, 2575.683, 2368.994, 2546.17, 540.058, 2446.484, 510.248, 1180.747, 1384.107, 2414.411, 2401.575, 2116.042, 2312.4030000000002, 2275.171, 1487.972, 1305.653, 540.701, 582.69, 544.169, 553.352, 2537.2200000000003, 527.591, 2393.258, 2451.7219999999998]] 
RATE (RPS) =====================================: 20

[[424.51, 421.944, 423.334, 425.605, 423.876, 425.645, 434.078, 436.245, 1857.708, 1673.205, 1458.3690000000001, 1838.9940000000001, 1139.244, 1815.601, 1908.116, 1994.929, 1900.511, 1440.23, 1882.99, 1873.642, 2042.501, 484.948, 1645.8, 480.149, 475.481, 450.088, 466.974, 1732.012, 1920.941, 1765.12, 1481.725, 1155.773, 1013.596, 1512.114, 2119.303, 1224.121, 1390.774, 1003.912, 1017.439, 1990.488]] 
RATE (RPS) =====================================: 13

[[475.346, 412.588, 420.038, 423.459, 429.195, 427.99, 439.469, 441.564, 428.39, 1023.312, 1040.246, 1168.414, 1815.495, 1954.258, 1599.125, 1931.966, 1213.115, 980.113, 1831.2939999999999, 1895.607, 1015.825, 1609.621, 990.549, 1429.6, 1870.268, 1867.7930000000001, 1917.5140000000001, 1670.089, 1838.464, 1833.4850000000001, 1168.092, 1170.244, 1501.4859999999999, 2124.971, 773.246, 1141.128, 1973.999, 969.373, 1823.6399999999999, 1999.0430000000001]] 
RATE (RPS) =====================================: 13

[[436.478, 410.891, 407.205, 398.106, 382.043, 376.314, 380.434, 380.862, 1453.958, 380.872, 374.229, 390.101, 951.254, 384.552, 785.047, 379.223, 370.583, 383.54, 614.666, 368.23, 920.59]] 
RATE (RPS) =====================================: 44

[[380.112, 387.979, 393.524, 373.761, 381.108, 386.202, 388.427, 404.828, 364.217, 381.099, 399.022, 1634.5520000000001, 373.957, 1302.059, 370.324, 998.511, 945.495, 380.129, 1886.101, 1868.412, 386.493, 994.05, 1848.149, 1503.3890000000001, 398.694, 1485.622, 392.696]] 
RATE (RPS) =====================================: 38

[[459.296, 442.819, 431.168, 413.491, 407.76, 413.872, 394.027, 390.342, 610.053, 973.51, 379.53, 378.592, 359.818, 367.242, 376.955, 389.494, 1876.071, 1036.676, 400.993, 373.647, 385.695, 1692.902]] 
RATE (RPS) =====================================: 42

[[381.744, 367.226, 394.442, 368.807, 392.027, 399.36, 392.665, 402.272, 389.33, 394.732, 390.534, 404.63, 371.942, 394.114, 415.263, 394.825, 395.838, 401.708, 386.994, 1307.879, 944.866, 1254.87, 379.829]] 
RATE (RPS) =====================================: 43

[[408.148, 388.279, 405.226, 420.357, 396.489, 394.188, 405.83, 397.382, 393.729, 401.291, 402.001, 389.291, 1110.238, 1874.0900000000001, 1628.193, 971.362, 400.872, 1826.976, 1650.421, 1786.333, 404.921, 387.252, 389.779, 393.973, 402.964]] 
RATE (RPS) =====================================: 39

[[377.177, 365.166, 426.868, 424.598, 417.401, 411.349, 406.478, 407.382, 401.096, 379.899, 422.535, 370.45, 378.986, 1665.096, 937.235, 1551.9160000000002, 382.157, 938.721, 1091.028, 1764.772, 374.799, 379.27]] 
RATE (RPS) =====================================: 41

[[362.292, 382.122, 380.565, 386.056, 412.889, 401.404, 401.112, 443.854, 401.171, 389.403, 405.986, 383.655, 364.789, 394.531, 382.024, 368.746, 385.283, 381.281, 367.608, 386.08, 389.533, 371.201]] 
RATE (RPS) =====================================: 45

[[366.998, 365.45, 360.267, 379.602, 371.105, 367.973, 360.933, 408.184, 401.585, 388.14, 382.126, 379.4, 381.309, 393.029, 359.406, 1592.7359999999999, 378.528, 381.239, 1847.2649999999999, 353.726, 358.853, 423.364, 393.797, 405.323]] 
RATE (RPS) =====================================: 43

[[376.808, 405.894, 415.785, 399.639, 412.184, 400.405, 465.179, 459.116, 446.285, 446.27, 418.878, 439.759, 430.535, 414.692, 402.849, 449.398, 427.885, 418.502]] 
RATE (RPS) =====================================: 45

[[411.851, 425.477, 431.708, 426.512, 394.89, 398.756, 410.266, 391.057, 370.813, 365.852, 378.889, 397.314, 379.504, 359.375, 363.934]] 
RATE (RPS) =====================================: 45

[[359.444, 357.237, 457.796, 442.895, 410.947, 414.799, 354.628, 352.407, 356.201, 370.65]] 
RATE (RPS) =====================================: 50

[[398.914, 382.726, 393.137, 376.232, 381.796, 375.638, 377.255, 375.656, 360.585, 373.406, 362.052, 371.968, 372.263, 364.15]] 
RATE (RPS) =====================================: 50

[[452.235, 436.472, 438.395, 432.908, 432.508, 391.709, 402.35, 391.016, 372.503, 362.678, 373.807, 405.399, 384.827, 374.672, 372.986, 386.388, 382.256, 405.228]] 
RATE (RPS) =====================================: 50

[[432.88, 400.149, 401.401, 1120.745, 405.851, 387.891, 389.486, 384.435, 377.122, 367.626, 369.723, 383.363, 401.547, 386.293, 392.701, 377.709, 383.834]] 
RATE (RPS) =====================================: 49

[[436.092, 403.712, 396.799, 370.713, 381.218, 393.316, 372.396, 381.825, 373.435, 357.742, 359.826, 368.691, 368.479, 379.119, 356.519]] 
RATE (RPS) =====================================: 50

[[370.72, 380.356, 366.438, 369.238, 375.545, 392.367, 373.34, 405.161, 372.269, 388.979, 375.595, 354.94, 355.001, 357.505, 357.353, 355.889, 369.621, 355.255, 364.011, 369.175, 366.006]] 
RATE (RPS) =====================================: 50

[[375.362, 398.135, 362.453, 369.803, 368.199, 436.306, 390.002, 367.235, 390.428, 369.205, 370.73, 361.088, 388.816, 376.548, 362.29, 365.574, 356.112, 361.986]] 
RATE (RPS) =====================================: 50

[[373.741, 420.556, 389.712, 381.417, 390.233, 374.782, 382.731, 389.741, 361.901, 360.113, 386.689, 1166.141, 367.369, 1311.5529999999999, 369.955, 1290.2939999999999, 1306.606, 371.712, 366.968, 1281.8319999999999, 1483.715, 366.04]] 
RATE (RPS) =====================================: 44

[[503.932, 515.603, 500.12, 510.852, 494.271, 484.339, 449.59, 429.819, 433.106, 433.834, 398.433, 393.429, 401.951]] 
RATE (RPS) =====================================: 50

[[384.801, 377.376, 392.656, 386.259, 356.909, 364.188, 385.482, 357.894, 362.76, 374.259, 389.397, 375.216]] 
RATE (RPS) =====================================: 50

[[397.528, 390.837, 406.826, 407.053, 390.078, 366.741, 360.993, 376.933, 369.232, 385.469, 356.082, 376.495, 365.402, 386.037, 427.703, 426.55]] 
RATE (RPS) =====================================: 55

[[381.479, 397.22, 375.127, 377.899, 419.841, 410.314, 390.525, 408.588, 403.192, 414.239, 413.817, 390.926, 407.985, 425.946, 391.325, 374.56]] 
RATE (RPS) =====================================: 55

[[383.973, 386.551, 389.928, 371.368, 415.723, 382.879, 379.821, 407.627, 413.385, 418.432, 403.586, 387.233, 386.309, 384.212, 394.295, 383.121, 382.16, 371.441, 382.651, 391.101, 381.439, 373.184, 393.443]] 
RATE (RPS) =====================================: 55

[[416.587, 408.904, 415.212, 389.619, 394.801, 386.866, 381.106, 389.028, 384.159, 401.901, 371.596, 379.7, 383.805, 364.825, 378.599, 361.437, 382.785, 356.653]] 
RATE (RPS) =====================================: 55

[[433.702, 420.824, 385.038, 367.707, 363.493, 369.565, 371.911, 371.854, 369.953, 393.425, 364.121, 350.002]] 
RATE (RPS) =====================================: 55

[[453.621, 474.11, 455.472, 441.252, 447.851, 471.478, 426.892, 446.555, 448.694, 433.805, 432.372, 444.516, 447.394, 423.545, 443.016, 453.775, 443.634, 442.206]] 
RATE (RPS) =====================================: 55

[[411.269, 398.595, 425.071, 403.722, 390.323, 377.252, 384.572, 372.269, 393.081, 405.187, 360.738, 369.403, 374.475, 360.745, 372.675, 377.621, 364.383, 382.291]] 
RATE (RPS) =====================================: 55

[[387.547, 381.408, 393.42, 365.57, 404.226, 397.416, 384.532, 400.453, 397.506, 380.669, 378.373, 395.479, 392.481, 384.221, 381.943, 374.276]] 
RATE (RPS) =====================================: 55

[[388.831, 421.677, 415.028, 396.998, 400.357, 386.982, 368.242, 397.971, 427.277, 416.323, 396.894, 405.915, 403.512, 378.588, 373.683, 397.824, 409.559]] 
RATE (RPS) =====================================: 55

[[392.951, 376.485, 408.642, 363.873, 374.836, 379.382, 438.194, 366.309, 384.469, 390.113, 360.455, 392.601, 371.894, 369.319, 365.889, 358.882, 367.797, 382.304, 370.123]] 
RATE (RPS) =====================================: 55

[[493.091, 477.654, 479.607, 464.904, 473.133, 439.162, 455.979, 449.12, 438.207, 1857.396, 429.116, 406.4, 423.496, 2150.785, 1160.262, 1235.42, 387.074, 1518.885, 2116.71, 380.398, 365.066, 370.695, 430.907, 405.4, 405.161]] 
RATE (RPS) =====================================: 54

[[372.954, 466.432, 472.356, 462.235, 448.234, 442.985, 431.403, 409.97, 1304.625, 385.752, 406.28, 1459.554, 369.869, 380.899, 371.718, 355.829, 373.93, 368.549, 364.216, 360.57, 355.525, 358.995, 371.249]] 
RATE (RPS) =====================================: 58

[[421.059, 429.022, 416.735, 406.754, 403.273, 416.759, 426.914, 389.221, 866.102, 384.772, 1201.474, 1518.304, 381.582, 404.404, 1173.351, 1056.059, 1678.937, 1661.413, 395.808, 909.867, 1266.743, 392.052, 1544.7269999999999, 1678.587, 1508.045, 401.419, 1525.6570000000002, 1044.41, 1327.049, 1701.074, 1518.551, 1384.301, 395.097, 1394.504, 1099.702, 1389.755, 410.24, 378.592, 380.41, 1234.257, 1503.467, 1453.684, 1438.218, 392.032, 426.773, 1394.062, 414.375]] 
RATE (RPS) =====================================: 36

[[392.95, 403.901, 382.723, 407.564, 432.177, 406.819, 403.31, 403.688, 393.115, 399.636, 407.421, 388.01, 961.044, 406.974, 2021.183, 943.634, 1790.313, 1317.58, 1150.733, 1674.255, 400.163, 1141.953, 1475.719, 958.335, 1682.26, 1139.324, 421.16, 419.874, 392.692, 1468.532, 989.024, 1650.987, 760.602, 389.134, 397.848, 1473.399, 1153.35, 1358.9560000000001, 767.231, 1287.779, 401.25, 1146.323, 1134.105, 1481.441, 375.948]] 
RATE (RPS) =====================================: 42

[[460.764, 387.777, 401.394, 394.631, 470.041, 434.104, 419.679, 415.681, 418.186, 422.096, 410.6, 434.488, 420.889, 1661.531, 1210.47, 1022.645, 410.354, 1412.145, 395.827, 1153.161, 381.669, 438.605, 438.66, 455.204, 395.725, 392.43, 397.857, 1493.423, 428.227, 385.807, 1874.2060000000001, 391.505, 385.3, 992.745, 983.114]] 
RATE (RPS) =====================================: 53

[[470.908, 502.025, 506.73, 457.455, 505.558, 448.3, 494.707, 432.345, 491.471, 429.809, 1424.953, 1876.924, 435.857, 448.56, 2512.2039999999997, 1815.355, 2173.181, 2177.011, 2149.748, 2060.794, 2128.996, 1913.1599999999999, 3891.0119999999997, 1303.32, 2120.187, 2093.417, 4135.609, 418.379, 433.362, 431.205, 1457.0059999999999, 1797.241, 444.27, 447.726, 1482.349, 4409.87, 2859.1459999999997, 1874.254, 453.553, 4981.593]] 
RATE (RPS) =====================================: 38

[[1038.101, 1180.594, 640.657, 1298.63, 1576.42, 1419.854, 857.75, 1684.955, 2138.683, 1999.684, 1813.566, 2387.059, 4782.015, 2232.573, 4689.208, 2609.783, 4667.975, 2817.975, 2945.5209999999997, 3383.699, 3727.725, 3086.577, 3517.115, 3205.795, 3848.828, 3932.859, 4089.128, 4172.145, 4787.359, 4797.95, 4966.508, 4770.105, 4834.1849999999995, 4974.477, 5012.508, 4810.103, 4817.227, 4779.919]] 
RATE (RPS) =====================================: 24

[[505.48, 563.728, 575.453, 430.917, 447.797, 490.288, 550.875, 557.277, 580.912, 2363.05, 1503.684, 10004.735, 460.882, 2399.656, 520.646, 529.589, 2476.877, 1470.241, 2304.111, 2145.251, 2256.763, 2201.428, 2228.056, 1255.095, 1255.6, 1246.529, 1923.074, 1234.628, 1233.489, 2264.045, 2258.115, 2160.8940000000002, 1292.09, 476.549, 488.904, 456.968, 2240.651, 1058.396, 8272.97, 1277.635, 1219.958, 2210.256, 477.171, 2203.484, 1212.017, 1916.409, 1402.366, 486.863, 2487.963, 1393.587, 8662.32, 501.316, 481.711, 1909.517, 2255.645, 2061.503, 2253.074, 1378.132, 1398.461, 1398.213]] 
RATE (RPS) =====================================: 19

[[427.035, 1065.95, 578.068, 504.197, 2543.564, 528.414, 503.136, 478.446, 2044.564, 426.84, 427.137, 475.074, 1981.719, 2203.774, 1971.99, 448.237, 441.082, 443.743, 1647.726, 1706.259, 1328.558, 437.762, 1080.802, 1344.805, 1960.467, 434.958, 438.216, 1685.0, 2111.528, 426.681, 436.058, 424.863, 444.116, 423.472, 1685.042, 1475.002, 447.584, 436.559, 1704.792, 1129.031, 451.2]] 
RATE (RPS) =====================================: 42

[[443.397, 450.511, 438.314, 465.694, 434.131, 422.932, 411.554, 421.132, 398.843, 421.745, 391.925, 2125.669, 1162.223, 412.134, 412.005, 1006.126, 1460.903, 1154.573, 1276.137, 1358.6100000000001, 1879.0819999999999, 388.578, 1312.075, 1131.521, 390.723, 396.526, 622.752, 985.692, 406.277, 1168.8, 381.027, 433.848, 1753.605, 1391.868, 385.535, 359.424, 1377.171, 1395.425, 383.803, 415.814, 385.62]] 
RATE (RPS) =====================================: 45

[[402.568, 392.681, 398.116, 414.135, 393.455, 380.169, 400.077, 393.448, 1595.049, 380.531, 955.303, 1002.129, 388.857, 1397.15, 458.728, 1794.5230000000001, 397.201, 380.346, 387.903, 401.523, 401.647, 844.995, 963.275, 393.644, 1658.6100000000001, 1153.637, 1128.3890000000001, 1131.285, 1312.995, 1397.272, 762.127, 1634.0610000000001, 925.825, 408.432, 372.559, 389.395, 399.338, 408.975, 1412.53, 413.207, 1411.225, 1391.035, 407.28, 402.349, 375.255]] 
RATE (RPS) =====================================: 51

[[409.984, 479.125, 453.876, 400.566, 439.443, 417.438, 416.545, 413.204, 395.457, 399.882, 393.267, 395.312, 387.842, 407.096, 393.825, 428.843, 371.342, 419.595, 405.748, 376.075, 1349.195, 386.676, 1566.056, 383.672, 1531.443, 452.213, 425.244, 383.89, 447.366]] 
RATE (RPS) =====================================: 62

[[402.974, 412.881, 455.224, 436.191, 412.959, 440.777, 432.746, 427.687, 448.376, 427.025, 1288.411, 426.696, 1588.868, 1822.941, 441.415, 411.955, 1663.327, 1262.79, 422.449, 1577.017, 1450.346, 417.977, 405.534, 1535.42, 409.276, 479.653, 415.165, 462.195, 397.425, 1417.981, 1823.437, 400.869, 435.914, 2041.136, 2029.15, 416.29, 2004.943, 1989.993, 1814.2530000000002, 1844.444, 917.376, 427.903, 442.486]] 
RATE (RPS) =====================================: 49

[[441.904, 407.798, 434.518, 417.937, 1010.416, 1005.973, 449.349, 994.599, 440.717, 974.88, 420.784, 968.223, 431.354, 431.495, 421.604, 441.504, 418.912, 438.22, 864.186, 867.863, 454.742, 458.027, 493.387, 464.173, 829.779, 805.222, 464.943, 448.269, 722.203, 443.005, 435.792, 436.918, 686.489]] 
RATE (RPS) =====================================: 63

[[432.827, 422.746, 450.807, 424.09, 679.102, 450.608, 450.037, 448.054, 430.52, 429.249, 441.276, 424.316, 455.478, 435.4, 450.737, 519.123, 423.696, 514.167, 421.942, 532.431, 505.333, 488.566, 495.982, 479.611, 470.229, 445.076, 462.07, 449.078, 419.561, 429.005, 449.96, 440.893]] 
RATE (RPS) =====================================: 65

[[433.099, 421.445, 426.407, 441.334, 443.821, 436.727, 445.053, 496.472, 452.405, 471.07, 467.61, 448.482, 456.218, 460.471, 452.504, 445.319, 452.004, 1189.356, 2167.648, 471.964, 1945.075, 448.465, 1939.711, 441.897, 1824.85, 1212.536, 447.096, 2216.0190000000002, 468.522, 463.912, 436.473, 444.888, 444.602]] 
RATE (RPS) =====================================: 58

[[419.584, 450.175, 444.927, 419.894, 422.563, 388.009, 395.142, 392.97, 384.631, 386.331, 420.394, 377.101, 374.719, 379.014, 364.373, 402.602, 386.615, 364.159, 373.367, 368.243, 377.053]] 
RATE (RPS) =====================================: 65

[[445.632, 440.672, 439.498, 401.991, 394.332, 416.777, 397.66, 382.563, 396.741, 403.616, 375.724, 426.846, 401.272, 375.2, 377.992, 382.08, 387.115, 383.041, 368.345, 381.042]] 
RATE (RPS) =====================================: 65

[[464.872, 457.09, 434.936, 438.004, 415.931, 419.991, 412.56, 407.721, 421.149, 478.231, 486.285, 475.108, 477.39, 489.224, 467.146, 497.095, 498.662, 495.479, 468.728, 491.303, 473.676, 471.422]] 
RATE (RPS) =====================================: 65

[[413.272, 418.422, 454.894, 523.683, 431.778, 418.545, 395.805, 421.138, 443.928, 394.763, 386.622, 445.241, 502.646, 395.289, 395.36, 383.949, 397.569, 434.184, 395.804, 380.107, 394.098, 401.058, 412.404, 394.366, 390.222, 374.745, 400.919]] 
RATE (RPS) =====================================: 65

average response time [0]428.472
average response time [1]365.124
average response time [2]371.12
average response time [3]397.749
average response time [4]347.94
average response time [5]349.467
average response time [6]353.251
average response time [7]401.041
average response time [8]345.101
average response time [9]363.797
TOTAL AVERAGE RESPONSE TIME ====================: 372.3062
NUMBER OF THREADS ==============================: 1
TOTAL AVERAGE RATE (RPS) =====================================: 1.0
average response time [10]393.9235
average response time [11]353.8905
average response time [12]375.751
average response time [13]369.455
average response time [14]390.87800000000004
average response time [15]367.92650000000003
average response time [16]355.1605
average response time [17]358.37149999999997
average response time [18]409.469
average response time [19]362.9405
TOTAL AVERAGE RESPONSE TIME ====================: 373.77660000000003
NUMBER OF THREADS ==============================: 2
TOTAL AVERAGE RATE (RPS) =====================================: 2.0
average response time [20]358.48725
average response time [21]409.88125
average response time [22]385.293
average response time [23]369.11275
average response time [24]396.82725
average response time [25]363.47875
average response time [26]398.31825
average response time [27]358.31225
average response time [28]1176.30925
average response time [29]411.0095
TOTAL AVERAGE RESPONSE TIME ====================: 462.70295
NUMBER OF THREADS ==============================: 4
TOTAL AVERAGE RATE (RPS) =====================================: 3.7
average response time [30]356.97825
average response time [31]372.304
average response time [32]390.141625
average response time [33]365.37975
average response time [34]360.042875
average response time [35]420.10575
average response time [36]353.775625
average response time [37]352.74762499999997
average response time [38]365.435625
average response time [39]357.36575
TOTAL AVERAGE RESPONSE TIME ====================: 369.42768750000005
NUMBER OF THREADS ==============================: 8
TOTAL AVERAGE RATE (RPS) =====================================: 8.0
average response time [40]371.40250000000003
average response time [41]391.8516875
average response time [42]372.8704375
average response time [43]368.056
average response time [44]391.6095625
average response time [45]397.1216875
average response time [46]407.0604375
average response time [47]379.15225
average response time [48]384.511625
average response time [49]360.3861875
TOTAL AVERAGE RESPONSE TIME ====================: 382.40223749999996
NUMBER OF THREADS ==============================: 16
TOTAL AVERAGE RATE (RPS) =====================================: 16.0
average response time [50]379.349875
average response time [51]405.07321875
average response time [52]413.17453125
average response time [53]378.9069375
average response time [54]602.7072812499999
average response time [55]895.57234375
average response time [56]588.50896875
average response time [57]378.53484375
average response time [58]427.54200000000003
average response time [59]371.38096875
TOTAL AVERAGE RESPONSE TIME ====================: 484.075096875
NUMBER OF THREADS ==============================: 32
TOTAL AVERAGE RATE (RPS) =====================================: 30.1
average response time [60]433.0101818181818
average response time [61]399.0869696969697
average response time [62]390.9131212121212
average response time [63]388.2242727272727
average response time [64]376.92730303030305
average response time [65]374.2973333333333
average response time [66]377.6119393939394
average response time [67]387.03366666666665
average response time [68]374.330303030303
average response time [69]365.4089393939394
TOTAL AVERAGE RESPONSE TIME ====================: 386.68440303030303
NUMBER OF THREADS ==============================: 33
TOTAL AVERAGE RATE (RPS) =====================================: 33.0
average response time [70]375.5481176470588
average response time [71]364.5639117647059
average response time [72]386.36673529411763
average response time [73]364.00723529411766
average response time [74]375.6284705882353
average response time [75]368.7484117647059
average response time [76]383.52723529411765
average response time [77]389.3463823529412
average response time [78]368.5130882352941
average response time [79]380.5019411764706
TOTAL AVERAGE RESPONSE TIME ====================: 375.67515294117646
NUMBER OF THREADS ==============================: 34
TOTAL AVERAGE RATE (RPS) =====================================: 34.0
average response time [80]375.5262285714286
average response time [81]424.3532285714286
average response time [82]367.8413428571429
average response time [83]427.8050857142857
average response time [84]368.1114857142857
average response time [85]378.40691428571427
average response time [86]369.94165714285714
average response time [87]366.0014857142857
average response time [88]374.0649714285714
average response time [89]368.4501142857143
TOTAL AVERAGE RESPONSE TIME ====================: 382.0502514285714
NUMBER OF THREADS ==============================: 35
TOTAL AVERAGE RATE (RPS) =====================================: 35.0
average response time [90]379.5466944444444
average response time [91]367.96538888888887
average response time [92]386.53041666666667
average response time [93]368.33125
average response time [94]401.4911111111111
average response time [95]388.6569166666667
average response time [96]415.77416666666664
average response time [97]372.3611388888889
average response time [98]366.90802777777776
average response time [99]384.0995277777778
TOTAL AVERAGE RESPONSE TIME ====================: 383.16646388888887
NUMBER OF THREADS ==============================: 36
TOTAL AVERAGE RATE (RPS) =====================================: 36.0
average response time [100]389.27481081081083
average response time [101]432.651972972973
average response time [102]420.4394054054054
average response time [103]395.9914864864865
average response time [104]374.781
average response time [105]387.0966486486486
average response time [106]370.2099189189189
average response time [107]389.1527027027027
average response time [108]369.53686486486487
average response time [109]393.8915405405405
TOTAL AVERAGE RESPONSE TIME ====================: 392.3026351351351
NUMBER OF THREADS ==============================: 37
TOTAL AVERAGE RATE (RPS) =====================================: 37.0
average response time [110]433.22844736842103
average response time [111]441.31778947368423
average response time [112]439.53731578947367
average response time [113]409.1150526315789
average response time [114]370.42676315789475
average response time [115]374.34847368421055
average response time [116]396.481
average response time [117]375.38992105263156
average response time [118]383.68344736842107
average response time [119]365.7290789473684
TOTAL AVERAGE RESPONSE TIME ====================: 398.9257289473684
NUMBER OF THREADS ==============================: 38
TOTAL AVERAGE RATE (RPS) =====================================: 38.0
average response time [120]390.985358974359
average response time [121]373.5185641025641
average response time [122]373.979
average response time [123]369.7625641025641
average response time [124]381.04710256410254
average response time [125]401.0065641025641
average response time [126]392.40930769230766
average response time [127]376.2732564102564
average response time [128]413.044358974359
average response time [129]375.0400512820513
TOTAL AVERAGE RESPONSE TIME ====================: 384.7066128205129
NUMBER OF THREADS ==============================: 39
TOTAL AVERAGE RATE (RPS) =====================================: 39.0
average response time [130]1213.6524
average response time [131]1243.84345
average response time [132]1425.479475
average response time [133]1145.904675
average response time [134]1347.6997
average response time [135]1152.5176
average response time [136]1140.302075
average response time [137]1266.362275
average response time [138]1239.300875
average response time [139]1275.98535
TOTAL AVERAGE RESPONSE TIME ====================: 1245.1047875
NUMBER OF THREADS ==============================: 40
TOTAL AVERAGE RATE (RPS) =====================================: 14.6
average response time [140]520.4370476190477
average response time [141]778.1078518518518
average response time [142]588.8160454545455
average response time [143]492.4303043478261
average response time [144]721.1834
average response time [145]648.8354090909091
average response time [146]388.25386363636363
average response time [147]491.68075
average response time [148]423.8923888888889
average response time [149]393.74653333333333
TOTAL AVERAGE RESPONSE TIME ====================: 544.7383594222766
NUMBER OF THREADS ==============================: 45
TOTAL AVERAGE RATE (RPS) =====================================: 42.5
average response time [150]387.7004
average response time [151]376.127
average response time [152]399.9076111111111
average response time [153]433.10329411764707
average response time [154]379.99213333333336
average response time [155]370.22685714285717
average response time [156]376.1262222222222
average response time [157]631.536409090909
average response time [158]457.63684615384614
average response time [159]375.59975
TOTAL AVERAGE RESPONSE TIME ====================: 418.7956523171926
NUMBER OF THREADS ==============================: 50
TOTAL AVERAGE RATE (RPS) =====================================: 49.3
average response time [160]386.8724375
average response time [161]398.9364375
average response time [162]389.7331304347826
average response time [163]385.97683333333333
average response time [164]380.1329166666667
average response time [165]446.1215555555556
average response time [166]384.64844444444446
average response time [167]387.46999999999997
average response time [168]399.1565294117647
average response time [169]379.71147368421055
TOTAL AVERAGE RESPONSE TIME ====================: 393.8759758530758
NUMBER OF THREADS ==============================: 55
TOTAL AVERAGE RATE (RPS) =====================================: 55.0
average response time [170]728.56112
average response time [171]482.3534347826087
average response time [172]934.8849574468085
average response time [173]874.5426444444445
average response time [174]645.4554285714286
average response time [175]1522.23875
average response time [176]3270.9267105263157
average response time [177]1754.5549
average response time [178]1003.7427073170732
average response time [179]790.5786341463414
TOTAL AVERAGE RESPONSE TIME ====================: 1200.7839287235017
NUMBER OF THREADS ==============================: 60
TOTAL AVERAGE RATE (RPS) =====================================: 41.1
average response time [180]760.294088888889
average response time [181]521.731724137931
average response time [182]911.2063953488372
average response time [183]588.6419696969697
average response time [184]461.6240625
average response time [185]733.7410606060606
average response time [186]394.8507619047619
average response time [187]398.90695
average response time [188]461.0001363636364
average response time [189]414.84485185185184
TOTAL AVERAGE RESPONSE TIME ====================: 564.6842001298937
NUMBER OF THREADS ==============================: 65
TOTAL AVERAGE RATE (RPS) =====================================: 60.8
average response time sent to Stackdriver [0]396.82725
average response time sent to Stackdriver [1]407.0604375
average response time sent to Stackdriver [2]378.53484375
average response time sent to Stackdriver [3]375.6284705882353
average response time sent to Stackdriver [4]367.96538888888887
average response time sent to Stackdriver [5]389.1527027027027
average response time sent to Stackdriver [6]373.979
average response time sent to Stackdriver [7]1243.84345
average response time sent to Stackdriver [8]1140.302075
average response time sent to Stackdriver [9]778.1078518518518
average response time sent to Stackdriver [10]388.25386363636363
average response time sent to Stackdriver [11]375.59975
average response time sent to Stackdriver [12]379.71147368421055
average response time sent to Stackdriver [13]645.4554285714286
average response time sent to Stackdriver [14]3270.9267105263157
average response time sent to Stackdriver [15]1003.7427073170732
average response time sent to Stackdriver [16]461.6240625
NUMBER OF THREADS: [1, 2, 4, 8, 16, 32, 33, 34, 35, 36, 37, 38, 39, 40, 45, 50, 55, 60, 65]
WORKLOAD: HFU_LV AND HFU_HV;  
TOTAL EXECUTION TIME (Concurrent Parallel Requests): 184550.962
TOTAL NUMBER OF REPLICAS USED: 8

