[[422.332]] 
RATE (RPS) =====================================: 1

[[372.979]] 
RATE (RPS) =====================================: 1

[[360.655]] 
RATE (RPS) =====================================: 1

[[379.209]] 
RATE (RPS) =====================================: 1

[[354.395]] 
RATE (RPS) =====================================: 1

[[346.666]] 
RATE (RPS) =====================================: 1

[[352.648]] 
RATE (RPS) =====================================: 1

[[393.09]] 
RATE (RPS) =====================================: 1

[[352.004]] 
RATE (RPS) =====================================: 1

[[347.754]] 
RATE (RPS) =====================================: 1

[[362.816, 364.52]] 
RATE (RPS) =====================================: 2

[[398.538, 390.153]] 
RATE (RPS) =====================================: 2

[[369.427, 373.384]] 
RATE (RPS) =====================================: 2

[[397.205, 368.328]] 
RATE (RPS) =====================================: 2

[[419.836, 415.033]] 
RATE (RPS) =====================================: 2

[[363.537, 372.015]] 
RATE (RPS) =====================================: 2

[[355.853, 359.761]] 
RATE (RPS) =====================================: 2

[[368.021, 350.691]] 
RATE (RPS) =====================================: 2

[[404.426, 392.473]] 
RATE (RPS) =====================================: 2

[[351.625, 350.947]] 
RATE (RPS) =====================================: 2

[[358.604, 370.409, 371.23, 365.065]] 
RATE (RPS) =====================================: 4

[[413.793, 407.677, 397.546, 400.991]] 
RATE (RPS) =====================================: 4

[[400.361, 385.368, 376.199, 379.257]] 
RATE (RPS) =====================================: 4

[[402.497, 382.274, 380.776, 384.188]] 
RATE (RPS) =====================================: 4

[[393.201, 438.755, 437.557, 422.189]] 
RATE (RPS) =====================================: 4

[[368.36, 377.628, 360.915, 363.115]] 
RATE (RPS) =====================================: 4

[[366.522, 345.383, 347.547, 347.813]] 
RATE (RPS) =====================================: 4

[[354.446, 343.59, 353.785, 351.13]] 
RATE (RPS) =====================================: 4

[[401.938, 398.101, 397.28, 394.801]] 
RATE (RPS) =====================================: 4

[[352.644, 373.245, 360.931, 363.125]] 
RATE (RPS) =====================================: 4

[[371.417, 372.2, 361.186, 359.632, 375.972, 355.01, 366.827, 364.909]] 
RATE (RPS) =====================================: 8

[[388.583, 390.16, 383.659, 383.291, 380.232, 375.779, 376.062, 366.521]] 
RATE (RPS) =====================================: 8

[[381.029, 369.139, 357.234, 364.874, 363.997, 393.909, 381.204, 363.551]] 
RATE (RPS) =====================================: 8

[[397.783, 383.165, 372.519, 374.5, 380.053, 379.768, 382.758, 387.275]] 
RATE (RPS) =====================================: 8

[[345.223, 368.137, 369.715, 428.353, 421.39, 403.564, 405.879, 405.348]] 
RATE (RPS) =====================================: 8

[[357.912, 363.405, 365.406, 352.851, 380.827, 362.411, 359.653, 363.057]] 
RATE (RPS) =====================================: 8

[[352.325, 383.595, 353.117, 365.229, 366.951, 367.775, 372.921, 358.262]] 
RATE (RPS) =====================================: 8

[[355.313, 355.623, 366.876, 373.255, 369.791, 359.594, 364.573, 365.408]] 
RATE (RPS) =====================================: 8

[[416.144, 429.249, 397.722, 416.057, 403.376, 410.458, 398.217, 401.715]] 
RATE (RPS) =====================================: 8

[[355.517, 371.309, 349.823, 362.624, 359.867, 370.526, 356.906, 359.865]] 
RATE (RPS) =====================================: 8

[[362.552, 367.14, 365.964, 364.45, 359.742, 361.882, 352.831, 355.735, 352.377, 360.142, 373.006, 382.158, 409.631, 403.41, 390.91, 388.567]] 
RATE (RPS) =====================================: 16

[[408.405, 403.408, 411.885, 397.034, 394.627, 395.527, 405.291, 386.514, 389.121, 387.023, 380.753, 381.213, 388.483, 384.703, 382.123, 359.555]] 
RATE (RPS) =====================================: 16

[[347.496, 362.105, 367.575, 357.312, 371.332, 352.516, 360.522, 346.521, 394.404, 351.653, 390.883, 370.454, 348.964, 357.906, 371.534, 361.853]] 
RATE (RPS) =====================================: 16

[[394.496, 363.457, 358.013, 354.771, 355.004, 350.017, 358.832, 358.46, 383.664, 350.126, 369.881, 367.43, 366.896, 371.462, 361.119, 360.785]] 
RATE (RPS) =====================================: 16

[[421.017, 428.068, 412.051, 409.645, 425.752, 401.742, 411.04, 394.746, 444.664, 399.896, 403.829, 407.812, 408.636, 384.675, 387.462, 398.828]] 
RATE (RPS) =====================================: 16

[[364.913, 347.476, 372.074, 353.642, 349.089, 353.666, 376.612, 358.812, 351.193, 360.401, 361.909, 357.546, 361.149, 352.015, 363.68, 357.346]] 
RATE (RPS) =====================================: 16

[[348.503, 352.967, 354.052, 354.942, 363.968, 370.56, 432.587, 449.917, 435.89, 441.303, 437.773, 442.779, 427.442, 430.449, 433.699, 425.407]] 
RATE (RPS) =====================================: 16

[[401.054, 381.418, 407.788, 369.546, 389.144, 382.104, 376.341, 385.14, 386.617, 364.288, 376.156, 378.233, 364.172, 380.385, 368.602, 354.453]] 
RATE (RPS) =====================================: 16

[[368.289, 377.765, 925.979, 367.959, 375.429, 352.851, 362.921, 383.191, 361.608, 348.484, 370.357, 371.687, 355.382, 376.615, 454.479, 456.363]] 
RATE (RPS) =====================================: 16

[[367.551, 368.609, 366.688, 352.271, 348.328, 357.964, 372.611, 362.596, 349.975, 357.071, 359.656, 367.522, 371.795, 372.663, 370.135, 375.572]] 
RATE (RPS) =====================================: 16

[[372.63, 367.518, 381.692, 357.613, 367.293, 375.677, 363.453, 363.136, 382.146, 379.447, 362.791, 373.193, 380.721, 378.915, 379.333, 354.895, 368.857, 391.277, 392.547, 367.777, 382.11, 376.166, 371.283, 382.678, 389.13, 369.807, 352.599, 361.017, 362.231, 369.159, 375.934, 359.95]] 
RATE (RPS) =====================================: 32

[[415.927, 421.79, 399.041, 396.685, 402.653, 396.319, 405.467, 395.535, 381.094, 393.854, 400.138, 381.095, 384.635, 387.535, 379.583, 381.051, 372.777, 372.807, 370.922, 370.414, 365.83, 377.372, 372.523, 371.17, 358.749, 368.323, 385.351, 367.636, 387.707, 372.266, 363.468, 378.436]] 
RATE (RPS) =====================================: 32

[[368.805, 386.363, 353.859, 367.594, 375.304, 374.15, 368.522, 382.942, 368.283, 363.59, 369.09, 378.134, 374.359, 355.25, 384.247, 378.097, 381.691, 375.85, 375.118, 378.173, 360.14, 387.264, 372.311, 352.69, 418.83, 379.019, 396.227, 374.037, 380.242, 357.615, 370.508, 370.454]] 
RATE (RPS) =====================================: 32

[[411.754, 427.584, 405.466, 401.443, 406.097, 416.955, 401.992, 400.503, 388.588, 399.492, 414.831, 386.33, 381.673, 391.395, 379.714, 384.256, 378.067, 375.915, 379.324, 393.293, 370.899, 371.402, 367.558, 371.868, 371.869, 369.892, 376.153, 378.633, 371.541, 381.268, 359.7, 357.264]] 
RATE (RPS) =====================================: 32

[[359.822, 345.119, 351.177, 351.638, 382.695, 357.908, 364.275, 369.392, 374.545, 362.026, 367.537, 369.515, 346.401, 458.211, 356.296, 358.909, 439.068, 359.705, 373.745, 372.21, 374.94, 372.143, 367.62, 390.648, 383.465, 352.934, 382.792, 384.961, 357.73, 369.004, 371.267, 362.126]] 
RATE (RPS) =====================================: 32

[[347.672, 357.449, 351.575, 366.125, 368.079, 368.97, 361.173, 371.622, 363.269, 346.421, 373.362, 369.305, 369.824, 366.159, 370.476, 356.968, 367.404, 373.439, 424.609, 409.19, 412.067, 417.188, 402.904, 399.682, 412.044, 398.42, 402.038, 395.909, 396.68, 393.614, 393.649, 389.024]] 
RATE (RPS) =====================================: 32

[[395.998, 383.82, 371.768, 384.824, 381.523, 385.587, 375.44, 378.469, 366.69, 371.381, 372.406, 378.572, 367.677, 354.775, 368.892, 392.772, 398.505, 355.365, 376.048, 353.723, 351.94, 364.68, 365.476, 354.701, 370.21, 371.523, 394.562, 381.608, 364.751, 361.069, 364.285, 369.241]] 
RATE (RPS) =====================================: 32

[[367.135, 360.473, 368.237, 360.319, 353.932, 378.932, 375.138, 358.48, 368.058, 370.992, 362.872, 396.114, 372.236, 370.949, 361.019, 364.342, 368.995, 378.62, 384.244, 363.666, 379.596, 378.818, 360.367, 359.681, 365.34, 363.651, 373.27, 353.91, 367.436, 379.024, 350.618, 353.454]] 
RATE (RPS) =====================================: 32

[[404.051, 409.472, 405.362, 398.789, 407.135, 392.843, 391.515, 395.255, 395.452, 387.61, 379.217, 377.321, 380.256, 367.19, 380.436, 403.279, 399.659, 376.758, 363.862, 372.352, 360.743, 388.358, 367.898, 359.252, 375.574, 377.815, 371.588, 374.993, 359.881, 388.723, 398.599, 370.023]] 
RATE (RPS) =====================================: 32

[[376.183, 370.764, 377.174, 398.369, 359.914, 374.257, 366.991, 362.527, 380.788, 387.301, 383.401, 388.409, 373.883, 414.204, 412.755, 375.818, 386.178, 388.956, 377.778, 415.554, 374.487, 421.578, 385.507, 390.448, 379.415, 381.638, 392.045, 371.253, 370.335, 372.148, 369.71, 374.252]] 
RATE (RPS) =====================================: 32

[[409.284, 399.961, 400.579, 385.437, 402.392, 398.715, 373.594, 375.41, 381.429, 381.921, 367.913, 369.122, 369.858, 366.418, 365.058, 369.163, 361.304, 358.809, 363.399, 364.09, 356.038, 363.208, 367.388, 352.421, 362.755, 346.343, 396.881, 376.637, 379.36, 351.689, 369.919, 354.069, 357.641]] 
RATE (RPS) =====================================: 33

[[367.423, 389.27, 370.316, 379.332, 376.199, 375.327, 374.552, 370.944, 369.693, 370.279, 374.705, 410.068, 396.31, 380.241, 367.034, 368.98, 390.879, 379.371, 390.853, 379.971, 368.533, 377.903, 373.803, 377.507, 367.632, 377.536, 370.48, 355.696, 377.102, 391.97, 359.177, 359.962, 355.661]] 
RATE (RPS) =====================================: 33

[[353.07, 359.246, 366.636, 367.198, 388.994, 365.169, 384.571, 392.769, 368.672, 390.407, 367.238, 422.26, 418.612, 441.152, 411.142, 407.332, 412.795, 414.447, 1278.43, 411.009, 410.587, 400.319, 402.622, 406.608, 398.974, 392.054, 399.384, 385.887, 379.121, 381.85, 375.563, 377.281, 375.021]] 
RATE (RPS) =====================================: 32

[[360.004, 360.143, 376.333, 363.427, 363.833, 375.243, 377.721, 363.296, 421.115, 415.108, 408.887, 411.043, 399.75, 411.96, 403.925, 401.746, 401.683, 406.886, 390.019, 413.752, 393.282, 392.314, 380.359, 379.143, 385.849, 403.838, 376.01, 388.224, 365.112, 375.496, 377.687, 362.561, 372.791]] 
RATE (RPS) =====================================: 33

[[361.096, 361.721, 359.358, 369.348, 398.936, 374.461, 373.933, 363.8, 377.846, 390.729, 371.365, 355.513, 377.212, 359.699, 368.208, 378.764, 365.353, 357.576, 368.931, 368.034, 375.64, 361.099, 363.33, 385.047, 392.739, 372.294, 379.286, 366.737, 365.88, 367.1, 361.976, 368.304, 370.248]] 
RATE (RPS) =====================================: 33

[[363.125, 359.94, 370.288, 392.718, 408.685, 377.253, 390.871, 421.671, 412.413, 383.994, 376.218, 385.376, 373.932, 361.837, 377.834, 378.517, 363.249, 394.69, 375.282, 377.898, 397.81, 387.053, 371.881, 375.186, 379.12, 374.726, 358.323, 387.767, 361.864, 391.99, 381.358, 364.911, 371.251]] 
RATE (RPS) =====================================: 33

[[401.61, 402.424, 400.939, 394.358, 377.057, 387.062, 383.254, 378.738, 379.208, 377.121, 380.666, 395.286, 377.685, 377.295, 392.962, 398.477, 363.428, 393.956, 354.442, 382.247, 366.106, 377.365, 376.532, 379.564, 380.248, 396.532, 354.326, 396.834, 381.244, 387.16, 382.886, 381.824, 373.702]] 
RATE (RPS) =====================================: 33

[[383.104, 381.932, 370.102, 368.525, 383.067, 380.774, 398.136, 378.61, 380.23, 369.405, 386.53, 364.591, 372.88, 368.843, 374.803, 365.724, 368.438, 365.299, 374.737, 401.38, 370.759, 383.314, 367.423, 402.855, 370.094, 367.855, 375.431, 387.375, 358.517, 382.125, 367.885, 377.484, 356.529]] 
RATE (RPS) =====================================: 33

[[400.023, 408.199, 406.374, 398.064, 388.545, 385.0, 402.002, 394.843, 373.886, 366.175, 386.889, 361.175, 382.201, 395.777, 380.63, 388.894, 385.283, 372.572, 375.755, 381.73, 365.775, 376.802, 373.408, 366.366, 379.349, 359.842, 380.866, 375.55, 357.095, 374.505, 374.976, 356.019, 350.607]] 
RATE (RPS) =====================================: 33

[[351.679, 360.304, 367.15, 363.142, 361.849, 363.118, 363.015, 379.232, 380.199, 353.375, 356.373, 375.05, 366.935, 353.115, 371.62, 372.887, 359.434, 399.601, 400.289, 393.153, 382.363, 378.844, 378.634, 367.021, 378.859, 370.587, 360.763, 365.488, 363.118, 359.903, 370.234, 357.846, 355.046]] 
RATE (RPS) =====================================: 33

[[437.026, 449.793, 424.185, 426.71, 419.251, 419.295, 416.251, 413.616, 423.615, 417.038, 399.862, 411.107, 402.647, 400.71, 400.4, 401.909, 402.414, 392.377, 388.834, 390.709, 380.226, 401.087, 378.586, 376.334, 374.671, 387.719, 407.791, 405.221, 375.12, 364.461, 366.162, 361.116, 371.345, 368.054]] 
RATE (RPS) =====================================: 34

[[365.776, 390.977, 359.773, 376.081, 400.708, 370.416, 387.281, 367.213, 366.989, 394.078, 383.53, 385.337, 365.833, 373.922, 378.857, 370.479, 384.597, 364.515, 383.172, 348.489, 355.447, 371.561, 357.503, 358.801, 372.253, 361.05, 380.729, 378.834, 363.096, 365.149, 352.094, 360.428, 369.417, 354.702]] 
RATE (RPS) =====================================: 34

[[388.705, 377.986, 369.114, 366.106, 362.98, 373.847, 364.433, 375.112, 382.31, 365.383, 378.195, 375.73, 364.458, 388.569, 379.75, 363.132, 374.193, 372.217, 367.982, 373.929, 360.474, 365.541, 419.011, 436.512, 405.535, 415.601, 377.026, 378.553, 392.299, 376.408, 381.001, 380.198, 379.207, 376.958]] 
RATE (RPS) =====================================: 34

[[365.979, 368.831, 367.394, 386.022, 384.209, 378.027, 378.697, 388.889, 390.907, 383.524, 383.037, 382.153, 378.806, 407.612, 383.608, 382.349, 380.878, 384.544, 396.234, 393.351, 377.597, 391.629, 393.125, 392.725, 375.437, 391.806, 390.414, 369.931, 392.918, 422.878, 407.015, 414.562, 404.82, 376.152]] 
RATE (RPS) =====================================: 34

[[419.604, 415.501, 429.052, 396.098, 424.446, 437.665, 408.487, 408.618, 403.017, 403.208, 408.716, 396.068, 425.001, 415.681, 433.401, 409.914, 415.903, 436.524, 428.556, 427.395, 415.034, 431.688, 433.912, 426.799, 405.761, 412.357, 409.0, 405.649, 409.866, 399.521, 406.457, 405.515, 413.555, 383.325]] 
RATE (RPS) =====================================: 34

[[421.669, 423.502, 416.852, 406.592, 417.368, 407.321, 394.919, 395.375, 406.464, 391.504, 417.01, 389.762, 390.404, 410.626, 385.317, 395.833, 400.408, 380.857, 385.187, 390.497, 374.947, 372.043, 383.619, 371.199, 384.699, 372.621, 380.383, 368.108, 400.653, 376.226, 383.813, 367.133, 382.772, 379.013]] 
RATE (RPS) =====================================: 34

[[383.945, 362.885, 376.571, 370.822, 353.829, 380.061, 360.491, 375.699, 382.866, 359.848, 351.112, 353.194, 362.7, 361.122, 368.357, 359.194, 367.298, 372.504, 353.435, 353.592, 380.977, 354.89, 360.913, 362.434, 408.424, 379.578, 378.192, 368.107, 394.72, 383.059, 370.826, 375.443, 379.977, 358.468]] 
RATE (RPS) =====================================: 34

[[436.133, 426.55, 412.002, 425.783, 411.38, 415.772, 410.443, 407.485, 409.385, 414.404, 396.543, 401.251, 410.857, 400.3, 389.393, 386.26, 390.785, 388.548, 373.85, 380.015, 379.226, 385.913, 388.049, 373.443, 383.439, 390.451, 378.034, 365.038, 352.358, 366.874, 377.129, 387.226, 372.149, 369.332]] 
RATE (RPS) =====================================: 34

[[386.158, 359.671, 355.32, 398.238, 355.927, 384.932, 371.189, 368.788, 369.934, 367.173, 376.523, 368.205, 359.894, 368.876, 390.984, 362.406, 399.099, 365.061, 369.68, 381.217, 406.311, 360.449, 364.109, 393.142, 373.373, 363.799, 379.818, 376.935, 366.043, 377.824, 383.88, 364.774, 373.085, 366.295]] 
RATE (RPS) =====================================: 34

[[373.003, 442.88, 427.787, 425.652, 427.349, 435.45, 423.411, 414.673, 409.542, 411.996, 413.334, 405.41, 397.288, 394.918, 404.926, 401.7, 383.443, 410.731, 387.609, 378.373, 394.352, 369.163, 398.871, 377.486, 379.571, 370.91, 387.197, 372.533, 373.407, 390.557, 401.842, 370.683, 377.103, 376.249]] 
RATE (RPS) =====================================: 34

[[352.465, 375.372, 377.941, 401.974, 396.837, 405.107, 377.319, 379.088, 384.084, 402.494, 396.667, 398.185, 368.538, 392.16, 379.061, 367.04, 374.376, 372.368, 377.581, 361.868, 376.97, 362.137, 360.615, 365.131, 408.39, 385.618, 383.895, 398.173, 381.931, 390.053, 397.987, 384.503, 395.684, 376.947, 373.833]] 
RATE (RPS) =====================================: 35

[[360.041, 373.706, 392.687, 378.028, 374.253, 380.915, 378.75, 374.342, 377.745, 385.847, 371.348, 382.983, 377.371, 374.288, 380.554, 373.579, 360.34, 393.384, 376.726, 377.912, 441.289, 430.947, 442.478, 429.131, 419.367, 426.562, 424.795, 414.362, 413.21, 423.745, 403.691, 398.901, 395.95, 392.827, 385.864]] 
RATE (RPS) =====================================: 35

[[379.843, 363.551, 372.191, 380.859, 378.631, 383.91, 375.709, 379.718, 370.099, 375.45, 392.988, 390.886, 401.344, 388.24, 400.284, 383.686, 380.442, 379.522, 376.695, 377.933, 398.099, 383.211, 382.516, 384.549, 400.76, 375.1, 373.33, 362.918, 365.327, 370.686, 366.559, 381.998, 361.962, 375.191, 355.311]] 
RATE (RPS) =====================================: 35

[[366.769, 381.197, 378.665, 376.508, 394.917, 390.534, 396.654, 400.975, 392.278, 398.753, 395.665, 376.971, 400.873, 379.269, 393.711, 380.865, 401.446, 381.82, 368.472, 383.408, 386.097, 391.512, 374.705, 378.345, 377.313, 380.686, 382.051, 396.237, 373.424, 368.926, 366.789, 477.7, 377.684, 461.395, 387.056]] 
RATE (RPS) =====================================: 35

[[361.604, 365.3, 405.937, 382.474, 385.315, 384.84, 401.49, 400.074, 397.462, 410.561, 398.385, 386.787, 379.6, 392.21, 389.478, 401.637, 401.848, 373.001, 376.061, 405.206, 373.564, 372.153, 372.901, 382.491, 376.191, 373.796, 376.404, 383.54, 391.404, 399.792, 378.241, 375.617, 383.137, 362.071, 362.224]] 
RATE (RPS) =====================================: 35

[[362.395, 381.909, 387.089, 379.469, 380.112, 370.074, 379.03, 361.594, 373.1, 375.238, 362.814, 366.982, 364.722, 372.084, 361.782, 372.84, 375.057, 361.953, 364.041, 380.072, 354.922, 359.915, 368.775, 367.045, 379.713, 363.367, 361.684, 362.385, 364.521, 381.87, 377.054, 372.633, 378.323, 367.854, 369.669]] 
RATE (RPS) =====================================: 35

[[413.221, 404.233, 403.808, 400.251, 394.099, 397.26, 397.744, 387.343, 388.034, 388.328, 380.943, 376.23, 397.201, 365.045, 370.833, 369.658, 357.624, 367.79, 366.483, 374.056, 361.97, 350.748, 356.295, 359.389, 401.77, 377.535, 361.915, 369.468, 386.728, 355.404, 376.684, 366.269, 370.954, 370.443, 375.91]] 
RATE (RPS) =====================================: 35

[[382.815, 385.842, 401.522, 391.354, 382.715, 391.206, 402.122, 403.929, 365.921, 370.488, 378.87, 382.291, 372.112, 391.657, 367.762, 370.723, 377.674, 352.694, 365.747, 372.451, 356.849, 369.206, 369.02, 364.499, 362.914, 362.549, 378.543, 387.469, 395.099, 355.895, 418.105, 380.086, 385.855, 388.006, 385.153]] 
RATE (RPS) =====================================: 35

[[398.073, 389.533, 392.259, 394.659, 381.838, 391.641, 378.185, 387.382, 373.966, 386.38, 386.993, 363.902, 367.139, 379.528, 367.339, 369.49, 366.666, 373.873, 361.71, 385.835, 371.568, 352.056, 387.407, 371.956, 364.899, 352.43, 362.83, 372.392, 353.17, 352.786, 351.43, 357.739, 365.98, 371.393, 360.635]] 
RATE (RPS) =====================================: 35

[[386.138, 402.899, 409.227, 396.471, 401.22, 397.344, 394.222, 390.371, 408.531, 397.198, 398.534, 392.835, 406.445, 419.453, 396.446, 377.783, 375.765, 411.744, 391.364, 400.511, 411.194, 415.807, 409.737, 417.203, 423.77, 411.467, 414.619, 390.842, 409.158, 412.915, 419.113, 430.681, 409.643, 390.863, 393.557]] 
RATE (RPS) =====================================: 35

[[389.964, 393.829, 400.992, 379.767, 384.942, 391.201, 397.083, 379.514, 379.196, 383.614, 378.919, 379.557, 386.781, 360.008, 367.49, 363.638, 405.129, 384.701, 385.846, 362.301, 386.799, 383.643, 356.953, 366.751, 375.031, 379.162, 365.155, 369.091, 357.53, 359.774, 358.28, 357.757, 370.003, 383.158, 376.009, 359.214]] 
RATE (RPS) =====================================: 36

[[367.896, 358.033, 386.652, 381.424, 366.318, 394.069, 383.707, 385.639, 382.114, 377.473, 376.837, 390.326, 369.764, 366.576, 370.094, 370.257, 363.674, 389.8, 355.209, 356.183, 360.767, 362.034, 369.476, 378.123, 386.569, 361.113, 371.84, 356.162, 359.579, 357.184, 354.598, 357.521, 357.967, 371.049, 358.849, 356.411]] 
RATE (RPS) =====================================: 36

[[357.807, 452.826, 360.438, 356.797, 416.504, 419.342, 416.276, 411.543, 407.952, 405.207, 402.882, 405.157, 404.04, 401.875, 402.109, 405.102, 393.251, 397.255, 402.511, 387.996, 388.892, 390.608, 381.571, 372.198, 385.988, 391.628, 384.049, 362.34, 346.044, 381.962, 369.507, 366.578, 374.715, 380.428, 365.53, 359.083]] 
RATE (RPS) =====================================: 36

[[362.968, 378.387, 356.266, 385.411, 389.762, 374.175, 388.571, 370.225, 366.463, 374.544, 369.872, 371.765, 364.07, 362.445, 391.966, 364.052, 363.543, 364.549, 359.266, 368.354, 364.301, 344.451, 355.588, 388.355, 358.04, 367.06, 369.71, 362.857, 368.761, 382.01, 372.515, 392.63, 359.003, 355.004, 372.141, 365.969]] 
RATE (RPS) =====================================: 36

[[362.155, 387.004, 386.4, 421.498, 365.753, 371.313, 402.724, 386.488, 379.698, 392.851, 367.889, 384.347, 371.128, 382.777, 379.982, 364.202, 371.622, 389.221, 363.884, 370.454, 441.758, 415.018, 420.18, 415.006, 421.745, 394.503, 415.313, 402.095, 418.08, 402.007, 411.048, 425.349, 409.339, 395.478, 395.938, 401.249]] 
RATE (RPS) =====================================: 36

[[371.144, 362.086, 359.959, 360.701, 366.197, 355.652, 373.081, 394.781, 365.533, 375.474, 387.884, 371.454, 379.214, 380.416, 387.849, 368.915, 364.976, 400.98, 385.432, 364.072, 364.386, 378.278, 374.649, 380.633, 364.186, 389.979, 359.155, 369.128, 370.276, 350.107, 363.834, 362.377, 389.982, 363.8, 362.845, 359.875]] 
RATE (RPS) =====================================: 36

[[380.306, 353.574, 358.347, 369.008, 377.377, 377.575, 374.922, 386.858, 394.962, 372.959, 395.844, 366.741, 362.542, 375.791, 375.777, 371.456, 371.859, 399.515, 389.671, 395.186, 366.281, 373.536, 386.487, 376.422, 373.397, 394.763, 369.012, 387.639, 361.634, 359.417, 369.568, 395.743, 370.549, 377.486, 418.248, 408.497]] 
RATE (RPS) =====================================: 36

[[359.882, 371.902, 410.318, 369.433, 389.541, 385.642, 393.941, 388.5, 388.491, 405.725, 390.785, 371.945, 371.081, 380.35, 380.442, 370.495, 370.583, 393.428, 368.301, 382.274, 369.618, 381.153, 370.308, 359.776, 370.329, 385.632, 360.867, 379.096, 385.359, 349.979, 362.835, 371.315, 393.553, 368.211, 376.346, 359.68]] 
RATE (RPS) =====================================: 36

[[428.854, 395.414, 415.282, 389.577, 393.604, 383.098, 386.293, 389.788, 421.484, 385.648, 388.561, 386.8, 393.269, 372.208, 363.274, 373.839, 380.002, 369.537, 369.912, 367.067, 385.659, 369.786, 368.367, 379.32, 369.316, 386.173, 388.617, 364.21, 364.338, 387.79, 391.639, 379.833, 391.6, 386.484, 377.623, 374.156]] 
RATE (RPS) =====================================: 36

[[409.733, 405.105, 402.678, 403.014, 394.497, 383.663, 389.784, 395.959, 382.927, 400.043, 388.861, 379.789, 409.859, 385.016, 386.408, 379.067, 396.875, 383.824, 368.475, 367.176, 372.653, 383.893, 380.86, 388.862, 365.615, 375.619, 386.85, 390.04, 409.614, 385.877, 388.481, 377.648, 386.306, 383.434, 377.72, 392.995]] 
RATE (RPS) =====================================: 36

[[351.414, 365.627, 399.693, 385.254, 367.548, 383.886, 367.363, 425.249, 389.54, 385.069, 364.219, 380.052, 413.171, 365.821, 365.083, 396.562, 358.56, 394.938, 374.718, 383.44, 379.01, 391.47, 379.515, 380.019, 382.238, 368.49, 371.171, 372.409, 380.531, 369.676, 384.203, 373.03, 398.56, 372.026, 375.343, 368.847, 378.183]] 
RATE (RPS) =====================================: 37

[[394.919, 392.838, 396.078, 404.369, 392.89, 379.359, 377.511, 376.459, 373.931, 371.731, 368.553, 373.253, 365.576, 365.244, 377.965, 373.331, 350.319, 370.342, 356.867, 362.508, 360.869, 356.099, 362.607, 373.678, 354.469, 380.58, 357.616, 355.308, 351.815, 359.304, 356.537, 357.236, 358.721, 360.416, 365.29, 375.291, 355.028]] 
RATE (RPS) =====================================: 37

[[370.404, 366.297, 377.402, 395.965, 365.067, 383.149, 368.874, 377.03, 369.229, 378.004, 385.252, 404.267, 374.457, 377.362, 383.303, 394.744, 367.063, 406.456, 390.461, 373.5, 377.739, 388.458, 398.46, 382.783, 394.572, 358.134, 383.622, 375.662, 366.655, 354.132, 384.692, 362.676, 375.698, 381.256, 351.434, 360.388, 362.351]] 
RATE (RPS) =====================================: 37

[[423.566, 423.749, 427.373, 401.462, 415.633, 412.662, 431.694, 413.748, 437.26, 411.039, 423.362, 393.616, 401.895, 420.38, 402.616, 395.437, 402.114, 384.046, 385.433, 389.256, 395.113, 386.938, 370.303, 383.052, 386.787, 397.4, 378.837, 387.094, 382.295, 384.749, 357.156, 387.724, 410.688, 382.974, 396.893, 373.48, 373.449]] 
RATE (RPS) =====================================: 37

[[351.629, 365.573, 349.893, 374.318, 368.226, 400.69, 361.67, 360.833, 374.766, 376.759, 373.313, 367.397, 371.35, 369.546, 364.697, 364.501, 369.53, 355.307, 358.343, 370.116, 355.939, 373.707, 373.215, 373.656, 348.901, 373.906, 374.989, 373.231, 377.503, 362.239, 361.564, 361.857, 389.9, 385.176, 364.035, 365.399, 365.122]] 
RATE (RPS) =====================================: 37

[[358.177, 433.199, 404.804, 415.933, 413.132, 448.366, 432.629, 433.416, 429.92, 425.198, 425.527, 448.717, 419.543, 420.57, 412.423, 396.099, 416.321, 413.987, 417.251, 410.767, 411.894, 407.712, 396.245, 404.56, 398.827, 399.703, 421.238, 382.312, 401.136, 406.202, 386.259, 389.584, 395.068, 371.057, 375.193, 386.11, 382.569]] 
RATE (RPS) =====================================: 37

[[353.754, 366.853, 364.058, 354.205, 367.735, 368.843, 381.928, 355.523, 359.613, 377.677, 372.349, 379.168, 367.497, 383.198, 417.908, 365.951, 394.883, 412.913, 390.111, 402.854, 374.939, 373.399, 378.976, 385.919, 386.71, 377.333, 372.619, 376.057, 376.829, 364.795, 380.079, 376.871, 366.975, 382.746, 378.221, 389.391, 365.565]] 
RATE (RPS) =====================================: 37

[[364.163, 361.399, 362.164, 367.998, 364.065, 377.767, 362.13, 365.498, 365.191, 384.294, 374.231, 382.429, 402.056, 385.008, 374.72, 378.54, 423.679, 409.402, 403.986, 412.408, 470.981, 460.815, 446.809, 467.729, 456.402, 432.155, 433.1, 445.031, 448.391, 441.011, 427.795, 421.458, 418.787, 413.952, 413.457, 412.531, 399.242]] 
RATE (RPS) =====================================: 37

[[421.471, 421.978, 416.568, 404.651, 406.461, 423.071, 404.293, 411.671, 394.945, 406.278, 404.702, 406.987, 406.221, 403.363, 404.046, 409.421, 430.719, 422.041, 440.681, 447.298, 416.127, 431.067, 422.099, 412.767, 434.878, 430.736, 422.859, 415.57, 427.998, 415.767, 433.132, 404.344, 407.594, 404.746, 403.517, 401.243, 424.661]] 
RATE (RPS) =====================================: 37

[[422.921, 396.168, 393.8, 417.195, 414.769, 417.678, 418.45, 423.288, 424.262, 428.691, 428.163, 404.274, 419.083, 413.718, 403.461, 415.569, 405.842, 403.868, 398.682, 406.165, 395.335, 383.498, 402.233, 382.96, 378.936, 379.679, 394.364, 373.637, 390.091, 389.204, 386.139, 369.021, 373.61, 430.725, 359.823, 423.121, 412.005]] 
RATE (RPS) =====================================: 37

[[938.012, 951.689, 368.585, 946.249, 926.159, 928.852, 935.292, 918.975, 918.17, 925.136, 918.933, 920.817, 931.463, 909.388, 912.085, 914.363, 932.035, 916.344, 1598.267, 920.536, 908.323, 906.579, 892.634, 892.615, 895.13, 889.615, 888.883, 891.248, 875.954, 888.658, 897.187, 870.183, 888.486, 855.351, 874.949, 849.693, 849.196, 866.118]] 
RATE (RPS) =====================================: 37

[[424.938, 424.844, 421.469, 421.794, 422.156, 418.816, 418.216, 422.621, 418.398, 403.066, 410.955, 406.877, 408.178, 416.01, 395.123, 389.249, 398.018, 380.594, 395.796, 386.366, 418.039, 392.858, 376.993, 383.029, 387.308, 401.554, 377.152, 395.802, 366.827, 371.358, 357.958, 378.334, 375.454, 381.24, 374.556, 367.23, 377.58, 367.189]] 
RATE (RPS) =====================================: 38

[[437.6, 424.512, 426.788, 420.151, 416.089, 418.588, 415.158, 415.982, 417.748, 422.985, 406.421, 412.567, 396.705, 407.907, 397.703, 396.962, 394.889, 405.976, 390.564, 396.232, 381.907, 389.647, 391.801, 397.994, 377.401, 372.422, 381.132, 361.507, 379.456, 380.723, 380.761, 385.517, 360.588, 379.91, 372.829, 377.908, 369.467, 365.28]] 
RATE (RPS) =====================================: 38

[[362.363, 367.765, 414.552, 386.052, 380.121, 380.17, 401.0, 368.124, 370.877, 373.726, 365.308, 366.774, 395.061, 406.967, 397.144, 354.907, 380.033, 393.548, 380.877, 392.458, 371.3, 385.131, 362.977, 373.068, 374.881, 370.722, 399.953, 375.063, 379.651, 366.982, 368.422, 387.094, 365.662, 362.314, 367.666, 386.435, 376.166, 346.954]] 
RATE (RPS) =====================================: 38

[[365.464, 391.183, 369.695, 375.303, 385.213, 368.931, 373.755, 392.399, 369.271, 389.558, 369.711, 422.867, 426.536, 420.535, 417.763, 398.426, 412.931, 405.248, 401.384, 423.827, 399.728, 392.038, 392.435, 389.447, 395.705, 399.06, 381.596, 385.246, 387.333, 374.014, 390.376, 371.697, 363.102, 365.321, 365.561, 366.091, 363.281, 361.798]] 
RATE (RPS) =====================================: 38

[[352.559, 362.349, 358.493, 364.135, 368.829, 381.015, 377.486, 356.617, 354.25, 362.845, 385.819, 360.301, 366.973, 368.816, 401.389, 392.31, 361.68, 368.066, 370.403, 348.945, 369.67, 396.371, 360.798, 366.702, 377.452, 367.443, 384.903, 366.28, 359.806, 362.346, 358.006, 354.145, 366.81, 355.843, 356.468, 356.755, 358.928, 355.923]] 
RATE (RPS) =====================================: 38

[[383.896, 387.944, 372.062, 366.468, 370.814, 385.628, 377.426, 364.244, 369.39, 382.655, 363.887, 365.965, 377.785, 378.065, 388.108, 388.193, 388.663, 405.57, 411.371, 413.182, 429.423, 457.554, 431.237, 424.593, 442.422, 444.949, 542.559, 526.463, 521.61, 509.149, 514.986, 504.186, 512.695, 515.325, 487.356, 480.523, 495.933, 499.179]] 
RATE (RPS) =====================================: 38

[[376.056, 374.005, 366.965, 363.936, 375.394, 383.519, 366.691, 373.597, 373.673, 391.267, 363.841, 363.861, 363.534, 366.748, 379.241, 376.689, 358.559, 371.69, 368.906, 367.953, 370.479, 366.698, 377.043, 367.942, 355.351, 382.858, 359.006, 373.9, 376.274, 366.386, 361.509, 359.817, 381.556, 369.315, 374.143, 349.66, 362.747, 377.257]] 
RATE (RPS) =====================================: 38

[[377.224, 377.652, 401.11, 416.29, 393.324, 390.491, 388.737, 367.689, 380.22, 383.816, 383.119, 392.505, 378.507, 395.484, 366.442, 366.803, 370.951, 375.798, 387.753, 354.634, 363.854, 377.097, 373.843, 374.446, 377.358, 358.725, 369.198, 372.768, 349.773, 370.798, 370.775, 360.93, 356.543, 352.268, 426.107, 428.826, 421.707, 422.712]] 
RATE (RPS) =====================================: 38

[[364.15, 410.679, 406.824, 371.529, 375.006, 380.059, 376.226, 380.328, 390.519, 368.571, 394.373, 365.816, 368.834, 359.076, 365.537, 372.02, 369.193, 378.337, 380.003, 376.173, 361.255, 373.67, 376.745, 377.899, 372.606, 372.619, 368.375, 371.547, 354.207, 378.716, 387.146, 354.654, 351.665, 378.391, 352.56, 358.882, 368.203, 351.912]] 
RATE (RPS) =====================================: 38

[[394.149, 380.731, 399.859, 399.789, 395.187, 395.754, 388.58, 389.174, 401.952, 372.918, 388.988, 375.196, 372.993, 371.63, 377.738, 366.279, 372.234, 369.859, 372.607, 412.171, 384.024, 392.606, 375.112, 373.383, 376.476, 389.326, 383.034, 363.183, 396.53, 404.057, 416.273, 379.53, 370.672, 372.131, 377.133, 365.26, 425.125, 421.945, 353.684]] 
RATE (RPS) =====================================: 39

[[371.27, 369.67, 368.797, 383.557, 364.405, 365.187, 365.991, 391.291, 397.774, 380.249, 387.162, 382.076, 385.225, 369.839, 377.222, 356.913, 358.832, 366.289, 393.568, 366.949, 392.941, 382.018, 385.765, 386.445, 396.271, 380.334, 395.674, 406.802, 412.179, 379.385, 389.343, 381.951, 377.533, 408.718, 376.767, 389.863, 383.866, 367.878, 376.438]] 
RATE (RPS) =====================================: 39

[[413.215, 404.495, 384.34, 406.142, 400.057, 392.735, 402.744, 394.356, 381.007, 390.448, 393.956, 396.942, 373.78, 402.514, 386.944, 383.466, 384.661, 388.163, 379.945, 384.904, 378.578, 421.142, 368.072, 368.689, 378.676, 365.186, 371.973, 372.293, 351.721, 384.539, 396.31, 368.484, 381.579, 364.781, 372.976, 371.887, 363.623, 368.683, 366.41]] 
RATE (RPS) =====================================: 39

[[402.555, 412.016, 401.922, 396.892, 390.031, 415.233, 382.269, 374.201, 390.649, 408.789, 398.033, 380.051, 394.441, 387.774, 390.021, 384.319, 380.094, 381.42, 377.057, 406.591, 369.208, 386.127, 375.548, 389.573, 363.193, 380.976, 379.061, 389.282, 367.339, 390.402, 358.183, 396.827, 384.035, 380.551, 371.121, 364.622, 368.06, 372.317, 361.734]] 
RATE (RPS) =====================================: 39

[[367.203, 365.138, 383.841, 371.259, 381.761, 379.855, 363.623, 366.066, 405.093, 382.2, 390.08, 376.46, 384.118, 374.886, 382.433, 373.068, 389.749, 369.937, 371.731, 376.664, 372.316, 400.058, 368.192, 407.674, 379.803, 398.505, 364.109, 374.245, 394.084, 392.423, 366.877, 363.266, 375.009, 365.178, 386.891, 365.441, 367.404, 377.988, 360.037]] 
RATE (RPS) =====================================: 39

[[406.593, 404.925, 412.699, 396.103, 406.647, 388.894, 391.641, 389.406, 394.115, 382.58, 384.968, 389.214, 379.5, 390.545, 370.607, 378.16, 380.791, 364.597, 359.357, 378.147, 361.667, 384.962, 363.973, 372.947, 371.913, 390.672, 371.916, 368.135, 365.619, 358.279, 360.88, 358.074, 356.688, 373.022, 385.383, 375.431, 357.043, 381.525, 378.923]] 
RATE (RPS) =====================================: 39

[[378.426, 361.815, 375.427, 373.667, 385.314, 368.005, 364.207, 377.677, 391.129, 396.192, 388.042, 392.211, 374.599, 378.909, 396.369, 370.214, 371.126, 360.095, 364.891, 366.336, 364.332, 373.867, 392.608, 374.844, 377.115, 354.482, 382.683, 371.26, 358.058, 373.032, 357.252, 376.728, 364.849, 361.736, 366.534, 388.13, 384.644, 366.164, 377.266]] 
RATE (RPS) =====================================: 39

[[395.856, 399.252, 388.947, 393.378, 399.051, 377.312, 384.461, 379.161, 386.008, 372.683, 388.804, 371.823, 379.22, 410.367, 397.789, 387.72, 382.457, 397.059, 383.391, 373.699, 381.222, 379.475, 377.13, 384.501, 366.173, 368.471, 367.19, 366.624, 387.572, 372.355, 354.331, 355.215, 369.25, 351.818, 368.879, 381.873, 351.812, 372.507, 367.694]] 
RATE (RPS) =====================================: 39

[[373.439, 378.252, 365.941, 363.298, 389.886, 361.037, 368.363, 375.723, 376.845, 381.736, 381.83, 405.078, 395.05, 361.08, 388.224, 389.099, 356.843, 364.716, 380.299, 369.599, 356.455, 380.83, 370.153, 367.145, 361.828, 382.967, 366.142, 364.662, 369.892, 355.037, 368.56, 374.509, 360.152, 364.167, 354.818, 361.584, 389.033, 374.657, 377.021]] 
RATE (RPS) =====================================: 39

[[400.942, 405.729, 405.668, 390.011, 411.441, 393.708, 391.527, 380.948, 382.525, 381.332, 388.986, 387.538, 371.376, 361.736, 381.908, 366.844, 355.331, 365.335, 369.628, 355.261, 380.28, 372.539, 354.034, 380.592, 359.821, 357.014, 359.361, 394.805, 376.628, 363.934, 383.764, 373.91, 357.443, 392.441, 378.32, 360.696, 358.856, 369.46, 361.955]] 
RATE (RPS) =====================================: 39

[[513.04, 466.196, 469.175, 453.171, 454.33, 451.852, 498.385, 1085.546, 465.122, 2036.965, 1792.2, 480.312, 2016.315, 2132.484, 1166.03, 1934.145, 2093.622, 1213.78, 2090.542, 1320.657, 1482.181, 963.925, 1882.9299999999998, 1342.0430000000001, 1182.0529999999999, 2035.369, 1477.1019999999999, 1020.033, 1891.214, 951.454, 1506.532, 1002.695, 1715.299, 2112.062, 1750.04, 1981.571, 1038.098, 1936.62, 1169.744, 1168.809]] 
RATE (RPS) =====================================: 11

[[428.201, 434.187, 420.62, 424.958, 426.886, 428.691, 1856.752, 421.137, 2002.905, 414.715, 982.257, 794.602, 1850.202, 1133.911, 639.762, 980.007, 1891.4859999999999, 2095.191, 1932.774, 1951.7179999999998, 1732.6779999999999, 434.879, 1880.549, 1887.829, 1889.3020000000001, 1930.325, 1790.095, 1916.9189999999999, 1828.751, 908.981, 1828.942, 1803.106, 1121.763, 1966.75, 1926.3319999999999, 2028.726, 2070.418, 397.706, 945.046, 1717.975]] 
RATE (RPS) =====================================: 16

[[549.423, 454.356, 542.429, 535.143, 541.61, 530.663, 568.321, 527.182, 526.928, 2249.175, 1784.2240000000002, 526.859, 2542.2200000000003, 1305.891, 2230.301, 551.152, 2196.45, 2216.285, 1261.81, 542.291, 1681.414, 2187.184, 2205.779, 1560.455, 2097.957, 2340.503, 2546.715, 1321.307, 1144.052, 2158.035, 2087.524, 2085.733, 1309.795, 1356.901, 2275.184, 2306.837, 2076.58, 2487.2200000000003, 1363.136, 1267.132]] 
RATE (RPS) =====================================: 12

[[460.457, 445.659, 452.834, 462.97, 459.218, 458.388, 1713.0549999999998, 2045.271, 2035.883, 1167.77, 1926.868, 1017.87, 2083.759, 1725.693, 1202.687, 1897.587, 2063.692, 1321.22, 1516.662, 1868.057, 861.225, 1901.819, 1052.064, 1647.671, 1490.731, 1866.1950000000002, 1043.0, 1637.969, 1003.051, 1150.797, 1157.637, 1836.7559999999999, 1711.705, 1878.7150000000001, 1149.851, 1963.498, 1479.0230000000001, 491.57, 480.278, 488.745]] 
RATE (RPS) =====================================: 10

[[473.804, 450.417, 452.037, 468.95, 450.836, 457.042, 439.626, 452.933, 1503.308, 1543.8899999999999, 2094.623, 1351.501, 1657.0059999999999, 1662.018, 836.579, 1529.6480000000001, 1955.367, 1490.622, 2126.173, 433.153, 1494.424, 2111.297, 1342.642, 2091.92, 1224.353, 1463.875, 1346.526, 2062.942, 1863.0149999999999, 1180.712, 1020.292, 1181.0720000000001, 1481.189, 1012.101, 1168.45, 1166.196, 1940.2820000000002, 2020.593, 1430.247, 1731.217]] 
RATE (RPS) =====================================: 10

[[428.448, 419.883, 427.536, 455.271, 415.752, 420.368, 416.517, 411.518, 431.128, 1040.724, 1515.312, 1340.93, 1926.8310000000001, 2094.396, 1923.646, 1841.6280000000002, 1569.604, 1888.283, 832.672, 1192.966, 1613.8519999999999, 1487.255, 1640.879, 1912.2820000000002, 1020.226, 1485.2930000000001, 1991.536, 1812.3490000000002, 1139.042, 1133.747, 1586.0929999999998, 413.004, 1836.562, 1433.589, 1187.0, 989.667, 1530.404, 1158.713, 1470.372, 1150.3890000000001]] 
RATE (RPS) =====================================: 12

[[412.761, 429.642, 407.481, 416.064, 413.954, 410.095, 422.456, 992.764, 398.741, 1707.9679999999998, 1602.1219999999998, 1854.846, 1130.135, 987.775, 2007.255, 1900.499, 956.487, 1141.624, 1465.586, 1973.9679999999998, 1310.468, 1846.45, 2039.329, 1782.299, 949.828, 955.562, 1470.964, 1419.4279999999999, 975.638, 1397.587, 1782.6950000000002, 963.854, 386.739, 2000.505, 958.908, 1992.7820000000002, 936.614, 1834.142, 1853.394, 940.42]] 
RATE (RPS) =====================================: 19

[[430.817, 430.614, 468.026, 424.939, 427.63, 421.787, 422.46, 426.017, 846.878, 1008.476, 1000.643, 1917.991, 2035.061, 1144.721, 1455.154, 1608.7350000000001, 1824.716, 1002.093, 998.157, 1206.886, 1628.3049999999998, 1930.258, 1860.066, 1831.488, 1836.062, 1823.3, 1893.579, 969.468, 1815.164, 2025.983, 955.179, 1784.024, 2004.882, 1823.363, 939.352, 1777.187, 935.769, 1785.962, 954.647, 1411.009]] 
RATE (RPS) =====================================: 15

[[438.507, 425.169, 430.769, 424.129, 422.279, 421.714, 429.334, 1659.94, 420.469, 1640.0990000000002, 1858.434, 1542.797, 2094.297, 990.713, 1685.097, 1814.842, 496.236, 793.612, 491.03, 502.433, 480.69, 496.859, 470.361, 1760.342, 1363.688, 1542.616, 1727.476, 835.468, 1701.932, 896.487, 1208.9569999999999, 1260.799, 2037.218, 2118.421, 1943.074, 1411.127, 2193.046, 1183.593, 1391.787, 1207.109]] 
RATE (RPS) =====================================: 18

[[483.626, 444.714, 475.152, 485.084, 462.077, 462.94, 1649.4740000000002, 1497.047, 2227.084, 1634.556, 1637.204, 1825.855, 2209.595, 2026.328, 1386.511, 2194.224, 1911.6480000000001, 1993.221, 2060.567, 980.451, 1763.309, 1320.134, 1158.248, 2024.787, 1134.961, 1316.726, 1969.423, 412.974, 1318.471, 2105.229, 1702.9160000000002, 2070.991, 616.509, 415.401, 1129.626, 475.262, 507.395, 482.707, 467.628, 1409.312]] 
RATE (RPS) =====================================: 14

[[446.488, 441.339, 437.119, 769.177, 504.582, 457.104, 456.332, 439.517, 469.286, 456.916, 466.834, 2023.612, 506.945, 510.063, 2852.984, 517.22, 2844.176, 3044.039, 3044.342, 2824.375, 2820.218, 3635.685, 2487.971, 2480.111, 449.3, 3597.508, 2462.952, 2452.42, 2764.984, 1912.2640000000001, 3122.426, 2915.82, 2736.342, 2906.402, 4110.266, 2406.042, 2393.323, 1480.181, 2384.283, 2368.2200000000003, 2365.742, 4062.358, 2346.884, 4050.672, 2875.133]] 
RATE (RPS) =====================================: 15

[[519.49, 511.254, 512.44, 521.694, 503.815, 516.931, 1965.3319999999999, 1113.911, 1079.341, 2293.297, 2004.341, 1953.205, 426.223, 394.418]] 
RATE (RPS) =====================================: 39

[[447.475, 436.593, 428.239, 416.997, 411.752, 423.979, 405.86, 388.237, 421.063, 396.774, 383.028, 413.845, 400.98, 382.649, 398.296]] 
RATE (RPS) =====================================: 45

[[397.222, 418.812, 410.854, 396.035, 400.017, 411.114, 407.34, 387.197, 394.385, 396.194, 388.299, 365.496, 377.553, 375.167, 381.157, 387.805, 368.312, 385.043, 380.614]] 
RATE (RPS) =====================================: 45

[[417.07, 391.582, 374.333, 382.639, 412.8, 387.383, 381.124, 402.161, 388.889, 388.563, 372.064, 408.21, 388.007, 384.824, 1131.439, 387.205, 987.011, 1878.018, 389.371, 372.359]] 
RATE (RPS) =====================================: 43

[[430.903, 384.11, 375.914, 388.915, 403.193, 381.192, 391.228, 380.707, 456.13, 451.725, 429.866, 446.609, 441.829, 419.836, 414.216, 398.466, 401.391]] 
RATE (RPS) =====================================: 45

[[377.799, 370.006, 378.242, 366.745, 400.935, 403.717, 373.607, 429.73, 365.67, 374.721, 397.841, 374.152, 363.469, 361.157, 365.793, 385.321]] 
RATE (RPS) =====================================: 45

[[367.027, 367.317, 370.718, 379.964, 380.089, 381.717, 450.261, 417.228, 431.046, 403.872, 386.206, 390.366, 384.533, 383.141]] 
RATE (RPS) =====================================: 45

[[393.26, 373.372, 425.66, 385.298, 435.937, 428.822, 405.108, 368.941, 368.756, 373.789, 395.105, 396.924, 374.255]] 
RATE (RPS) =====================================: 45

[[359.194, 367.504, 367.329, 392.839, 388.895, 384.814, 471.863, 459.602, 457.176, 452.908, 423.993, 454.283, 434.647, 418.269, 401.037, 1947.234, 1895.806, 2063.624, 1124.857]] 
RATE (RPS) =====================================: 41

[[520.999, 513.729, 500.115, 494.979, 482.278, 470.646, 395.358, 423.699, 397.557, 398.61, 782.079, 396.247, 399.619, 403.888, 382.475]] 
RATE (RPS) =====================================: 50

[[403.464, 379.812, 368.093, 375.328, 377.792, 377.36, 382.625, 352.176, 378.695, 355.658, 372.409, 358.818]] 
RATE (RPS) =====================================: 50

[[379.313, 397.51, 398.088, 402.616, 387.951, 390.769, 382.899, 388.356, 363.198, 363.566, 382.826, 359.215, 383.688, 370.34, 369.236]] 
RATE (RPS) =====================================: 50

[[409.486, 393.592, 372.975, 379.513, 365.634, 384.368, 375.489, 376.087, 369.632, 382.788, 383.611]] 
RATE (RPS) =====================================: 50

[[408.713, 388.445, 400.318, 385.146, 366.373, 385.039, 397.557, 376.775, 371.591, 369.903, 399.061, 372.729]] 
RATE (RPS) =====================================: 50

[[379.508, 374.929, 376.583, 406.111, 399.63, 371.745, 408.647, 402.308, 384.696, 500.357, 490.272, 481.203]] 
RATE (RPS) =====================================: 50

[[380.851, 374.028, 357.711, 404.878, 375.571, 365.666, 374.899, 382.546, 404.051, 385.332, 384.503, 381.275]] 
RATE (RPS) =====================================: 50

[[385.16, 381.338, 389.907, 387.016, 369.303, 371.301, 386.247, 391.151, 364.542, 374.981, 374.449, 383.197, 383.137]] 
RATE (RPS) =====================================: 50

[[398.738, 414.313, 414.538, 421.142, 393.726, 428.238, 399.157, 424.36, 424.024]] 
RATE (RPS) =====================================: 50

[[445.863, 476.424, 472.27, 442.741]] 
RATE (RPS) =====================================: 50

[[375.761, 412.085, 379.296, 364.131, 353.254]] 
RATE (RPS) =====================================: 55

[[403.792, 371.309, 388.019, 374.713, 383.405, 363.692, 383.638, 374.504, 369.203, 360.143, 361.021, 353.395, 372.603]] 
RATE (RPS) =====================================: 55

[[366.292, 374.149, 370.417, 384.054, 371.348, 395.875, 395.421, 374.217, 377.882, 444.635, 377.484, 395.47, 378.399, 389.518]] 
RATE (RPS) =====================================: 55

[[384.086, 380.11, 374.334, 372.639, 380.234, 374.991, 377.374, 369.813]] 
RATE (RPS) =====================================: 55

[[394.416, 463.323, 443.418, 417.851, 368.604, 358.063, 366.69, 360.821]] 
RATE (RPS) =====================================: 55

[[386.732, 380.96, 370.09, 377.412, 356.909, 369.417, 356.482, 374.569]] 
RATE (RPS) =====================================: 55

[[444.558, 384.872, 364.005, 371.862, 368.215, 379.402, 368.683, 387.407, 371.807, 374.46]] 
RATE (RPS) =====================================: 55

[[383.668, 371.516, 368.636, 396.175, 366.979, 381.379, 364.326, 366.869, 376.23, 379.369, 393.352]] 
RATE (RPS) =====================================: 55

[[446.816, 436.67, 424.898, 393.798, 386.928, 364.032, 389.937, 380.179, 364.258, 383.125]] 
RATE (RPS) =====================================: 55

[[379.447, 371.694, 398.498, 382.516, 370.804, 400.509, 377.066, 390.424]] 
RATE (RPS) =====================================: 55

[[444.665, 437.728, 433.306, 438.659, 436.137, 383.649, 448.707, 396.641, 388.182, 371.311]] 
RATE (RPS) =====================================: 60

[[360.277, 370.798, 409.743, 398.86, 387.597, 377.576, 365.928]] 
RATE (RPS) =====================================: 60

[[367.103, 379.947, 385.689, 375.94, 371.589, 385.715, 373.119, 413.396]] 
RATE (RPS) =====================================: 60

[[384.476, 393.663, 383.701, 393.19]] 
RATE (RPS) =====================================: 60

[[378.82, 385.724, 364.476, 362.112, 1433.106, 1390.571, 381.993, 365.934, 364.106]] 
RATE (RPS) =====================================: 58

[[399.208, 381.565, 362.96, 373.829, 359.193, 370.767, 369.338, 372.83, 385.998, 363.812]] 
RATE (RPS) =====================================: 60

[[388.83, 380.948, 386.733, 397.502, 384.633, 417.163, 388.937, 369.15, 364.397, 352.788, 369.043]] 
RATE (RPS) =====================================: 60

[[418.668, 401.357, 413.247, 406.441, 381.998, 411.866, 389.859, 393.064, 400.847, 365.632]] 
RATE (RPS) =====================================: 60

[[480.065, 413.866, 379.392, 399.727, 388.947, 418.991, 388.34, 397.056, 382.999]] 
RATE (RPS) =====================================: 60

[[381.401, 379.957, 450.875, 391.287, 472.139, 424.966, 374.326, 455.313, 397.296, 437.967, 406.947, 428.364, 433.842, 420.972, 1988.004, 424.829, 454.001, 1543.115, 1455.112, 1119.088, 1472.319, 1625.3809999999999, 381.146, 1840.646, 373.101, 356.264, 376.332, 403.251, 1392.403, 383.12, 366.319, 1380.587, 1375.4569999999999, 383.356]] 
RATE (RPS) =====================================: 50

[[390.09, 483.283, 384.783, 387.619, 405.194, 369.384, 404.569, 429.787, 395.962, 416.973, 398.683, 404.268, 379.567, 371.865, 381.782, 387.75, 370.735, 368.852, 383.432, 389.247, 382.205, 371.764, 377.896, 356.525]] 
RATE (RPS) =====================================: 65

[[371.186, 375.814, 387.567, 413.005, 389.922, 395.089, 402.459, 400.201, 406.771, 406.431, 407.811, 403.459, 461.855, 404.984, 419.828, 423.816, 435.299, 440.151, 420.764, 408.979, 414.818, 402.389, 406.791]] 
RATE (RPS) =====================================: 65

[[380.297, 364.857, 372.072, 396.091, 373.782, 361.987, 398.848, 378.527, 397.833, 365.002, 374.289, 367.378, 370.341, 381.257, 447.976, 433.959, 364.463, 371.523, 415.106, 368.684, 412.31, 392.332, 396.532, 384.538, 374.226, 379.426, 386.614, 1202.315, 1260.215, 373.772]] 
RATE (RPS) =====================================: 63

[[390.379, 416.004, 401.959, 380.995, 379.346, 386.63, 387.386, 409.694, 378.894, 403.043, 411.628, 370.67, 395.746, 400.382, 386.443, 381.4, 422.309, 410.975, 399.809, 405.615, 402.83, 426.337, 408.612]] 
RATE (RPS) =====================================: 65

[[427.587, 446.395, 436.683, 493.326, 470.582, 462.454, 469.869, 504.696, 480.879, 471.818, 471.661, 502.535, 511.155, 513.115, 483.376, 484.48, 522.132, 510.304, 494.36, 496.963, 1546.8020000000001, 485.757, 464.908, 1997.971, 1454.374, 468.67, 469.757, 480.427, 460.324, 484.88]] 
RATE (RPS) =====================================: 62

[[477.246, 475.717, 457.184, 449.7, 457.314, 450.778, 445.907, 440.836, 447.046, 450.407, 438.389, 411.676, 438.548, 428.987, 436.307, 450.36, 448.792, 421.883, 433.834, 412.684, 412.104]] 
RATE (RPS) =====================================: 65

[[374.209, 413.457, 398.037, 381.107, 380.839, 405.502, 418.326, 398.094, 391.052, 363.116, 381.442, 390.114, 379.793, 386.764, 403.145, 370.921, 388.804, 370.837, 381.844, 375.46, 375.062, 372.125, 379.988, 376.496, 383.636, 402.878, 368.414]] 
RATE (RPS) =====================================: 65

[[404.46, 417.844, 409.143, 401.709, 393.822, 370.338, 375.215, 376.367, 398.09, 366.172, 380.302, 387.07, 389.222, 385.921, 362.735, 361.953, 368.289, 385.25, 393.999, 371.471, 383.072, 370.055, 382.886, 372.405, 396.546, 403.687, 373.839, 370.325]] 
RATE (RPS) =====================================: 65

[[372.79, 380.597, 385.104, 413.573, 412.35, 407.841, 387.684, 381.576, 384.018, 364.966, 386.111, 359.185, 368.244, 366.471, 414.023, 382.159, 388.072, 372.721, 360.52, 353.195, 370.423, 373.904, 357.108, 398.161, 361.521, 362.71]] 
RATE (RPS) =====================================: 65

[[374.506, 386.752, 380.408, 418.243, 391.254, 376.391, 405.597, 388.745, 384.717, 1389.569, 403.648, 386.172, 374.889, 375.513, 375.536, 374.236, 406.337, 376.186, 358.795, 382.219, 376.623, 384.497, 394.2, 359.092, 433.922, 437.243, 422.024, 397.382, 386.358, 395.072]] 
RATE (RPS) =====================================: 64

average response time [0]422.332
average response time [1]372.979
average response time [2]360.655
average response time [3]379.209
average response time [4]354.395
average response time [5]346.666
average response time [6]352.648
average response time [7]393.09
average response time [8]352.004
average response time [9]347.754
TOTAL AVERAGE RESPONSE TIME ====================: 368.1732
NUMBER OF THREADS ==============================: 1
TOTAL AVERAGE RATE (RPS) =====================================: 1.0
average response time [10]363.668
average response time [11]394.3455
average response time [12]371.4055
average response time [13]382.76649999999995
average response time [14]417.4345
average response time [15]367.77599999999995
average response time [16]357.807
average response time [17]359.356
average response time [18]398.4495
average response time [19]351.286
TOTAL AVERAGE RESPONSE TIME ====================: 376.42945000000003
NUMBER OF THREADS ==============================: 2
TOTAL AVERAGE RATE (RPS) =====================================: 2.0
average response time [20]366.327
average response time [21]405.00175
average response time [22]385.29625
average response time [23]387.43375000000003
average response time [24]422.9255
average response time [25]367.5045
average response time [26]351.81624999999997
average response time [27]350.73775
average response time [28]398.03
average response time [29]362.48625
TOTAL AVERAGE RESPONSE TIME ====================: 379.7559
NUMBER OF THREADS ==============================: 4
TOTAL AVERAGE RATE (RPS) =====================================: 4.0
average response time [30]365.894125
average response time [31]380.53587500000003
average response time [32]371.867125
average response time [33]382.227625
average response time [34]393.451125
average response time [35]363.19025
average response time [36]365.021875
average response time [37]363.804125
average response time [38]409.11725
average response time [39]360.804625
TOTAL AVERAGE RESPONSE TIME ====================: 375.59139999999996
NUMBER OF THREADS ==============================: 8
TOTAL AVERAGE RATE (RPS) =====================================: 8.0
average response time [40]371.9060625
average response time [41]390.9790625
average response time [42]363.314375
average response time [43]364.0258125
average response time [44]408.7414375
average response time [45]358.8451875
average response time [46]406.389875
average response time [47]379.0900625
average response time [48]413.0849375
average response time [49]363.8129375
TOTAL AVERAGE RESPONSE TIME ====================: 382.01897499999995
NUMBER OF THREADS ==============================: 16
TOTAL AVERAGE RATE (RPS) =====================================: 16.0
average response time [50]372.28046875
average response time [51]383.69228125
average response time [52]374.3361875
average response time [53]386.64746875
average response time [54]371.557
average response time [55]381.1346875
average response time [56]372.75878125
average response time [57]367.8099375
average response time [58]383.78940625
average response time [59]382.938125
TOTAL AVERAGE RESPONSE TIME ====================: 377.694434375
NUMBER OF THREADS ==============================: 32
TOTAL AVERAGE RATE (RPS) =====================================: 32.0
average response time [60]372.6728787878788
average response time [61]375.59724242424244
average response time [62]418.37636363636364
average response time [63]387.22848484848487
average response time [64]370.65342424242425
average response time [65]380.27366666666666
average response time [66]382.8041818181818
average response time [67]375.90169696969696
average response time [68]379.5508181818182
average response time [69]369.09775757575756
TOTAL AVERAGE RESPONSE TIME ====================: 381.2156515151515
NUMBER OF THREADS ==============================: 33
TOTAL AVERAGE RATE (RPS) =====================================: 32.9
average response time [70]398.69535294117645
average response time [71]371.14961764705885
average response time [72]379.6604411764706
average response time [73]387.2370588235294
average response time [74]414.74394117647057
average response time [75]391.90282352941176
average response time [76]369.5745
average response time [77]392.8176470588235
average response time [78]373.7974117647059
average response time [79]397.33526470588237
TOTAL AVERAGE RESPONSE TIME ====================: 387.69140588235297
NUMBER OF THREADS ==============================: 34
TOTAL AVERAGE RATE (RPS) =====================================: 34.0
average response time [80]382.35405714285713
average response time [81]393.9405142857143
average response time [82]379.1285142857143
average response time [83]389.13342857142857
average response time [84]384.6513142857143
average response time [85]370.34534285714284
average response time [86]378.33331428571427
average response time [87]379.11837142857144
average response time [88]372.71605714285715
average response time [89]403.2877142857143
TOTAL AVERAGE RESPONSE TIME ====================: 383.3008628571428
NUMBER OF THREADS ==============================: 35
TOTAL AVERAGE RATE (RPS) =====================================: 35.0
average response time [90]376.63283333333334
average response time [91]369.75797222222224
average response time [92]389.1108611111111
average response time [93]369.58469444444444
average response time [94]394.04155555555553
average response time [95]371.64694444444444
average response time [96]378.8596944444444
average response time [97]377.41988888888886
average response time [98]383.8450555555556
average response time [99]387.7561111111111
TOTAL AVERAGE RESPONSE TIME ====================: 379.8655611111111
NUMBER OF THREADS ==============================: 36
TOTAL AVERAGE RATE (RPS) =====================================: 36.0
average response time [100]379.51156756756757
average response time [101]369.3218108108108
average response time [102]377.4864324324324
average response time [103]398.1425135135135
average response time [104]368.34583783783785
average response time [105]407.8823783783784
average response time [106]376.8768918918919
average response time [107]406.23713513513513
average response time [108]416.10732432432434
average response time [109]402.17372972972976
TOTAL AVERAGE RESPONSE TIME ====================: 390.20856216216214
NUMBER OF THREADS ==============================: 37
TOTAL AVERAGE RATE (RPS) =====================================: 37.0
average response time [110]908.2145263157895
average response time [111]395.6301315789474
average response time [112]395.46781578947366
average response time [113]377.84915789473683
average response time [114]387.4691842105263
average response time [115]366.7876052631579
average response time [116]431.091
average response time [117]369.9491052631579
average response time [118]380.95465789473684
average response time [119]372.7448684210526
TOTAL AVERAGE RESPONSE TIME ====================: 438.61580526315794
NUMBER OF THREADS ==============================: 38
TOTAL AVERAGE RATE (RPS) =====================================: 37.9
average response time [120]385.05825641025643
average response time [121]381.34453846153843
average response time [122]383.60041025641027
average response time [123]384.6799230769231
average response time [124]377.81192307692305
average response time [125]379.1420769230769
average response time [126]374.365
average response time [127]378.78282051282054
average response time [128]372.4602564102564
average response time [129]376.5032564102564
TOTAL AVERAGE RESPONSE TIME ====================: 379.3748461538462
NUMBER OF THREADS ==============================: 39
TOTAL AVERAGE RATE (RPS) =====================================: 39.0
average response time [130]1318.591075
average response time [131]1337.95085
average response time [132]1501.0539
average response time [133]1315.4475
average response time [134]1304.07195
average response time [135]1224.641675
average response time [136]1220.745725
average response time [137]1287.1712
average response time [138]1155.32375
average response time [139]1296.234175
TOTAL AVERAGE RESPONSE TIME ====================: 1296.12318
NUMBER OF THREADS ==============================: 40
TOTAL AVERAGE RATE (RPS) =====================================: 13.7
average response time [140]2024.4434888888889
average response time [141]1022.5494285714285
average response time [142]410.3844666666667
average response time [143]390.9797894736842
average response time [144]531.2526
average response time [145]411.5429411764706
average response time [146]380.5565625
average response time [147]392.39178571428573
average response time [148]394.24823076923076
average response time [149]698.2038947368421
TOTAL AVERAGE RESPONSE TIME ====================: 665.6553188497498
NUMBER OF THREADS ==============================: 45
TOTAL AVERAGE RATE (RPS) =====================================: 40.8
average response time [150]464.15186666666665
average response time [151]373.51916666666665
average response time [152]381.30473333333333
average response time [153]381.19772727272726
average response time [154]385.1375
average response time [155]414.66575
average response time [156]380.94258333333335
average response time [157]380.133
average response time [158]413.13733333333334
average response time [159]459.3245
TOTAL AVERAGE RESPONSE TIME ====================: 403.3514160606061
NUMBER OF THREADS ==============================: 50
TOTAL AVERAGE RATE (RPS) =====================================: 50.0
average response time [160]376.9054
average response time [161]373.80284615384613
average response time [162]385.36864285714285
average response time [163]376.697625
average response time [164]396.64825
average response time [165]371.571375
average response time [166]381.5271
average response time [167]377.13627272727274
average response time [168]397.0641
average response time [169]383.86975
TOTAL AVERAGE RESPONSE TIME ====================: 382.0591361738262
NUMBER OF THREADS ==============================: 55
TOTAL AVERAGE RATE (RPS) =====================================: 55.0
average response time [170]417.8985
average response time [171]381.53985714285716
average response time [172]381.56225
average response time [173]388.7575
average response time [174]602.9824444444445
average response time [175]373.95
average response time [176]381.82945454545455
average response time [177]398.2979
average response time [178]405.48699999999997
average response time [179]733.8083235294117
TOTAL AVERAGE RESPONSE TIME ====================: 446.6113229662168
NUMBER OF THREADS ==============================: 60
TOTAL AVERAGE RATE (RPS) =====================================: 58.8
average response time [180]391.34229166666665
average response time [181]408.6690869565217
average response time [182]441.55173333333335
average response time [183]398.13417391304347
average response time [184]598.9413333333333
average response time [185]442.17614285714285
average response time [186]385.6097037037037
average response time [187]384.00667857142855
average response time [188]379.4241153846154
average response time [189]423.2042
TOTAL AVERAGE RESPONSE TIME ====================: 425.3059459719789
NUMBER OF THREADS ==============================: 65
TOTAL AVERAGE RATE (RPS) =====================================: 64.4
average response time sent to Stackdriver [0]422.9255
average response time sent to Stackdriver [1]379.0900625
average response time sent to Stackdriver [2]387.22848484848487
average response time sent to Stackdriver [3]382.35405714285713
average response time sent to Stackdriver [4]378.8596944444444
average response time sent to Stackdriver [5]395.6301315789474
average response time sent to Stackdriver [6]374.365
average response time sent to Stackdriver [7]1501.0539
average response time sent to Stackdriver [8]1287.1712
average response time sent to Stackdriver [9]2024.4434888888889
average response time sent to Stackdriver [10]464.15186666666665
average response time sent to Stackdriver [11]396.64825
average response time sent to Stackdriver [12]381.82945454545455
average response time sent to Stackdriver [13]398.13417391304347
NUMBER OF THREADS: [1, 2, 4, 8, 16, 32, 33, 34, 35, 36, 37, 38, 39, 40, 45, 50, 55, 60, 65]
WORKLOAD: HFU_LV AND HFU_HV;  
TOTAL EXECUTION TIME (Concurrent Parallel Requests): 150486.128
TOTAL NUMBER OF REPLICAS USED: 8

