[[399.063]] 
[[406.098]] 
[[382.065]] 
[[379.1]] 
[[384.022]] 
[[439.416]] 
[[385.884]] 
[[379.177]] 
[[379.366]] 
[[380.301]] 
[[428.728, 379.016]] 
[[428.179, 386.438]] 
[[383.023, 419.058]] 
[[376.989, 419.268]] 
[[387.27, 416.804]] 
[[393.329, 438.903]] 
[[386.53, 428.351]] 
[[427.57, 378.349]] 
[[429.505, 387.032]] 
[[387.689, 426.207]] 
[[380.72, 524.069, 474.251, 417.988]] 
[[383.009, 421.095, 454.923, 488.433]] 
[[491.015, 400.658, 436.083, 516.227]] 
[[386.981, 438.045, 520.185, 470.265]] 
[[512.418, 382.376, 411.526, 437.989]] 
[[398.418, 439.282, 458.54, 481.305]] 
[[382.877, 419.769, 437.492, 473.394]] 
[[384.096, 462.674, 498.489, 394.285]] 
[[385.707, 422.042, 475.003, 472.16]] 
[[430.097, 385.764, 444.976, 480.294]] 
[[451.974, 395.56, 472.144, 511.209, 543.015, 581.224, 651.793, 594.462]] 
[[509.868, 379.359, 407.289, 520.742, 554.06, 586.089, 621.166, 667.937]] 
[[410.465, 519.775, 460.469, 582.031, 527.797, 665.955, 598.482, 711.996]] 
[[379.7, 413.296, 458.972, 532.357, 562.754, 472.101, 579.137, 614.225]] 
[[409.754, 465.164, 464.939, 496.153, 570.991, 597.895, 496.749, 912.393]] 
[[824.092, 453.446, 2627.054, 560.801, 510.514, 1465.13, 749.381, 425.28]] 
[[1453.041, 1405.33, 1479.085, 419.772, 493.523, 584.029, 439.024, 537.154]] 
[[388.466, 416.814, 496.331, 446.212, 515.173, 556.839, 601.633, 637.589]] 
[[420.26, 457.982, 492.638, 567.962, 613.134, 504.506, 671.993, 621.447]] 
[[391.512, 435.639, 497.587, 432.297, 507.075, 539.446, 681.864, 611.204]] 
[[485.06, 389.226, 412.819, 546.11, 486.048, 567.735, 601.143, 631.09, 1476.248, 666.765, 1519.3609999999999, 1012.559, 903.34, 1557.424, 1143.377, 967.226]] 
[[1403.835, 416.329, 1209.123, 457.622, 527.43, 487.947, 1944.2440000000001, 1690.289, 494.957]] 
[[393.196, 424.555, 448.49, 450.856, 497.72, 512.269, 541.043, 568.748, 657.985, 595.865, 676.306, 1194.17]] 
[[393.404, 429.974, 444.558, 458.613, 479.87, 535.467, 474.475, 544.282]] 
[[386.204, 412.085, 401.774, 435.192, 471.711, 495.469, 514.431, 562.665]] 
[[430.856, 451.448, 519.774, 476.295, 535.408, 561.65, 581.063]] 
[[430.281, 381.782, 452.899, 476.758, 502.291, 589.454, 493.127, 615.766]] 
[[449.556, 392.951, 512.741, 446.031, 524.322, 558.611, 634.875, 681.452, 574.451, 692.954, 724.224]] 
[[384.472, 414.159, 533.942, 447.9, 481.358, 595.251, 541.416, 618.598, 628.858]] 
[[395.02, 414.649, 440.938, 398.646, 514.061, 455.285, 540.606]] 
[[375.571, 464.354, 404.668, 467.923, 509.035, 573.829, 597.053, 631.15, 664.406, 765.26, 712.896, 666.244, 787.911, 801.046, 833.322, 855.94, 892.052]] 
[[393.623, 427.09, 466.614, 526.742, 564.924, 578.744, 607.52, 667.597, 702.328, 612.853, 724.941, 761.317, 757.131, 766.65, 796.435]] 
[[424.57, 461.303, 501.526, 541.089, 562.343, 593.838, 587.644, 627.488, 662.243, 667.884, 674.389, 711.132, 711.652]] 
[[424.6, 473.116, 498.461, 525.68, 550.812, 595.911, 615.666, 647.798, 604.066, 804.628, 716.772, 667.199, 734.24, 757.259, 789.242, 825.926, 899.703, 846.874]] 
[[385.662, 427.159, 465.605, 429.628, 474.113, 520.07, 556.633, 586.836, 592.396, 610.8, 587.002, 621.387]] 
[[416.295, 437.86, 470.788, 492.149, 497.893, 491.207, 512.832, 589.182, 538.546, 625.853, 567.807, 632.837, 654.724, 734.004, 683.557, 761.382]] 
[[415.694, 454.229, 487.698, 510.858, 565.178, 520.614, 593.059, 625.625, 664.873, 706.471, 744.172, 769.606, 895.36, 802.185, 829.997, 909.049, 946.216, 976.672, 1036.4470000000001, 1161.573, 1111.967, 1193.826, 1226.124]] 
[[405.46, 423.449, 462.306, 478.448, 418.331, 488.963, 500.66, 601.277, 513.05, 643.748, 740.241, 675.497, 621.617, 698.034, 717.878, 762.485, 776.445, 790.404, 846.451]] 
[[385.191, 436.001, 476.487, 494.171, 520.554, 535.034, 608.826, 559.369, 627.397, 645.593, 644.397, 669.693, 703.573]] 
[[402.578, 426.527, 473.108, 549.683, 495.784, 568.696, 582.41, 628.501, 575.715, 614.57, 652.816, 601.61, 723.811, 762.81, 657.798]] 
[[482.365, 582.365, 501.858, 582.302, 624.711, 626.932, 643.022, 658.941, 665.207, 733.531, 682.27, 736.183, 772.907, 808.845, 830.096, 897.204, 841.882, 939.173, 1012.028, 944.029, 1045.16, 1113.1680000000001, 1174.926, 1182.614, 1212.422, 1235.095, 1244.183, 1246.55, 1274.634, 1297.199, 1194.396, 1217.85, 1242.105, 1264.883]] 
[[431.745, 481.121, 499.338, 554.581, 451.843, 477.272, 555.513, 567.146, 614.908, 609.06, 641.393, 635.301, 670.768, 731.38, 681.211, 761.155, 775.152, 798.59, 835.755, 855.642, 911.809, 1060.714, 981.764, 1073.007, 1016.25, 1005.726, 1036.082, 1062.71, 1084.598, 1123.203, 1146.819]] 
[[392.119, 432.867, 510.644, 568.229, 515.856, 540.682, 549.414, 615.936, 584.14, 642.551, 641.32, 647.645, 690.036, 720.373, 753.156, 786.172, 794.941, 796.145, 886.26, 811.652, 886.3, 874.273, 905.219, 1018.063, 1143.688, 896.198, 1040.723, 1088.583, 1121.61, 1126.21, 1137.941, 1153.622, 1146.479]] 
[[478.11, 395.618, 510.895, 511.397, 517.452, 560.726, 591.033, 581.458, 624.674, 700.47, 647.229, 753.548, 789.157, 828.309, 815.675, 841.814, 881.457, 867.85, 910.589, 914.298, 926.51, 945.265, 991.617, 1059.245, 1089.825, 1057.5, 1087.194, 1122.941, 1268.724, 1135.37, 1140.911, 1153.725, 1307.422, 1204.327, 1227.6680000000001, 1306.632, 1356.17, 1303.241, 1375.896, 1403.171]] 
[[399.509, 427.781, 503.482, 512.871, 564.528, 628.022, 675.796, 705.638, 803.626, 731.639, 846.04, 874.955, 898.454, 1002.93, 891.07, 1023.325, 1046.064, 1109.139, 1050.677, 1108.546, 1164.5430000000001, 1172.923, 1200.55, 1222.244, 1254.458, 1290.097, 1306.466, 1331.871, 1371.21, 1319.526, 1364.17, 1396.655, 1420.6, 1462.484, 1547.3220000000001, 1470.226, 1591.3899999999999, 1657.211, 1844.902, 1732.434, 1784.383]] 
[[391.806, 517.403, 421.572, 509.28, 552.669, 610.387, 636.343, 663.636, 688.897, 689.17, 805.969, 722.623, 839.326, 873.884, 911.763, 991.386, 944.341, 1017.396, 983.922, 1016.086, 1085.831, 1026.144, 1135.99, 1073.534, 1129.836, 1160.19, 1223.644, 1351.054, 1239.158, 1321.47, 1332.624, 1334.6100000000001, 1440.584, 1392.313, 1470.005, 1503.652, 1521.741, 1681.196, 1635.7469999999998, 1543.188, 1551.234]] 
[[417.546, 457.916, 470.235, 485.677, 492.006, 534.737, 522.909, 491.294, 483.582, 551.159, 506.816, 526.841, 479.639, 457.411, 455.446, 486.683, 513.936, 518.388, 509.173, 561.579, 625.955]] 
[[418.184, 403.489, 453.284, 445.244, 479.39, 491.936, 618.098, 515.958, 549.328, 570.185, 590.215, 550.231, 605.901, 611.673, 637.286, 662.375, 909.922, 724.278, 1229.137, 1427.681, 1280.301, 726.974, 745.803]] 
[[599.087, 1174.074, 473.108, 416.566, 625.529, 679.648, 731.282, 1114.278, 686.022, 746.104, 532.484, 1219.599, 550.665, 1411.247, 1458.6109999999999, 654.927, 686.009, 491.274, 1431.2440000000001, 490.113, 1444.173, 608.501, 611.448, 432.677, 601.874, 455.547, 624.929, 667.43, 496.084, 671.285, 510.352, 692.588, 721.165, 576.634, 510.765, 729.367, 751.103, 556.45, 665.703, 770.362, 717.723, 542.565, 573.83, 766.992, 792.725]] 
[[1103.539, 462.044, 507.279, 1438.114, 576.653, 537.578, 1408.112, 412.816, 440.814, 554.423, 584.674, 486.321, 427.903, 1398.777, 464.269, 1393.189, 481.441, 553.731, 504.852, 509.679, 513.012, 522.733, 540.045, 574.986, 548.485, 528.216, 552.767, 575.823, 606.342, 636.047, 530.268, 560.426, 578.001, 627.308, 620.619, 653.162, 605.483, 520.125, 635.203, 673.257, 612.245, 636.654, 662.135, 665.935, 669.006, 681.544, 632.411]] 
[[397.346, 415.119, 465.815, 438.464, 517.135, 451.912, 539.158, 529.519, 567.336, 553.797, 588.682, 573.886, 597.316, 640.165, 672.163, 717.156, 559.666, 717.214, 568.199, 743.058, 572.357, 729.571, 720.19, 496.343, 724.666, 518.224, 727.866, 552.763, 507.296, 576.987, 610.015, 631.252, 693.089, 676.928, 723.759, 644.207, 676.6, 689.843, 719.981, 765.297, 804.143, 828.496]] 
[[387.527, 398.222, 435.5, 407.054, 430.555, 417.704, 464.53, 435.895, 461.417, 501.751, 457.115, 534.068, 583.444, 590.962, 639.756, 481.067, 659.538, 510.451, 551.657, 668.748, 639.039, 720.741, 529.064, 506.364, 664.503, 575.395, 614.775, 663.763, 633.254, 679.507, 634.468, 657.348, 710.558, 666.534, 616.828, 724.742, 637.987, 655.623, 674.599, 675.901, 680.653, 709.288, 564.854, 591.141, 692.956, 712.451]] 
[[466.626, 475.134, 1383.837, 504.289, 551.456, 1452.999, 444.086, 531.401, 493.05, 536.488, 1488.536, 1402.8899999999999, 454.874, 521.141, 469.076, 542.928, 581.455, 1385.203, 545.599, 440.326, 485.418, 558.924, 511.768, 524.142, 533.349, 551.062, 516.247, 536.246, 496.497, 490.009, 497.672, 529.116, 530.277, 449.166, 499.346, 510.558, 512.06, 509.496, 543.752, 580.718, 511.153, 551.83, 463.532]] 
[[401.892, 545.697, 386.676, 449.603, 552.644, 409.137, 439.953, 428.46, 466.005, 510.262, 458.186, 557.178, 497.88, 445.03, 592.018, 473.437, 526.876, 533.305, 603.902, 591.667, 616.508, 628.807, 623.619, 582.754, 647.166, 607.156, 672.297, 616.033, 639.128, 691.695, 800.226, 696.298, 717.329, 597.292, 757.132, 603.184, 737.919, 532.317, 695.265, 569.507, 630.331, 584.188, 657.792]] 
[[408.566, 450.99, 470.39, 438.85, 482.897, 411.527, 510.708, 424.549, 532.155, 564.656, 577.018, 449.465, 458.376, 487.073, 528.362, 476.333, 487.211, 436.812, 458.601, 409.784, 414.019, 382.021, 419.433, 413.382, 431.274, 458.936, 409.129, 437.016]] 
[[451.087, 408.954, 429.96, 431.546, 454.315, 500.012, 575.229, 455.119, 499.359, 462.701, 416.108, 415.522, 389.031, 420.523, 432.312, 468.486, 488.83, 400.302, 481.957, 522.503, 523.582, 544.848, 417.759]] 
[[484.971, 434.558, 423.701, 466.823, 387.419, 444.987, 466.216, 459.593, 489.795, 446.564, 523.33, 403.895, 472.698, 517.316, 544.861, 514.601, 540.257, 578.875, 551.719, 638.301, 565.703, 657.935, 585.053, 650.405, 482.552, 574.338, 600.15, 494.488, 556.36, 569.725, 582.935, 525.135]] 
[[409.715, 389.54, 425.506, 462.644, 478.85, 423.547, 501.272, 514.17, 400.734, 484.82, 614.918, 521.761, 457.506, 563.191, 571.66, 607.581, 638.737, 437.042, 644.268, 418.357, 664.292, 429.257, 456.364, 475.273, 490.043, 591.428, 435.566, 507.701, 439.684, 503.587, 516.826, 558.145, 591.044, 446.446, 428.746]] 
[[395.032, 433.749, 421.501, 481.261, 443.127, 479.619, 504.02, 509.38, 537.386, 564.75, 515.691, 599.892, 545.657, 656.082, 600.251, 672.087, 518.076, 537.348, 674.386, 694.681, 710.714, 748.127, 785.536, 482.428, 492.148, 727.348, 734.56, 755.088, 429.34, 391.489]] 
[[394.474, 406.923, 450.216, 416.989, 438.842, 449.132, 457.916, 503.198, 452.657, 466.482, 438.109, 464.026, 467.006, 485.931, 520.814, 546.947, 436.451, 454.214, 531.044, 429.781, 401.983, 403.989, 401.23, 447.667, 448.214, 403.913, 397.172, 455.11, 503.188]] 
[[426.284, 412.628, 437.877, 466.653, 488.363, 527.46, 555.027, 407.244, 430.455, 450.535, 482.16, 511.098, 511.045, 421.362, 474.654, 494.678, 421.416, 438.62, 468.866, 474.966, 401.47, 487.999, 480.115, 507.888, 450.44, 469.561, 591.935, 456.499, 453.975, 401.281, 481.096, 509.09, 466.977, 503.742]] 
[[386.886, 433.319, 407.384, 438.339, 448.445, 479.397, 508.092, 576.134, 449.077, 643.147, 478.352, 532.024, 655.76, 549.855, 687.515, 667.268, 582.668, 708.541, 678.532, 697.124, 737.476, 688.056, 700.464, 768.868, 708.687, 652.929, 643.921, 681.907, 720.436, 653.171, 662.811, 692.793, 715.973, 655.017, 677.773, 704.141, 605.98]] 
[[453.025, 411.66, 529.116, 427.266, 452.05, 551.758, 573.713, 453.145, 475.761, 517.122, 532.348, 520.009, 516.15, 537.1, 572.363, 501.143, 571.42, 517.505, 590.333, 533.727, 568.108, 597.757, 549.477, 589.313, 639.575, 574.504, 620.866, 554.394, 588.865, 640.002, 595.877, 645.608, 614.377, 683.781, 627.404, 670.05, 707.676, 534.406]] 
[[404.073, 428.969, 476.42, 459.481, 476.265, 535.392, 485.105, 564.592, 396.178, 420.239, 450.822, 484.661, 544.015, 568.811, 589.718, 587.919, 481.207, 392.37, 407.657, 542.036, 471.763, 533.617, 535.039, 555.322, 602.518, 541.765, 546.432, 595.219, 570.402, 609.952, 555.285]] 
[[451.889, 411.467, 440.454, 429.938, 410.97, 439.729, 463.435, 400.313, 432.704, 470.606, 448.059, 483.685, 473.942, 480.181, 525.113, 556.106, 587.438, 625.288, 412.977, 407.815, 425.718, 456.92, 471.817, 509.663, 485.404, 412.222, 488.455, 488.728, 381.802, 445.345]] 
[[385.815, 427.371, 528.486, 455.942, 577.481, 636.76, 633.222, 713.038, 666.344, 477.888, 707.082, 500.241, 447.276, 786.324, 731.71, 779.884, 464.635, 807.111, 834.775, 459.217, 500.785, 533.923, 826.664, 539.146, 810.182, 504.349, 773.4, 789.322, 450.07, 810.64, 844.803, 497.354, 443.28, 815.219, 845.916, 455.173, 455.474, 486.42, 805.137]] 
[[418.38, 436.9, 401.91, 435.47, 478.482, 492.723, 390.619, 487.076, 511.597, 418.425, 430.017, 510.829, 434.907, 484.33, 485.316, 483.81, 498.031, 427.549, 493.312, 438.803, 389.927, 418.627, 506.009, 449.366, 386.944, 429.993, 409.879, 414.921]] 
[[395.306, 414.67, 442.489, 497.801, 414.338, 457.308, 479.164, 549.17, 609.42, 440.27, 588.086, 535.307, 487.123, 565.6, 473.274, 439.186, 562.672, 434.995, 505.211, 545.976, 488.106, 527.904, 563.732, 556.003, 590.166, 598.196, 539.459, 545.983, 580.862, 597.732]] 
[[440.774, 384.563, 441.242, 393.177, 417.515, 509.232, 431.742, 460.151, 421.536, 578.027, 591.848, 466.32, 629.382, 648.258, 488.255, 562.858, 647.749, 596.633, 689.314, 728.633, 772.518, 672.42, 725.094, 786.633, 831.583, 856.34, 870.752, 891.519, 670.976, 713.516, 724.224, 864.884, 658.307, 676.046, 714.763, 731.654, 728.671, 747.993, 748.281, 792.411, 762.916]] 
[[423.278, 434.006, 424.305, 441.556, 397.129, 445.086, 460.874, 446.71, 459.132, 478.74, 482.165, 477.905, 478.426, 517.646, 427.636, 456.125, 485.203, 429.203, 486.841, 417.811, 519.013, 450.962, 538.207, 544.137, 432.403]] 
[[415.603, 432.417, 428.893, 461.245, 513.482, 556.231, 589.326, 455.986, 513.732, 442.099, 572.644, 481.363, 536.749, 471.936, 524.664, 586.73, 587.872, 527.362, 501.774, 561.815, 626.152, 598.785, 509.384, 607.343, 674.748, 683.009, 599.376, 752.284, 659.767, 662.356, 718.813, 709.112, 610.944, 629.224, 670.126]] 
[[401.34, 459.219, 479.174, 417.323, 457.179, 510.413, 521.124, 428.429, 463.599, 563.386, 446.897, 500.346, 492.508, 520.244, 516.634, 475.777, 583.135, 501.896, 581.216, 600.971, 511.38, 392.382, 437.366, 489.992, 516.058, 469.443, 485.839, 573.136, 493.427, 470.268, 561.769, 494.29, 492.92, 516.916, 518.602, 556.828, 543.499]] 
[[446.263, 399.87, 440.108, 490.293, 557.388, 412.415, 570.237, 410.066, 430.586, 532.107, 467.01, 557.464, 466.061, 531.014, 443.315, 549.994, 456.539, 501.865, 518.547, 548.667, 555.222, 490.765, 548.962, 492.391, 537.89, 564.983, 483.751, 416.379, 506.777]] 
[[440.346, 454.419, 454.174, 470.285, 436.91, 463.875, 419.042, 489.911, 422.977, 500.173, 497.656, 540.276, 439.688, 489.399, 584.415, 534.274, 627.672, 659.92, 719.953, 429.621, 646.397, 704.537, 745.623, 756.36, 406.975, 437.326, 467.231, 658.379, 683.508, 718.377, 435.62, 504.164]] 
[[398.295, 405.803, 452.171, 477.866, 520.984, 478.565, 535.491, 534.975, 488.521, 560.411, 589.959, 629.449, 569.721, 539.031, 578.098, 625.523, 665.023, 714.921, 576.984, 696.184, 734.566, 557.564, 687.598, 533.438, 553.593, 663.957, 674.561, 743.529, 496.523, 680.426, 715.226, 781.111, 820.833, 453.764, 482.093, 822.749, 884.446, 951.244, 954.832, 991.981, 1391.636]] 
[[440.335, 507.641, 593.235, 397.944, 411.124, 462.703, 658.432, 482.183, 541.902, 417.844, 550.339, 572.988, 621.507, 674.898, 449.521, 468.904, 526.61, 667.263, 515.088, 610.237, 567.232, 696.007, 518.218, 765.882, 697.179, 637.032, 575.462, 494.418, 786.0, 859.295, 656.686, 664.089, 404.877, 641.041, 686.237, 874.189, 423.018, 737.737, 431.775, 895.412, 612.145, 466.5, 406.997, 456.134, 454.948, 493.312, 838.698]] 
[[421.351, 446.563, 408.983, 508.382, 417.734, 463.634, 438.6, 529.415, 623.255, 696.552, 455.422, 477.85, 748.658, 414.282, 523.637, 886.601, 430.254, 996.676, 583.637, 523.559, 459.697, 1016.9110000000001, 485.788, 498.348, 519.016, 588.676, 623.156, 998.305, 1079.2069999999999, 442.969, 616.243, 676.319, 1099.999, 436.899, 471.629, 513.86, 574.889, 1082.087, 1147.487, 1217.7649999999999, 1292.229, 527.89, 554.707, 1337.189, 575.422, 492.175, 511.184, 539.056, 610.238, 1323.528, 515.789, 445.762]] 
[[453.558, 539.726, 415.837, 441.903, 579.955, 647.534, 515.814, 447.28, 424.617, 449.558, 475.026, 536.36, 693.592, 759.055, 849.4, 461.087, 514.645, 905.329, 971.977, 500.705, 570.526, 1060.461, 1120.427, 430.128, 1177.9859999999999, 438.606, 1240.627, 466.88, 1317.712, 431.682, 1326.741, 439.913, 1376.2069999999999, 484.143, 470.42, 533.196, 477.096, 516.791, 457.518, 1273.951, 1376.4560000000001, 464.429, 525.529, 1413.894, 1486.85, 424.907, 430.281]] 
[[508.094, 414.393, 439.209, 404.773, 508.011, 522.984, 594.303, 457.208, 634.282, 565.817, 672.997, 626.419, 727.115, 796.649, 437.065, 624.7, 411.068, 615.248, 571.216, 683.962, 421.38, 866.627, 601.231, 730.311, 636.647, 897.276, 415.432, 960.926, 648.118, 424.045, 657.88, 427.101, 466.939, 954.309, 631.245, 674.404, 1019.151, 418.244, 1060.951, 422.131, 1121.421, 450.693, 589.258, 619.876, 1164.815, 424.89, 453.824, 1210.143, 588.897, 451.829, 471.259, 561.869]] 
[[451.917, 524.814, 405.517, 606.902, 434.062, 469.068, 660.652, 751.969, 431.655, 1005.084, 814.887, 444.452, 895.102, 464.191, 414.343, 484.157, 460.137, 485.853, 1020.288, 529.452, 1067.317, 642.206, 441.764, 513.697, 476.255, 1095.409, 524.616, 482.955, 1132.411, 504.583, 541.83, 565.25, 606.697, 639.97, 1130.823, 649.416, 1193.454, 1279.087, 1440.4470000000001, 1330.995, 1493.426, 388.792, 581.151, 530.79, 405.536, 448.643, 1487.709, 506.095, 1521.129, 487.216, 1569.191, 509.089]] 
[[484.551, 401.996, 397.609, 489.67, 446.081, 574.382, 514.399, 403.263, 439.186, 592.331, 593.86, 551.781, 413.399, 665.449, 431.766, 504.794, 765.12, 493.742, 853.239, 413.26, 575.679, 907.57, 1019.937, 631.625, 680.107, 458.02, 1066.104, 448.221, 701.803, 482.454, 463.286, 501.125, 512.415, 714.504, 1109.948, 538.297, 589.117, 502.236, 1201.3319999999999, 1287.762, 533.068, 1360.575, 666.284, 596.629, 533.128, 648.699, 650.013, 539.726, 689.185, 603.399, 652.688, 1415.393, 1322.806, 736.262, 660.668, 614.059, 1453.6779999999999, 1613.804, 732.161, 1513.71, 680.633, 753.094, 1739.0320000000002, 1637.365, 1886.6219999999998, 758.126, 652.142, 1892.3]] 
[[411.99, 412.087, 448.145, 443.565, 418.755, 449.783, 422.814, 500.848, 509.785, 484.102, 495.005, 537.352, 581.189, 404.196, 578.918, 487.541, 682.282, 521.05, 429.053, 729.251, 784.888, 560.874, 660.816, 744.162, 488.172, 447.197, 582.345, 830.839, 539.139, 911.434, 639.529, 615.876, 985.638, 714.268, 647.139, 752.272, 680.996, 1051.918, 777.527, 723.713, 725.684, 808.272, 802.483, 749.525, 839.774, 678.722, 1088.281, 900.62, 903.761, 792.079, 823.018, 827.763, 649.785, 713.407, 900.682, 902.236, 1089.66, 708.434, 912.053, 1225.899, 1134.256, 1278.559, 705.559, 884.802, 912.823, 861.956, 779.96, 660.735]] 
[[404.799, 439.329, 507.114, 414.021, 527.784, 448.693, 455.828, 554.244, 490.265, 536.298, 514.68, 393.918, 490.675, 535.213, 436.582, 609.096, 648.727, 573.294, 552.708, 619.067, 684.291, 667.218, 735.44, 583.459, 842.459, 772.347, 698.037, 903.817, 526.002, 601.175, 943.084, 726.353, 788.706, 852.336, 584.6, 637.55, 965.379, 685.735, 1008.86, 652.166, 706.186, 755.71, 1038.209, 889.46, 1094.632, 1175.254, 1232.849, 1271.847, 783.228, 1000.212, 1145.399, 1294.738, 864.426, 924.197, 652.212, 1250.106, 983.769, 1400.865, 1327.211, 673.404, 722.994, 976.674, 758.489, 802.355, 880.031, 1041.361, 914.389, 1050.424]] 
[[469.101, 429.134, 522.929, 486.243, 421.441, 529.013, 538.808, 612.923, 537.543, 681.879, 425.444, 572.258, 724.453, 649.812, 469.964, 782.529, 588.049, 742.071, 875.002, 512.942, 884.791, 583.056, 921.643, 642.496, 622.661, 956.218, 1025.45, 1001.855, 1071.305, 726.88, 641.31, 679.717, 1224.99, 1106.839, 1292.899, 1104.87, 726.172, 720.319, 819.721, 1166.953, 1338.7730000000001, 1252.854, 1215.863, 731.654, 810.123, 1283.4850000000001, 1335.32, 1314.478, 715.15, 1635.318, 1246.057, 1493.828, 1383.751, 1315.16, 1870.103, 1728.307, 1971.6190000000001, 2096.045, 1305.475, 2206.265, 617.45, 671.607, 667.028, 1265.262, 1327.617, 2191.493, 2267.873, 646.346]] 
[[446.504, 435.465, 398.083, 433.567, 473.375, 520.409, 482.384, 418.386, 447.694, 560.714, 512.262, 482.112, 520.438, 620.789, 720.316, 544.095, 520.118, 791.657, 566.854, 607.131, 525.423, 984.537, 439.389, 838.618, 544.937, 583.768, 630.045, 428.387, 1044.724, 1235.666, 563.848, 1109.643, 615.182, 574.709, 642.079, 438.677, 1248.547, 555.899, 657.218, 419.328, 467.886, 740.127, 682.883, 776.531, 785.17, 449.639, 509.6, 1190.745, 1250.576, 808.16, 456.315, 1292.086, 1375.566, 435.634, 787.957, 446.001, 448.826, 787.78, 520.498, 1339.824, 786.125]] 
[[422.584, 421.703, 479.924, 436.742, 443.184, 451.566, 436.303, 497.534, 591.276, 437.43, 659.992, 445.387, 422.928, 402.733, 706.64, 786.184, 441.338, 519.276, 864.765, 999.509, 434.145, 421.812, 445.149, 495.209, 530.864, 489.379, 1006.96, 460.173, 485.596, 542.108, 608.373, 634.635, 696.562, 992.272, 1125.857, 1197.866, 721.751, 1292.425, 423.283, 759.702, 706.902, 1343.598, 436.244, 764.532, 1388.5149999999999, 790.244, 517.266, 468.874, 1574.502, 1422.916, 530.548, 594.197, 448.392, 785.085, 603.144, 546.871, 465.928]] 
[[423.853, 454.522, 470.163, 509.555, 611.699, 696.904, 430.971, 508.028, 460.83, 445.258, 500.045, 407.024, 458.889, 508.193, 486.362, 693.801, 517.568, 540.548, 458.552, 473.71, 499.687, 485.407, 515.44, 537.056, 493.906, 529.964, 678.482, 758.148, 424.389, 789.947, 469.752, 482.851, 848.354, 524.528, 495.449, 470.178, 546.626, 875.139, 517.708, 548.063, 501.651, 441.391, 485.091, 842.441, 511.733, 461.741, 464.226, 472.537, 523.22, 541.242, 461.211, 560.726, 413.667]] 
[[396.717, 508.51, 406.955, 427.631, 559.116, 484.304, 587.792, 524.022, 421.7, 437.166, 513.287, 484.72, 456.036, 517.042, 619.903, 520.136, 693.677, 513.909, 418.807, 469.367, 709.384, 447.331, 485.023, 614.518, 510.552, 450.478, 546.474, 462.341, 714.831, 594.315, 782.168, 464.404, 406.488, 849.233, 438.88, 449.61, 884.036, 1125.608, 983.84, 483.434, 514.524, 437.644, 441.098, 525.556, 440.047, 1065.64, 430.258, 406.036, 485.376, 429.684, 504.347, 435.526, 400.263]] 
[[464.539, 418.187, 398.719, 461.077, 472.175, 414.892, 455.13, 499.345, 465.97, 499.433, 512.542, 482.581, 582.74, 551.9, 600.149, 434.925, 624.452, 458.067, 534.149, 492.416, 615.419, 537.842, 622.293, 566.794, 638.855, 713.05, 661.574, 474.834, 428.302, 699.789, 481.385, 694.216, 498.402, 701.026, 393.349, 724.144, 531.778, 439.831, 512.034, 691.978, 567.632, 539.637, 697.332, 621.009, 729.076, 758.007, 561.777, 501.029, 397.428, 622.262, 813.21, 530.507, 440.38, 575.305, 682.355]] 
[[482.946, 427.461, 424.588, 546.18, 713.42, 430.527, 602.773, 426.243, 446.234, 756.28, 427.885, 432.294, 825.759, 950.39, 444.349, 496.425, 411.961, 450.07, 1130.652, 513.768, 1030.144, 537.387, 419.531, 1255.719, 1163.916, 427.776, 1315.8020000000001, 1378.993, 521.743, 555.356, 1442.289, 410.843, 1499.88, 409.816, 437.649, 1531.094, 1604.932, 430.124, 1706.681, 488.458, 476.258, 398.748, 449.153, 453.822, 1731.384, 439.142, 487.027, 469.48, 581.427, 433.818, 609.848, 467.838, 623.055, 1703.115]] 
[[553.726, 454.171, 478.439, 449.995, 488.795, 435.342, 446.422, 561.845, 727.439, 454.105, 471.52, 459.047, 486.242, 494.623, 534.486, 599.987, 456.859, 636.728, 714.69, 489.79, 698.084, 538.737, 708.408, 599.519, 437.188, 725.425, 512.611, 486.503, 647.655, 740.11, 478.313, 660.867, 498.247, 482.243, 434.322, 712.424, 689.736, 746.408, 821.495, 448.894, 422.237, 491.804, 844.479, 421.546, 448.633, 466.169, 785.654, 401.129, 483.236, 564.95, 814.521, 494.873, 578.598]] 
[[423.963, 411.365, 447.605, 431.841, 499.585, 564.59, 412.182, 505.922, 595.044, 513.534, 540.741, 588.792, 412.161, 598.469, 739.095, 651.546, 480.307, 526.698, 561.205, 610.987, 652.35, 782.517, 694.353, 891.19, 725.834, 496.971, 997.899, 1095.313, 712.999, 519.167, 459.009, 734.464, 1133.179, 761.503, 1193.101, 419.885, 451.757, 503.962, 566.59, 579.951, 1151.522, 641.116, 578.366, 439.607, 1145.1970000000001, 532.481, 553.385, 550.54, 586.555, 464.626, 532.497]] 
[[483.577, 421.276, 403.614, 411.62, 445.986, 475.582, 512.989, 441.31, 476.133, 578.041, 559.376, 579.493, 406.83, 638.365, 600.969, 707.255, 601.883, 424.535, 762.532, 619.391, 421.529, 911.069, 429.079, 804.268, 1010.316, 430.165, 600.286, 1099.662, 427.341, 431.756, 1196.339, 440.119, 452.828, 486.123, 462.533, 510.084, 533.552, 502.965, 544.154, 583.741, 540.515, 487.198, 570.413, 471.652, 486.764, 484.379, 503.708, 510.584, 576.92, 1021.937, 484.506, 509.692, 1073.71, 521.831, 584.578, 402.094, 610.341, 509.99, 412.876, 627.463, 432.623]] 
[[449.595, 432.678, 527.551, 392.225, 480.243, 488.725, 457.542, 401.273, 452.034, 558.215, 487.562, 493.437, 520.756, 549.934, 511.037, 534.614, 500.041, 567.415, 529.259, 578.7, 533.214, 599.835, 482.405, 741.533, 506.592, 442.046, 623.85, 509.47, 454.778, 724.558, 798.967, 459.436, 497.775, 430.681, 563.599, 605.683, 510.254, 426.315, 595.83, 406.304, 616.944, 1222.116, 840.336, 532.428, 399.665, 786.63, 417.883, 1087.5529999999999, 2661.015, 665.337, 777.434, 896.3]] 
[[445.24, 441.381, 452.132, 503.76, 2516.118, 1622.426, 2366.354, 1627.725, 1815.1950000000002, 2303.93, 1575.958, 1697.799, 1589.17, 1607.016, 1577.5030000000002, 1550.039, 1566.3, 1560.126, 1554.284, 1732.3429999999998, 498.607, 2422.663, 496.942, 483.279, 503.804, 458.525, 490.327, 542.356, 500.265, 538.521, 537.082, 484.738, 540.298, 504.218, 1485.9560000000001, 1947.267, 480.984, 1632.679, 1991.048, 1632.76, 1521.8229999999999, 1587.634, 1712.875, 1512.786, 1625.665, 1510.5810000000001, 1433.407, 540.714, 484.429, 526.255, 536.258, 547.3, 457.871, 1236.039, 526.335, 679.337]] 
[[1155.531, 578.67, 395.209, 626.207, 421.313, 700.722, 1984.2759999999998, 430.501, 958.59, 683.11, 970.245, 1207.239, 1247.032, 552.244, 513.426, 537.921, 766.911, 574.645, 432.877, 526.603, 596.513, 444.708, 1534.612, 1515.8400000000001, 1960.606, 1533.571, 1436.549, 1572.83, 2503.011, 1569.557, 2558.603, 1241.69, 1478.876, 496.119, 2596.031, 505.962, 1552.292, 576.144, 452.647, 1747.126, 478.77, 489.633, 423.278, 443.789, 632.486, 483.728, 540.693, 438.487, 3242.793, 3303.807, 635.094, 427.065, 465.32, 684.107, 482.692, 602.474, 440.167, 1209.609]] 
[[437.4, 428.662, 1424.376, 1442.741, 462.944, 449.12, 1217.426, 504.897, 1203.246, 615.363, 524.835, 689.209, 1186.79, 946.95, 1159.996, 1316.001, 717.772, 2463.121, 1489.7440000000001, 1439.005, 1618.065, 1511.248, 1475.113, 1687.626, 2982.709, 1545.658, 460.529, 434.035, 1487.916, 481.236, 1531.496, 468.334, 1464.239, 1425.041, 1514.383, 1421.17, 465.998, 1558.5520000000001, 590.662, 432.93, 1540.443, 711.729, 614.161, 540.497, 457.352, 1446.4940000000001, 1450.422, 578.913, 708.773, 408.787, 1450.795, 772.569, 434.081, 411.593, 450.497, 1454.521, 1814.575, 1428.0819999999999]] 
[[2369.437, 1151.879, 1342.604, 492.416, 459.785, 486.535, 421.337, 511.732, 1791.9969999999998, 467.439, 1283.257, 528.701, 536.967, 482.671, 575.589, 588.219, 2962.321, 623.429, 479.361, 500.997, 526.277, 489.302, 1448.345, 579.781, 442.128, 492.548, 518.801, 435.36, 477.654, 548.744, 634.16, 685.976, 1225.285, 1030.155, 415.085, 532.327, 1442.856, 1391.662, 1304.4859999999999, 1432.625, 557.366, 1248.954, 488.531, 420.99, 561.19, 605.354, 465.592, 487.977, 606.88, 536.731, 572.408, 1436.29, 614.985, 420.058, 1540.115]] 
[[419.189, 447.036, 404.07, 471.462, 442.114, 450.986, 457.553, 463.633, 478.854, 558.542, 422.001, 441.46, 593.378, 516.095, 451.226, 417.177, 395.445, 762.21, 1446.991, 488.485, 536.259, 1492.795, 589.782, 946.984, 1364.612, 399.957, 464.132, 428.556, 665.555, 1015.403, 462.53, 733.165, 469.85, 526.865, 766.413, 819.228, 515.518, 1106.292, 1069.687, 493.071, 1310.7269999999999, 917.818, 1426.579, 557.479, 703.655, 882.311, 504.921, 2136.748, 2016.64, 563.584, 538.864, 556.024, 488.802, 573.669]] 
[[1197.594, 2521.917, 2913.119, 469.931, 2214.629, 644.77, 3204.04, 443.346, 461.761, 501.747, 450.471, 547.607, 457.174, 499.821, 3201.832, 2516.2290000000003, 2475.826, 2094.969, 564.506, 654.313, 462.99, 454.697, 2485.942, 1291.7, 453.393, 2213.287, 435.374, 451.307, 1788.719, 680.538, 763.25, 1586.9940000000001, 666.49, 960.945, 1619.379, 473.031, 459.755, 501.344, 1130.9, 1762.519, 1256.821, 1126.741, 504.811, 2660.8289999999997, 490.614, 575.708, 923.23, 1208.077, 3247.835, 433.64, 445.122, 1477.237, 482.498, 453.856, 489.652, 433.272, 1471.663, 1116.027, 687.878, 1695.786, 470.596, 1440.988]] 
[[1272.252, 445.967, 488.387, 1512.484, 448.867, 1295.3690000000001, 1231.518, 590.965, 1577.364, 1544.821, 529.309, 1467.875, 747.334, 1970.382, 1385.5149999999999, 1563.366, 687.143, 1444.296, 1997.5819999999999, 646.866, 952.67, 696.175, 1993.938, 1879.473, 725.526, 2447.4030000000002, 1713.94, 1640.127, 612.077, 1456.5430000000001, 652.764, 1031.042, 755.034, 1337.545, 1450.54, 1418.112, 1591.309, 1287.608, 2431.58, 1182.929, 599.692, 2444.628, 779.042, 1639.04, 1394.797, 593.473, 1436.141, 476.422, 1345.291, 1433.953, 1520.612, 701.121, 646.493, 925.441, 1421.239, 1129.484, 1450.2939999999999, 679.459, 1404.306, 1093.364, 1419.535, 1441.154, 1209.003, 673.15, 1113.3029999999999, 466.245, 1177.751, 498.505, 600.333, 539.503]] 
[[416.162, 458.291, 415.215, 421.894, 425.787, 464.711, 548.021, 413.687, 562.645, 495.084, 615.625, 412.684, 483.019, 456.124, 547.938, 405.793, 492.95, 655.137, 754.828, 548.481, 594.455, 816.913, 914.252, 426.432, 1001.52, 617.381, 654.357, 461.349, 444.021, 466.608, 467.391, 509.342, 489.87, 525.921, 996.937, 620.105, 426.236, 587.17, 676.015, 463.295, 704.272, 1082.82, 1174.466, 802.311, 735.88, 1290.623, 429.434, 487.662, 782.277, 507.228, 401.988, 1450.469, 1318.137, 436.197, 444.647, 467.171, 1463.464, 451.874, 2255.1059999999998, 672.039, 428.822, 476.779, 408.334, 416.263, 490.556, 629.411, 426.909, 498.968, 651.66, 399.301]] 
[[509.51, 1379.4479999999999, 1161.301, 1396.618, 427.598, 1273.248, 730.394, 446.23, 537.176, 592.073, 425.163, 430.322, 485.78, 696.347, 777.86, 2366.193, 409.722, 1692.56, 495.02, 842.741, 452.342, 1434.3600000000001, 1465.827, 569.171, 532.622, 1456.105, 432.983, 467.32, 644.956, 550.37, 550.237, 551.249, 2148.837, 638.17, 708.706, 462.47, 2233.747, 741.758, 615.735, 502.322, 1430.195, 468.906, 506.767, 693.041, 500.02, 594.796, 558.817, 735.305, 602.367, 1432.44, 797.701, 584.051, 851.818, 636.037, 909.374, 450.278, 477.274, 570.214, 508.375, 546.274, 938.777, 551.186, 1020.424, 547.405, 549.854, 557.121, 591.626, 553.728]] 
[[415.614, 435.692, 484.322, 426.014, 444.109, 519.552, 450.003, 459.847, 429.822, 463.872, 572.149, 472.439, 432.271, 539.794, 448.105, 523.846, 435.62, 527.794, 523.339, 421.137, 423.592, 484.713, 477.423, 552.325, 496.739, 452.514, 546.018, 421.019, 434.958, 446.055, 599.422, 463.889, 459.983, 492.03, 408.431, 443.615, 502.545, 430.304, 593.589, 436.753, 718.266, 830.059, 447.369, 889.344, 478.492, 958.767, 428.802, 449.087, 978.69, 471.323, 502.522, 469.665, 970.572, 490.983, 459.925, 1017.819, 1845.7559999999999]] 
[[414.109, 495.585, 416.871, 415.193, 412.149, 442.126, 458.11, 435.425, 453.758, 456.843, 467.535, 409.367, 460.687, 534.537, 612.397, 454.439, 429.762, 418.08, 431.487, 467.17, 624.347, 689.073, 413.051, 430.723, 749.283, 831.102, 403.087, 472.318, 413.912, 473.55, 461.937, 429.291, 445.026, 443.378, 427.75, 462.585, 452.997, 411.881, 464.668, 412.38, 430.099, 407.396, 455.569, 491.812, 418.591, 607.551, 472.214, 667.521, 413.151, 736.825, 461.923, 419.884, 483.976, 505.115, 417.361]] 
[[591.659, 477.036, 413.471, 432.142, 471.792, 609.444, 480.786, 505.434, 522.211, 498.127, 547.031, 538.744, 563.228, 423.411, 599.94, 525.535, 435.178, 510.371, 521.27, 428.525, 435.405, 540.573, 461.687, 451.998, 580.616, 481.879, 494.979, 535.209, 563.455, 531.852, 573.037, 564.097, 576.534, 545.715, 487.967, 538.892, 534.746, 436.779, 556.25, 512.462, 457.218, 478.723, 538.186, 463.209, 537.218, 511.122, 421.586, 439.644, 445.983, 520.392, 442.314, 489.156, 403.572, 475.744, 491.138, 457.814, 414.178, 627.519, 857.624, 433.181, 688.431]] 
[[486.404, 423.367, 391.731, 500.139, 425.229, 561.126, 521.081, 457.988, 581.065, 409.513, 449.606, 405.918, 587.994, 613.24, 437.304, 495.097, 686.246, 640.024, 474.291, 604.185, 526.831, 505.148, 450.366, 646.709, 544.943, 488.784, 459.022, 517.57, 680.95, 716.375, 539.726, 733.684, 400.799, 781.022, 398.971, 409.724, 1077.676, 808.316, 883.824, 509.413, 938.786, 423.68, 430.473, 421.681, 477.574, 459.243, 474.224, 392.785, 1031.745, 403.88, 936.868, 420.832, 507.313, 422.502, 436.234]] 
[[414.525, 428.292, 406.728, 411.723, 447.199, 426.453, 395.45, 427.562, 441.995, 448.297, 479.506, 432.483, 480.173, 508.298, 432.829, 526.629, 622.105, 695.341, 463.641, 441.289, 430.176, 773.406, 447.92, 463.04, 416.311, 426.286, 462.353, 786.516, 871.215, 496.938, 450.06, 518.018, 443.212, 534.706, 566.83, 597.834, 397.303, 820.476, 469.138, 522.417, 438.535, 457.006, 781.432, 841.021, 461.071, 477.405, 431.327, 548.79, 849.885, 902.242, 406.638, 473.947, 923.807, 471.436, 485.638, 963.328]] 
[[431.01, 485.6, 400.919, 439.081, 442.727, 453.655, 486.823, 447.692, 399.171, 403.955, 530.585, 641.07, 450.819, 422.209, 453.974, 423.78, 484.941, 664.089, 722.319, 410.357, 460.657, 756.982, 439.034, 414.762, 436.515, 819.57, 990.085, 1124.875, 411.786, 421.32, 407.768, 426.992, 1149.627, 405.24, 451.743, 407.085, 472.811, 445.053, 1093.471, 462.856, 466.123, 465.179, 492.118, 1079.425, 1138.391, 458.316, 486.421, 1159.809, 507.278, 448.55, 496.125, 521.536, 559.767, 599.028, 438.4, 614.956, 642.14, 684.499]] 
[[429.52, 468.278, 415.444, 466.773, 475.522, 464.417, 406.771, 455.742, 428.445, 443.564, 495.907, 461.062, 514.669, 464.31, 418.843, 452.748, 451.343, 480.59, 537.058, 483.672, 478.654, 452.029, 531.917, 459.59, 499.588, 467.753, 573.027, 440.328, 472.322, 489.591, 422.233, 486.289, 570.892, 711.682, 403.037, 424.8, 429.95, 812.872, 959.387, 860.182, 429.914, 410.533, 957.267, 409.31, 412.196, 460.72, 442.286, 481.9, 463.401, 480.511, 509.084, 493.554, 867.796]] 
average response time [0]399.063
average response time [1]406.098
average response time [2]382.065
average response time [3]379.1
average response time [4]384.022
average response time [5]439.416
average response time [6]385.884
average response time [7]379.177
average response time [8]379.366
average response time [9]380.301
TOTAL AVERAGE RESPONSE TIME ====================: 391.4492
NUMBER OF THREADS ==============================: 1
TOTAL AVERAGE RATE (RPS) =====================================: 1.0
average response time [10]403.872
average response time [11]407.3085
average response time [12]401.0405
average response time [13]398.1285
average response time [14]402.037
average response time [15]416.116
average response time [16]407.4405
average response time [17]402.9595
average response time [18]408.2685
average response time [19]406.948
TOTAL AVERAGE RESPONSE TIME ====================: 405.4119
NUMBER OF THREADS ==============================: 2
TOTAL AVERAGE RATE (RPS) =====================================: 2.0
average response time [20]449.257
average response time [21]436.865
average response time [22]460.99575
average response time [23]453.86899999999997
average response time [24]436.07725
average response time [25]444.38625
average response time [26]428.38300000000004
average response time [27]434.88599999999997
average response time [28]438.728
average response time [29]435.28274999999996
TOTAL AVERAGE RESPONSE TIME ====================: 441.87299999999993
NUMBER OF THREADS ==============================: 4
TOTAL AVERAGE RATE (RPS) =====================================: 4.0
average response time [30]525.172625
average response time [31]530.81375
average response time [32]559.62125
average response time [33]501.56775
average response time [34]551.7547500000001
average response time [35]951.96225
average response time [36]851.36975
average response time [37]507.38212500000003
average response time [38]543.7402500000001
average response time [39]512.078
TOTAL AVERAGE RESPONSE TIME ====================: 603.54625
NUMBER OF THREADS ==============================: 8
TOTAL AVERAGE RATE (RPS) =====================================: 7.5
average response time [40]835.3456874999999
average response time [41]959.0862222222222
average response time [42]580.1002500000001
average response time [43]470.080375
average response time [44]459.941375
average response time [45]508.07057142857144
average response time [46]492.79474999999996
average response time [47]562.9243636363636
average response time [48]516.2171111111111
average response time [49]451.315
TOTAL AVERAGE RESPONSE TIME ====================: 583.5875705898268
NUMBER OF THREADS ==============================: 16
TOTAL AVERAGE RATE (RPS) =====================================: 8.5
average response time [50]647.2152941176471
average response time [51]623.6339333333333
average response time [52]594.3923846153846
average response time [53]665.4418333333333
average response time [54]521.4409166666667
average response time [55]569.18225
average response time [56]789.0214347826087
average response time [57]608.6707368421053
average response time [58]562.022
average response time [59]581.0944666666667
TOTAL AVERAGE RESPONSE TIME ====================: 616.2115250357745
NUMBER OF THREADS ==============================: 32
TOTAL AVERAGE RATE (RPS) =====================================: 15.6
average response time [60]926.7951764705882
average response time [61]778.4372903225807
average response time [62]800.5771818181819
average response time [63]929.627825
average response time [64]1114.8721219512195
average response time [65]1047.3561951219513
average response time [66]502.32990476190474
average response time [67]680.2988260869565
average response time [68]725.8698444444444
average response time [69]646.9882127659574
TOTAL AVERAGE RESPONSE TIME ====================: 815.3152578743784
NUMBER OF THREADS ==============================: 64
TOTAL AVERAGE RATE (RPS) =====================================: 24.1
average response time [70]615.3090238095239
average response time [71]583.6803695652173
average response time [72]617.7612093023256
average response time [73]576.1337441860466
average response time [74]458.1976071428571
average response time [75]460.4367391304348
average response time [76]519.85184375
average response time [77]500.00631428571427
average response time [78]568.0251333333333
average response time [79]450.8144137931034
TOTAL AVERAGE RESPONSE TIME ====================: 535.0216398298556
NUMBER OF THREADS ==============================: 65
TOTAL AVERAGE RATE (RPS) =====================================: 34.6
average response time [80]469.5135
average response time [81]612.926
average response time [82]558.9145789473685
average response time [83]510.1046451612903
average response time [84]463.93943333333334
average response time [85]620.7143333333333
average response time [86]448.7197142857143
average response time [87]514.1836333333333
average response time [88]645.5782926829269
average response time [89]462.17996
TOTAL AVERAGE RESPONSE TIME ====================: 530.6774091077301
NUMBER OF THREADS ==============================: 66
TOTAL AVERAGE RATE (RPS) =====================================: 33.3
average response time [90]567.8098857142857
average response time [91]498.5114864864865
average response time [92]494.0320344827586
average response time [93]538.73384375
average response time [94]649.1132926829268
average response time [95]581.089744680851
average response time [96]659.0281538461538
average response time [97]708.8577659574468
average response time [98]628.0506730769231
average response time [99]729.6625192307692
TOTAL AVERAGE RESPONSE TIME ====================: 605.4889399908602
NUMBER OF THREADS ==============================: 67
TOTAL AVERAGE RATE (RPS) =====================================: 38.4
average response time [100]769.9510147058824
average response time [101]710.9888382352941
average response time [102]773.8526470588235
average response time [103]991.1174558823529
average response time [104]670.8345245901639
average response time [105]666.9978421052632
average response time [106]532.6118113207547
average response time [107]544.9008301886793
average response time [108]554.3132545454546
average response time [109]726.5269074074074
TOTAL AVERAGE RESPONSE TIME ====================: 694.2095126040075
NUMBER OF THREADS ==============================: 68
TOTAL AVERAGE RATE (RPS) =====================================: 50.9
average response time [110]559.9862075471698
average response time [111]628.696431372549
average response time [112]568.0727868852459
average response time [113]610.1846538461539
average response time [114]1155.650482142857
average response time [115]1009.6646724137931
average response time [116]1057.7727931034483
average response time [117]812.2482
average response time [118]714.3033703703703
average response time [119]1157.5973709677419
TOTAL AVERAGE RESPONSE TIME ====================: 827.4176968649329
NUMBER OF THREADS ==============================: 69
TOTAL AVERAGE RATE (RPS) =====================================: 41.3
average response time [120]1176.5253
average response time [121]633.4102
average response time [122]785.2759117647059
average response time [123]550.8543684210526
average response time [124]479.76285454545456
average response time [125]509.72818032786887
average response time [126]552.8949272727273
average response time [127]538.1818035714285
average response time [128]566.3977413793103
average response time [129]509.04288679245286
TOTAL AVERAGE RESPONSE TIME ====================: 630.2074174075002
NUMBER OF THREADS ==============================: 70
TOTAL AVERAGE RATE (RPS) =====================================: 52.8
average response time sent to Stackdriver [0]460.99575
average response time sent to Stackdriver [1]951.96225
average response time sent to Stackdriver [2]459.941375
average response time sent to Stackdriver [3]569.18225
average response time sent to Stackdriver [4]800.5771818181819
average response time sent to Stackdriver [5]680.2988260869565
average response time sent to Stackdriver [6]576.1337441860466
average response time sent to Stackdriver [7]558.9145789473685
average response time sent to Stackdriver [8]567.8098857142857
average response time sent to Stackdriver [9]659.0281538461538
average response time sent to Stackdriver [10]710.9888382352941
average response time sent to Stackdriver [11]532.6118113207547
average response time sent to Stackdriver [12]628.696431372549
average response time sent to Stackdriver [13]1009.6646724137931
average response time sent to Stackdriver [14]714.3033703703703
average response time sent to Stackdriver [15]785.2759117647059
average response time sent to Stackdriver [16]538.1818035714285
NUMBER OF THREADS: [1, 2, 4, 8, 16, 32, 64, 65, 66, 67, 68, 69, 70]
WORKLOAD: HFU_LV;  
TOTAL EXECUTION TIME (Concurrent Parallel Requests): 180376.949


