[[799.883]] 
RATE (RPS) =====================================: 1

[[349.639]] 
RATE (RPS) =====================================: 1

[[383.287]] 
RATE (RPS) =====================================: 1

[[362.516]] 
RATE (RPS) =====================================: 1

[[342.078]] 
RATE (RPS) =====================================: 1

[[359.682]] 
RATE (RPS) =====================================: 1

[[384.017]] 
RATE (RPS) =====================================: 1

[[343.788]] 
RATE (RPS) =====================================: 1

[[347.661]] 
RATE (RPS) =====================================: 1

[[334.478]] 
RATE (RPS) =====================================: 1

[[400.378, 398.533]] 
RATE (RPS) =====================================: 2

[[364.984, 367.552]] 
RATE (RPS) =====================================: 2

[[344.538, 341.641]] 
RATE (RPS) =====================================: 2

[[410.998, 396.793]] 
RATE (RPS) =====================================: 2

[[355.034, 357.443]] 
RATE (RPS) =====================================: 2

[[359.906, 375.394]] 
RATE (RPS) =====================================: 2

[[340.4, 347.367]] 
RATE (RPS) =====================================: 2

[[391.57, 385.125]] 
RATE (RPS) =====================================: 2

[[366.541, 359.89]] 
RATE (RPS) =====================================: 2

[[353.836, 357.135]] 
RATE (RPS) =====================================: 2

[[353.467, 355.036, 341.635, 424.973]] 
RATE (RPS) =====================================: 4

[[379.134, 342.766, 355.606, 344.763]] 
RATE (RPS) =====================================: 4

[[352.082, 358.284, 341.413, 356.116]] 
RATE (RPS) =====================================: 4

[[370.965, 350.281, 354.22, 351.911]] 
RATE (RPS) =====================================: 4

[[389.101, 393.326, 381.787, 385.484]] 
RATE (RPS) =====================================: 4

[[363.933, 384.416, 369.748, 355.159]] 
RATE (RPS) =====================================: 4

[[346.322, 364.505, 355.565, 343.813]] 
RATE (RPS) =====================================: 4

[[374.871, 366.847, 378.095, 360.386]] 
RATE (RPS) =====================================: 4

[[368.521, 349.558, 365.339, 364.641]] 
RATE (RPS) =====================================: 4

[[358.4, 354.886, 365.178, 352.612]] 
RATE (RPS) =====================================: 4

[[371.507, 366.894, 365.876, 371.79, 389.838, 355.88, 366.46, 347.283]] 
RATE (RPS) =====================================: 8

[[396.858, 408.295, 376.002, 376.968, 377.946, 370.003, 359.152, 355.798]] 
RATE (RPS) =====================================: 8

[[358.905, 367.654, 350.478, 360.17, 354.259, 347.126, 348.161, 350.968]] 
RATE (RPS) =====================================: 8

[[351.26, 351.477, 355.366, 348.264, 356.064, 363.476, 343.915, 347.927]] 
RATE (RPS) =====================================: 8

[[379.628, 376.816, 377.315, 371.41, 373.714, 364.664, 366.835, 355.711]] 
RATE (RPS) =====================================: 8

[[342.069, 346.607, 357.863, 346.486, 351.148, 375.755, 359.151, 357.295]] 
RATE (RPS) =====================================: 8

[[349.76, 336.618, 356.948, 353.911, 352.155, 351.791, 343.231, 345.519]] 
RATE (RPS) =====================================: 8

[[439.697, 412.341, 404.593, 385.122, 393.785, 390.744, 393.704, 396.322]] 
RATE (RPS) =====================================: 8

[[349.306, 358.674, 347.599, 358.987, 356.149, 346.018, 354.961, 354.005]] 
RATE (RPS) =====================================: 8

[[372.575, 355.612, 356.827, 351.322, 354.048, 360.456, 347.428, 353.272]] 
RATE (RPS) =====================================: 8

[[399.978, 405.299, 406.74, 395.253, 385.512, 383.257, 381.308, 381.464, 374.486, 384.583, 376.934, 375.009, 360.558, 366.537, 365.558, 359.646]] 
RATE (RPS) =====================================: 16

[[386.732, 360.77, 358.222, 368.619, 396.077, 362.491, 361.273, 343.164, 353.262, 361.27, 356.846, 337.563, 359.772, 357.148, 359.493, 351.562]] 
RATE (RPS) =====================================: 16

[[375.4, 363.604, 370.096, 389.315, 351.231, 358.558, 366.085, 341.006, 349.538, 352.634, 365.014, 346.976, 362.952, 351.063, 369.014, 361.208]] 
RATE (RPS) =====================================: 16

[[386.256, 388.604, 380.448, 383.481, 393.088, 373.754, 385.406, 369.707, 371.719, 373.309, 377.217, 377.959, 373.187, 374.591, 357.422, 364.271]] 
RATE (RPS) =====================================: 16

[[359.258, 348.864, 335.437, 342.633, 345.902, 361.593, 345.666, 360.388, 378.947, 356.523, 345.556, 347.791, 358.97, 343.428, 347.066, 366.063]] 
RATE (RPS) =====================================: 16

[[355.322, 336.964, 336.94, 359.561, 338.304, 350.886, 347.411, 332.782, 346.443, 352.858, 338.963, 348.706, 351.006, 345.401, 349.156, 345.615]] 
RATE (RPS) =====================================: 16

[[414.296, 404.146, 397.913, 394.89, 387.014, 367.99, 401.337, 381.661, 365.175, 379.063, 374.623, 353.218, 365.433, 349.27, 360.464, 354.892]] 
RATE (RPS) =====================================: 16

[[338.43, 357.382, 362.703, 345.902, 354.046, 379.74, 370.104, 368.442, 364.097, 344.607, 352.415, 346.673, 344.66, 343.853, 341.185, 350.582]] 
RATE (RPS) =====================================: 16

[[346.218, 371.92, 341.428, 369.172, 378.363, 378.313, 351.382, 355.633, 345.839, 352.644, 351.988, 344.141, 349.894, 363.308, 355.902, 346.147]] 
RATE (RPS) =====================================: 16

[[409.569, 401.427, 405.496, 396.165, 376.735, 367.515, 361.084, 350.917, 383.796, 367.493, 369.939, 376.402, 364.137, 356.371, 364.083, 356.847]] 
RATE (RPS) =====================================: 16

[[350.275, 365.626, 361.484, 362.649, 362.305, 372.056, 367.635, 364.244, 386.122, 360.238, 371.4, 387.314, 343.13, 353.58, 360.277, 356.324, 358.494, 354.044, 358.691, 356.319, 362.614, 350.348, 349.239, 366.425, 388.518, 394.35, 385.676, 377.279, 370.229, 363.473, 363.424, 359.482]] 
RATE (RPS) =====================================: 32

[[405.421, 412.476, 400.399, 378.605, 392.672, 395.562, 381.963, 375.546, 378.301, 381.164, 374.991, 372.641, 359.146, 379.831, 348.412, 364.583, 370.854, 348.777, 340.563, 350.085, 372.816, 370.472, 371.327, 364.539, 389.567, 362.927, 360.119, 353.695, 357.915, 368.896, 357.534, 351.488]] 
RATE (RPS) =====================================: 32

[[350.336, 391.082, 359.978, 384.154, 384.482, 364.008, 360.986, 353.341, 356.853, 371.868, 364.99, 347.645, 362.661, 358.433, 359.953, 350.652, 362.214, 358.443, 372.295, 363.803, 349.058, 357.738, 361.928, 342.673, 345.632, 349.004, 350.261, 356.714, 358.013, 354.16, 341.298, 358.903]] 
RATE (RPS) =====================================: 32

[[387.167, 397.927, 375.722, 381.919, 380.759, 370.486, 367.285, 360.722, 349.082, 355.563, 346.071, 344.892, 348.618, 353.426, 342.368, 346.927, 336.122, 353.716, 339.606, 362.957, 371.249, 348.01, 356.277, 341.599, 341.749, 393.288, 375.123, 352.534, 354.827, 342.257, 355.411, 340.97]] 
RATE (RPS) =====================================: 32

[[359.31, 406.263, 402.534, 396.185, 382.991, 387.65, 384.223, 382.036, 376.55, 371.078, 380.733, 361.479, 374.545, 380.043, 364.582, 354.905, 376.101, 372.49, 359.812, 359.677, 367.347, 364.953, 379.892, 406.625, 360.259, 371.64, 354.721, 372.635, 363.697, 374.936, 377.586, 343.604]] 
RATE (RPS) =====================================: 32

[[358.923, 380.98, 361.443, 368.373, 426.518, 401.648, 394.21, 404.407, 383.187, 379.602, 388.278, 389.03, 367.234, 368.418, 361.855, 360.443, 374.251, 361.686, 354.54, 383.809, 376.699, 350.098, 376.403, 369.247, 368.027, 340.611, 351.916, 356.759, 351.269, 346.128, 351.55, 346.042]] 
RATE (RPS) =====================================: 32

[[368.192, 347.702, 346.523, 365.283, 356.151, 363.117, 343.314, 374.696, 347.34, 358.298, 352.139, 345.06, 343.928, 352.77, 374.363, 343.42, 354.499, 369.567, 342.706, 342.705, 354.342, 355.71, 361.547, 379.351, 383.587, 381.046, 396.697, 382.271, 377.343, 376.347, 389.844, 369.154]] 
RATE (RPS) =====================================: 32

[[366.536, 370.046, 352.364, 352.35, 348.009, 354.715, 349.725, 336.887, 343.323, 372.662, 355.135, 348.003, 428.04, 418.603, 413.226, 395.121, 390.456, 389.569, 385.001, 386.003, 375.004, 398.67, 352.637, 343.489, 371.057, 347.163, 360.847, 401.339, 341.65, 359.964, 366.916, 344.473]] 
RATE (RPS) =====================================: 32

[[357.124, 363.33, 364.249, 350.318, 350.063, 348.435, 352.295, 369.909, 339.942, 355.445, 364.683, 374.21, 350.134, 351.249, 371.779, 353.946, 366.677, 355.63, 371.271, 354.607, 381.741, 358.044, 368.996, 368.979, 378.231, 360.313, 359.101, 371.975, 348.805, 354.834, 350.302, 339.427]] 
RATE (RPS) =====================================: 32

[[348.373, 373.672, 360.464, 359.566, 348.692, 350.702, 352.937, 358.784, 348.029, 350.642, 368.248, 341.899, 342.707, 362.135, 346.702, 359.489, 348.13, 363.437, 346.179, 346.773, 350.742, 397.285, 379.329, 400.051, 392.031, 404.93, 400.839, 391.213, 388.634, 385.315, 369.513, 366.111]] 
RATE (RPS) =====================================: 32

[[354.526, 365.416, 358.54, 349.73, 356.981, 363.383, 353.473, 348.585, 361.912, 364.593, 382.568, 363.362, 381.003, 364.636, 349.148, 344.178, 368.0, 345.346, 341.759, 337.151, 347.987, 349.749, 351.679, 363.347, 357.234, 353.086, 367.161, 355.074, 339.723, 341.515, 381.238, 355.82, 351.984]] 
RATE (RPS) =====================================: 33

[[384.261, 371.223, 358.447, 363.297, 355.348, 353.894, 353.578, 367.764, 364.295, 361.849, 353.343, 350.632, 362.978, 360.163, 358.297, 345.621, 360.823, 368.967, 368.461, 398.185, 384.317, 341.306, 398.179, 380.613, 361.22, 352.572, 399.739, 387.573, 393.856, 375.597, 376.273, 374.84, 371.659]] 
RATE (RPS) =====================================: 33

[[368.024, 360.901, 364.341, 353.684, 344.926, 373.348, 369.76, 346.467, 357.515, 382.725, 368.13, 377.402, 366.872, 376.222, 353.627, 364.669, 348.685, 366.556, 367.518, 371.599, 397.497, 403.126, 387.227, 417.8, 393.684, 414.192, 395.888, 416.843, 406.088, 403.669, 412.366, 397.415, 406.626]] 
RATE (RPS) =====================================: 33

[[367.137, 348.052, 350.685, 355.286, 357.404, 348.965, 348.63, 349.19, 357.058, 348.894, 354.874, 359.137, 367.831, 357.913, 365.648, 351.204, 346.178, 341.726, 349.847, 343.277, 338.452, 335.845, 367.005, 354.477, 358.207, 362.163, 347.524, 398.777, 386.729, 376.699, 387.363, 370.034, 372.897]] 
RATE (RPS) =====================================: 33

[[384.989, 345.061, 369.299, 344.238, 340.541, 354.625, 351.672, 338.568, 344.866, 350.986, 345.1, 342.282, 345.2, 349.262, 357.883, 352.349, 377.018, 362.576, 350.287, 361.022, 361.929, 361.006, 363.243, 363.568, 354.138, 357.89, 359.067, 366.962, 349.266, 350.632, 352.726, 349.588, 349.441]] 
RATE (RPS) =====================================: 33

[[347.886, 374.483, 357.862, 349.261, 347.958, 367.902, 386.038, 377.609, 351.911, 359.245, 361.493, 353.624, 355.275, 364.643, 369.207, 365.448, 357.56, 347.741, 349.547, 361.116, 345.804, 364.734, 351.12, 353.86, 348.509, 350.514, 362.093, 362.35, 352.684, 345.71, 353.897, 338.098, 345.907]] 
RATE (RPS) =====================================: 33

[[383.608, 394.837, 376.886, 382.271, 365.171, 368.84, 364.354, 363.678, 382.027, 348.25, 359.408, 351.887, 366.778, 349.985, 337.75, 368.293, 337.869, 346.678, 352.742, 361.576, 345.624, 340.073, 347.675, 347.476, 347.924, 345.749, 346.344, 349.334, 347.381, 343.607, 353.648, 352.584, 339.318]] 
RATE (RPS) =====================================: 33

[[347.701, 348.196, 419.208, 344.614, 345.358, 376.217, 384.406, 380.007, 371.19, 352.707, 351.47, 349.126, 352.321, 365.163, 357.455, 353.92, 365.676, 351.945, 349.81, 337.02, 360.651, 353.544, 339.172, 346.513, 343.307, 342.769, 365.38, 341.03, 342.906, 348.273, 345.224, 353.075, 338.372]] 
RATE (RPS) =====================================: 33

[[396.165, 388.02, 381.102, 381.003, 373.276, 369.216, 368.152, 383.801, 377.197, 358.429, 362.17, 364.445, 354.189, 355.6, 351.428, 355.955, 345.441, 346.828, 351.798, 349.847, 385.242, 364.844, 350.386, 351.811, 349.235, 366.755, 367.581, 358.197, 355.48, 366.029, 362.373, 350.034, 361.706]] 
RATE (RPS) =====================================: 33

[[353.869, 380.287, 378.652, 368.056, 355.565, 348.614, 347.597, 346.799, 347.616, 371.01, 376.145, 355.651, 356.08, 348.08, 363.158, 388.709, 364.034, 353.675, 369.043, 398.035, 370.685, 389.675, 360.684, 362.674, 367.888, 365.284, 362.923, 366.599, 350.512, 343.366, 360.915, 347.08, 350.159]] 
RATE (RPS) =====================================: 33

[[435.472, 414.754, 412.601, 403.49, 388.726, 373.756, 364.527, 364.257, 359.633, 360.506, 358.582, 361.349, 369.668, 352.469, 355.392, 356.599, 366.135, 354.004, 357.402, 368.335, 355.851, 360.898, 357.21, 357.975, 355.952, 354.256, 360.407, 349.611, 364.189, 344.736, 338.578, 367.233, 354.785, 348.908]] 
RATE (RPS) =====================================: 34

[[368.838, 361.224, 356.84, 352.553, 394.844, 352.175, 360.289, 348.77, 361.586, 347.452, 353.049, 350.059, 350.943, 346.957, 363.437, 348.188, 342.83, 345.655, 348.726, 355.82, 336.162, 348.881, 341.6, 346.701, 354.154, 368.802, 342.813, 347.944, 340.479, 352.928, 345.291, 345.858, 347.042, 340.204]] 
RATE (RPS) =====================================: 34

[[340.676, 359.457, 350.981, 394.337, 395.161, 380.917, 385.235, 382.601, 389.427, 379.018, 390.42, 372.276, 370.648, 374.682, 371.826, 355.072, 356.513, 356.351, 357.536, 356.774, 358.664, 337.485, 350.184, 368.122, 345.902, 350.807, 341.209, 356.78, 361.622, 346.976, 389.686, 379.208, 367.049, 356.864]] 
RATE (RPS) =====================================: 34

[[346.121, 348.338, 352.818, 341.214, 347.503, 337.962, 348.989, 339.599, 342.433, 343.992, 344.953, 341.157, 342.759, 344.207, 351.019, 350.584, 348.186, 358.037, 340.853, 337.817, 342.709, 345.618, 346.448, 340.025, 356.483, 338.331, 344.945, 358.607, 349.279, 343.306, 351.81, 352.433, 347.192, 344.883]] 
RATE (RPS) =====================================: 34

[[355.404, 375.089, 349.021, 347.878, 370.928, 355.392, 357.785, 349.841, 359.754, 355.825, 348.552, 351.231, 345.222, 349.283, 346.696, 344.252, 341.573, 349.2, 356.091, 364.33, 340.191, 347.5, 356.679, 349.375, 346.357, 342.778, 350.799, 346.804, 396.678, 393.66, 390.332, 391.082, 391.677, 381.783]] 
RATE (RPS) =====================================: 34

[[364.4, 352.348, 357.463, 359.026, 356.659, 350.398, 353.108, 351.547, 352.316, 349.207, 376.786, 343.224, 363.271, 375.708, 365.834, 360.366, 349.484, 354.963, 339.867, 383.365, 337.754, 364.452, 361.456, 359.651, 353.742, 357.574, 353.562, 347.37, 358.359, 368.209, 351.822, 374.079, 361.995, 344.126]] 
RATE (RPS) =====================================: 34

[[359.826, 365.638, 373.29, 384.99, 371.957, 360.373, 379.793, 347.06, 359.859, 353.962, 362.876, 367.131, 342.617, 351.948, 347.476, 351.401, 342.044, 346.343, 351.058, 381.107, 344.228, 343.148, 348.026, 339.733, 340.836, 364.226, 371.926, 340.469, 366.517, 347.338, 349.512, 353.081, 370.054, 362.358]] 
RATE (RPS) =====================================: 34

[[410.757, 404.083, 404.878, 403.473, 400.871, 392.186, 394.026, 390.715, 389.695, 354.346, 357.218, 354.312, 354.389, 369.054, 338.189, 345.702, 357.818, 379.975, 341.228, 350.626, 355.98, 334.732, 363.202, 333.167, 347.183, 351.853, 344.634, 347.669, 356.52, 340.872, 347.992, 361.45, 343.523, 347.403]] 
RATE (RPS) =====================================: 34

[[340.303, 340.738, 338.206, 345.212, 341.545, 345.404, 342.191, 344.365, 359.842, 352.821, 357.487, 362.558, 357.733, 368.814, 361.533, 369.708, 368.021, 366.672, 368.441, 373.407, 366.51, 366.186, 358.049, 346.681, 343.125, 344.633, 340.29, 348.036, 365.075, 355.089, 358.867, 364.921, 348.335, 335.798]] 
RATE (RPS) =====================================: 34

[[382.738, 390.263, 399.33, 377.493, 366.188, 364.076, 361.014, 367.211, 368.354, 358.307, 345.036, 348.132, 357.491, 342.12, 363.266, 354.838, 363.715, 342.931, 346.936, 354.981, 346.325, 349.761, 354.518, 344.739, 358.608, 355.834, 340.264, 354.077, 343.065, 345.637, 355.166, 339.657, 339.205, 341.857]] 
RATE (RPS) =====================================: 34

[[354.472, 362.583, 348.587, 342.801, 342.903, 359.003, 353.839, 351.478, 354.927, 341.696, 346.709, 355.687, 351.494, 336.87, 351.491, 341.444, 347.622, 344.326, 344.267, 342.854, 344.396, 354.148, 369.679, 352.322, 339.496, 358.238, 351.432, 351.391, 344.366, 345.324, 341.827, 356.759, 352.702, 343.903, 341.546]] 
RATE (RPS) =====================================: 35

[[412.576, 409.506, 407.0, 387.793, 377.501, 414.22, 398.209, 372.142, 391.251, 394.698, 398.989, 383.479, 394.335, 384.818, 391.102, 384.999, 389.479, 386.004, 394.862, 381.911, 378.653, 386.965, 383.368, 380.464, 392.621, 379.629, 375.693, 386.264, 374.599, 393.5, 379.93, 365.286, 369.855, 373.002, 377.108]] 
RATE (RPS) =====================================: 35

[[337.167, 345.381, 346.57, 346.179, 346.916, 342.991, 348.178, 354.123, 350.336, 343.437, 349.525, 367.014, 340.88, 343.198, 344.634, 340.031, 345.617, 354.749, 336.12, 346.617, 338.555, 339.857, 355.783, 361.106, 336.981, 342.53, 346.51, 343.973, 340.376, 344.979, 341.125, 346.949, 354.101, 351.67, 335.233]] 
RATE (RPS) =====================================: 35

[[410.502, 390.203, 383.258, 401.976, 386.103, 360.743, 377.275, 377.154, 374.583, 374.206, 373.764, 383.363, 370.466, 360.936, 377.421, 368.58, 377.281, 370.497, 376.907, 373.444, 370.618, 369.945, 366.188, 372.12, 366.618, 375.017, 362.041, 369.409, 366.139, 371.984, 372.353, 361.217, 376.867, 357.657, 365.859]] 
RATE (RPS) =====================================: 35

[[350.421, 351.678, 338.766, 382.462, 348.706, 365.011, 352.529, 355.163, 351.492, 350.942, 348.994, 347.449, 350.476, 351.321, 354.555, 367.399, 376.345, 338.481, 344.64, 358.399, 357.415, 353.553, 349.832, 344.395, 348.429, 344.837, 343.93, 342.372, 342.349, 342.904, 340.047, 343.007, 340.807, 353.106, 340.924]] 
RATE (RPS) =====================================: 35

[[347.405, 345.826, 349.345, 383.757, 363.019, 356.799, 361.435, 361.232, 357.473, 347.801, 366.303, 339.221, 338.248, 363.271, 371.074, 362.27, 362.06, 352.694, 363.757, 356.833, 359.377, 352.976, 396.915, 401.202, 381.723, 381.87, 377.558, 376.822, 372.58, 370.254, 365.685, 358.254, 360.451, 350.387, 371.467]] 
RATE (RPS) =====================================: 35

[[351.718, 340.923, 355.825, 357.819, 343.855, 342.091, 339.041, 350.868, 365.048, 344.05, 353.223, 349.566, 385.846, 349.48, 366.345, 351.285, 352.485, 350.483, 351.892, 347.736, 347.433, 356.144, 359.255, 351.27, 348.808, 349.471, 360.789, 343.719, 345.125, 368.673, 366.664, 363.621, 362.827, 344.399, 344.483]] 
RATE (RPS) =====================================: 35

[[350.581, 380.324, 362.751, 368.259, 358.27, 367.039, 365.696, 354.399, 354.656, 368.018, 376.868, 345.941, 349.526, 347.451, 364.081, 392.38, 389.029, 392.662, 382.694, 371.316, 366.565, 436.137, 439.194, 418.716, 420.798, 411.712, 408.163, 402.447, 421.107, 430.312, 425.66, 405.989, 403.803, 395.877, 388.603]] 
RATE (RPS) =====================================: 35

[[339.359, 351.98, 353.527, 372.936, 346.418, 350.903, 350.284, 351.84, 348.313, 350.861, 348.53, 349.705, 354.992, 342.216, 354.489, 354.336, 364.873, 368.431, 355.918, 370.427, 349.922, 350.769, 373.065, 346.176, 346.064, 380.259, 372.325, 412.233, 349.296, 346.438, 346.436, 375.228, 350.646, 340.366, 350.15]] 
RATE (RPS) =====================================: 35

[[407.888, 345.767, 349.434, 370.965, 392.529, 370.634, 357.511, 359.575, 355.234, 370.182, 369.354, 363.994, 375.662, 363.823, 385.965, 362.022, 364.389, 364.328, 355.554, 353.499, 361.623, 399.809, 391.369, 376.684, 374.773, 368.83, 395.773, 358.986, 355.581, 366.402, 353.752, 351.409, 369.634, 383.005, 350.223]] 
RATE (RPS) =====================================: 35

[[360.799, 376.137, 363.099, 363.516, 368.877, 371.379, 372.694, 362.687, 352.494, 360.222, 404.951, 371.611, 360.573, 376.248, 364.818, 367.556, 358.879, 354.022, 348.404, 343.298, 344.358, 378.236, 390.43, 383.627, 393.903, 377.239, 365.155, 352.328, 366.851, 363.04, 350.945, 350.246, 372.733, 384.084, 366.1, 354.197]] 
RATE (RPS) =====================================: 36

[[337.415, 354.983, 361.969, 353.162, 374.295, 348.787, 366.083, 340.301, 373.087, 368.875, 372.946, 347.327, 361.011, 350.95, 371.547, 370.226, 365.796, 412.443, 399.602, 393.871, 407.142, 391.855, 388.044, 401.319, 398.245, 391.147, 386.951, 387.668, 384.945, 380.622, 371.526, 377.522, 378.219, 386.769, 361.546, 369.623]] 
RATE (RPS) =====================================: 36

[[351.248, 372.389, 363.069, 363.146, 356.048, 375.974, 355.415, 373.518, 364.643, 359.027, 345.476, 339.035, 358.325, 361.939, 342.332, 348.578, 356.42, 349.989, 350.371, 350.414, 349.86, 351.346, 395.614, 361.572, 347.709, 347.971, 368.533, 379.193, 350.193, 365.856, 361.092, 350.411, 347.187, 347.479, 345.719, 345.737]] 
RATE (RPS) =====================================: 36

[[355.074, 369.931, 366.065, 362.874, 386.323, 357.872, 351.981, 366.721, 380.48, 382.762, 376.782, 365.335, 368.405, 348.758, 353.251, 365.45, 355.148, 366.671, 352.232, 358.494, 423.334, 417.852, 416.126, 398.81, 406.912, 393.027, 407.11, 386.747, 384.749, 380.58, 365.5, 381.376, 413.082, 379.896, 382.659, 411.02]] 
RATE (RPS) =====================================: 36

[[357.275, 341.329, 346.163, 358.827, 361.203, 355.48, 358.642, 345.527, 344.85, 343.919, 340.662, 339.253, 359.694, 353.817, 346.167, 342.785, 354.113, 343.923, 368.414, 362.721, 376.333, 370.195, 335.815, 345.344, 355.388, 372.337, 359.334, 342.619, 342.162, 343.862, 348.089, 359.791, 347.715, 354.171, 379.718, 355.096]] 
RATE (RPS) =====================================: 36

[[368.993, 346.74, 346.602, 352.118, 352.184, 358.875, 352.762, 354.342, 345.411, 343.608, 344.194, 372.178, 359.433, 369.74, 362.979, 348.836, 381.597, 340.731, 358.017, 357.895, 387.404, 381.958, 385.682, 374.372, 361.743, 352.529, 369.536, 347.977, 348.572, 340.296, 346.604, 338.367, 351.037, 374.203, 373.189, 357.115]] 
RATE (RPS) =====================================: 36

[[351.01, 364.542, 365.69, 396.526, 360.981, 358.576, 357.396, 357.552, 351.585, 378.186, 355.606, 363.826, 361.764, 385.167, 350.392, 371.874, 360.162, 377.392, 360.64, 357.964, 359.204, 346.237, 359.406, 371.706, 357.654, 353.438, 369.807, 364.472, 374.892, 348.204, 357.639, 354.155, 376.141, 363.071, 372.027, 351.587]] 
RATE (RPS) =====================================: 36

[[353.322, 354.019, 352.756, 354.622, 364.112, 376.296, 366.661, 354.968, 363.896, 348.351, 357.755, 378.192, 365.533, 356.295, 356.513, 399.816, 336.015, 369.886, 357.12, 363.739, 353.558, 352.295, 345.869, 347.747, 343.731, 344.02, 356.126, 373.222, 354.235, 357.768, 358.167, 337.247, 342.044, 349.102, 344.394, 341.927]] 
RATE (RPS) =====================================: 36

[[366.321, 352.614, 349.463, 362.56, 341.503, 357.341, 357.843, 349.693, 350.229, 353.575, 346.526, 342.43, 344.592, 340.661, 349.64, 347.397, 355.939, 346.419, 345.411, 342.767, 335.12, 344.75, 337.976, 335.496, 351.027, 351.118, 358.38, 341.299, 389.384, 339.401, 402.646, 352.031, 918.892, 431.978, 429.541, 414.418]] 
RATE (RPS) =====================================: 36

[[1033.016, 489.012, 479.069, 445.344, 432.521, 439.223, 427.721, 423.472, 410.481, 427.781, 382.498, 368.172, 389.805, 374.87, 377.44, 372.513, 370.983, 3486.203, 428.236, 3469.478, 2434.79, 1568.9, 1548.915, 396.414, 380.115, 368.133, 367.776, 361.772, 368.386, 365.732, 546.863, 537.159, 540.471, 512.727, 493.163, 474.271]] 
RATE (RPS) =====================================: 30

[[386.226, 406.661, 443.015, 460.877, 464.707, 372.663, 521.627, 487.085, 494.548, 606.619, 543.569, 504.116, 586.225, 609.235, 613.021, 632.861, 672.068, 636.896, 688.725, 696.603, 733.648, 782.684, 690.571, 734.878, 777.065, 830.753, 796.209, 1018.337, 829.381, 839.494, 857.827, 935.216, 882.428, 1016.682, 982.514, 1028.957, 1050.862]] 
RATE (RPS) =====================================: 33

[[380.866, 395.58, 403.491, 421.412, 445.979, 462.07, 471.054, 484.929, 503.616, 585.268, 551.011, 518.315, 581.403, 637.854, 593.814, 678.186, 696.855, 757.856, 708.007, 742.617, 756.41, 774.287, 790.121, 816.943, 867.525, 887.911, 979.362, 927.705, 934.203, 886.225, 978.89, 987.871, 1039.5720000000001, 1006.513, 1068.206, 1039.124, 1055.92]] 
RATE (RPS) =====================================: 32

[[372.178, 454.354, 388.476, 404.538, 449.418, 467.286, 481.91, 520.413, 491.207, 623.612, 527.983, 660.806, 543.433, 551.496, 678.709, 769.379, 709.132, 803.781, 846.908, 890.451, 999.49, 933.853, 1024.605, 1066.685, 1153.721, 1207.834, 1307.827, 1247.467, 1386.132, 1335.431, 1472.337, 1416.049, 1555.983, 1497.27, 1635.7849999999999, 1583.117, 1677.2359999999999]] 
RATE (RPS) =====================================: 22

[[415.077, 400.683, 398.266, 388.271, 382.326, 374.275, 364.712, 360.526, 350.999, 361.995, 355.76, 359.939, 374.819, 373.539, 364.79, 363.152, 344.985, 349.758, 355.177, 377.31, 367.439, 353.344, 351.133, 360.302, 351.335, 375.728, 391.098, 384.252, 356.137, 354.366, 373.762, 352.172, 381.141, 353.757, 357.589, 342.621, 345.366]] 
RATE (RPS) =====================================: 37

[[356.743, 346.705, 345.784, 353.121, 366.417, 379.769, 362.785, 385.539, 370.964, 357.668, 369.557, 374.606, 362.923, 347.869, 365.128, 373.704, 363.153, 358.596, 352.038, 353.7, 373.957, 366.017, 374.725, 379.764, 362.013, 362.718, 359.282, 345.886, 370.152, 351.924, 419.286, 351.277, 347.909, 384.723, 365.002, 352.138, 345.349]] 
RATE (RPS) =====================================: 37

[[362.676, 358.83, 360.883, 358.777, 355.291, 372.235, 347.754, 385.189, 364.601, 368.445, 373.003, 372.478, 374.321, 357.907, 350.719, 350.413, 349.22, 344.353, 361.834, 339.911, 349.048, 367.119, 338.984, 345.916, 350.672, 365.28, 358.427, 364.663, 362.276, 338.255, 379.839, 372.417, 343.657, 354.064, 356.548, 363.726, 345.139]] 
RATE (RPS) =====================================: 37

[[380.125, 396.356, 350.255, 389.264, 348.416, 358.163, 350.307, 354.153, 344.073, 366.12, 363.656, 372.53, 359.143, 399.213, 379.513, 350.219, 343.16, 354.803, 351.053, 358.358, 361.365, 361.82, 373.594, 360.561, 368.229, 348.676, 347.475, 358.581, 387.23, 351.599, 373.414, 350.791, 344.943, 385.578, 379.496, 398.591, 384.186]] 
RATE (RPS) =====================================: 37

[[363.154, 347.677, 352.773, 358.897, 362.041, 379.546, 383.464, 359.144, 364.187, 374.934, 368.187, 371.362, 365.374, 363.379, 357.469, 355.027, 349.131, 349.783, 365.667, 357.492, 353.017, 363.468, 349.247, 350.105, 347.201, 367.895, 369.829, 357.857, 353.8, 372.538, 370.63, 361.362, 372.976, 355.756, 364.001, 353.659, 357.365]] 
RATE (RPS) =====================================: 37

[[352.073, 365.164, 382.792, 369.698, 349.288, 379.856, 387.361, 362.712, 366.991, 369.173, 354.973, 357.351, 354.192, 345.45, 352.769, 345.869, 350.818, 349.084, 350.323, 347.628, 347.79, 345.477, 354.732, 341.305, 364.738, 353.385, 388.948, 376.388, 413.97, 394.781, 388.033, 363.935, 358.952, 360.351, 367.519, 353.511, 339.348]] 
RATE (RPS) =====================================: 37

[[385.977, 349.463, 373.194, 353.376, 358.587, 357.388, 374.927, 349.65, 339.058, 372.293, 358.768, 341.466, 349.069, 372.58, 338.27, 342.014, 345.527, 341.823, 338.965, 374.603, 364.053, 354.481, 339.521, 348.616, 358.423, 348.612, 360.479, 343.173, 341.901, 355.811, 353.525, 353.319, 341.457, 338.556, 369.4, 339.666, 344.671]] 
RATE (RPS) =====================================: 37

[[342.726, 377.997, 381.052, 349.901, 361.512, 354.147, 351.349, 348.049, 342.784, 356.995, 341.73, 351.249, 349.705, 344.234, 345.785, 361.803, 361.056, 371.753, 358.253, 365.554, 365.418, 357.997, 355.298, 361.662, 363.748, 357.865, 361.133, 363.96, 354.925, 364.669, 361.781, 340.763, 360.666, 437.863, 409.978, 411.273, 393.932, 394.304]] 
RATE (RPS) =====================================: 38

[[345.357, 376.084, 356.631, 374.544, 357.446, 360.79, 376.012, 360.506, 364.377, 367.226, 375.924, 381.309, 355.292, 369.782, 412.467, 383.869, 451.037, 420.964, 463.716, 478.581, 497.781, 560.771, 509.683, 572.788, 616.651, 596.002, 633.996, 650.87, 667.445, 679.16, 707.992, 674.01, 708.947, 723.449, 735.545, 764.982, 794.799, 815.913]] 
RATE (RPS) =====================================: 38

[[399.191, 371.34, 414.553, 429.758, 444.228, 457.087, 476.267, 492.648, 528.134, 565.165, 574.123, 596.481, 660.22, 604.986, 613.221, 709.822, 658.99, 672.03, 724.851, 697.653, 743.762, 759.281, 836.159, 796.338, 964.638, 834.059, 840.815, 851.229, 890.217, 862.524, 942.486, 981.543, 904.487, 947.537, 977.597, 1046.598, 1010.207, 974.095]] 
RATE (RPS) =====================================: 36

[[390.648, 415.952, 491.025, 397.168, 415.385, 455.884, 474.685, 490.785, 556.984, 529.223, 497.007, 632.598, 576.649, 595.257, 542.124, 658.394, 627.926, 665.446, 683.182, 769.589, 688.933, 677.781, 750.764, 818.103, 757.048, 878.836, 1082.244, 916.711, 984.673, 1091.3220000000001, 1108.413, 1126.596, 1171.0, 1144.555, 1228.432, 1172.412, 1195.194, 1230.571]] 
RATE (RPS) =====================================: 28

[[371.28, 400.916, 379.29, 406.764, 417.905, 429.084, 456.702, 428.688, 455.137, 491.975, 456.391, 518.766, 561.296, 527.351, 614.247, 559.905, 572.72, 599.151, 610.458, 628.083, 646.223, 655.234, 677.76]] 
RATE (RPS) =====================================: 38

[[362.693, 379.706, 389.536, 402.395, 415.516, 476.349, 422.159, 611.399, 504.126, 537.214, 656.775, 682.453, 696.811, 713.814, 715.223, 726.025, 757.321, 747.168, 711.202, 731.425, 746.441]] 
RATE (RPS) =====================================: 38

[[415.64, 457.504, 464.557, 410.795, 493.688, 451.694, 469.028, 494.02, 497.342, 575.941, 504.254, 563.141, 587.37, 606.647, 675.925, 605.92, 622.812, 707.207, 659.277, 668.251, 698.892, 698.215, 685.583, 655.959, 692.344]] 
RATE (RPS) =====================================: 38

[[386.188, 390.346, 401.762, 453.075, 444.35, 489.973, 497.461, 501.622, 513.828, 518.173, 477.658, 457.886, 470.549, 487.042, 481.361, 520.991, 521.995, 458.843]] 
RATE (RPS) =====================================: 38

[[407.393, 384.906, 379.942, 397.559, 381.537, 394.552, 411.484, 428.855, 448.751, 479.288, 506.891, 520.805, 534.241, 522.627, 554.36, 513.235]] 
RATE (RPS) =====================================: 38

[[378.569, 387.499, 403.103, 405.919, 409.336, 427.212, 448.995, 407.645, 438.267, 501.458, 468.334, 436.099, 381.165, 403.874, 415.072, 436.852, 457.348]] 
RATE (RPS) =====================================: 38

[[438.846, 395.619, 398.672, 410.4, 416.426, 408.486, 443.224, 413.638, 439.792, 472.453, 411.391, 422.698, 432.263, 448.177, 468.445, 471.11, 491.649, 446.747, 450.512]] 
RATE (RPS) =====================================: 39

[[377.886, 404.998, 361.087, 415.953, 421.556, 434.409, 451.835, 466.153, 503.509, 459.482, 497.4, 453.964, 462.47, 422.353, 415.624, 433.323, 442.777, 484.059, 440.53]] 
RATE (RPS) =====================================: 39

[[461.709, 423.741, 441.026, 387.016, 417.075, 410.012, 393.946, 409.477, 434.299, 386.892, 461.052, 408.428, 470.927, 413.978, 425.785, 458.062, 436.881, 430.544, 433.787, 454.796, 433.591]] 
RATE (RPS) =====================================: 39

[[396.273, 406.155, 439.529, 408.639, 426.161, 433.297, 412.334, 437.577, 449.86, 428.837, 432.082, 422.059, 461.588, 425.557, 461.972, 453.549, 441.03, 457.675, 497.462, 521.0, 435.153]] 
RATE (RPS) =====================================: 39

[[371.013, 434.369, 382.175, 399.997, 386.873, 395.321, 394.242, 469.844, 421.818, 379.543, 425.478, 457.778, 448.292, 459.858, 464.499, 456.041, 411.998, 443.849, 456.844]] 
RATE (RPS) =====================================: 39

[[389.238, 389.667, 398.994, 407.473, 425.372, 444.217, 449.36, 466.311, 469.694, 533.326, 547.665, 463.353, 478.809, 540.08, 448.674, 451.803, 458.262, 464.971, 466.646]] 
RATE (RPS) =====================================: 39

[[371.093, 385.277, 410.638, 415.573, 425.413, 376.575, 424.459, 448.663, 542.113, 454.602, 453.992, 459.817, 472.012, 481.817, 477.538, 596.325, 507.123, 542.698, 587.356, 651.484, 573.765]] 
RATE (RPS) =====================================: 39

[[415.598, 398.538, 419.619, 457.694, 416.984, 455.649, 482.154, 451.027, 485.937, 386.948, 391.023, 403.464, 414.588, 424.646, 424.812, 420.966, 417.448]] 
RATE (RPS) =====================================: 39

[[374.231, 389.081, 398.629, 431.419, 380.503, 417.15, 484.265, 430.638, 433.126, 527.596, 552.289, 552.212, 450.908, 544.616, 596.968, 497.323, 555.976, 546.486, 547.918, 528.762]] 
RATE (RPS) =====================================: 39

[[364.849, 370.641, 387.322, 394.064, 417.058, 460.913, 420.857, 469.169, 483.351, 498.524, 519.253, 568.025, 528.018, 592.321, 670.724, 615.183, 691.979, 648.943, 600.104, 617.806]] 
RATE (RPS) =====================================: 39

[[375.215, 387.056, 401.978, 419.267, 391.181, 409.833, 389.021, 402.716, 422.103, 377.193, 374.027, 375.906, 395.505, 428.592, 425.131, 394.003, 402.977]] 
RATE (RPS) =====================================: 40

[[412.122, 403.966, 410.712, 429.901, 470.397, 438.294, 481.552, 488.836, 500.827, 498.581, 508.034, 507.627, 531.381, 540.805, 527.87, 545.182, 531.754, 540.513, 567.011, 524.063, 564.645, 557.937]] 
RATE (RPS) =====================================: 40

[[372.825, 374.173, 405.771, 425.428, 507.121, 442.979, 528.05, 511.3, 529.102, 526.341, 521.018, 561.711, 509.908, 523.838, 566.881, 546.737, 559.935, 643.699, 579.363]] 
RATE (RPS) =====================================: 40

[[387.302, 401.425, 413.88, 408.158, 433.496, 386.722, 468.026, 484.094, 493.961, 506.781, 518.681, 544.693, 504.408, 556.03, 543.766, 545.969, 506.142, 524.753, 515.352, 520.253, 566.821, 510.669, 559.912]] 
RATE (RPS) =====================================: 40

[[370.885, 405.089, 409.734, 381.302, 384.847, 406.811, 418.151, 411.432, 421.131, 408.966, 419.535, 413.452, 369.903, 393.498, 390.332, 441.694, 404.04, 412.016, 421.09]] 
RATE (RPS) =====================================: 40

[[372.261, 391.273, 375.738, 416.782, 427.166, 372.198, 435.564, 423.346, 373.504, 425.976, 382.979, 367.354, 411.196, 372.443, 367.716, 375.999, 392.523]] 
RATE (RPS) =====================================: 40

[[427.682, 424.683, 416.907, 419.172, 423.342, 446.404, 458.584, 513.26, 450.275, 470.872, 505.819, 521.391, 532.1, 548.91, 564.522, 599.014, 574.966, 584.342, 599.604, 567.653, 573.772, 603.958, 571.134, 594.373]] 
RATE (RPS) =====================================: 40

[[399.243, 395.674, 414.991, 459.845, 479.431, 410.227, 467.654, 457.654, 465.474, 506.277, 469.573, 510.541, 499.814, 508.836, 533.518, 536.407, 497.986, 538.188, 623.926, 504.64, 542.583]] 
RATE (RPS) =====================================: 40

[[467.81, 464.392, 504.953, 544.34, 441.318, 560.173, 597.344, 676.246, 627.195, 663.885, 695.005, 702.099, 694.574, 712.997, 750.172, 767.252, 840.067, 815.823, 684.552, 669.594]] 
RATE (RPS) =====================================: 40

[[402.769, 359.662, 366.974, 361.268, 358.324, 357.288, 358.187, 363.776, 357.522, 346.038, 417.887, 412.633, 405.006, 379.489, 376.171, 384.501, 338.216, 380.586, 393.31]] 
RATE (RPS) =====================================: 40

[[370.37, 393.834, 360.672, 372.18, 376.201, 394.831, 373.726, 362.941, 370.27, 376.382, 358.928, 353.59, 373.775, 365.149, 351.53, 397.513, 373.31, 350.412, 339.993, 346.963]] 
RATE (RPS) =====================================: 45

[[372.491, 360.095, 363.644, 353.084, 353.42, 347.684, 342.797, 377.778, 414.081, 381.953, 372.107, 371.683, 362.524, 362.594, 363.188, 348.422, 344.503, 360.553, 336.083, 360.869, 343.078, 349.543, 346.562, 338.704, 353.632, 352.419]] 
RATE (RPS) =====================================: 45

[[352.066, 353.985, 358.095, 388.213, 350.741, 357.799, 373.926, 367.118, 354.333, 366.881, 363.537, 352.898, 339.296, 384.508, 356.077, 341.554, 341.969, 363.822, 371.852, 349.122, 336.035, 346.175, 338.078, 345.702]] 
RATE (RPS) =====================================: 45

[[368.31, 370.226, 379.108, 362.138, 347.316, 376.113, 367.032, 350.171, 352.627, 380.506, 389.83, 343.797, 363.786, 381.175, 375.717, 372.017, 348.85, 345.419, 351.252, 350.67, 341.816, 343.565]] 
RATE (RPS) =====================================: 45

[[339.903, 378.111, 421.442, 375.403, 404.395, 394.836, 364.17, 362.045, 360.227, 377.084, 363.944, 350.89, 353.035, 358.372, 345.39, 375.651, 366.319, 394.26, 386.69, 394.613, 362.601, 405.252, 353.414, 356.737, 410.6, 424.279, 351.22]] 
RATE (RPS) =====================================: 45

[[363.554, 343.499, 375.376, 355.703, 352.399, 344.984, 360.493, 354.141, 376.924, 394.2, 347.115, 350.688, 339.51, 359.545, 396.093, 356.556, 372.57, 348.863, 368.326, 355.951, 385.257, 372.916, 385.822]] 
RATE (RPS) =====================================: 45

[[418.949, 407.169, 361.453, 358.015, 361.591, 344.287, 365.31, 371.428, 341.338, 398.279, 370.092, 407.23, 386.739, 377.19, 356.739, 368.203, 355.895, 384.792, 381.298]] 
RATE (RPS) =====================================: 45

[[388.572, 398.667, 370.734, 375.003, 341.965, 341.261, 377.84, 373.1, 396.022, 376.739, 361.016, 391.338, 363.194, 344.221, 365.535, 356.974, 348.38, 410.391, 353.944]] 
RATE (RPS) =====================================: 45

[[391.719, 394.031, 378.422, 380.951, 358.923, 390.982, 408.696, 398.67, 392.264, 372.325, 367.896, 370.766, 362.666, 365.25, 359.103, 412.593, 438.252, 387.947, 387.361, 381.482, 373.381, 406.678, 373.835]] 
RATE (RPS) =====================================: 45

[[432.419, 375.666, 384.674, 372.383, 364.15, 356.839, 360.674, 416.419, 369.924, 369.062, 360.719, 402.096, 380.969, 430.745, 420.055, 418.519, 388.421, 392.837, 367.184, 386.533, 380.245, 339.653, 358.311, 343.448, 358.794, 348.849]] 
RATE (RPS) =====================================: 45

[[353.679, 345.331, 365.847, 369.923, 355.102, 358.604, 404.225, 414.921, 384.944, 357.449, 409.018, 347.025, 343.318, 344.728, 351.191, 356.165]] 
RATE (RPS) =====================================: 50

[[386.408, 357.534, 395.816, 366.65, 376.497, 386.776, 358.448, 366.391, 348.466, 358.507, 342.765, 356.011, 360.027, 364.102, 352.3, 343.62, 344.882, 354.374, 341.541, 350.002, 366.786, 358.392, 338.531, 342.999, 358.359, 355.792, 382.351, 348.842, 376.435, 361.95, 353.485, 345.854, 337.846]] 
RATE (RPS) =====================================: 50

[[357.536, 344.443, 353.689, 343.657, 359.264, 355.756, 347.842, 360.88, 341.421, 355.901, 388.901, 389.128, 380.216, 374.24, 345.02, 346.081, 341.477, 361.822, 367.361, 364.438, 360.498, 341.405, 369.827, 381.82, 344.465, 337.027]] 
RATE (RPS) =====================================: 50

[[363.178, 353.484, 349.913, 369.758, 353.072, 378.073, 386.446, 354.341, 357.651, 363.499, 348.311, 345.591, 355.085, 340.136, 343.666, 348.868, 352.664, 370.869, 378.215, 356.212, 373.556, 364.689, 356.928, 341.847, 340.961, 342.582, 352.6, 350.596, 355.446, 344.431]] 
RATE (RPS) =====================================: 50

[[363.179, 346.761, 374.933, 356.487, 343.015, 365.717, 347.266, 350.176, 336.678, 358.079, 348.707, 354.37, 347.623, 344.378, 356.683, 341.596, 349.189, 357.576, 347.222, 338.846, 345.181, 341.942, 354.182]] 
RATE (RPS) =====================================: 50

[[344.879, 361.307, 365.165, 338.173, 357.406, 347.259, 349.073, 349.273, 349.576, 339.836, 345.553, 354.963, 346.781, 342.563, 349.72, 345.938, 338.083, 371.326, 346.082, 349.026, 350.717, 355.116, 338.202, 342.985, 344.199, 346.519]] 
RATE (RPS) =====================================: 50

[[355.503, 346.242, 1358.709, 1348.429, 1357.781, 1349.627, 1353.545, 1367.41, 1365.5729999999999, 1366.934, 1363.598, 1353.769, 1363.15, 1356.746, 443.391, 437.355, 409.649, 409.345, 385.722, 393.587, 404.219, 390.404, 393.37, 366.605, 500.768, 447.1, 451.417, 446.455, 417.09, 407.972, 394.227, 344.599]] 
RATE (RPS) =====================================: 38

[[351.408, 379.971, 368.138, 385.979, 383.02, 356.622, 356.524, 372.807, 370.893, 365.412, 355.398, 353.256, 344.571, 347.09, 352.959, 333.674, 342.737, 351.139, 373.961, 348.194, 360.727, 361.379, 351.011, 353.27, 373.254, 372.852, 366.646, 339.696]] 
RATE (RPS) =====================================: 50

[[368.155, 432.495, 428.761, 412.258, 400.427, 359.138, 401.239, 387.836, 404.603, 394.934, 379.821, 367.06, 396.444, 389.369, 369.224, 367.805, 362.803, 359.59, 361.703, 344.778, 337.862, 371.949, 365.984, 373.654]] 
RATE (RPS) =====================================: 50

[[420.872, 383.123, 358.181, 412.161, 358.322, 373.305, 358.893, 355.693, 359.089, 367.485, 367.758, 345.842, 362.594, 341.108, 348.624, 343.848, 335.164, 353.943, 345.707]] 
RATE (RPS) =====================================: 50

[[368.743, 352.006, 350.893, 369.377, 385.017, 356.687, 371.123, 396.132, 412.772, 391.578, 389.127, 391.196, 373.135, 375.084, 376.969, 357.226, 387.581, 368.524, 364.892, 337.421, 352.464, 345.906, 353.451, 366.573, 360.572, 344.706]] 
RATE (RPS) =====================================: 55

[[368.531, 359.21, 386.93, 374.51, 369.564, 391.269, 373.818, 373.114, 363.314, 348.977, 390.792, 410.526, 362.283, 376.003, 366.766, 391.813, 379.064, 343.518, 349.266, 402.883, 341.089, 377.321, 361.5, 370.694, 359.77, 351.131, 361.406]] 
RATE (RPS) =====================================: 55

[[396.237, 347.282, 374.968, 367.539, 373.834, 368.031, 367.458, 358.761, 387.033, 344.955, 367.667, 383.191, 387.699, 411.463, 357.414, 359.581, 364.249, 346.683, 388.512, 349.754, 366.925, 351.653, 381.412, 357.173, 344.289]] 
RATE (RPS) =====================================: 55

[[373.236, 393.389, 371.534, 366.432, 378.034, 393.285, 381.327, 400.825, 361.468, 421.503, 372.031, 367.565, 353.368, 376.191, 355.287, 370.165, 340.976, 361.474, 373.497, 391.148, 336.752, 448.237, 368.429, 380.466]] 
RATE (RPS) =====================================: 55

[[387.723, 391.185, 358.936, 344.76, 340.376, 358.002, 346.475, 345.325, 349.075, 345.745, 349.322, 369.339, 421.215, 399.101, 395.155, 376.754, 349.889, 355.281, 344.726, 341.06, 342.928, 377.254, 354.969, 380.508, 369.061, 355.738, 355.408, 347.65, 341.021, 362.763, 352.182, 371.275]] 
RATE (RPS) =====================================: 55

[[356.791, 400.082, 370.389, 369.552, 365.379, 353.738, 370.0, 393.345, 356.366, 376.382, 369.87, 374.401, 406.729, 351.163, 392.291, 367.74, 359.132, 377.941, 365.824, 380.229, 427.367, 387.305, 365.726, 357.654, 370.44, 366.684, 352.64, 365.767, 385.058, 346.932, 346.4, 349.228, 378.209, 338.045]] 
RATE (RPS) =====================================: 55

[[402.684, 389.845, 381.452, 375.349, 353.488, 373.32, 377.736, 358.876, 349.058, 364.114, 340.592, 384.783, 369.141, 348.194, 342.639, 351.165, 359.038, 356.078, 342.303, 367.904, 376.72, 379.882, 373.078, 344.383, 340.996, 338.572, 338.091, 335.038, 337.246]] 
RATE (RPS) =====================================: 55

[[369.174, 385.361, 340.488, 374.258, 373.402, 352.584, 343.811, 393.827, 391.652, 360.421, 354.329, 363.123, 352.698, 387.662, 382.443, 344.947, 369.253, 399.776, 363.377, 428.234, 433.995, 423.507, 376.557, 416.329, 401.53, 392.37, 359.712, 379.844, 359.062, 362.041, 366.991, 394.081]] 
RATE (RPS) =====================================: 55

[[409.112, 429.151, 417.653, 410.129, 396.075, 402.09, 400.271, 370.679, 377.902, 365.965, 384.343, 387.43, 397.671, 377.612, 372.235, 382.513, 378.645, 388.894, 339.703, 354.822, 355.179, 371.011, 367.594, 351.083, 346.599, 339.084, 342.995, 337.097, 346.02]] 
RATE (RPS) =====================================: 55

[[358.254, 381.443, 381.019, 363.736, 352.535, 372.863, 355.17, 373.928, 399.667, 362.602, 349.316, 381.482, 367.619, 363.929, 367.454, 417.976, 386.242, 366.475, 361.354, 342.725, 390.901, 352.191, 372.408, 356.653, 368.167, 344.856, 370.264, 358.461, 355.917, 360.367]] 
RATE (RPS) =====================================: 55

[[391.301, 359.255, 351.412, 386.472, 352.865, 372.146, 376.928, 406.723, 362.668, 385.73, 387.058, 349.246, 359.778, 383.405, 361.781, 349.626, 382.031, 364.591, 367.969, 367.416, 403.827, 386.198, 381.557, 341.244, 354.535, 378.51, 362.736, 356.23, 348.512, 346.971, 343.146, 367.943, 337.346]] 
RATE (RPS) =====================================: 60

[[406.144, 364.627, 378.153, 357.38, 349.841, 390.284, 350.128, 356.078, 351.069, 358.671, 355.365, 387.179, 394.678, 364.138, 408.08, 371.026, 346.807, 390.275, 382.275, 375.538, 363.296, 350.284, 345.323, 348.319, 350.434, 367.15]] 
RATE (RPS) =====================================: 60

[[413.126, 382.347, 383.02, 381.405, 388.049, 373.43, 348.772, 394.833, 396.232, 391.255, 341.76, 445.132, 401.192, 442.03, 356.513, 427.983, 403.347, 345.76, 343.199, 340.03, 365.883, 405.23, 373.771, 346.232, 344.933, 360.847]] 
RATE (RPS) =====================================: 60

[[382.742, 371.962, 399.157, 367.812, 391.729, 381.956, 379.296, 376.611, 390.567, 391.43, 365.45, 370.77, 405.884, 363.212, 358.21, 380.631, 349.256, 360.401, 400.574, 372.322, 352.86, 358.955, 345.201, 341.833, 356.146, 349.302, 337.884, 339.137, 350.438, 338.837]] 
RATE (RPS) =====================================: 60

[[356.841, 412.741, 386.779, 381.974, 359.655, 350.057, 346.151, 417.954, 350.251, 372.468, 351.034, 380.307, 360.854, 344.633, 368.499, 352.951, 384.779, 359.392, 373.827, 398.143, 359.595, 360.781, 360.031, 409.844, 357.567, 351.885, 367.763, 360.974, 339.397]] 
RATE (RPS) =====================================: 60

[[384.081, 422.762, 383.034, 373.662, 343.614, 363.463, 398.061, 358.851, 404.383, 380.53, 372.087, 362.8, 366.489, 342.892, 353.646, 346.534, 348.455, 412.91, 403.219, 398.501, 398.094, 385.886, 343.299, 339.221, 359.263, 354.652]] 
RATE (RPS) =====================================: 60

[[340.107, 417.376, 397.879, 386.296, 374.958, 360.763, 365.403, 368.03, 346.091, 357.422, 351.61, 345.354, 351.99, 364.277, 346.443, 350.958, 354.309, 352.174, 350.519, 337.948, 344.383, 345.464, 345.795, 352.315, 357.137, 358.27, 347.235, 353.11]] 
RATE (RPS) =====================================: 60

[[387.328, 389.91, 368.262, 378.902, 367.567, 371.547, 397.418, 406.987, 372.767, 374.794, 385.604, 360.132, 347.047, 346.078, 344.925, 358.06, 353.187, 342.608, 380.741, 364.874, 353.087, 347.739]] 
RATE (RPS) =====================================: 60

[[393.573, 349.133, 352.467, 353.988, 363.666, 344.624, 360.743, 349.05, 357.227, 352.609, 390.817, 373.479, 376.667, 373.482, 358.297, 376.478, 368.698, 409.445, 378.467, 356.773, 387.631, 385.407, 393.27, 370.092, 369.684, 380.232, 389.115, 426.286, 358.38, 348.057, 348.509, 372.68, 362.006, 371.936, 354.514]] 
RATE (RPS) =====================================: 60

[[365.949, 370.407, 392.631, 377.758, 379.605, 375.255, 409.079, 417.139, 409.414, 383.092, 369.49, 369.732, 370.432, 395.422, 390.826, 366.111, 397.22, 380.258, 389.355, 386.227, 374.991, 350.237, 391.103, 402.618, 365.127, 407.269, 344.782, 375.22, 374.35]] 
RATE (RPS) =====================================: 60

[[385.905, 362.378, 352.142, 358.142, 363.533, 383.715, 352.518, 378.032, 350.913, 356.28, 351.597, 393.546, 377.16, 362.81, 350.508, 379.07, 367.289, 371.23, 364.734, 353.467, 367.305, 410.103, 345.806, 346.078, 412.648, 390.115, 376.485, 404.639, 354.99, 375.238, 346.297, 349.742, 368.166]] 
RATE (RPS) =====================================: 65

[[375.9, 411.029, 405.157, 388.96, 381.43, 360.819, 382.595, 384.945, 444.321, 399.356, 469.53, 419.418, 468.028, 413.898, 394.026, 443.561, 400.783, 405.094, 408.47, 377.777, 376.146, 374.859, 365.689, 360.369, 388.59, 372.403, 363.526, 361.006, 368.191, 368.856, 363.241, 358.487, 387.785, 431.888, 390.324, 389.08, 449.707, 379.476, 396.895, 357.499, 363.239, 383.973, 346.701, 353.212, 337.023]] 
RATE (RPS) =====================================: 65

[[396.823, 369.379, 382.454, 377.01, 366.988, 390.202, 384.148, 376.761, 393.246, 374.687, 379.283, 378.823, 362.078, 389.99, 392.684, 378.773, 376.938, 351.863, 368.539, 375.91, 380.192, 367.214, 370.774, 385.824, 436.556, 410.949, 398.89, 409.98, 438.492, 379.155, 365.774, 412.51, 415.571, 379.97, 364.123, 381.994, 385.262, 357.867, 373.876, 435.195, 389.346, 414.057, 389.357, 383.626, 375.276, 435.639, 450.371, 407.147, 386.502, 350.507, 375.689, 369.927, 342.245, 395.269, 381.315, 352.928, 347.628, 365.832, 354.415, 371.828, 358.109, 362.241, 382.812, 362.198, 373.148]] 
RATE (RPS) =====================================: 65

[[365.626, 360.976, 416.892, 376.11, 344.068, 387.634, 379.686, 378.274, 382.217, 378.015, 394.014, 362.789, 375.9, 360.103, 358.149, 358.577, 370.75, 350.315, 368.213, 356.603, 349.814, 366.008, 372.499, 381.839, 434.26, 383.105, 433.426, 382.789, 403.929, 363.419, 410.934, 408.652, 359.414, 363.168, 377.796, 390.392, 373.237, 377.944, 426.183, 386.577, 414.349, 379.804, 377.722, 366.09, 359.973, 359.977, 359.232, 345.271, 368.578, 352.395, 362.311, 367.75, 350.387, 350.84, 356.219, 353.505, 350.374, 352.465, 349.277, 365.08, 361.739, 364.827, 404.524, 392.695, 373.328]] 
RATE (RPS) =====================================: 65

[[403.965, 384.743, 419.676, 410.273, 395.895, 397.741, 388.005, 378.571, 406.075, 378.798, 345.54, 372.086, 388.822, 350.291, 373.299, 397.539, 436.905, 405.225, 436.333, 416.802, 388.11, 395.243, 395.38, 377.148, 373.089, 374.782, 406.864, 379.907, 380.136, 368.416, 361.536, 393.755, 392.836, 382.924, 413.305, 426.03, 389.177, 395.948, 401.77, 380.444, 365.173, 369.338, 399.591, 413.231, 406.078, 371.565, 369.641, 393.81, 358.679, 355.278, 388.326, 366.463, 383.718, 377.346, 355.483, 346.888, 365.975, 339.536, 354.541, 343.714, 357.742, 350.48, 351.5, 365.847, 353.856]] 
RATE (RPS) =====================================: 65

[[367.52, 418.065, 434.037, 380.533, 401.855, 394.979, 367.955, 345.09, 376.817, 368.591, 369.001, 350.51, 353.584, 350.685, 356.847, 357.624, 366.359, 364.86, 361.546, 351.156, 368.243, 370.218, 450.696, 349.955, 377.101, 394.536, 433.657, 423.514, 404.779, 369.342, 409.333, 364.176, 369.915, 388.82, 366.677, 363.852, 374.873, 350.873, 357.205, 353.899, 363.119, 347.254, 396.622, 382.872, 367.263, 392.901, 420.677, 395.915, 383.029, 349.543, 378.721, 363.452, 366.484, 381.08, 378.763, 370.872, 389.422, 394.499, 358.383, 343.088, 351.687, 344.878, 391.065, 383.406, 346.891]] 
RATE (RPS) =====================================: 65

[[369.412, 369.974, 404.261, 386.346, 383.863, 365.994, 370.416, 397.655, 393.508, 400.15, 384.896, 364.411, 365.152, 381.473, 363.524, 372.528, 374.396, 371.081, 361.039, 361.497, 422.439, 406.345, 421.03, 393.551, 380.492, 370.906, 358.317, 390.286, 367.993, 367.915, 390.091, 374.922, 365.227, 353.213, 364.583, 363.439, 446.216, 416.173, 433.215, 396.402, 433.586, 401.451, 382.983, 370.886, 384.55, 382.138, 375.128, 358.765, 338.823, 352.844, 354.141, 347.312, 378.87, 387.666, 368.318, 351.932, 349.308, 359.313, 410.97, 394.618, 355.061, 374.834, 339.288, 338.824, 350.985]] 
RATE (RPS) =====================================: 65

[[366.554, 394.271, 378.685, 365.095, 379.242, 387.927, 386.972, 366.827, 356.263, 357.423, 402.501, 351.951, 360.845, 368.86, 364.96, 379.796, 407.396, 378.226, 364.601, 367.33, 412.151, 378.766, 380.389, 385.092, 413.95, 370.186, 386.629, 359.097, 374.109, 375.933, 395.434, 380.588, 377.994, 411.471, 402.541, 386.951, 401.933, 386.974, 394.488, 383.361, 367.482, 424.916, 412.927, 406.868, 370.792, 356.652, 450.087, 431.946, 392.959, 408.715, 374.293, 351.295, 379.62, 372.738, 377.265, 356.796, 358.285, 397.122, 371.197, 348.236, 358.361, 393.727, 348.193, 381.917, 366.371]] 
RATE (RPS) =====================================: 65

[[362.064, 378.146, 437.711, 365.952, 372.344, 353.69, 360.674, 357.202, 361.007, 388.568, 375.474, 369.317, 366.794, 362.994, 355.976, 390.167, 369.349, 363.135, 349.873, 377.223, 360.463, 367.458, 428.362, 398.937, 386.982, 380.736, 377.748, 387.592, 396.436, 379.028, 368.984, 368.499, 359.868, 353.567, 362.038, 368.686, 401.257, 380.365, 376.252, 366.046, 361.497, 397.324, 382.631, 367.254, 408.41, 363.382, 393.549, 355.601, 382.474, 361.968, 356.183, 352.921, 342.209, 396.535, 357.65, 373.188, 363.364, 352.417, 375.589, 347.117, 345.014, 389.454, 394.152, 363.543, 350.655]] 
RATE (RPS) =====================================: 65

[[357.86, 348.755, 364.332, 358.297, 354.067, 363.889, 346.636, 349.848, 379.172, 373.413, 379.258, 375.671, 370.847, 353.198, 374.629, 365.496, 364.718, 366.499, 372.328, 342.491, 352.591, 354.92, 344.179, 349.632, 347.275, 384.892, 380.436, 353.1, 386.903, 359.071, 362.649, 369.321, 370.509, 365.267, 395.823, 385.486, 382.916, 373.695, 364.934, 357.674, 357.919, 348.931, 344.64, 361.841, 364.544, 345.33, 403.369, 401.954, 365.591, 379.078, 371.015, 349.468, 387.392, 349.766, 375.944, 340.786, 373.976, 365.872, 360.786, 342.167, 352.259, 357.546, 343.165, 367.368, 362.401]] 
RATE (RPS) =====================================: 65

average response time [0]799.883
average response time [1]349.639
average response time [2]383.287
average response time [3]362.516
average response time [4]342.078
average response time [5]359.682
average response time [6]384.017
average response time [7]343.788
average response time [8]347.661
average response time [9]334.478
TOTAL AVERAGE RESPONSE TIME ====================: 400.7029
NUMBER OF THREADS ==============================: 1
TOTAL AVERAGE RATE (RPS) =====================================: 1.0
average response time [10]399.45550000000003
average response time [11]366.26800000000003
average response time [12]343.08950000000004
average response time [13]403.89549999999997
average response time [14]356.2385
average response time [15]367.65
average response time [16]343.8835
average response time [17]388.34749999999997
average response time [18]363.2155
average response time [19]355.4855
TOTAL AVERAGE RESPONSE TIME ====================: 368.75289999999995
NUMBER OF THREADS ==============================: 2
TOTAL AVERAGE RATE (RPS) =====================================: 2.0
average response time [20]368.77774999999997
average response time [21]355.56725
average response time [22]351.97375
average response time [23]356.84425
average response time [24]387.42449999999997
average response time [25]368.31399999999996
average response time [26]352.55125
average response time [27]370.04975
average response time [28]362.01475
average response time [29]357.769
TOTAL AVERAGE RESPONSE TIME ====================: 363.128625
NUMBER OF THREADS ==============================: 4
TOTAL AVERAGE RATE (RPS) =====================================: 4.0
average response time [30]366.94100000000003
average response time [31]377.62775
average response time [32]354.715125
average response time [33]352.218625
average response time [34]370.761625
average response time [35]354.54675000000003
average response time [36]348.741625
average response time [37]402.0385
average response time [38]353.212375
average response time [39]356.4425
TOTAL AVERAGE RESPONSE TIME ====================: 363.72458750000004
NUMBER OF THREADS ==============================: 8
TOTAL AVERAGE RATE (RPS) =====================================: 8.0
average response time [40]381.382625
average response time [41]360.8915
average response time [42]360.85587499999997
average response time [43]376.9011875
average response time [44]352.7553125
average response time [45]346.019875
average response time [46]378.2115625
average response time [47]354.0513125
average response time [48]356.39325
average response time [49]375.4985
TOTAL AVERAGE RESPONSE TIME ====================: 364.2961000000001
NUMBER OF THREADS ==============================: 16
TOTAL AVERAGE RATE (RPS) =====================================: 16.0
average response time [50]365.102
average response time [51]371.66521875
average response time [52]359.48621875
average response time [53]358.58215625
average response time [54]374.0963125
average response time [55]370.4245
average response time [56]362.469125
average response time [57]369.34321875
average response time [58]359.563875
average response time [59]365.73603125
TOTAL AVERAGE RESPONSE TIME ====================: 365.646865625
NUMBER OF THREADS ==============================: 32
TOTAL AVERAGE RATE (RPS) =====================================: 32.0
average response time [60]356.6632424242424
average response time [61]368.45969696969695
average response time [62]379.8603636363636
average response time [63]358.3366060606061
average response time [64]354.7660606060606
average response time [65]357.00269696969696
average response time [66]356.65530303030306
average response time [67]355.26442424242424
average response time [68]363.74954545454545
average response time [69]362.70057575757573
TOTAL AVERAGE RESPONSE TIME ====================: 361.34585151515154
NUMBER OF THREADS ==============================: 33
TOTAL AVERAGE RATE (RPS) =====================================: 33.0
average response time [70]366.1248823529412
average response time [71]352.03217647058824
average response time [72]365.6019411764706
average response time [73]346.1944117647059
average response time [74]358.7953529411765
average response time [75]357.45561764705883
average response time [76]357.12355882352944
average response time [77]363.8153235294118
average response time [78]354.31164705882355
average response time [79]356.56273529411766
TOTAL AVERAGE RESPONSE TIME ====================: 357.80176470588236
NUMBER OF THREADS ==============================: 34
TOTAL AVERAGE RATE (RPS) =====================================: 34.0
average response time [80]349.2166285714286
average response time [81]387.1946
average response time [82]345.9826
average response time [83]374.0769714285714
average response time [84]350.6610285714286
average response time [85]363.6384
average response time [86]353.2074285714286
average response time [87]386.2006857142857
average response time [88]356.27745714285714
average response time [89]368.4617714285714
TOTAL AVERAGE RESPONSE TIME ====================: 363.4917571428571
NUMBER OF THREADS ==============================: 35
TOTAL AVERAGE RATE (RPS) =====================================: 35.0
average response time [90]366.5482222222222
average response time [91]374.6616388888889
average response time [92]357.023
average response time [93]378.87191666666666
average response time [94]353.1314722222222
average response time [95]358.5505277777778
average response time [96]362.9575277777778
average response time [97]356.4255277777778
average response time [98]373.23280555555556
average response time [99]730.3729166666667
TOTAL AVERAGE RESPONSE TIME ====================: 401.17755555555556
NUMBER OF THREADS ==============================: 36
TOTAL AVERAGE RATE (RPS) =====================================: 35.4
average response time [100]692.2933243243243
average response time [101]724.783
average response time [102]922.6024864864864
average response time [103]366.70002702702703
average response time [104]363.7538108108108
average response time [105]358.51
average response time [106]365.00024324324323
average response time [107]361.334972972973
average response time [108]362.344
average response time [109]353.3151891891892
TOTAL AVERAGE RESPONSE TIME ====================: 487.06370540540547
NUMBER OF THREADS ==============================: 37
TOTAL AVERAGE RATE (RPS) =====================================: 34.6
average response time [110]364.0755
average response time [111]516.9131052631578
average response time [112]717.218947368421
average response time [113]760.2499736842105
average response time [114]515.8837391304348
average response time [115]589.7976666666667
average response time [116]574.48024
average response time [117]470.72794444444446
average response time [118]454.15162499999997
average response time [119]423.92629411764705
TOTAL AVERAGE RESPONSE TIME ====================: 538.7425035674983
NUMBER OF THREADS ==============================: 38
TOTAL AVERAGE RATE (RPS) =====================================: 36.8
average response time [120]435.8183157894737
average response time [121]439.44042105263156
average response time [122]428.2392380952381
average response time [123]440.37090476190474
average response time [124]424.2016842105263
average response time [125]457.57447368421055
average response time [126]478.9682380952381
average response time [127]427.47617647058826
average response time [128]482.0048
average response time [129]515.9552
TOTAL AVERAGE RESPONSE TIME ====================: 453.00494521598114
NUMBER OF THREADS ==============================: 39
TOTAL AVERAGE RATE (RPS) =====================================: 39.0
average response time [130]398.3355294117647
average response time [131]499.18227272727273
average response time [132]507.16736842105263
average response time [133]491.36060869565216
average response time [134]404.4162105263158
average response time [135]393.17752941176474
average response time [136]516.3641250000001
average response time [137]486.78485714285716
average response time [138]643.98955
average response time [139]374.71615789473685
TOTAL AVERAGE RESPONSE TIME ====================: 471.5494209231418
NUMBER OF THREADS ==============================: 40
TOTAL AVERAGE RATE (RPS) =====================================: 40.0
average response time [140]368.1285
average response time [141]358.9804230769231
average response time [142]356.4075833333333
average response time [143]361.8836818181818
average response time [144]375.2178888888889
average response time [145]363.49934782608693
average response time [146]374.52615789473685
average response time [147]370.2576842105263
average response time [148]384.96491304347825
average response time [149]379.98415384615384
TOTAL AVERAGE RESPONSE TIME ====================: 369.38503339383095
NUMBER OF THREADS ==============================: 45
TOTAL AVERAGE RATE (RPS) =====================================: 45.0
average response time [150]366.341875
average response time [151]358.74966666666666
average response time [152]358.2351923076923
average response time [153]356.42226666666664
average response time [154]350.8602608695652
average response time [155]348.8353846153846
average response time [156]764.07159375
average response time [157]359.73528571428574
average response time [158]380.7455
average response time [159]362.7216842105263
TOTAL AVERAGE RESPONSE TIME ====================: 400.6718709800787
NUMBER OF THREADS ==============================: 50
TOTAL AVERAGE RATE (RPS) =====================================: 48.8
average response time [160]369.19826923076926
average response time [161]370.55785185185186
average response time [162]368.15052000000003
average response time [163]376.5257916666667
average response time [164]361.88128125
average response time [165]370.43526470588233
average response time [166]360.4056896551724
average response time [167]378.02621875
average response time [168]375.84679310344825
average response time [169]367.8658
TOTAL AVERAGE RESPONSE TIME ====================: 369.88934802137913
NUMBER OF THREADS ==============================: 55
TOTAL AVERAGE RATE (RPS) =====================================: 55.0
average response time [170]367.4895757575758
average response time [171]367.7900769230769
average response time [172]380.62734615384613
average response time [173]367.6855
average response time [174]368.1767931034483
average response time [175]373.09188461538463
average response time [176]357.9862857142857
average response time [177]368.162
average response time [178]370.2137714285714
average response time [179]382.10686206896554
TOTAL AVERAGE RESPONSE TIME ====================: 370.33300957651545
NUMBER OF THREADS ==============================: 60
TOTAL AVERAGE RATE (RPS) =====================================: 60.0
average response time [180]368.5630606060606
average response time [181]389.40582222222224
average response time [182]382.98706153846155
average response time [183]373.9847384615385
average response time [184]382.57204615384614
average response time [185]375.71021538461537
average response time [186]377.9526923076923
average response time [187]381.5772615384615
average response time [188]372.63146153846156
average response time [189]364.24284615384613
TOTAL AVERAGE RESPONSE TIME ====================: 376.96272059052063
NUMBER OF THREADS ==============================: 65
TOTAL AVERAGE RATE (RPS) =====================================: 65.0
average response time sent to Stackdriver [0]387.42449999999997
average response time sent to Stackdriver [1]356.39325
average response time sent to Stackdriver [2]354.7660606060606
average response time sent to Stackdriver [3]349.2166285714286
average response time sent to Stackdriver [4]358.5505277777778
average response time sent to Stackdriver [5]724.783
average response time sent to Stackdriver [6]760.2499736842105
average response time sent to Stackdriver [7]457.57447368421055
average response time sent to Stackdriver [8]393.17752941176474
average response time sent to Stackdriver [9]370.2576842105263
average response time sent to Stackdriver [10]362.7216842105263
average response time sent to Stackdriver [11]367.8658
average response time sent to Stackdriver [12]382.10686206896554
average response time sent to Stackdriver [13]372.63146153846156
NUMBER OF THREADS: [1, 2, 4, 8, 16, 32, 33, 34, 35, 36, 37, 38, 39, 40, 45, 50, 55, 60, 65]
WORKLOAD: HFU_LV;  
TOTAL EXECUTION TIME (Concurrent Parallel Requests): 145767.776
NUMBER OF REPLICAS: 2

