[[1364.5149999999999]] 
RATE (RPS) =====================================: 0

[[424.237]] 
RATE (RPS) =====================================: 1

[[404.956]] 
RATE (RPS) =====================================: 1

[[404.228]] 
RATE (RPS) =====================================: 1

[[425.303]] 
RATE (RPS) =====================================: 1

[[413.751]] 
RATE (RPS) =====================================: 1

[[394.273]] 
RATE (RPS) =====================================: 1

[[403.074]] 
RATE (RPS) =====================================: 1

[[412.661]] 
RATE (RPS) =====================================: 1

[[406.309]] 
RATE (RPS) =====================================: 1

[[407.84, 464.701]] 
RATE (RPS) =====================================: 2

[[413.548, 474.395]] 
RATE (RPS) =====================================: 2

[[421.602, 483.532]] 
RATE (RPS) =====================================: 2

[[486.366, 417.968]] 
RATE (RPS) =====================================: 2

[[582.506, 523.659]] 
RATE (RPS) =====================================: 2

[[439.683, 478.749]] 
RATE (RPS) =====================================: 2

[[487.095, 417.159]] 
RATE (RPS) =====================================: 2

[[436.599, 496.762]] 
RATE (RPS) =====================================: 2

[[468.741, 407.672]] 
RATE (RPS) =====================================: 2

[[422.736, 474.196]] 
RATE (RPS) =====================================: 2

[[405.818, 523.373, 579.742, 447.33]] 
RATE (RPS) =====================================: 4

[[414.801, 618.688, 483.437, 548.348]] 
RATE (RPS) =====================================: 4

[[405.908, 466.385, 526.853, 600.018]] 
RATE (RPS) =====================================: 4

[[505.498, 437.922, 562.197, 633.176]] 
RATE (RPS) =====================================: 4

[[417.947, 1382.954, 476.518, 631.264]] 
RATE (RPS) =====================================: 3

[[539.809, 561.163, 535.457, 605.786]] 
RATE (RPS) =====================================: 4

[[825.817, 2171.823, 524.728, 1967.9160000000002]] 
RATE (RPS) =====================================: 2

[[647.098, 437.024, 559.057, 491.214]] 
RATE (RPS) =====================================: 4

[[466.961, 397.608, 529.58, 587.166]] 
RATE (RPS) =====================================: 4

[[507.111, 435.878, 543.156, 598.447]] 
RATE (RPS) =====================================: 4

[[416.69, 477.264, 523.998, 648.41, 567.828, 684.177, 744.203, 798.465]] 
RATE (RPS) =====================================: 8

[[409.711, 472.617, 545.186, 706.099, 844.317, 566.227, 632.284, 749.72]] 
RATE (RPS) =====================================: 8

[[414.433, 476.96, 550.17, 600.563, 658.557, 856.088, 776.62, 685.419]] 
RATE (RPS) =====================================: 8

[[611.115, 479.829, 406.709, 528.168, 791.451, 646.727, 713.142, 835.467]] 
RATE (RPS) =====================================: 8

[[481.494, 416.85, 539.802, 734.966, 561.906, 624.296, 783.33, 841.789]] 
RATE (RPS) =====================================: 8

[[398.809, 521.499, 607.195, 432.879, 643.154, 675.955, 736.333, 789.592]] 
RATE (RPS) =====================================: 8

[[493.749, 410.368, 526.241, 579.538, 682.047, 742.42, 611.709, 787.239]] 
RATE (RPS) =====================================: 8

[[521.601, 477.574, 623.997, 692.984, 563.029, 735.531, 780.089, 823.27]] 
RATE (RPS) =====================================: 8

[[429.289, 551.272, 505.361, 602.744, 663.861, 708.89, 799.52, 854.985]] 
RATE (RPS) =====================================: 8

[[449.42, 512.26, 558.825, 685.922, 597.67, 709.565, 795.239, 845.383]] 
RATE (RPS) =====================================: 8

[[487.494, 570.715, 686.005, 618.401, 725.241, 801.614, 864.351, 940.7, 1011.797, 1068.325, 1166.342, 1352.762, 1190.35, 1257.98, 1337.279, 1353.0]] 
RATE (RPS) =====================================: 8

[[520.618, 654.116, 423.229, 582.112, 690.849, 747.585, 770.191, 822.718, 880.945, 958.593, 1072.238, 1194.397, 1189.587, 1481.827, 1180.223, 1467.401]] 
RATE (RPS) =====================================: 10

[[729.605, 731.172, 712.697, 717.299, 993.808, 704.376, 1201.561, 1071.634, 956.965, 1242.83, 784.51, 974.099, 1290.766, 1418.4940000000001, 1349.048, 1063.676]] 
RATE (RPS) =====================================: 9

[[441.596, 614.046, 511.572, 645.22, 679.174, 772.159, 704.214, 892.647, 818.599, 942.835, 1002.128, 1052.298, 1243.726, 1100.522, 1163.739, 1288.251]] 
RATE (RPS) =====================================: 10

[[511.392, 436.0, 631.821, 559.883, 747.266, 672.875, 856.291, 790.196, 935.088, 978.32, 1078.071, 1010.255, 1136.192, 1254.0819999999999, 1326.979, 1180.4470000000001]] 
RATE (RPS) =====================================: 10

[[411.932, 467.884, 521.502, 569.711, 684.604, 609.326, 726.738, 788.762, 849.406, 912.802, 973.801, 1033.526, 1091.033, 1160.102, 1218.719, 1275.535]] 
RATE (RPS) =====================================: 11

[[406.943, 466.545, 618.602, 518.867, 675.882, 726.556, 790.695, 839.711, 886.71, 1021.539, 942.268, 1139.932, 1061.255, 1251.999, 1179.686, 1309.7559999999999]] 
RATE (RPS) =====================================: 10

[[508.725, 438.555, 620.779, 676.18, 556.091, 731.321, 778.324, 834.524, 888.008, 946.475, 1008.964, 1077.036, 1126.74, 1172.778, 1224.079, 1282.691]] 
RATE (RPS) =====================================: 10

[[468.367, 401.247, 520.64, 581.886, 721.34, 634.548, 771.995, 828.882, 879.605, 935.638, 999.978, 1057.412, 1117.451, 1174.123, 1302.675, 1230.83]] 
RATE (RPS) =====================================: 11

[[400.075, 453.636, 506.125, 563.064, 618.015, 686.182, 750.209, 807.909, 868.196, 986.966, 916.104, 1037.587, 1097.557, 1165.518, 1258.0, 1314.479]] 
RATE (RPS) =====================================: 11

[[459.525, 640.224, 505.808, 544.663, 630.197, 845.93, 682.387, 751.157, 848.102, 891.022, 943.717, 1006.104, 1075.603, 1147.355, 1214.183]] 
RATE (RPS) =====================================: 28

[[407.859, 466.02, 531.371, 579.906, 633.349, 714.856, 773.791, 836.534, 893.473, 947.697, 984.516, 1029.291, 1094.226, 1146.509, 1203.989, 1259.688, 1377.6109999999999, 1286.213]] 
RATE (RPS) =====================================: 25

[[406.745, 518.812, 440.834, 619.568, 538.778, 673.911, 955.354, 887.676, 670.969, 733.086, 794.784, 968.912, 1088.048, 1007.574, 1114.007, 1165.184, 1210.06, 1267.819, 1322.217, 1369.712]] 
RATE (RPS) =====================================: 24

[[407.037, 395.726, 446.007, 493.821, 512.478, 589.277, 644.982, 695.798, 737.269, 788.896, 852.821]] 
RATE (RPS) =====================================: 32

[[451.195, 571.352, 509.357, 675.382, 594.481, 763.513, 681.7, 795.798, 850.128, 1030.616, 947.373, 883.946, 1062.088, 1103.449, 1135.883, 1250.975, 1145.392, 1258.571]] 
RATE (RPS) =====================================: 25

[[418.745, 527.405, 592.655, 444.221, 610.194, 645.021, 699.189, 754.096, 811.963, 939.865, 858.398, 984.478, 1039.816, 1088.458, 1146.156, 1194.7649999999999, 1302.202, 1224.186, 1351.81, 1398.62]] 
RATE (RPS) =====================================: 24

[[425.548, 445.343, 570.884, 643.675, 488.587, 692.646, 867.357, 825.457, 726.762, 977.945, 902.007, 1015.59, 1145.899, 1057.853, 1184.228, 1114.321, 1216.156, 1281.3980000000001, 1377.1, 1310.482, 1431.496]] 
RATE (RPS) =====================================: 22

[[412.864, 453.014, 503.692, 562.227, 612.171, 672.384, 733.091, 831.876, 754.414, 878.384, 931.455, 997.902, 953.737]] 
RATE (RPS) =====================================: 32

[[423.502, 462.907, 498.538, 542.901, 598.881, 651.546, 704.593, 750.873, 783.35, 823.781, 940.537, 992.144, 853.811, 1032.991, 1121.257, 1174.084, 1231.209, 1283.109, 1337.371]] 
RATE (RPS) =====================================: 26

[[421.904, 464.51, 537.793, 580.986, 647.613, 689.859, 772.191, 716.233, 815.092, 867.044, 909.072, 935.715, 986.763, 1009.876, 1064.227, 1124.53]] 
RATE (RPS) =====================================: 29

[[437.347, 477.652, 521.593, 580.354, 633.784, 628.106, 667.071, 721.502, 836.859, 760.374, 952.577, 856.986, 1044.135, 968.209]] 
RATE (RPS) =====================================: 32

[[457.571, 518.357, 519.451, 560.353, 580.428, 637.189, 683.496, 694.139, 735.775]] 
RATE (RPS) =====================================: 33

[[424.211, 558.558, 479.892, 603.3, 656.211, 733.619, 753.72, 814.205, 863.354, 895.117, 941.77, 1096.185, 936.528, 979.108, 1089.969]] 
RATE (RPS) =====================================: 31

[[443.962, 430.298, 532.486, 465.456, 614.398, 513.886, 567.061, 631.748, 603.918]] 
RATE (RPS) =====================================: 33

[[558.056, 422.973, 474.821, 570.693, 595.631, 710.488, 649.458, 782.314, 853.319, 857.13]] 
RATE (RPS) =====================================: 33

[[413.691, 447.054, 435.139, 484.464, 493.673, 567.543, 652.493, 577.198, 714.663, 780.073, 837.467, 894.223, 956.33, 1016.361]] 
RATE (RPS) =====================================: 32

[[426.25, 433.231, 495.569, 539.419, 586.759, 618.412, 618.194, 664.439]] 
RATE (RPS) =====================================: 33

[[411.184, 473.306, 529.742, 465.608, 578.523, 639.754, 700.765, 753.341, 803.819, 866.218, 919.597, 940.177, 978.932]] 
RATE (RPS) =====================================: 33

[[436.417, 476.669, 529.982, 584.494, 662.171, 682.222, 719.413, 734.754, 835.17, 760.672, 889.91]] 
RATE (RPS) =====================================: 33

[[426.938, 508.19, 541.819, 605.429, 620.39, 669.218, 658.677, 676.276, 739.701, 791.421, 795.867, 820.289, 873.497]] 
RATE (RPS) =====================================: 33

[[492.057, 433.821, 539.728, 598.721, 659.644, 676.832, 715.202, 687.354, 708.457, 661.688]] 
RATE (RPS) =====================================: 34

[[485.595, 526.973, 691.047, 573.74, 714.409, 621.603, 698.483, 779.153, 790.324, 831.809, 865.427, 864.408, 922.17, 938.993]] 
RATE (RPS) =====================================: 34

[[414.723, 477.314, 525.497, 554.15, 585.913, 616.008, 720.252, 638.086, 714.886, 776.96, 759.719]] 
RATE (RPS) =====================================: 34

[[422.498, 455.087, 475.353, 538.03, 572.316, 620.683, 654.099, 699.077, 742.228, 800.786, 818.792, 875.667]] 
RATE (RPS) =====================================: 34

[[415.324, 432.28, 492.978, 598.765, 626.511, 455.837, 651.715, 573.778]] 
RATE (RPS) =====================================: 34

[[414.014, 433.523, 488.876, 550.085, 583.435, 648.604, 660.825, 861.528, 717.944, 763.203, 928.989, 978.179, 1034.089, 1093.987]] 
RATE (RPS) =====================================: 32

[[430.874, 526.902, 450.729, 544.6, 593.611, 642.504, 693.247, 734.258, 744.69, 763.603]] 
RATE (RPS) =====================================: 34

[[423.078, 461.223, 495.059, 519.005, 587.919, 645.042, 692.351, 754.337, 862.894, 760.8, 857.774, 914.809, 1035.487, 945.106]] 
RATE (RPS) =====================================: 33

[[438.64, 481.604, 737.614, 521.303, 651.432, 562.437, 819.034, 744.513, 855.614, 890.266, 937.854, 967.501]] 
RATE (RPS) =====================================: 34

[[411.287, 510.764, 620.936, 445.208, 717.62, 518.126, 621.362, 704.869, 778.236, 811.827, 915.039, 854.686, 1014.143, 1116.206, 1221.714, 1032.347, 1146.195, 913.88, 1241.061, 1297.741]] 
RATE (RPS) =====================================: 27

[[534.639, 417.533, 631.558, 521.842, 404.854, 783.546, 671.662, 884.875, 587.823, 675.589, 780.14, 937.399, 826.304, 927.617, 1041.941, 1113.934, 1151.854, 938.628, 1157.941, 1203.659, 1233.181]] 
RATE (RPS) =====================================: 29

[[493.85, 424.807, 520.271, 565.738, 624.346, 731.135, 844.582, 940.162, 638.732, 1004.538, 1484.883, 1207.249, 675.34, 790.74, 1293.777, 869.869, 1071.775, 954.797, 1169.278, 1272.217, 1328.951, 1417.676]] 
RATE (RPS) =====================================: 26

[[427.847, 518.548, 456.515, 548.789, 666.57, 775.568, 857.701, 575.459, 955.613, 1072.502, 665.152, 748.982, 1145.006, 1263.528, 1424.777, 1530.446, 1460.2440000000001, 814.655, 1567.329, 871.3, 973.301, 1550.943, 1238.875, 1049.801]] 
RATE (RPS) =====================================: 25

[[473.507, 413.706, 543.709, 559.512, 451.878, 718.678, 652.08, 571.359, 786.154, 702.39, 779.604, 820.505, 841.474, 878.87, 920.085, 1018.676, 1125.406, 943.982, 1027.865]] 
RATE (RPS) =====================================: 32

[[450.776, 557.222, 458.404, 671.235, 566.702, 755.375, 830.209, 911.305, 644.734, 711.748, 948.541, 742.517, 1014.405, 1116.816, 818.359, 1025.227, 1217.371, 1143.993, 840.325]] 
RATE (RPS) =====================================: 30

[[413.383, 449.053, 498.678, 546.349, 641.078, 722.078, 813.871, 521.037, 741.507, 614.2, 839.608, 908.314, 1009.26, 1063.57, 1211.413, 1136.757, 1344.161, 1262.94, 1380.786, 1426.4850000000001, 1438.4859999999999, 806.101, 1463.77]] 
RATE (RPS) =====================================: 25

[[439.267, 495.112, 572.729, 667.817, 485.386, 569.087, 685.327, 781.274, 865.143, 699.278, 954.295, 1056.666, 770.555, 1296.687, 1149.356, 1361.4279999999999, 1356.479, 1412.397, 1468.5140000000001, 1530.2649999999999, 784.067, 894.976, 1570.7240000000002, 985.662, 1112.46]] 
RATE (RPS) =====================================: 25

[[502.537, 703.905, 405.988, 795.283, 561.368, 891.594, 1004.395, 1110.075, 437.456, 526.41, 630.693, 714.562, 1144.298, 1257.642, 838.788, 1369.281, 1298.089, 926.251, 1013.493, 1101.125]] 
RATE (RPS) =====================================: 27

[[443.215, 544.58, 581.397, 439.001, 616.04, 726.969, 775.587, 645.759, 829.292, 877.127, 962.593, 1060.302, 1102.64, 880.951, 974.232, 1123.389, 1170.592, 1263.108, 1314.825, 1335.896, 1494.338, 1378.556, 1416.306, 1528.3780000000002]] 
RATE (RPS) =====================================: 24

[[497.797, 429.418, 546.084, 690.854, 631.566, 1233.041, 822.571, 752.452, 1005.162, 506.815, 1363.386, 651.401, 1514.96, 870.268, 1710.674, 801.955, 1872.71, 1040.451, 1405.373, 968.509, 1222.206, 1782.3200000000002, 1812.2150000000001, 1130.052, 1287.761, 2060.449, 1943.676, 1647.865, 1446.561, 1962.2930000000001, 1842.12, 2161.261, 2094.381, 2184.643, 1758.779]] 
RATE (RPS) =====================================: 12

[[465.823, 504.731, 703.928, 552.744, 828.241, 727.76, 1009.169, 1340.409, 1153.943, 590.738, 732.095, 902.287, 1420.0439999999999, 1236.234, 1065.859, 1454.724, 1775.354, 1565.012, 1877.538, 1973.839, 1621.5720000000001, 757.746, 2031.013, 925.199, 1803.341, 2103.046, 2153.565, 1057.331, 1816.937, 1202.24, 1376.397, 2171.811, 1873.812, 1555.074, 1960.513, 2200.709]] 
RATE (RPS) =====================================: 11

[[471.205, 503.547, 692.739, 587.452, 948.758, 512.346, 1274.853, 1112.607, 782.23, 679.558, 723.074, 821.699, 1416.347, 949.534, 992.812, 1158.086, 1334.269, 1548.3310000000001, 1091.215, 1715.9450000000002, 1248.539, 1473.005, 1879.364, 1634.8029999999999, 1971.882, 2172.763, 1391.945, 1787.99, 1545.676, 1699.379, 2406.313, 1850.635, 1969.097, 2651.502, 2506.2799999999997, 2246.344]] 
RATE (RPS) =====================================: 12

[[411.086, 572.321, 453.097, 510.043, 650.617, 1037.112, 1083.163, 850.015, 1364.047, 1199.8, 1760.3980000000001, 1402.589, 2775.605, 1530.779, 1873.085, 1796.767, 2131.973, 2807.839, 2283.974, 2054.901, 1715.44, 2587.752, 2415.8559999999998, 2192.966, 2337.878, 1907.412, 2882.174, 3299.366, 2081.204, 2970.161, 3089.959, 2387.548, 2861.573, 2407.271, 2957.157, 2145.313]] 
RATE (RPS) =====================================: 6

[[653.122, 1631.462, 859.572, 985.575, 930.603, 849.845, 1571.569, 1552.113, 598.934, 1554.4009999999998, 952.92, 1547.172, 637.418, 1519.88, 746.963, 1484.123, 1482.463, 1483.179, 1576.317, 1479.624, 1958.339, 1932.513, 1495.356, 1916.558, 1919.1660000000002, 1898.911, 1895.6950000000002, 1868.559]] 
RATE (RPS) =====================================: 17

[[888.128, 1088.023, 469.64, 529.211, 739.437, 712.04, 705.42, 867.896, 692.592, 1148.6399999999999, 1016.681, 1297.44, 710.83, 1450.347, 1138.5140000000001, 1600.1689999999999, 1701.324, 1292.118, 821.786, 978.499, 1425.996, 1584.9560000000001, 1752.028, 1116.074, 1676.12, 1436.251, 1249.644, 1868.7559999999999, 1748.154, 1903.964, 1958.664, 1759.254]] 
RATE (RPS) =====================================: 15

[[523.174, 471.072, 958.992, 752.043, 625.7, 551.393, 771.324, 468.07, 1119.781, 957.089, 1027.3, 611.846, 782.491, 1176.568, 1210.09, 940.27, 1332.635, 1348.621, 1064.51, 1615.864, 1446.107, 1498.839, 1845.336, 1795.6109999999999, 1355.05, 1184.972, 1779.464, 1883.799, 1494.723, 1748.943]] 
RATE (RPS) =====================================: 18

[[398.829, 553.586, 435.982, 703.869, 484.273, 635.63, 793.668, 570.935, 942.893, 716.156, 813.827, 974.699, 847.195, 1019.994, 1062.117, 1115.127, 1168.381, 1427.534, 1202.961, 1243.312, 1589.8319999999999, 1255.858, 1650.9299999999998, 1469.9279999999999, 1777.496, 1591.882, 1914.434, 1798.271, 1371.825, 1741.475, 1828.031, 1947.8890000000001]] 
RATE (RPS) =====================================: 17

[[411.542, 503.149, 538.712, 570.666, 672.552, 702.431, 802.753, 842.747, 963.961, 993.607, 1576.308, 1138.298, 644.508, 1215.317, 1024.876, 1130.364, 782.039, 1353.069, 1290.684, 1285.583, 1362.147, 840.909, 1293.004]] 
RATE (RPS) =====================================: 26

[[494.734, 430.108, 668.431, 618.101, 747.516, 778.322, 941.822, 864.114, 460.027, 1408.683, 1075.482, 1112.741, 1221.277, 983.615, 592.594, 913.138, 735.069, 1245.652, 1117.995, 1504.9189999999999, 1386.975, 1558.72, 1420.595, 1805.37, 1711.6100000000001, 1586.813, 1852.2089999999998, 1627.029, 1215.113, 1902.7269999999999]] 
RATE (RPS) =====================================: 19

[[666.93, 468.714, 543.471, 467.145, 621.018, 556.788, 780.864, 697.92, 910.639, 853.898, 586.543, 1034.716, 737.804, 891.201, 920.724, 1221.046, 1003.842, 1018.164, 1184.016, 1133.121, 1212.921]] 
RATE (RPS) =====================================: 29

[[441.705, 555.233, 615.95, 662.742, 821.766, 615.991, 656.683, 834.055, 720.468, 826.004, 865.292, 959.452, 891.431, 769.958, 964.556, 977.847]] 
RATE (RPS) =====================================: 37

[[555.121, 461.927, 555.197, 560.526, 622.141, 508.437, 687.814, 642.779, 645.563, 822.191, 744.931, 659.806]] 
RATE (RPS) =====================================: 37

[[420.273, 459.549, 550.326, 472.647, 707.321, 824.788, 554.733, 881.093, 692.716, 794.331, 516.735, 926.941, 1056.738, 882.566, 744.044, 1046.738, 978.262]] 
RATE (RPS) =====================================: 35

[[491.227, 409.148, 562.909, 721.937, 445.371, 847.02, 542.23, 992.357, 993.868, 627.808, 498.501, 790.265, 623.212, 926.581, 683.343, 912.524]] 
RATE (RPS) =====================================: 37

[[421.756, 479.486, 630.177, 741.846, 507.373, 497.405, 574.476, 701.668, 674.982, 678.458, 723.44, 731.064, 833.825, 754.942]] 
RATE (RPS) =====================================: 37

[[441.204, 459.336, 490.69, 593.13, 500.643, 619.313, 664.47, 1361.013, 1393.99, 1284.9769999999999, 1381.149, 1374.47, 1315.6100000000001, 1226.413, 528.223, 1215.099, 1232.987, 1199.731]] 
RATE (RPS) =====================================: 27

[[1227.828, 1176.824, 1277.099, 1173.877, 1148.99, 1141.1100000000001, 1100.441, 1085.258, 1451.179, 1078.067, 1216.505, 1693.646, 1017.191, 1219.494, 1619.454, 928.85, 933.815, 1270.995, 1299.196, 1552.3600000000001]] 
RATE (RPS) =====================================: 19

[[1389.914, 585.12, 1031.747, 462.93, 987.566, 1006.404, 982.257, 977.215, 1001.943, 996.803, 978.154, 939.507, 1510.118, 4226.887, 2362.027, 2143.843, 934.059, 940.132]] 
RATE (RPS) =====================================: 29

[[453.381, 454.194, 487.212, 513.103, 623.15, 552.849, 772.288, 1067.907, 690.876, 913.836, 827.628, 569.552, 1097.035, 927.203, 791.658, 997.883, 544.141]] 
RATE (RPS) =====================================: 35

[[465.65, 566.23, 798.457, 649.963, 984.104, 1289.58, 920.384, 1132.122, 1435.401, 1764.722, 1516.511, 1608.798, 1820.039, 2044.661, 901.211, 1897.4360000000001, 2116.924, 2326.959, 1169.871, 2186.328, 2411.631]] 
RATE (RPS) =====================================: 23

[[475.646, 813.792, 552.119, 1125.313, 1476.93, 875.172, 613.796, 1173.052, 1513.374, 918.178, 1716.795, 1917.529, 1217.085, 1537.442, 2320.469, 2072.056, 1704.106, 1927.0410000000002, 2140.739]] 
RATE (RPS) =====================================: 25

[[483.894, 834.45, 554.078, 1147.311, 657.846, 1479.711, 829.179, 1628.443, 1819.1509999999998, 1239.287, 854.393, 1433.0, 2094.761, 1946.575, 1599.254, 1006.913, 2168.3559999999998, 1749.482]] 
RATE (RPS) =====================================: 26

[[487.959, 578.544, 1170.799, 811.063, 924.228, 650.913, 1459.337, 961.039, 1323.825, 1158.1970000000001, 1748.266, 1489.28, 1613.853, 1924.076, 2080.863, 1722.496, 1927.254]] 
RATE (RPS) =====================================: 27

[[514.905, 959.839, 603.13, 706.054, 1386.7060000000001, 770.575, 957.221, 1809.9560000000001, 2317.285, 1400.488, 1041.047, 1157.646, 1497.129, 1893.0149999999999, 2358.525, 2678.536, 2789.0209999999997, 1578.0819999999999, 2527.8469999999998, 1931.719, 2063.868, 2376.272]] 
RATE (RPS) =====================================: 22

[[477.702, 979.7, 1400.041, 547.277, 650.014, 2291.529, 986.473, 733.396, 1791.287, 2740.134, 3083.631, 1159.841, 1005.512, 1588.484, 1344.567, 1455.155, 1775.9360000000001, 1880.315, 2234.122, 2345.739, 3045.964, 2682.993, 2431.601, 1926.2179999999998, 2758.808, 3126.573]] 
RATE (RPS) =====================================: 18

[[504.853, 605.774, 926.54, 1459.141, 788.541, 664.706, 1031.406, 1533.883, 1889.1280000000002, 1974.1109999999999, 2430.57, 1183.532, 1035.557, 1650.0639999999999, 2233.966, 2110.948, 2716.1059999999998, 2456.717, 1447.201, 2899.5119999999997, 1901.136, 3010.045, 2460.516, 2659.669]] 
RATE (RPS) =====================================: 19

[[849.935, 480.435, 595.006, 1285.866, 692.872, 1648.5700000000002, 912.097, 1486.099, 1361.166, 2232.923, 2968.351, 2362.068, 3657.1130000000003, 3054.861, 958.769, 3526.675, 2685.267, 1940.0059999999999, 3991.114, 4217.845, 1030.541, 4084.118, 4435.335, 4666.371, 1596.681, 3310.0190000000002, 1710.601, 3779.091, 2318.2110000000002, 4718.142, 1920.5610000000001, 3012.739, 4210.127, 4451.3, 2637.4, 3582.618, 2378.955, 3056.687]] 
RATE (RPS) =====================================: 6

[[3955.943, 491.061, 580.689, 1164.24, 690.168, 4828.511, 1257.088, 1832.277, 780.263, 882.761, 1922.737, 1445.911, 1321.476, 971.993, 1672.208, 2004.992, 2707.99, 2094.054, 2439.078, 1497.696, 2778.073, 2882.728, 2158.268, 3391.538, 2493.224, 2234.16, 3242.255, 4013.151, 3470.991, 4477.141, 2957.321, 3868.305, 3066.804, 3732.589, 4306.334, 3497.219, 4188.824, 4032.781]] 
RATE (RPS) =====================================: 6

[[475.671, 936.399, 566.276, 2340.062, 1110.473, 1461.966, 1943.527, 2646.252, 1671.471, 2994.19, 615.969, 2146.824, 3321.463, 708.63, 3660.61, 2465.301, 3158.273, 1251.275, 2796.76, 873.488, 1076.566, 3478.157, 1674.993, 3849.306, 3707.901, 4181.562, 4055.243, 1405.3020000000001, 3917.957, 1867.854, 4243.49, 3177.366, 2550.362, 4331.391, 4449.368, 2863.8869999999997, 3570.57, 4548.683]] 
RATE (RPS) =====================================: 6

[[711.298, 481.013, 575.386, 1292.693, 1966.896, 3257.314, 891.009, 2603.827, 747.074, 995.692, 1562.8490000000002, 2231.091, 1650.508, 1308.901, 3696.746, 1408.234, 2306.468, 1963.9850000000001, 4493.62, 1037.534, 3408.324, 4116.656, 2621.4700000000003, 2754.409, 1668.769, 4698.817, 2969.257, 2335.446, 3189.444, 2832.169, 3455.522, 3814.8, 3700.423, 4260.909, 4137.275, 3903.808, 4492.657, 1922.8690000000001]] 
RATE (RPS) =====================================: 6

[[456.273, 566.123, 1139.4180000000001, 659.297, 1341.476, 754.615, 1211.118, 837.487, 1766.239, 961.223, 1625.887, 2841.483, 1974.7240000000002, 2565.991, 2206.265, 1810.059, 3154.381, 1332.679, 1441.587, 3354.803, 2284.6549999999997, 2896.808, 3820.634, 2022.45, 2369.512, 3680.9120000000003, 2971.248, 4148.208, 3422.64, 2586.219, 3511.814, 4004.22, 4589.291, 3884.411, 3140.941, 4409.333, 4799.152, 4176.628, 4654.566]] 
RATE (RPS) =====================================: 6

[[593.72, 451.772, 685.667, 1164.58, 1270.0149999999999, 782.223, 889.279, 1849.213, 998.92, 2541.574, 2645.36, 1435.166, 1915.713, 2369.637, 1640.954, 1515.4569999999999, 3074.306, 2219.86, 3693.277, 2928.087, 3564.628, 4258.527, 4741.154, 1200.372, 4455.073, 3088.309, 3217.838, 1871.0230000000001, 3721.126, 1957.274, 3801.023, 2657.265, 2525.837, 4242.153, 4741.176, 4473.888, 3249.705, 3976.844, 3837.797]] 
RATE (RPS) =====================================: 6

[[495.241, 1214.56, 596.043, 1329.518, 701.552, 2021.918, 782.562, 907.399, 1499.424, 1600.757, 2674.167, 3328.698, 3098.05, 2456.624, 1659.405, 935.628, 3618.876, 1769.679, 3869.544, 2493.122, 2170.978, 2772.611, 4043.759, 3432.949, 3085.117, 4363.101, 3655.872, 2219.628, 3874.36, 4199.327, 4075.278, 4422.646, 4652.092, 2748.0789999999997, 1088.903, 1837.083, 2485.968, 3163.121, 4469.511]] 
RATE (RPS) =====================================: 6

[[1241.714, 473.57, 572.796, 968.416, 670.419, 811.033, 1446.817, 2121.566, 1032.978, 1277.356, 1972.3600000000001, 2818.194, 3568.824, 1459.998, 3908.9610000000002, 1817.118, 2642.183, 2149.025, 4245.772, 4579.466, 2240.234, 1522.4969999999998, 1626.277, 2833.928, 2456.445, 3329.946, 3582.246, 4946.255, 2283.018, 3900.6, 4229.973, 2872.1530000000002, 3635.01, 4001.067, 4316.764, 3063.041, 4699.254, 2937.252, 4542.511]] 
RATE (RPS) =====================================: 5

[[470.952, 590.288, 1255.856, 677.604, 1002.85, 2126.393, 1549.531, 1770.94, 747.118, 855.055, 2327.265, 1394.564, 1276.976, 2656.814, 1047.107, 3220.234, 2843.232, 1556.4270000000001, 1779.1680000000001, 3765.545, 4209.956, 2332.377, 3968.406, 1848.124, 4289.95, 2873.657, 4426.553, 3464.302, 2620.444, 2028.333, 3323.549, 2339.779, 4493.857, 3155.113, 3723.799, 4558.929, 3938.648, 3469.794, 2864.908]] 
RATE (RPS) =====================================: 5

[[600.361, 703.838, 459.516, 806.871, 924.067, 1364.968, 2060.255, 1593.346, 998.074, 1208.99, 2266.322, 2366.302, 1071.933, 1646.1480000000001, 3064.107, 1867.471, 2105.31, 2833.352, 1376.661, 2928.105, 3565.212, 3440.325, 1711.1779999999999, 3657.699, 2526.4880000000003, 3998.045, 4507.077, 4104.687, 2648.516, 3834.358, 3184.975, 4802.881, 3039.215, 3672.59, 4528.864, 2277.983, 4255.459, 4622.093, 4095.728]] 
RATE (RPS) =====================================: 6

[[591.489, 701.151, 451.18, 1156.115, 915.601, 1894.671, 785.569, 2595.911, 1596.952, 1352.062, 2335.4, 985.094, 2077.64, 1446.6680000000001, 2179.379, 3139.457, 2894.901, 3620.995, 3345.313, 1652.78, 2386.663, 3803.943, 2716.353, 4069.342, 2933.227, 3147.399, 3646.483, 4219.045, 4092.148, 4552.523, 2517.343, 4416.081, 1012.287, 3311.07, 3784.61, 4722.057, 1718.118, 4583.404, 4225.328]] 
RATE (RPS) =====================================: 6

[[464.865, 698.63, 569.654, 1359.7069999999999, 2060.837, 884.66, 2851.194, 1580.153, 738.287, 1675.98, 3275.014, 2346.104, 3025.719, 3857.594, 928.486, 3610.06, 2187.363, 1015.379, 1690.521, 2448.82, 1800.181, 3049.861, 2811.02, 3990.672, 4351.002, 3296.6, 3596.323, 3827.3469999999998, 1260.8519999999999, 4670.598, 4027.143, 4141.971, 1878.3400000000001, 4841.607, 4477.201, 4359.242, 4712.332, 4953.191, 2416.239]] 
RATE (RPS) =====================================: 6

[[714.316, 474.688, 588.849, 802.624, 913.445, 1503.472, 2329.324, 2203.829, 1606.9299999999998, 1128.626, 980.023, 1706.175, 2756.101, 2398.507, 1330.437, 1203.539, 1787.012, 3190.391, 1895.2759999999998, 3651.4049999999997, 2452.003, 2792.501, 3955.124, 2888.766, 4285.743, 3809.85, 3326.979, 4135.434, 1922.56, 3181.024, 2928.686, 2457.035, 4331.329, 4557.963, 3608.092, 3950.5789999999997, 3359.145, 4404.9529999999995, 4628.204]] 
RATE (RPS) =====================================: 6

[[517.743, 606.863, 882.45, 739.567, 1397.455, 2082.574, 913.302, 1478.951, 2177.244, 2882.656, 1580.289, 2990.9790000000003, 2294.331, 1207.488, 956.815, 2714.045, 1870.396, 3343.4049999999997, 3433.634, 2574.647, 3206.624, 3746.496, 1008.055, 4087.929, 3614.899, 4423.561, 4640.904, 4525.673, 1529.5410000000002, 3893.126, 4606.45, 4702.287, 3421.35, 2214.537, 2888.649, 1572.696, 2296.0299999999997, 4045.961, 3667.661]] 
RATE (RPS) =====================================: 6

[[491.428, 1168.203, 586.686, 1866.799, 1396.746, 684.199, 912.757, 2552.2, 2072.946, 775.534, 1474.232, 2763.533, 975.941, 1689.481, 3245.044, 1190.781, 3805.052, 3448.475, 4380.152, 4014.524, 2349.935, 4715.351, 2114.593, 1852.001, 1475.065, 4896.902, 2771.549, 3468.71, 2518.468, 2166.432, 4045.709, 4502.266, 2961.063, 3188.072, 3541.332, 2815.585, 4115.832, 3746.544, 4681.42, 4323.878]] 
RATE (RPS) =====================================: 6

[[696.512, 469.807, 573.744, 1007.593, 767.841, 1209.534, 1918.4099999999999, 858.314, 1426.94, 2125.952, 1050.664, 2588.2709999999997, 1746.6950000000002, 1493.998, 2434.841, 1248.383, 2190.323, 2591.7780000000002, 3127.682, 4831.171, 1903.153, 2597.892, 2813.919, 2696.8469999999998, 2220.2110000000002, 3543.507, 3190.295, 4371.6, 4030.797, 3886.307, 3252.213, 4443.673, 3363.693, 4523.461, 3569.5879999999997, 2813.956, 4611.853, 4040.911, 4147.761, 4703.158]] 
RATE (RPS) =====================================: 5

[[601.509, 825.904, 467.825, 1401.48, 1046.854, 682.732, 1736.672, 2101.339, 1461.789, 1219.988, 1956.8690000000001, 854.623, 2894.428, 2170.215, 2750.939, 1541.1689999999999, 3204.358, 2622.764, 3800.169, 1019.383, 1757.893, 3404.712, 4221.74, 3247.857, 2434.3, 2162.973, 2993.382, 4535.981, 4278.441, 3803.437, 4756.121, 3550.991, 4888.119, 3891.531, 2219.904, 3980.7799999999997, 2766.157, 4306.334, 4553.955, 4936.621]] 
RATE (RPS) =====================================: 5

[[480.924, 1310.63, 582.954, 693.627, 798.934, 1019.584, 1487.863, 878.718, 1357.609, 1947.338, 2163.912, 2645.365, 3404.215, 1926.839, 2014.812, 3254.704, 1653.0819999999999, 3007.063, 2862.728, 2339.681, 3806.115, 3706.175, 4518.16, 962.427, 3528.607, 1679.187, 4097.023, 2556.121, 2580.9790000000003, 3333.035, 3944.176, 3812.32, 4171.082, 4279.361, 4632.082, 4509.367, 4846.638, 2920.917, 3025.225, 4718.292]] 
RATE (RPS) =====================================: 6

[[781.877, 536.051, 642.438, 7380.657, 816.046, 2113.009, 1527.1860000000001, 4093.892, 2223.493, 5481.731, 1710.2240000000002, 1135.329, 868.964, 1940.5900000000001, 1799.118, 1340.774, 1558.529, 954.613, 5545.829, 2402.213, 2718.674, 2263.767, 2794.7780000000002, 3022.011, 3597.142, 2602.224, 3259.7690000000002, 2863.057, 3851.4629999999997, 4458.283, 3318.343, 4156.939, 6226.871, 1068.704, 4731.46, 4917.639, 5246.656, 3400.449, 4153.704, 5225.952]] 
RATE (RPS) =====================================: 6

[[522.332, 1364.077, 622.571, 730.593, 2035.353, 943.176, 1410.394, 1661.238, 838.991, 1509.763, 1054.454, 2214.349, 1157.924, 1841.589, 2604.826, 3385.83, 2686.3630000000003, 2006.886, 3226.801, 1638.725, 3793.32, 2300.805, 2403.342, 2960.79, 3062.377, 3635.939, 2138.668, 4175.342, 4270.482, 3337.639, 3793.867, 4483.777, 2724.385, 3415.964, 3895.108, 4702.192, 3963.17, 4294.807, 2555.357, 4544.115]] 
RATE (RPS) =====================================: 5

[[600.706, 480.554, 945.207, 816.445, 679.49, 1506.6680000000001, 2212.487, 1261.4859999999999, 1596.8609999999999, 1008.501, 2302.323, 2881.71, 1937.951, 1686.786, 2835.718, 2974.092, 3436.805, 2026.862, 2360.559, 2708.398, 3294.729, 3045.7, 3880.591, 3139.553, 2513.667, 3455.404, 971.074, 3937.784, 4391.287, 3665.983, 4719.553, 4016.252, 4452.286, 1588.234, 4786.834, 4181.691, 3436.279, 2258.294, 4574.383, 4494.767]] 
RATE (RPS) =====================================: 6

[[2788.65, 679.696, 4661.291, 826.84, 579.521, 684.854, 1186.167, 952.473, 1875.982, 1634.452, 1040.009, 2344.554, 1727.884, 2308.19, 1349.893, 2053.162, 3022.317, 4200.91, 2145.614, 2746.58, 2372.134, 3322.858, 4956.095, 3561.783, 2819.5389999999998, 2423.418, 5292.024, 3152.153, 3367.632, 3987.496, 4296.065, 1072.243, 3787.178, 3689.522, 2970.918, 5828.718, 4137.162, 3772.084, 1720.616, 5525.416]] 
RATE (RPS) =====================================: 5

[[531.38, 875.325, 980.245, 614.283, 1068.988, 711.322, 1731.031, 1417.42, 1827.7530000000002, 2097.197, 2944.792, 2326.8360000000002, 3467.417, 1233.682, 2225.223, 1442.159, 4261.951, 2004.196, 2672.455, 1051.6, 2905.615, 1878.074, 2418.485, 3487.989, 3120.437, 2262.659, 3272.513, 2896.11, 3925.163, 4240.73, 3536.64, 4358.154, 2944.11, 3621.7870000000003, 3726.063, 4432.383, 4631.452, 4707.476, 4481.188, 4772.535]] 
RATE (RPS) =====================================: 5

[[603.106, 475.727, 1405.31, 737.712, 830.078, 1135.1399999999999, 1614.362, 974.059, 1972.9279999999999, 5164.148, 1611.713, 2236.138, 2090.619, 4028.598, 3450.986, 3134.465, 1345.965, 3849.901, 3986.688, 2190.928, 3613.126, 2860.712, 2726.064, 3204.484, 5056.444, 3706.735, 4520.2119999999995, 4450.975, 4030.965, 1563.5, 2553.969, 3268.61, 4969.49, 4972.284, 2888.087, 4963.459, 1965.062, 3743.573, 4078.797, 4952.879]] 
RATE (RPS) =====================================: 5

average response time [0]1364.5149999999999
average response time [1]424.237
average response time [2]404.956
average response time [3]404.228
average response time [4]425.303
average response time [5]413.751
average response time [6]394.273
average response time [7]403.074
average response time [8]412.661
average response time [9]406.309
TOTAL AVERAGE RESPONSE TIME ====================: 505.3307
NUMBER OF THREADS ==============================: 1
TOTAL AVERAGE RATE (RPS) =====================================: 0.9
average response time [10]436.27049999999997
average response time [11]443.9715
average response time [12]452.567
average response time [13]452.16700000000003
average response time [14]553.0825
average response time [15]459.216
average response time [16]452.127
average response time [17]466.6805
average response time [18]438.2065
average response time [19]448.466
TOTAL AVERAGE RESPONSE TIME ====================: 460.27545
NUMBER OF THREADS ==============================: 2
TOTAL AVERAGE RATE (RPS) =====================================: 2.0
average response time [20]489.06575
average response time [21]516.3185
average response time [22]499.791
average response time [23]534.69825
average response time [24]727.17075
average response time [25]560.55375
average response time [26]1372.571
average response time [27]533.59825
average response time [28]495.32875
average response time [29]521.148
TOTAL AVERAGE RESPONSE TIME ====================: 625.0244
NUMBER OF THREADS ==============================: 4
TOTAL AVERAGE RATE (RPS) =====================================: 3.7
average response time [30]607.629375
average response time [31]615.770125
average response time [32]627.3512499999999
average response time [33]626.576
average response time [34]623.054125
average response time [35]600.677
average response time [36]604.163875
average response time [37]652.259375
average response time [38]639.4902500000001
average response time [39]644.2855000000001
TOTAL AVERAGE RESPONSE TIME ====================: 624.1256875
NUMBER OF THREADS ==============================: 8
TOTAL AVERAGE RATE (RPS) =====================================: 8.0
average response time [40]964.52225
average response time [41]914.7893125
average response time [42]996.40875
average response time [43]867.045375
average response time [44]881.572375
average response time [45]830.9614375
average response time [46]864.809125
average response time [47]866.954375
average response time [48]851.6635625
average response time [49]839.351375
TOTAL AVERAGE RESPONSE TIME ====================: 887.80779375
NUMBER OF THREADS ==============================: 16
TOTAL AVERAGE RATE (RPS) =====================================: 10.0
average response time [50]812.3984666666666
average response time [51]898.1610555555555
average response time [52]887.7025
average response time [53]596.7374545454545
average response time [54]872.844388888889
average response time [55]901.6121499999999
average response time [56]938.1301904761905
average response time [57]715.170076923077
average response time [58]853.0202631578948
average response time [59]783.963
TOTAL AVERAGE RESPONSE TIME ====================: 825.9739546213729
NUMBER OF THREADS ==============================: 32
TOTAL AVERAGE RATE (RPS) =====================================: 26.7
average response time [60]720.4677857142857
average response time [61]598.5287777777778
average response time [62]788.3831333333334
average response time [63]533.6903333333333
average response time [64]647.4883
average response time [65]662.1694285714286
average response time [66]547.784125
average response time [67]696.9973846153846
average response time [68]664.7158181818181
average response time [69]671.3624615384615
TOTAL AVERAGE RESPONSE TIME ====================: 653.1587548065824
NUMBER OF THREADS ==============================: 33
TOTAL AVERAGE RATE (RPS) =====================================: 32.6
average response time [70]617.3504
average response time [71]736.0095714285715
average response time [72]616.6825454545454
average response time [73]639.5513333333333
average response time [74]530.8985
average response time [75]725.5200714285714
average response time [76]612.5018
average response time [77]711.0631428571429
average response time [78]717.3176666666667
average response time [79]844.66235
TOTAL AVERAGE RESPONSE TIME ====================: 675.1557381168832
NUMBER OF THREADS ==============================: 34
TOTAL AVERAGE RATE (RPS) =====================================: 33.0
average response time [80]829.8342380952381
average response time [81]923.8505909090909
average response time [82]964.977125
average response time [83]748.9178947368421
average response time [84]811.856
average response time [85]924.0384782608696
average response time [86]958.59804
average response time [87]861.66165
average response time [88]978.5447083333333
average response time [89]1304.3436857142858
TOTAL AVERAGE RESPONSE TIME ====================: 930.662241104966
NUMBER OF THREADS ==============================: 35
TOTAL AVERAGE RATE (RPS) =====================================: 25.5
average response time [90]1346.9660555555556
average response time [91]1382.0034444444445
average response time [92]1910.7844722222221
average response time [93]1392.2268571428572
average response time [94]1229.018625
average response time [95]1144.7225666666666
average response time [96]1157.77559375
average response time [97]953.8793913043478
average response time [98]1132.7167
average response time [99]833.8802380952382
TOTAL AVERAGE RESPONSE TIME ====================: 1248.3973944181334
NUMBER OF THREADS ==============================: 36
TOTAL AVERAGE RATE (RPS) =====================================: 17.0
average response time [100]761.1958125
average response time [101]622.20275
average response time [102]735.8706470588236
average response time [103]691.7688125
average response time [104]639.3498571428571
average response time [105]960.136
average response time [106]1230.60895
average response time [107]1303.1458888888887
average response time [108]722.5821176470588
average response time [109]1428.9039047619049
TOTAL AVERAGE RESPONSE TIME ====================: 909.5764740499533
NUMBER OF THREADS ==============================: 37
TOTAL AVERAGE RATE (RPS) =====================================: 31.6
average response time [110]1373.1912631578948
average response time [111]1307.0046666666667
average response time [112]1295.9995294117648
average response time [113]1605.403
average response time [114]1786.2696923076924
average response time [115]1732.23425
average response time [116]2573.8561842105264
average response time [117]2508.759
average response time [118]2528.8115263157897
average response time [119]2512.241105263158
TOTAL AVERAGE RESPONSE TIME ====================: 1922.377021733349
NUMBER OF THREADS ==============================: 38
TOTAL AVERAGE RATE (RPS) =====================================: 16.1
average response time [120]2548.0710256410257
average response time [121]2570.4049230769233
average response time [122]2559.3115384615385
average response time [123]2635.821461538462
average response time [124]2483.1896666666667
average response time [125]2582.5479487179487
average response time [126]2604.5064615384617
average response time [127]2711.0448461538463
average response time [128]2567.7163846153844
average response time [129]2583.0067435897436
TOTAL AVERAGE RESPONSE TIME ====================: 2584.5621
NUMBER OF THREADS ==============================: 39
TOTAL AVERAGE RATE (RPS) =====================================: 5.8
average response time [130]2643.6355
average response time [131]2627.0812
average response time [132]2676.30595
average response time [133]2686.446775
average response time [134]2968.2612
average response time [135]2597.692025
average response time [136]2676.59885
average response time [137]2771.602325
average response time [138]2677.62045
average response time [139]2923.19995
TOTAL AVERAGE RESPONSE TIME ====================: 2724.8444225
NUMBER OF THREADS ==============================: 40
TOTAL AVERAGE RATE (RPS) =====================================: 5.4
average response time sent to Stackdriver [0]438.2065
average response time sent to Stackdriver [1]615.770125
average response time sent to Stackdriver [2]914.7893125
average response time sent to Stackdriver [3]851.6635625
average response time sent to Stackdriver [4]901.6121499999999
average response time sent to Stackdriver [5]533.6903333333333
average response time sent to Stackdriver [6]616.6825454545454
average response time sent to Stackdriver [7]829.8342380952381
average response time sent to Stackdriver [8]958.59804
average response time sent to Stackdriver [9]1346.9660555555556
average response time sent to Stackdriver [10]1144.7225666666666
average response time sent to Stackdriver [11]622.20275
average response time sent to Stackdriver [12]1230.60895
average response time sent to Stackdriver [13]1307.0046666666667
average response time sent to Stackdriver [14]1786.2696923076924
average response time sent to Stackdriver [15]2573.8561842105264
average response time sent to Stackdriver [16]2528.8115263157897
average response time sent to Stackdriver [17]2570.4049230769233
average response time sent to Stackdriver [18]2635.821461538462
average response time sent to Stackdriver [19]2582.5479487179487
average response time sent to Stackdriver [20]2711.0448461538463
average response time sent to Stackdriver [21]2583.0067435897436
average response time sent to Stackdriver [22]2627.0812
average response time sent to Stackdriver [23]2686.446775
average response time sent to Stackdriver [24]2968.2612
average response time sent to Stackdriver [25]2676.59885
average response time sent to Stackdriver [26]2677.62045
NUMBER OF THREADS: [1, 2, 4, 8, 16, 32, 33, 34, 35, 36, 37, 38, 39, 40]
WORKLOAD: HFU_LV;  
TOTAL EXECUTION TIME (Concurrent Parallel Requests): 283984.956


