[[425.401, 461.262, 490.963, 554.199, 464.476, 419.942, 510.438, 567.046, 611.939, 749.649, 667.969, 763.037, 809.634, 866.512, 508.088, 571.98, 909.936, 948.378, 989.18, 1052.959, 615.566, 1092.127, 1190.315, 1132.012, 634.876, 1213.769, 1268.4189999999999, 674.41, 1301.82, 765.649, 707.157, 826.757, 1329.228, 1382.761, 1463.712, 1501.218, 778.522, 1585.966, 1635.813, 1529.567, 1704.051, 1654.504, 1749.317, 1855.893, 1903.193, 1785.259, 721.025, 771.313, 1905.046, 1950.7759999999998, 810.812, 841.792, 1991.284, 2025.693, 2067.135, 2255.577, 2091.882, 2171.196, 2110.486, 797.603, 814.453, 2360.12, 859.477, 2292.009, 2228.775, 898.173, 914.439, 1001.431, 2315.962, 952.14, 2306.413, 990.886, 1077.513, 1093.228, 2319.4139999999998, 2357.326, 1101.017, 2388.491, 1176.028, 1106.557, 1188.57, 2452.214, 2380.254, 1204.654, 1242.745, 2462.497, 1483.48, 1269.017, 1353.141, 1293.48, 2463.619, 1372.259, 2476.8940000000002, 2515.294, 1473.632, 1411.062, 1487.476, 2505.079, 2539.684, 1505.122, 1550.115, 1600.435, 2533.772, 1644.714, 2628.026, 2534.105, 1649.499, 2633.458, 1665.7069999999999, 1765.17, 2653.811, 1684.063, 2672.044, 2714.559, 1742.142, 2737.691, 1767.176, 2869.687, 2804.68, 2740.1040000000003, 2881.698, 1747.1689999999999, 2901.218, 1827.812, 1768.671, 1854.241, 1910.8220000000001, 2883.674, 1941.216, 1966.863, 2895.944, 1996.036, 2029.064, 2961.2799999999997, 2893.206, 2055.866, 2993.839, 2083.573, 2133.026, 2166.478, 2255.374, 2188.026, 2947.977, 2265.43, 3112.838, 2291.541, 2336.911, 2985.307, 2917.487, 2343.545]] 
AVERAGE RESPONSE TIME: 1679.31736
NUMBER OF THREADS: [150]
WORKLOAD: LV_HF; PAL CONFIG: compression; NUMBER OF REPLICAS: 2 
TOTAL EXECUTION TIME (Concurrent Parallel Requests): 4845.723


[[591.284, 436.596, 644.893, 490.856, 779.686, 480.299, 511.73, 400.206, 497.038, 562.742, 865.271, 657.907, 747.03, 787.58, 635.676, 954.942, 882.301, 987.166, 597.14, 628.229, 678.88, 1063.712, 1013.48, 1095.775, 697.163, 1125.846, 724.394, 1191.887, 764.127, 933.524, 809.481, 994.246, 846.243, 928.993, 1176.256, 995.723, 1043.464, 1171.964, 1074.789, 1190.188, 1234.953, 1077.794, 1125.68, 1171.3890000000001, 1246.0720000000001, 1315.67, 1217.3609999999999, 1347.487, 1277.8519999999999, 1310.961, 1426.112, 1363.922, 1319.7359999999999, 1455.518, 1495.141, 1339.7649999999999, 1532.806, 1377.269, 1477.308, 1640.047, 1428.688, 1564.059, 1767.577, 1677.174, 1481.991, 1533.0140000000001, 1828.579, 1578.502, 1630.336, 1757.254, 1835.476, 1867.516, 1923.797, 1981.766, 1636.2179999999998, 2035.664, 2159.487, 2108.187, 2145.059, 1590.992, 1669.031, 2161.377, 1610.173, 1692.2649999999999, 2233.146, 2277.496, 2176.973, 1699.184, 1741.653, 2301.879, 1780.566, 2342.73, 1847.5549999999998, 1898.278, 1939.942, 2360.281, 2384.699, 2411.064, 1903.685, 1934.3339999999998, 2395.271, 2444.176, 2487.872, 2531.6530000000002, 1930.069, 1962.136, 2619.042, 2559.477, 2048.305, 2672.867, 1976.2060000000001, 2087.309, 2706.554, 2118.154, 2157.11, 2193.864, 2199.721, 2240.92, 2746.191, 2681.804, 2830.206, 2763.535, 2292.253, 2239.885, 2330.13, 2368.777, 2428.37, 2805.388, 2840.1369999999997, 2945.9, 2884.828, 2421.124, 2971.668, 2446.157, 3001.015, 2584.3379999999997, 3046.673, 2628.973, 3080.407, 2469.151, 3108.214, 2498.693, 2746.846, 3142.607, 2639.54, 3182.4, 2670.218, 2844.0299999999997, 2761.974, 3223.591]] 
AVERAGE RESPONSE TIME: 1761.7661733333334
NUMBER OF THREADS: [150]
WORKLOAD: LV_HF; PAL CONFIG: compression; NUMBER OF REPLICAS: 2 
TOTAL EXECUTION TIME (Concurrent Parallel Requests): 4713.726


[[570.629, 754.944, 467.255, 631.706, 579.004, 697.853, 454.522, 515.083, 504.822, 736.468, 571.132, 577.588, 758.198, 803.008, 619.49, 672.688, 899.678, 851.455, 986.18, 936.029, 688.213, 733.236, 787.874, 1057.505, 1007.461, 1109.761, 811.095, 834.7, 882.861, 911.812, 954.767, 1150.047, 1094.737, 1182.778, 961.059, 1212.945, 1280.058, 990.506, 1293.391, 1332.604, 1021.57, 1365.882, 1481.554, 1403.833, 1571.403, 1510.028, 1031.496, 1648.396, 1047.257, 1561.022, 1068.81, 1174.979, 1117.583, 1619.354, 1653.4740000000002, 1201.783, 1127.462, 1295.287, 1220.637, 1643.351, 1684.379, 1297.787, 1333.221, 1707.2440000000001, 1417.81, 1481.579, 1340.965, 1551.258, 1480.779, 1577.15, 1670.961, 1604.202, 1647.693, 1679.6390000000001, 1673.059, 1709.766, 1702.4070000000002, 1721.46, 1730.092, 1769.216, 1826.818, 1859.0030000000002, 1732.755, 1896.8, 1755.241, 1941.528, 1797.606, 1976.105, 2024.439, 1871.884, 1818.757, 2052.007, 2101.467, 2140.319, 2185.463, 2234.99, 1904.833, 2280.6, 1939.509, 2321.99, 2369.976, 2410.126, 1955.172, 2003.274, 2434.525, 2030.019, 2077.11, 2490.123, 2171.435, 2519.373, 2097.041, 2557.009, 2199.88, 2252.9, 2290.56, 2638.895, 2315.814, 2553.349, 2699.206, 2749.081, 2329.14, 2375.616, 2396.555, 2734.205, 2763.46, 2420.57, 2435.382, 2747.651, 2783.302, 2452.525, 2806.177, 2538.476, 2874.77, 2612.659, 2799.853, 2632.5789999999997, 2737.258, 2667.904, 2865.522, 2971.8450000000003, 2902.313, 2734.353, 2776.555, 2955.636, 2794.975, 2833.581, 2961.117, 2868.748, 2904.435, 2973.6369999999997]] 
AVERAGE RESPONSE TIME: 1736.9250066666666
NUMBER OF THREADS: [150]
WORKLOAD: LV_HF; PAL CONFIG: compression; NUMBER OF REPLICAS: 2 
TOTAL EXECUTION TIME (Concurrent Parallel Requests): 4620.425


[[457.25, 417.86, 467.239, 503.732, 443.396, 562.889, 495.995, 550.283, 638.117, 724.111, 681.966, 644.187, 748.514, 569.853, 793.83, 643.647, 812.554, 678.036, 725.997, 780.459, 867.078, 824.633, 888.313, 795.375, 899.373, 891.968, 935.591, 947.194, 986.408, 1077.98, 1013.282, 1120.221, 1176.829, 1205.537, 950.196, 984.135, 1022.9, 1060.588, 1244.974, 1165.519, 1093.588, 1210.655, 1257.473, 1309.25, 1446.318, 1370.283, 1208.29, 1264.895, 1296.739, 1410.688, 1376.6190000000001, 1413.627, 1444.566, 1332.29, 1412.845, 1341.516, 1426.106, 1553.696, 1479.9, 1581.743, 1358.5810000000001, 1622.492, 1383.981, 1448.535, 1617.3310000000001, 1639.88, 1474.232, 1529.548, 1561.757, 1569.612, 1655.192, 1586.8020000000001, 1583.942, 1659.642, 1688.887, 1736.5520000000001, 1736.4070000000002, 1589.723, 1771.75, 1616.0230000000001, 1648.076, 1802.462, 1837.556, 1755.2530000000002, 1874.587, 1781.0819999999999, 1897.9569999999999, 1947.38, 1991.3339999999998, 2054.405, 2119.938, 2160.742, 1773.098, 2191.984, 1794.021, 1892.8, 2248.374, 1812.05, 1969.173, 1889.5430000000001, 2021.935, 2120.325, 2211.79, 2062.017, 2109.049, 2149.361, 2230.928, 2172.316, 2252.612, 2149.349, 2278.929, 2172.046, 2293.022, 2183.541, 2214.953, 2261.076, 2358.547, 2284.761, 2254.186, 2367.134, 2283.201, 2315.864, 2388.787, 2428.997, 2508.728, 2332.083, 2444.866, 2537.84, 2322.649, 2350.684, 2376.707, 2420.467, 2537.792, 2447.186, 2531.9049999999997, 2562.6059999999998, 2470.536, 2516.266, 2595.469, 2510.576, 2783.629, 2528.254, 2616.622, 2710.294, 2649.573, 2479.051, 2721.785, 2787.701, 2535.16, 2455.561]] 
AVERAGE RESPONSE TIME: 1661.33664
NUMBER OF THREADS: [150]
WORKLOAD: LV_HF; PAL CONFIG: compression; NUMBER OF REPLICAS: 2 
TOTAL EXECUTION TIME (Concurrent Parallel Requests): 4678.459


[[437.734, 624.588, 607.572, 543.421, 484.808, 442.458, 476.485, 613.916, 583.905, 719.637, 646.402, 760.352, 804.688, 732.728, 585.819, 732.875, 616.978, 783.901, 853.91, 789.34, 884.289, 787.686, 836.653, 896.443, 931.714, 908.617, 965.071, 937.814, 967.963, 984.111, 1042.752, 1075.132, 1007.63, 1077.06, 1069.837, 1111.586, 1085.659, 1215.587, 1192.107, 1124.817, 1113.973, 1242.365, 1208.068, 1275.709, 1265.026, 1327.342, 1298.246, 1371.275, 1334.6480000000001, 1373.356, 1378.761, 1382.542, 1388.086, 1427.26, 1528.161, 1425.737, 1486.563, 1440.365, 1511.642, 1668.287, 1498.063, 1539.2069999999999, 1563.1680000000001, 1495.5720000000001, 1531.69, 1641.013, 1563.383, 1601.4099999999999, 1651.175, 1624.663, 1664.8200000000002, 1666.999, 1704.1019999999999, 1750.136, 1657.058, 1788.012, 1822.47, 1853.437, 1657.548, 1886.8519999999999, 1925.518, 2102.635, 1648.046, 1939.594, 2114.21, 2152.924, 1652.114, 1967.859, 2163.906, 2206.87, 1649.355, 1820.9099999999999, 1667.196, 1711.7649999999999, 2177.733, 1850.768, 1904.8220000000001, 1955.1660000000002, 2187.226, 2057.555, 1993.772, 2190.538, 2225.561, 2098.892, 2048.815, 2243.559, 2115.109, 2261.621, 2135.786, 2289.643, 2324.227, 2130.64, 2345.835, 2157.869, 2466.398, 2412.105, 2358.237, 2166.42, 2253.436, 2188.516, 2255.296, 2493.7, 2410.604, 2264.636, 2380.75, 2297.5969999999998, 2422.999, 2482.9809999999998, 2526.6530000000002, 2549.428, 2420.994, 2471.074, 2499.1, 2538.173, 2571.909, 2506.917, 2672.949, 2546.0969999999998, 2592.9610000000002, 2539.208, 2723.8540000000003, 2531.548, 2659.9539999999997, 2749.6459999999997, 2547.696, 2779.57, 2564.916, 2795.8959999999997, 2593.493, 2810.693]] 
AVERAGE RESPONSE TIME: 1686.7778533333333
NUMBER OF THREADS: [150]
WORKLOAD: LV_HF; PAL CONFIG: compression; NUMBER OF REPLICAS: 2 
TOTAL EXECUTION TIME (Concurrent Parallel Requests): 4697.739


[[447.368, 425.684, 498.365, 464.299, 525.633, 598.757, 522.006, 557.526, 629.229, 612.363, 694.805, 785.036, 727.889, 640.726, 695.307, 744.103, 820.143, 875.884, 794.595, 849.426, 922.173, 972.136, 878.938, 915.581, 1024.628, 1102.259, 1102.546, 1156.25, 1199.125, 1239.994, 940.209, 1258.6100000000001, 994.164, 1037.273, 1076.241, 1123.136, 1165.981, 1208.319, 1246.089, 1293.156, 1314.711, 1231.231, 1247.941, 1341.801, 1259.657, 1349.214, 1311.212, 1385.366, 1389.7069999999999, 1442.076, 1369.71, 1406.047, 1472.5520000000001, 1794.196, 1479.393, 1517.415, 1583.489, 1512.3890000000001, 1678.319, 1618.9, 1774.028, 1834.998, 1334.534, 1349.3519999999999, 1445.59, 1469.0059999999999, 1768.19, 1498.729, 1910.5030000000002, 1784.926, 1511.673, 1798.0700000000002, 1916.091, 1526.2089999999998, 1559.1219999999998, 1926.451, 1602.943, 1635.7640000000001, 1720.487, 1662.292, 1749.856, 1917.067, 1783.982, 1951.6219999999998, 1803.425, 1831.9360000000001, 1863.5320000000002, 2010.157, 1889.098, 1915.528, 2105.83, 1996.72, 2040.991, 1833.085, 2102.521, 2144.421, 2844.624, 2827.965, 1813.5259999999998, 2237.34, 2337.016, 2263.368, 1819.612, 1845.9470000000001, 1906.062, 1951.88, 1992.683, 2298.95, 2300.693, 2686.75, 3367.787, 2163.389, 4353.955, 2088.151, 3302.003, 2184.929, 2409.476, 3269.083, 2391.21, 2365.57, 2353.252, 2349.201, 2332.433, 2335.503, 2372.666, 2329.325, 2393.101, 2425.8450000000003, 2384.1639999999998, 2522.294, 2331.721, 2412.558, 2377.942, 2494.335, 2367.2219999999998, 2531.865, 2473.654, 2823.782, 2375.988, 2463.753, 2543.256, 2549.831, 3008.237, 2557.782, 2597.384, 2506.598, 2617.149, 2539.951, 2608.011, 2647.792]] 
AVERAGE RESPONSE TIME: 1740.5904733333334
NUMBER OF THREADS: [150]
WORKLOAD: LV_HF; PAL CONFIG: compression; NUMBER OF REPLICAS: 2 
TOTAL EXECUTION TIME (Concurrent Parallel Requests): 5655.646


[[679.787, 500.918, 495.834, 624.503, 555.246, 517.247, 572.977, 622.902, 678.608, 691.163, 702.641, 735.458, 826.886, 757.644, 883.154, 618.533, 835.693, 912.529, 963.653, 647.474, 711.004, 755.256, 1010.606, 1052.791, 1106.764, 755.579, 1130.174, 1186.972, 1233.954, 1265.306, 1268.828, 1407.091, 1352.838, 1299.0140000000001, 1443.246, 666.801, 1489.692, 694.81, 755.458, 823.704, 1517.4009999999998, 1579.1889999999999, 1521.596, 1623.9470000000001, 832.631, 877.229, 1647.904, 1757.8220000000001, 4098.811, 1645.549, 1757.299, 859.06, 923.362, 979.907, 1784.252, 1833.018, 1018.316, 1051.568, 1090.85, 1844.431, 1124.814, 1173.503, 1272.247, 1211.504, 1312.767, 1348.0729999999999, 1844.671, 1384.271, 1870.2939999999999, 1412.455, 1915.232, 1943.252, 1433.601, 1490.444, 1536.008, 3380.147, 1640.8319999999999, 1552.1680000000001, 1651.613, 2045.239, 1699.404, 1893.4099999999999, 1942.641, 1717.655, 2053.144, 2089.397, 2177.938, 2120.488, 1728.882, 1766.816, 2214.21, 2266.688, 2315.652, 2370.327, 2417.293, 2478.622, 1759.281, 1878.0349999999999, 1791.606, 2002.755, 1899.1, 1933.8310000000001, 2012.937, 2048.445, 2116.08, 2063.069, 2452.201, 2399.607, 2160.48, 2469.501, 2508.816, 2173.079, 2216.57, 2529.831, 2259.959, 2288.438, 2498.819, 2533.694, 2571.922, 2328.2780000000002, 2256.629, 2608.258, 2646.2110000000002, 2343.38, 2680.2039999999997, 2367.434, 2531.846, 2419.221, 2455.402, 2688.333, 2554.208, 2718.025, 2635.505, 2818.3540000000003, 2565.131, 2666.765, 2702.201, 2745.053, 2791.86, 2919.141, 2832.594, 2858.2110000000002, 2942.824, 2876.772, 3023.956, 2903.663, 2959.572, 2974.268, 2922.411, 3037.554]] 
AVERAGE RESPONSE TIME: 1770.7593466666667
NUMBER OF THREADS: [150]
WORKLOAD: LV_HF; PAL CONFIG: compression; NUMBER OF REPLICAS: 2 
TOTAL EXECUTION TIME (Concurrent Parallel Requests): 4584.781


