[[393.657]] 
RATE (RPS) =====================================: 1

[[403.226]] 
RATE (RPS) =====================================: 1

[[426.086]] 
RATE (RPS) =====================================: 1

[[393.506]] 
RATE (RPS) =====================================: 1

[[435.758]] 
RATE (RPS) =====================================: 1

[[402.534]] 
RATE (RPS) =====================================: 1

[[409.387]] 
RATE (RPS) =====================================: 1

[[397.01]] 
RATE (RPS) =====================================: 1

[[389.142]] 
RATE (RPS) =====================================: 1

[[390.892]] 
RATE (RPS) =====================================: 1

[[397.951, 431.617]] 
RATE (RPS) =====================================: 2

[[401.186, 444.428]] 
RATE (RPS) =====================================: 2

[[411.081, 437.432]] 
RATE (RPS) =====================================: 2

[[397.393, 443.242]] 
RATE (RPS) =====================================: 2

[[472.497, 427.084]] 
RATE (RPS) =====================================: 2

[[407.754, 461.113]] 
RATE (RPS) =====================================: 2

[[439.159, 389.657]] 
RATE (RPS) =====================================: 2

[[399.113, 434.622]] 
RATE (RPS) =====================================: 2

[[443.173, 400.644]] 
RATE (RPS) =====================================: 2

[[423.858, 381.863]] 
RATE (RPS) =====================================: 2

[[451.862, 401.719, 529.201, 464.292]] 
RATE (RPS) =====================================: 4

[[439.234, 393.699, 512.5, 457.381]] 
RATE (RPS) =====================================: 4

[[431.169, 382.398, 461.33, 490.205]] 
RATE (RPS) =====================================: 4

[[494.036, 399.831, 428.24, 501.125]] 
RATE (RPS) =====================================: 4

[[383.419, 424.137, 498.979, 440.033]] 
RATE (RPS) =====================================: 4

[[420.391, 493.613, 521.214, 565.118]] 
RATE (RPS) =====================================: 4

[[386.966, 528.79, 418.94, 451.4]] 
RATE (RPS) =====================================: 4

[[480.802, 410.113, 547.212, 585.731]] 
RATE (RPS) =====================================: 4

[[409.458, 438.874, 467.45, 503.805]] 
RATE (RPS) =====================================: 4

[[450.074, 406.915, 516.373, 469.286]] 
RATE (RPS) =====================================: 4

[[387.248, 420.122, 500.495, 453.961, 567.078, 515.651, 587.103, 616.139]] 
RATE (RPS) =====================================: 8

[[390.804, 511.246, 419.264, 455.867, 537.977, 576.091, 604.622, 645.212]] 
RATE (RPS) =====================================: 8

[[489.139, 404.258, 513.838, 588.102, 535.416, 614.557, 640.631, 673.764]] 
RATE (RPS) =====================================: 8

[[439.206, 475.929, 387.768, 512.375, 582.154, 526.061, 625.454, 699.87]] 
RATE (RPS) =====================================: 8

[[482.724, 399.683, 424.271, 596.438, 491.978, 520.813, 599.384, 631.462]] 
RATE (RPS) =====================================: 8

[[383.565, 426.965, 461.408, 534.699, 481.069, 568.833, 595.888, 629.869]] 
RATE (RPS) =====================================: 8

[[382.974, 486.046, 428.876, 687.151, 544.765, 624.704, 713.256, 745.914]] 
RATE (RPS) =====================================: 8

[[402.393, 446.377, 581.939, 475.89, 504.16, 572.424, 610.38, 696.055]] 
RATE (RPS) =====================================: 8

[[475.768, 403.246, 565.365, 480.565, 511.679, 574.957, 667.928, 613.099]] 
RATE (RPS) =====================================: 8

[[404.943, 455.247, 517.429, 475.323, 553.824, 585.686, 612.351, 672.705]] 
RATE (RPS) =====================================: 8

[[535.827, 444.247, 580.748, 529.899, 607.192, 733.491, 854.444, 765.858, 931.685, 619.2, 661.347, 872.743, 770.987, 985.405, 933.835, 1016.195]] 
RATE (RPS) =====================================: 15

[[431.974, 478.58, 603.007, 504.397, 542.18, 615.029, 662.35, 731.812, 678.642, 892.914, 928.325, 790.842, 739.881, 818.17, 940.303, 987.508]] 
RATE (RPS) =====================================: 16

[[394.088, 478.312, 425.33, 505.233, 544.191, 578.328, 655.887, 607.293, 739.826, 685.607, 763.757, 842.795, 929.798, 783.704, 857.604, 912.441]] 
RATE (RPS) =====================================: 16

[[448.365, 404.453, 490.564, 557.161, 507.627, 587.595, 616.99, 657.381, 684.665, 704.148, 786.234, 736.087, 807.213, 890.339, 846.41, 930.054]] 
RATE (RPS) =====================================: 16

[[405.181, 444.963, 465.217, 496.055, 549.564, 593.894, 621.851, 694.479, 649.537, 789.729, 719.751, 744.02, 881.493, 835.765, 918.288, 943.395]] 
RATE (RPS) =====================================: 16

[[430.386, 460.899, 487.578, 526.286, 555.222, 665.449, 580.063, 613.478, 687.006, 721.205, 751.647, 788.881, 823.346, 918.227, 850.459, 975.583]] 
RATE (RPS) =====================================: 16

[[503.498, 540.348, 449.78, 405.384, 560.695, 588.193, 607.519, 839.836, 678.329, 771.333, 608.609, 685.466, 910.521, 864.594, 936.797, 975.578]] 
RATE (RPS) =====================================: 16

[[388.325, 470.715, 413.081, 488.305, 518.736, 556.196, 628.738, 576.216, 652.988, 792.068, 693.401, 819.412, 861.352, 893.436, 974.179, 923.084]] 
RATE (RPS) =====================================: 16

[[383.464, 418.04, 547.725, 591.28, 493.328, 417.583, 587.839, 656.077, 806.115, 719.322, 833.148, 868.064, 900.58, 980.19, 1009.343, 922.406]] 
RATE (RPS) =====================================: 15

[[480.545, 395.325, 593.191, 418.211, 651.07, 725.196, 674.758, 794.504, 749.875, 830.78, 863.766, 947.368, 1063.965, 885.712, 1005.341, 967.607]] 
RATE (RPS) =====================================: 14

[[433.613, 512.142, 463.519, 528.99, 565.064, 591.184, 618.581, 662.142, 781.783, 690.057, 723.458, 932.987, 842.948, 790.504, 869.598, 988.213, 946.511, 1057.923, 1008.732, 1130.545, 1079.231, 1232.252, 1439.588, 1140.489, 1340.72, 1270.08, 1584.69, 1503.153, 1619.242, 1648.6779999999999, 1722.44, 1678.838]] 
RATE (RPS) =====================================: 17

[[466.776, 422.191, 581.543, 487.205, 515.246, 675.742, 585.242, 622.698, 699.876, 738.94, 774.163, 809.269, 844.609, 882.572, 921.039, 958.676, 992.413, 1109.859, 1018.7139999999999, 1034.753, 1116.883, 1219.663, 1137.716, 1344.718, 1274.792, 1371.873, 1408.646, 1489.767, 1436.213, 1517.835, 1601.269, 1548.358]] 
RATE (RPS) =====================================: 17

[[388.272, 438.02, 490.407, 565.327, 643.365, 744.459, 682.337, 770.502, 799.235, 840.339, 870.723, 901.004, 983.686, 933.322, 1053.225, 1006.635, 1085.82, 1121.201, 1159.999, 1245.5529999999999, 1192.1109999999999, 1276.848, 1321.173, 1400.06, 1476.783, 1514.321, 1554.413, 1683.9270000000001, 1587.319, 1627.873, 1754.33, 1702.2060000000001]] 
RATE (RPS) =====================================: 14

[[388.285, 445.535, 474.7, 539.974, 594.371, 667.826, 623.635, 695.872, 726.056, 849.031, 759.116, 784.671, 858.745, 902.753, 940.398, 969.378, 1046.881, 999.416, 1080.404, 1198.073, 1107.723, 1148.477, 1270.385, 1222.113, 1306.549, 1376.594, 1446.315, 1535.6109999999999, 1477.255, 1565.462, 1666.275, 1599.705]] 
RATE (RPS) =====================================: 17

[[398.277, 434.182, 529.053, 478.899, 695.144, 565.99, 626.8, 791.253, 691.731, 724.917, 802.048, 934.241, 840.948, 880.249, 949.374, 978.187, 1113.715, 1035.521, 1170.655, 1115.083, 1194.841, 1297.321, 1338.912, 1218.4279999999999, 1537.999, 1397.372, 1658.9270000000001, 1695.7759999999998, 1522.062, 1554.85, 1623.875, 1705.329]] 
RATE (RPS) =====================================: 16

[[483.407, 956.216, 550.175, 1065.692, 462.891, 866.334, 600.318, 810.214, 939.708, 802.545, 784.019, 847.963, 1057.014, 931.44, 957.365, 1114.738, 990.193, 1143.7069999999999, 2373.562, 1666.951, 1339.2649999999999, 1338.638, 1313.3899999999999, 1670.022, 3021.747, 3067.868, 1596.533, 2526.172, 1337.415, 1561.538, 1547.179, 1538.71]] 
RATE (RPS) =====================================: 14

[[668.319, 1421.945, 1527.2469999999998, 1489.757, 1434.3, 1554.089, 1590.1, 1511.71, 556.309, 472.41, 1466.444, 1526.261, 1580.701, 1444.819, 1498.906, 1576.929]] 
RATE (RPS) =====================================: 3

[[462.259, 405.338, 472.26, 498.247, 518.127, 578.087, 519.437, 601.774, 618.607, 662.634, 690.179, 714.122, 747.465, 778.613, 774.441, 808.752, 827.322, 855.46, 891.32]] 
RATE (RPS) =====================================: 19

[[406.935, 451.094, 476.892, 514.635, 547.008, 538.913, 613.199, 555.399, 618.843, 641.576, 701.448, 649.836, 700.609, 710.495, 738.486, 756.367, 712.898]] 
RATE (RPS) =====================================: 17

[[403.552, 447.64, 389.393, 469.749, 465.709, 485.966, 568.928, 517.146, 598.954, 657.078, 598.506, 634.945, 649.358]] 
RATE (RPS) =====================================: 13

[[395.738, 434.324, 503.869, 498.189, 536.43, 597.508, 561.187, 625.675, 663.28, 703.801, 643.555, 682.794, 730.558, 669.505, 794.414, 730.497, 811.208, 945.403, 869.936, 995.321, 1045.36, 1065.225, 1079.978, 1114.181, 1109.3220000000001, 1118.714, 1139.9569999999999, 1162.304, 1200.034, 1207.619, 1136.074]] 
RATE (RPS) =====================================: 20

[[408.629, 415.278, 490.591, 438.977, 510.646, 523.828, 598.699, 551.336, 614.954, 639.359, 600.297, 637.0, 713.472, 750.832, 651.662, 766.347, 802.038, 821.402, 841.343, 924.266, 979.07, 1021.221, 1065.523, 1120.022, 1285.93, 1166.181, 1323.059, 1321.0149999999999, 1359.45, 1382.15, 1418.271, 1460.337, 1502.546]] 
RATE (RPS) =====================================: 21

[[418.244, 449.874, 451.172, 475.185, 509.317, 527.066, 562.143, 645.107, 686.498, 726.979, 749.319, 783.65, 819.447, 849.048, 874.278, 975.569, 878.878, 1011.099, 1039.652, 1074.25, 1117.592, 1145.3220000000001, 1162.962, 1202.883, 1336.849, 1225.074, 1275.907, 1268.6019999999999, 1285.958, 1381.941, 1325.865, 1388.833]] 
RATE (RPS) =====================================: 17

[[422.327, 447.493, 523.718, 480.849, 556.835, 571.681, 607.677, 723.247, 631.299, 666.507, 707.353, 798.298, 739.347, 796.344, 744.635, 771.696, 897.684, 805.66, 913.11, 920.439, 957.128, 994.089, 1019.078, 1052.478, 1091.827, 1126.851, 1134.885, 1122.094, 1135.778, 1110.487, 1154.8899999999999, 1108.695]] 
RATE (RPS) =====================================: 22

[[406.731, 480.612, 410.097, 484.233, 496.964, 521.984, 517.152, 541.75, 630.417, 666.079, 571.683, 699.029, 711.406, 714.823, 746.038, 788.881, 761.483, 787.292, 791.118, 821.997, 891.316, 968.079, 998.253, 1018.278, 1056.988, 1072.042, 1097.865, 1118.441, 1149.352, 1184.999, 1205.095, 1264.78, 1205.496]] 
RATE (RPS) =====================================: 23

[[465.214, 541.243, 566.505, 640.715, 678.306, 581.827, 678.383, 701.552, 719.902, 710.594, 718.729, 757.211, 758.014, 775.208, 773.703, 790.575, 797.766, 809.457, 831.14, 866.952, 934.954, 885.439, 964.735, 993.356]] 
RATE (RPS) =====================================: 24

[[409.729, 489.311, 553.565, 466.776, 559.825, 609.799, 648.172, 664.319, 745.77, 685.873, 812.559, 767.308, 841.399, 862.45, 895.726, 923.127, 957.414, 987.145, 969.027, 1046.633, 979.924, 984.335, 1075.22, 1078.17, 975.577, 1093.288, 1161.566, 1226.318, 1249.426, 1257.862, 1248.569, 1302.845, 1235.878]] 
RATE (RPS) =====================================: 22

[[498.518, 576.744, 514.175, 601.112, 655.151, 670.88, 689.89, 718.502, 720.1, 798.21, 655.006, 783.375, 646.019, 672.957, 683.776, 751.6, 807.39, 749.502, 816.184, 889.438, 832.873, 903.419, 935.688, 965.908, 1098.494, 1009.374, 1142.859, 1085.9569999999999, 1200.4569999999999, 1230.749, 1102.081]] 
RATE (RPS) =====================================: 24

[[390.409, 430.293, 533.031, 456.647, 556.107, 704.145, 603.379, 697.774, 735.363, 755.243, 830.181, 742.654, 766.128, 846.781, 854.07, 891.659, 918.115, 940.142, 1050.021, 963.675, 997.544, 1078.504, 1101.89, 1109.172, 1133.893, 1278.653, 1178.13, 1308.1309999999999, 1346.804, 1338.528, 1376.812, 1391.695, 1408.468, 1418.112, 1454.34]] 
RATE (RPS) =====================================: 20

[[477.095, 444.291, 544.715, 569.279, 591.336, 608.379, 610.161, 636.416, 657.505, 698.785, 695.156, 787.826, 734.23, 666.6, 771.227, 787.448, 819.055, 985.188, 897.358, 851.573, 898.669, 948.436, 955.306, 950.358, 982.838, 1031.249, 1062.497, 1087.383, 1106.274, 1144.343, 1173.407, 1205.231, 1190.797]] 
RATE (RPS) =====================================: 25

[[432.066, 449.467, 500.241, 523.214, 561.886, 606.816, 647.213, 667.053, 759.095, 704.162, 769.61, 801.641, 835.303, 874.409, 910.625, 946.863, 997.785, 1043.154, 1037.87, 1065.728, 1073.657, 1097.48, 1138.136, 1296.8319999999999, 1160.898, 1267.165, 1302.703, 1297.099, 1336.401, 1382.796, 1442.786, 1457.283, 1448.425, 1442.126]] 
RATE (RPS) =====================================: 17

[[557.077, 459.314, 615.821, 557.879, 641.021, 667.161, 692.288, 723.765, 744.888, 766.433, 807.674, 846.709, 931.393, 872.73, 965.677, 1014.759, 1139.101, 1008.057, 1157.1970000000001, 1194.615, 1197.761, 1222.844, 1290.731, 1236.823, 1278.965, 1297.8899999999999, 1362.125, 1410.587, 1440.336, 1467.73, 1445.776, 1474.8, 1521.1860000000001, 1596.437, 1529.879, 1574.018]] 
RATE (RPS) =====================================: 15

[[403.861, 491.972, 416.374, 431.161, 456.359, 495.117, 535.394, 500.909, 645.018, 549.186, 517.042, 622.742, 568.923, 648.879, 590.525, 616.48, 634.613, 653.095, 646.321, 682.425, 663.297, 692.053, 727.353]] 
RATE (RPS) =====================================: 23

[[425.986, 489.916, 492.239, 499.037, 550.091, 551.199, 557.402, 548.445, 571.237, 666.436, 597.146, 662.477, 694.437, 608.363, 644.864, 673.07, 651.897, 616.766]] 
RATE (RPS) =====================================: 18

[[495.699, 419.808, 453.545, 449.249, 469.617, 496.14, 502.965, 488.521, 492.768, 528.317, 556.972, 579.572, 529.395, 590.31, 631.143, 655.731, 700.223, 684.858, 716.168, 736.802]] 
RATE (RPS) =====================================: 20

[[472.194, 414.299, 424.476, 439.74, 478.979, 534.619, 579.674, 581.799, 618.428, 650.583, 618.613, 697.545, 608.219, 646.317, 706.323, 710.944, 757.201, 691.143, 712.576, 720.011, 736.961, 803.918, 727.287, 804.306]] 
RATE (RPS) =====================================: 24

[[425.664, 419.593, 464.098, 431.928, 490.185, 479.418, 536.887, 477.914, 465.821, 565.287, 476.062, 524.825, 535.878, 617.362, 562.675, 596.551, 545.548, 509.774, 632.242, 625.497, 468.241, 551.959, 504.009, 566.489, 585.163, 525.682, 565.904, 612.547, 731.564, 636.268, 752.316, 506.973, 763.462, 509.14, 600.02, 783.33, 512.379, 741.907, 542.303, 565.521, 792.019, 747.324, 571.012, 787.139, 588.408, 814.879]] 
RATE (RPS) =====================================: 46

[[463.473, 442.681, 478.742, 491.399, 500.918, 443.255, 444.265, 407.4, 533.671, 581.069, 515.459, 612.808, 414.231, 468.441, 483.483, 635.447, 575.303, 485.73, 533.11, 527.852, 603.391, 636.546, 521.305, 603.916, 640.725, 665.638, 652.589, 396.244, 640.105, 505.903, 433.039, 544.784, 559.282, 581.414, 601.066, 579.54, 485.725, 492.906, 610.786, 550.57]] 
RATE (RPS) =====================================: 40

[[448.109, 415.252, 418.112, 443.731, 479.896, 441.161, 521.415, 453.658, 560.151, 492.844, 587.757, 552.033, 505.906, 588.028, 624.404, 599.919, 659.505, 641.671, 683.308, 683.677, 720.593, 703.409, 797.98, 743.269, 717.757, 852.195, 913.384, 966.083, 723.644, 671.792, 963.585, 1021.358, 714.845, 757.766, 1050.019, 785.357, 812.595, 1038.037, 798.766, 816.765, 1002.247, 869.663, 815.093, 992.846]] 
RATE (RPS) =====================================: 40

[[510.752, 441.119, 435.364, 484.785, 489.69, 474.442, 527.087, 412.732, 564.835, 492.559, 566.819, 518.287, 579.57, 623.071, 471.904, 425.26, 491.494, 546.267, 512.869, 578.677, 619.879, 576.717, 493.181, 551.039, 734.004, 641.731, 556.111, 724.502, 748.014, 638.477, 572.273, 513.253, 650.418, 600.182, 666.913, 668.304, 638.851, 674.386, 693.667, 690.179]] 
RATE (RPS) =====================================: 40

[[413.478, 446.015, 472.929, 496.19, 467.248, 421.206, 566.416, 467.364, 525.705, 465.547, 580.708, 551.147, 607.814, 523.543, 555.32, 611.862, 644.644, 577.057, 584.866, 587.079, 618.926, 600.615, 656.17, 1430.906, 604.187, 674.329, 719.39, 583.282, 691.753, 576.897, 625.182, 566.164, 603.98, 551.293, 607.908, 574.221, 511.851, 585.739, 616.916, 686.723, 640.157]] 
RATE (RPS) =====================================: 40

[[444.804, 413.558, 452.421, 449.123, 479.004, 493.086, 507.555, 542.432, 562.534, 478.04, 636.216, 608.732, 650.88, 488.666, 709.632, 752.379, 488.571, 514.745, 550.84, 1631.5030000000002, 852.297, 1646.692, 826.722, 855.642, 496.233, 857.293, 873.282, 431.952, 462.091, 1389.715, 1444.191, 458.15, 1443.7350000000001, 927.993, 957.913, 1314.042, 982.378, 1300.4560000000001, 1026.43, 501.346, 1019.776, 480.404, 516.356, 566.009, 602.266]] 
RATE (RPS) =====================================: 36

[[419.303, 408.139, 443.979, 474.928, 510.708, 393.779, 521.792, 417.817, 551.682, 448.943, 490.536, 564.251, 655.21, 593.687, 509.885, 676.994, 586.865, 797.114, 710.283, 853.236, 896.963, 575.893, 903.039, 586.24, 608.319, 881.805, 595.119, 871.756, 916.321, 912.997, 948.322, 978.664, 997.951, 1037.457, 1066.126, 475.718]] 
RATE (RPS) =====================================: 34

[[456.548, 490.401, 480.386, 510.139, 534.323, 482.081, 586.789, 485.2, 537.84, 550.684, 515.389, 535.397, 573.479, 551.051, 624.294, 460.313, 546.412, 593.144, 611.055, 620.774, 544.365, 635.52, 560.72, 641.099, 685.331, 746.088, 547.952, 775.003, 677.707, 800.952, 832.502, 542.496, 582.029, 882.421, 940.197, 965.125, 540.029, 557.439, 591.552, 623.636, 931.112, 1010.784, 609.386, 913.193, 971.997]] 
RATE (RPS) =====================================: 44

[[403.414, 481.835, 541.453, 413.786, 581.496, 439.248, 601.802, 520.756, 631.936, 423.993, 649.718, 463.971, 680.878, 715.042, 494.15, 743.824, 564.982, 596.974, 768.072, 589.922, 636.667, 741.498, 786.917, 600.704, 660.753, 788.74, 697.285, 651.722, 727.911, 753.057, 780.1, 807.605, 756.51, 768.08, 773.967, 753.318, 755.806, 783.69, 808.836, 725.854, 812.281, 814.631]] 
RATE (RPS) =====================================: 42

[[429.312, 464.869, 426.77, 461.446, 454.616, 450.741, 488.519, 425.615, 481.943, 522.91, 514.505, 480.145, 509.439, 418.885, 496.831, 482.593, 486.665, 507.378, 546.33, 462.7, 547.207, 463.529, 541.571, 450.07, 551.833, 590.532, 433.355, 462.535, 575.995, 589.466, 611.585, 548.389, 429.617, 591.003, 668.003, 732.839, 533.838]] 
RATE (RPS) =====================================: 37

[[418.664, 465.026, 420.583, 441.95, 421.392, 468.292, 462.869, 498.86, 493.037, 512.397, 559.989, 484.918, 653.454, 599.526, 556.514, 676.613, 563.406, 603.7, 624.118, 672.1, 630.504, 674.548, 710.959, 637.52, 740.748, 778.527, 666.938, 704.042, 816.837, 869.985, 942.441, 892.263, 734.07, 677.082, 939.46, 797.317, 946.789, 818.043, 954.898, 996.83, 1022.392, 784.68, 782.349, 1007.358, 956.544, 763.191, 1011.711, 783.054, 1067.881, 800.472]] 
RATE (RPS) =====================================: 46

[[462.861, 449.786, 477.239, 413.808, 554.997, 519.506, 516.725, 520.082, 438.318, 557.502, 441.838, 556.531, 494.026, 549.797, 463.425, 508.392, 534.433, 552.442, 581.476, 611.103, 569.11, 468.719, 623.408, 637.776, 555.911, 636.281, 701.641, 644.552, 711.739, 490.085, 802.944, 495.097, 707.252, 520.838, 817.481, 835.153, 491.886, 511.605, 839.84, 538.851, 548.559, 631.705, 580.39, 800.92, 829.233, 863.983]] 
RATE (RPS) =====================================: 46

[[431.426, 446.74, 400.715, 479.511, 539.131, 504.239, 609.545, 635.664, 428.863, 621.444, 467.021, 500.598, 619.319, 661.591, 685.471, 604.336, 701.443, 649.719, 709.349, 732.132, 754.657, 582.937, 771.611, 802.343, 839.312, 582.289, 859.142, 634.826, 575.306, 861.632, 916.437, 585.58, 586.229, 911.022, 937.658, 993.135, 951.896, 989.431, 1013.805, 499.319, 1027.216, 492.278, 1008.926, 1036.725, 440.666, 448.6, 476.123]] 
RATE (RPS) =====================================: 43

[[473.727, 395.597, 414.052, 504.944, 444.678, 503.516, 551.214, 437.827, 502.087, 594.306, 500.423, 608.272, 654.828, 677.944, 698.014, 810.108, 726.664, 845.798, 885.141, 925.34, 472.017, 870.843, 988.573, 935.66, 484.279, 519.624, 1010.366, 960.382, 515.564, 968.265, 595.431, 509.199, 601.931, 597.791, 617.585, 882.58, 622.041, 930.673, 599.07, 1407.885, 585.898, 898.879, 932.462, 951.299, 982.153]] 
RATE (RPS) =====================================: 43

[[424.599, 392.999, 421.527, 460.233, 495.213, 511.295, 449.906, 521.481, 539.505, 473.511, 558.758, 604.46, 547.412, 655.366, 555.088, 710.664, 579.519, 741.539, 797.859, 748.644, 560.109, 794.758, 564.382, 741.869, 760.595, 840.289, 793.329, 828.856, 433.224, 820.893, 430.062, 454.694, 447.783, 481.849, 469.152, 677.241, 461.598, 494.551, 713.119, 665.954]] 
RATE (RPS) =====================================: 40

[[430.568, 471.506, 413.63, 471.322, 419.352, 540.611, 429.353, 502.412, 540.069, 452.603, 547.617, 404.982, 529.486, 543.677, 580.392, 588.6, 611.103, 383.672, 436.942, 600.082, 453.723, 601.815, 650.977, 600.031, 455.929, 500.115, 567.523, 597.459, 546.338, 613.599, 644.433]] 
RATE (RPS) =====================================: 31

[[423.625, 416.207, 424.469, 438.721, 438.69, 486.852, 522.45, 461.173, 573.655, 500.887, 555.781, 577.995, 488.388, 595.413, 630.782, 633.16, 429.253, 669.198, 436.645, 457.869, 649.09, 460.207, 521.532, 626.114, 646.503, 605.731, 636.843, 659.661, 695.606, 598.102, 642.182, 712.554, 654.402, 602.077, 627.16, 674.916, 638.164, 670.061]] 
RATE (RPS) =====================================: 38

[[448.864, 564.77, 486.532, 570.842, 567.692, 591.057, 448.767, 559.875, 615.848, 581.975, 617.209, 652.732, 684.43, 705.435, 557.816, 686.211, 525.965, 564.436, 609.457, 567.91, 600.517, 608.03, 629.353, 592.94, 606.59, 547.29, 551.147, 619.14, 570.327, 600.21, 452.142, 428.545]] 
RATE (RPS) =====================================: 32

[[484.939, 420.629, 500.78, 439.637, 494.874, 462.569, 474.044, 468.834, 508.321, 466.161, 495.535, 539.928, 636.627, 571.58, 471.26, 448.584, 514.49, 565.833, 608.91, 628.015, 532.088, 461.53, 640.505, 660.065, 719.07, 416.348, 457.591, 495.742, 693.494, 481.212, 689.784, 542.939, 415.914, 452.142]] 
RATE (RPS) =====================================: 34

[[453.662, 402.228, 584.222, 454.323, 477.406, 573.39, 484.521, 535.742, 603.993, 614.393, 539.357, 559.303, 584.589, 613.915, 572.892, 524.194, 518.942, 604.342, 513.292, 607.002, 550.919, 556.138, 526.367, 497.601, 515.481, 532.669, 466.654, 528.315, 486.719, 529.023]] 
RATE (RPS) =====================================: 30

[[429.463, 446.679, 481.893, 422.913, 492.714, 499.513, 550.686, 561.728, 571.182, 605.538, 662.105, 588.08, 693.346, 617.945, 656.793, 706.711, 744.586, 786.54, 672.421, 874.024, 803.797, 879.62, 918.434, 647.414, 992.047, 907.112, 998.227, 1022.326, 1061.671, 554.258, 615.196, 565.216, 596.938, 955.034, 621.041, 974.056, 634.311, 976.712, 968.252]] 
RATE (RPS) =====================================: 37

[[440.374, 489.084, 463.958, 581.284, 483.007, 567.872, 500.458, 470.073, 472.603, 460.984, 481.24, 499.055, 461.073, 497.571, 526.478, 505.005, 525.697, 562.772, 521.199, 613.333, 632.168, 518.901, 567.508, 609.072, 634.191, 642.624, 669.224, 697.854, 689.713, 595.26, 668.005]] 
RATE (RPS) =====================================: 31

[[407.179, 423.204, 447.007, 487.289, 427.195, 438.836, 585.199, 486.704, 538.552, 608.295, 442.454, 634.796, 497.919, 672.407, 543.82, 679.968, 706.912, 549.878, 521.476, 632.758, 666.473, 533.172, 472.369, 550.578, 599.567, 579.706, 655.895, 586.429, 586.359, 633.077, 674.597]] 
RATE (RPS) =====================================: 31

[[482.47, 463.652, 501.645, 487.986, 461.71, 540.025, 563.1, 467.63, 611.349, 583.85, 472.393, 759.017, 441.727, 650.465, 588.368, 620.854, 807.808, 629.845, 702.79, 455.855, 845.03, 707.408, 458.91, 866.23, 967.454, 1084.637, 453.287, 509.971, 1161.897, 608.913, 536.747, 485.842, 567.759, 606.454, 638.668, 707.618, 537.845, 725.484, 549.47, 583.038, 1076.465, 1143.305, 1210.297, 1287.357, 536.958, 655.632, 694.419, 558.16]] 
RATE (RPS) =====================================: 42

[[402.901, 451.506, 448.44, 497.97, 487.198, 510.135, 423.55, 541.683, 610.788, 424.564, 678.546, 764.02, 858.211, 452.025, 431.573, 472.911, 918.291, 986.58, 501.971, 443.043, 517.149, 603.491, 669.896, 541.913, 449.408, 629.283, 424.069, 650.296, 676.404, 852.526, 494.905, 955.833, 1092.124, 423.473, 1217.305, 477.445, 514.556, 587.926, 513.425, 1205.821, 502.325, 1240.42, 504.362, 492.985, 1233.691, 501.905, 514.956]] 
RATE (RPS) =====================================: 42

[[571.556, 867.096, 416.48, 465.665, 924.328, 467.279, 487.705, 987.783, 1300.492, 1043.254, 1121.074, 460.108, 542.376, 605.4, 1287.2069999999999, 660.02, 1331.633, 474.033, 662.034, 563.418, 1352.249, 642.339, 670.502, 534.922, 558.949, 506.511, 1244.461, 1311.8229999999999, 1382.096, 521.135, 555.089, 1436.537, 1510.439, 591.398, 627.823]] 
RATE (RPS) =====================================: 24

[[477.069, 570.327, 647.867, 729.005, 799.168, 403.909, 417.396, 862.518, 447.344, 442.04, 476.382, 473.682, 500.139, 511.644, 910.738, 972.134, 534.806, 570.953, 494.575, 1095.161, 612.801, 652.9, 1187.972, 551.367, 1253.03, 555.921, 612.114, 650.512, 546.551, 645.387, 1193.96, 1321.032, 1236.2350000000001, 594.07, 1387.655, 629.136, 461.089, 665.862, 1441.895, 473.989, 499.465, 1584.714, 1470.57, 612.937, 425.017]] 
RATE (RPS) =====================================: 35

[[424.861, 634.469, 448.047, 522.191, 433.578, 465.306, 422.776, 500.104, 580.504, 415.192, 649.039, 439.584, 448.953, 710.783, 794.536, 446.176, 923.907, 484.455, 496.529, 432.904, 476.224, 981.436, 476.637, 1053.155, 1128.839, 1190.453, 1263.608, 450.294, 1360.575, 1448.545, 445.421, 481.183, 1509.29, 520.737, 1579.335, 1684.2469999999998, 405.055, 439.802, 1776.9389999999999, 469.935, 1900.746, 465.985, 475.244]] 
RATE (RPS) =====================================: 32

[[428.983, 454.71, 422.33, 489.48, 442.475, 519.188, 577.005, 591.95, 663.686, 440.375, 492.79, 547.926, 689.061, 513.903, 739.213, 516.08, 800.53, 529.48, 522.195, 963.889, 1031.365, 842.952, 514.974, 550.909, 575.553, 1027.973, 409.079, 1020.931, 424.545, 459.397, 450.872, 452.293, 402.272, 443.324, 903.983, 455.708, 1017.843, 1106.479, 426.795, 453.143]] 
RATE (RPS) =====================================: 35

[[484.835, 424.345, 534.331, 488.655, 393.509, 435.617, 587.768, 682.482, 472.819, 500.226, 512.628, 450.416, 742.429, 639.252, 553.748, 668.615, 693.867, 773.399, 848.262, 680.893, 883.334, 648.07, 687.76, 772.117, 723.542, 782.835, 854.232, 765.281, 850.376, 408.317, 878.857, 747.173, 433.792, 750.427, 842.69, 407.533, 1018.139, 883.691, 423.428, 1112.5529999999999, 1218.849]] 
RATE (RPS) =====================================: 38

[[459.874, 550.766, 487.283, 477.246, 616.871, 565.572, 696.271, 504.819, 788.429, 584.284, 845.659, 918.076, 431.524, 575.372, 991.539, 1069.852, 1150.835, 600.666, 590.995, 1153.027, 1229.427, 1420.464, 1283.79, 582.946, 458.772, 550.086, 676.122, 551.23, 558.451, 1360.106, 398.52, 443.255, 1590.9650000000001, 1450.421, 594.927, 452.902, 494.027, 649.599, 583.998, 499.145, 657.195, 492.261, 533.913, 1522.076, 618.7]] 
RATE (RPS) =====================================: 35

[[497.961, 435.292, 449.551, 500.848, 505.844, 632.205, 542.363, 512.864, 684.66, 412.303, 915.645, 732.712, 808.639, 429.516, 500.827, 443.521, 1052.239, 444.275, 923.189, 461.717, 1046.755, 1136.7, 452.817, 1210.289, 1356.391, 446.671, 412.549, 1401.695, 1476.318, 421.68, 1522.692, 483.576, 441.287, 485.565, 505.121, 390.759, 507.739, 403.245, 488.386, 447.842, 519.847, 516.647]] 
RATE (RPS) =====================================: 34

[[433.141, 449.933, 508.446, 438.987, 594.797, 437.292, 624.876, 451.446, 691.586, 455.821, 465.717, 433.379, 610.728, 660.581, 407.233, 405.394, 417.094, 447.65, 663.721, 750.304, 414.843, 495.164, 751.779, 469.535, 453.812, 479.093, 514.232, 556.399, 587.965, 650.01]] 
RATE (RPS) =====================================: 30

[[450.102, 476.641, 457.695, 484.257, 509.121, 474.601, 588.808, 546.182, 595.047, 427.326, 613.592, 463.232, 551.872, 447.85, 579.484, 501.851, 422.233, 456.618, 519.514, 468.353, 542.42, 550.983, 640.813, 459.118, 560.238, 503.04, 540.616, 659.326, 455.538, 682.039, 490.075, 542.733, 585.351, 687.552]] 
RATE (RPS) =====================================: 34

[[411.881, 422.053, 394.284, 438.565, 459.106, 455.693, 516.189, 556.438, 423.9, 454.872, 509.507, 656.691, 529.679, 783.029, 861.191, 536.23, 475.632, 882.039, 506.043, 503.274, 913.076, 520.563, 939.452, 513.046, 530.228, 428.753, 549.387, 459.463, 583.622, 902.651, 627.323, 675.329, 437.454, 898.565, 420.53]] 
RATE (RPS) =====================================: 35

[[500.353, 497.462, 474.477, 485.266, 462.434, 503.417, 483.421, 561.299, 540.979, 578.98, 487.171, 618.555, 457.085, 688.663, 437.924, 476.852, 705.673, 807.109, 934.532, 426.193, 526.604, 471.674, 927.406, 544.127, 943.907, 515.124, 466.178, 606.356, 540.229, 609.137, 623.446, 639.443, 820.596, 661.136, 418.119]] 
RATE (RPS) =====================================: 35

[[423.871, 418.377, 481.483, 441.474, 523.592, 467.227, 484.219, 525.091, 592.002, 505.512, 649.875, 452.579, 663.905, 715.273, 494.243, 739.875, 783.123, 529.234, 483.731, 492.748, 549.904, 586.444, 629.04, 658.936, 690.599, 516.014, 475.599, 529.115, 679.323, 496.466, 607.814, 477.701, 505.352, 672.484, 572.746, 491.254, 682.23, 746.435, 562.234, 614.09, 464.204, 767.337, 496.554, 706.021, 448.95, 547.174, 717.866, 456.411, 490.422]] 
RATE (RPS) =====================================: 49

[[440.341, 477.347, 510.783, 420.105, 422.509, 444.828, 463.016, 566.761, 487.234, 477.823, 518.679, 432.517, 483.719, 641.574, 681.41, 463.943, 739.858, 482.507, 503.466, 488.456, 443.43, 437.2, 641.787, 407.276, 464.701, 718.564, 850.264, 468.192, 407.323, 447.412, 817.101, 429.263, 395.233, 414.468, 400.927, 438.157, 458.695, 447.674, 509.627]] 
RATE (RPS) =====================================: 39

[[466.928, 543.857, 463.252, 601.108, 505.503, 569.966, 487.407, 549.753, 467.871, 506.57, 610.302, 499.642, 546.367, 622.12, 507.627, 576.179, 525.715, 601.984, 524.338, 572.775, 646.935, 590.606, 620.909, 518.274, 532.343, 589.716, 623.839, 622.493, 559.198, 598.728, 679.64, 580.618, 718.762, 534.253, 526.868, 534.896, 692.19, 526.405, 592.854, 459.988, 692.244, 481.32, 552.738, 453.9, 476.469]] 
RATE (RPS) =====================================: 45

[[470.007, 471.041, 513.905, 503.456, 506.857, 527.405, 593.601, 676.587, 740.497, 416.414, 422.03, 451.867, 809.352, 480.483, 488.858, 879.996, 489.513, 939.207, 419.701, 1025.785, 454.811, 436.167, 486.345, 437.141, 424.057, 1056.217, 473.49, 494.92, 1112.63, 512.559, 1205.502, 568.59, 610.471, 1259.689, 422.77, 613.655, 673.408, 605.944, 693.386, 1240.536, 398.354, 1291.097, 1355.077, 413.299, 1426.549, 1499.801, 410.038, 1722.522, 1590.874, 632.186, 667.434, 1783.455]] 
RATE (RPS) =====================================: 39

[[451.651, 446.188, 434.571, 432.348, 468.394, 461.648, 448.437, 458.738, 430.712, 473.212, 403.656, 427.711, 490.935, 527.359, 560.569, 512.877, 595.394, 627.554, 513.296, 513.794, 463.47, 525.116, 566.881, 487.241, 547.87, 515.708, 401.946, 472.116, 443.216, 406.847, 437.07, 473.098, 497.115, 418.175, 481.987, 518.904, 516.338, 439.473, 519.374, 436.712, 518.417]] 
RATE (RPS) =====================================: 41

[[410.156, 420.584, 433.105, 466.933, 450.333, 446.238, 475.802, 454.048, 499.194, 498.779, 521.142, 491.601, 413.851, 475.505, 561.444, 545.462, 537.723, 550.72, 615.158, 480.606, 525.479, 471.864, 648.556, 530.043, 556.087, 467.739, 461.996, 619.538, 485.734, 458.183, 509.948, 611.972, 579.602, 414.57, 629.798, 438.388, 422.757, 535.428, 486.334, 461.431, 623.672, 431.188, 641.31, 740.381, 489.045, 453.6, 480.77, 908.804, 755.234, 457.505, 431.603, 469.896, 960.184]] 
RATE (RPS) =====================================: 53

[[513.081, 483.657, 447.839, 525.044, 487.435, 455.107, 495.329, 513.477, 521.11, 545.102, 542.085, 573.232, 565.613, 428.758, 586.484, 467.575, 533.986, 612.553, 685.914, 745.823, 947.062, 828.821, 449.144, 1013.122, 453.098, 475.985, 503.521, 497.122, 499.664, 536.008, 494.667, 476.995, 945.982, 1054.416, 468.062, 477.768, 509.153, 427.766, 442.807, 1056.147, 556.691, 462.131, 568.701, 430.75, 1025.581, 414.964, 501.621, 420.519]] 
RATE (RPS) =====================================: 44

[[431.567, 416.681, 421.713, 466.953, 461.391, 546.924, 410.845, 453.727, 640.377, 401.904, 700.218, 777.053, 460.666, 411.466, 448.777, 487.625, 781.52, 409.377, 440.713, 507.429, 788.778, 418.437, 482.627, 507.411, 476.097, 502.804, 698.64, 514.334, 515.951, 582.579, 621.395, 587.208, 495.775, 564.493, 653.38, 569.722, 399.0, 663.777, 505.885, 495.607, 505.662, 678.268]] 
RATE (RPS) =====================================: 42

[[444.101, 421.556, 527.434, 419.471, 471.151, 427.695, 564.038, 650.328, 482.899, 446.12, 732.728, 500.849, 455.786, 783.66, 501.396, 424.003, 870.552, 969.944, 535.711, 452.279, 499.294, 538.909, 568.445, 1132.72, 1030.021, 463.59, 512.202, 564.043, 484.162, 457.363, 1096.936, 534.226, 472.115, 1139.06, 397.657, 416.003, 495.49, 445.162, 1149.99, 467.74, 548.249, 473.516, 1128.039, 543.309, 1176.909, 399.379, 400.781, 431.793, 476.724, 514.958, 567.16, 614.507]] 
RATE (RPS) =====================================: 45

[[477.315, 443.822, 431.738, 485.343, 465.5, 525.668, 611.054, 452.395, 458.652, 426.273, 513.163, 449.566, 634.464, 533.086, 415.279, 417.749, 463.848, 445.457, 435.438, 439.812, 475.379, 442.771, 501.42, 538.784, 514.879, 718.484, 620.706, 789.672, 869.34, 987.677, 472.449, 494.997, 1031.809, 421.8, 401.246, 1096.463, 1166.151, 407.013, 418.653, 443.469, 394.858, 410.372, 500.223, 411.176, 1149.402, 436.278, 1206.791, 498.976, 452.88, 424.191]] 
RATE (RPS) =====================================: 45

[[479.417, 417.166, 606.625, 418.936, 492.652, 673.679, 757.598, 489.805, 468.551, 536.965, 571.228, 454.492, 609.362, 492.178, 429.138, 496.494, 769.61, 472.626, 835.488, 404.18, 482.209, 503.378, 886.505, 514.237, 966.003, 1044.582, 1108.079, 457.299, 479.7, 450.914, 474.058, 478.479, 1187.569, 498.4, 408.867, 1275.818, 450.198, 506.887, 503.427, 537.971, 425.276, 1339.671, 541.291, 496.317, 437.592, 1374.037, 599.908, 518.589, 1392.9470000000001, 409.082, 506.376, 437.734, 574.464, 541.533, 612.722, 1419.29, 500.854, 417.937]] 
RATE (RPS) =====================================: 50

[[413.963, 503.422, 439.948, 482.905, 575.292, 430.184, 666.106, 421.44, 480.032, 426.249, 484.063, 466.502, 706.435, 523.55, 441.14, 494.652, 457.4, 535.115, 591.278, 496.447, 476.539, 494.874, 529.397, 699.092, 564.631, 544.144, 510.851, 454.015, 575.405, 674.885, 617.145, 496.614, 728.572, 519.941, 685.306, 536.251, 515.241, 540.574, 734.424, 826.616, 983.356, 488.868, 502.296, 1096.206, 534.825, 1190.33, 570.236, 555.833, 611.467, 695.664, 442.285, 738.825, 1212.069, 1277.078, 1363.856, 1437.862, 451.499, 430.265]] 
RATE (RPS) =====================================: 52

[[746.233, 559.4, 539.48, 493.865, 634.783, 510.524, 477.731, 499.529, 502.988, 531.944, 580.147, 577.235, 502.079, 544.638, 591.454, 518.238, 565.486, 677.813, 2551.0969999999998, 1566.69, 2536.411, 6019.78, 2621.456, 2110.949, 2817.1620000000003, 545.224, 589.036, 633.322, 518.919, 857.184, 552.943, 675.44, 506.306, 461.139, 566.983, 627.131, 587.081, 816.939, 625.095, 437.421, 494.38, 541.649, 1194.945, 870.39, 693.216, 516.439, 973.797, 438.731, 534.753, 1985.998, 621.58, 1974.925, 591.502, 672.836, 602.757, 548.969, 465.932, 494.293, 470.862, 572.715]] 
RATE (RPS) =====================================: 50

[[481.677, 514.553, 415.626, 446.871, 409.957, 480.576, 540.976, 519.057, 526.545, 428.945, 567.048, 536.641, 446.418, 486.639, 535.16, 542.778, 547.662, 473.274, 580.367, 501.614, 510.281, 579.159, 519.754, 610.091, 619.927, 563.339, 627.859, 516.317, 462.126, 556.396, 566.697, 460.07, 556.117, 452.531, 560.564, 640.276, 725.642, 657.062, 421.04, 518.679, 536.611, 558.838, 717.024, 680.469, 614.151, 724.314, 631.572, 661.062, 506.771, 548.894, 649.183, 429.142, 674.713, 576.158, 658.338, 704.294, 651.307, 557.339, 693.804, 723.567]] 
RATE (RPS) =====================================: 60

[[457.406, 441.714, 448.958, 538.247, 455.666, 514.395, 462.533, 604.825, 651.667, 553.929, 487.824, 508.571, 671.935, 490.638, 571.018, 596.725, 542.706, 543.381, 651.853, 694.608, 568.3, 499.303, 443.846, 583.727, 718.978, 581.909, 625.124, 546.918, 740.324, 651.697, 668.184, 805.165, 747.902, 775.427, 718.205, 827.689, 871.292, 794.766, 872.02, 420.308, 790.126, 853.169, 890.181, 891.644, 1198.896, 983.369, 526.26, 438.715, 707.205, 430.647, 725.173, 789.281, 488.2, 751.745, 402.223, 436.954, 761.454, 723.968, 1109.083, 500.747, 432.168, 711.748, 778.438, 725.955, 427.419]] 
RATE (RPS) =====================================: 63

[[481.191, 421.588, 420.155, 435.207, 489.628, 509.259, 587.438, 441.667, 421.28, 693.942, 469.415, 452.831, 793.806, 442.156, 523.007, 406.855, 498.04, 872.24, 579.611, 460.345, 520.331, 487.156, 648.564, 938.494, 699.191, 564.823, 546.207, 604.698, 744.388, 618.147, 478.694, 1193.696, 1100.858, 995.193, 633.651, 693.309, 455.084, 638.525, 1234.244, 1316.254, 490.692, 704.176, 747.342, 704.302, 1423.368, 780.44, 645.558, 463.108, 719.605, 729.008, 754.431, 501.058, 480.963, 552.659, 753.522, 761.595, 762.75, 763.119, 1444.911, 587.474, 527.847, 726.302, 762.444, 733.249, 742.658, 1425.916, 643.51, 724.936, 742.151, 448.716]] 
RATE (RPS) =====================================: 63

[[557.23, 570.715, 460.322, 445.441, 461.293, 530.186, 522.052, 528.07, 543.434, 578.37, 509.859, 716.093, 628.62, 484.164, 480.958, 786.211, 904.034, 511.83, 660.167, 1021.762, 537.509, 716.501, 621.308, 468.176, 1163.08, 1084.906, 563.298, 571.439, 512.784, 655.109, 1196.3600000000001, 574.733, 592.863, 654.279, 1244.951, 658.55, 619.642, 703.435, 522.807, 566.772, 733.416, 621.754, 610.881, 513.385, 661.592, 736.612, 705.312, 802.11, 852.897, 626.369, 875.974, 911.434, 498.738, 529.501, 741.182, 560.415, 931.775, 1134.102, 963.706, 759.433, 590.257, 1275.088, 1371.156, 942.659, 998.306, 573.221, 1390.2930000000001, 1025.618, 455.656, 460.834]] 
RATE (RPS) =====================================: 60

[[479.452, 447.418, 495.791, 477.287, 495.884, 489.503, 503.293, 580.531, 671.246, 456.011, 683.42, 502.649, 548.847, 469.922, 468.609, 587.864, 510.781, 664.154, 476.909, 585.164, 530.082, 651.789, 709.021, 543.603, 662.221, 467.527, 579.769, 579.111, 701.023, 708.434, 485.753, 594.991, 710.599, 781.567, 545.576, 618.771, 723.704, 587.527, 774.023, 446.837, 827.6, 615.698, 882.889, 629.337, 566.34, 739.601, 450.16, 882.245, 598.261, 618.863, 467.1, 600.078, 703.172, 633.761, 809.321, 564.988, 539.6, 476.501, 585.529, 664.967, 619.442, 706.661, 740.303, 563.21, 624.989, 513.141, 434.682, 583.408, 617.144, 479.065]] 
RATE (RPS) =====================================: 70

average response time [0]393.657
average response time [1]403.226
average response time [2]426.086
average response time [3]393.506
average response time [4]435.758
average response time [5]402.534
average response time [6]409.387
average response time [7]397.01
average response time [8]389.142
average response time [9]390.892
TOTAL AVERAGE RESPONSE TIME ====================: 404.11979999999994
NUMBER OF THREADS ==============================: 1
TOTAL AVERAGE RATE (RPS) =====================================: 1.0
average response time [10]414.784
average response time [11]422.807
average response time [12]424.2565
average response time [13]420.3175
average response time [14]449.7905
average response time [15]434.4335
average response time [16]414.408
average response time [17]416.8675
average response time [18]421.9085
average response time [19]402.8605
TOTAL AVERAGE RESPONSE TIME ====================: 422.24335
NUMBER OF THREADS ==============================: 2
TOTAL AVERAGE RATE (RPS) =====================================: 2.0
average response time [20]461.7685
average response time [21]450.70349999999996
average response time [22]441.27549999999997
average response time [23]455.808
average response time [24]436.642
average response time [25]500.08400000000006
average response time [26]446.524
average response time [27]505.9645
average response time [28]454.89675
average response time [29]460.66200000000003
TOTAL AVERAGE RESPONSE TIME ====================: 461.4328750000001
NUMBER OF THREADS ==============================: 4
TOTAL AVERAGE RATE (RPS) =====================================: 4.0
average response time [30]505.974625
average response time [31]517.635375
average response time [32]557.463125
average response time [33]531.102125
average response time [34]518.344125
average response time [35]510.287
average response time [36]576.71075
average response time [37]536.2022499999999
average response time [38]536.575875
average response time [39]534.6885
TOTAL AVERAGE RESPONSE TIME ====================: 532.4983749999999
NUMBER OF THREADS ==============================: 8
TOTAL AVERAGE RATE (RPS) =====================================: 8.0
average response time [40]740.1939375
average response time [41]709.119625
average response time [42]669.012125
average response time [43]665.955375
average response time [44]672.073875
average response time [45]677.2321875
average response time [46]682.905
average response time [47]665.6395
average response time [48]695.9065
average response time [49]752.950875
TOTAL AVERAGE RESPONSE TIME ====================: 693.0989
NUMBER OF THREADS ==============================: 16
TOTAL AVERAGE RATE (RPS) =====================================: 15.6
average response time [50]1012.43421875
average response time [51]987.78934375
average response time [52]1087.96234375
average response time [53]1008.362
average response time [54]1046.93621875
average response time [55]1289.46653125
average response time [56]1332.515375
average response time [57]653.9181052631579
average response time [58]607.9195882352941
average response time [59]529.7633846153846
TOTAL AVERAGE RESPONSE TIME ====================: 955.7067109363836
NUMBER OF THREADS ==============================: 32
TOTAL AVERAGE RATE (RPS) =====================================: 14.7
average response time [60]831.3535483870968
average response time [61]881.9918484848484
average response time [62]925.7675937500001
average response time [63]835.45246875
average response time [64]811.5379696969698
average response time [65]747.5616666666667
average response time [66]901.9668181818182
average response time [67]819.5609032258064
average response time [68]959.6140857142857
average response time [69]835.467
TOTAL AVERAGE RESPONSE TIME ====================: 855.0273902857491
NUMBER OF THREADS ==============================: 64
TOTAL AVERAGE RATE (RPS) =====================================: 21.8
average response time [70]978.7643529411764
average response time [71]1075.3179722222221
average response time [72]573.4390869565217
average response time [73]583.3893333333333
average response time [74]558.89015
average response time [75]630.673125
average response time [76]580.6340652173913
average response time [77]533.605275
average response time [78]705.6723863636364
average response time [79]569.9916000000001
TOTAL AVERAGE RESPONSE TIME ====================: 679.0377347034281
NUMBER OF THREADS ==============================: 65
TOTAL AVERAGE RATE (RPS) =====================================: 28.3
average response time [80]592.5055365853658
average response time [81]757.513
average response time [82]674.4950277777778
average response time [83]641.2074222222222
average response time [84]659.3615238095238
average response time [85]509.01564864864866
average response time [86]710.1368200000001
average response time [87]588.2444782608695
average response time [88]681.0076170212766
average response time [89]702.1095555555555
TOTAL AVERAGE RESPONSE TIME ====================: 651.559662988124
NUMBER OF THREADS ==============================: 66
TOTAL AVERAGE RATE (RPS) =====================================: 41.1
average response time [90]590.597125
average response time [91]520.3200322580645
average response time [92]565.3188947368421
average response time [93]575.4391875
average response time [94]525.2933529411765
average response time [95]533.7198
average response time [96]711.7056923076923
average response time [97]549.9238709677419
average response time [98]557.0990322580645
average response time [99]667.8707083333334
TOTAL AVERAGE RESPONSE TIME ====================: 579.7287696302916
NUMBER OF THREADS ==============================: 67
TOTAL AVERAGE RATE (RPS) =====================================: 34.6
average response time [100]633.9105957446809
average response time [101]819.5775428571428
average response time [102]746.7341777777777
average response time [103]759.4785813953488
average response time [104]607.890975
average response time [105]674.6607804878049
average response time [106]749.1612888888889
average response time [107]665.7319523809524
average response time [108]524.0319333333333
average response time [109]527.4770882352941
TOTAL AVERAGE RESPONSE TIME ====================: 670.8654916101224
NUMBER OF THREADS ==============================: 68
TOTAL AVERAGE RATE (RPS) =====================================: 33.9
average response time [110]576.4496571428572
average response time [111]584.0379142857142
average response time [112]565.431693877551
average response time [113]506.2607692307692
average response time [114]559.01
average response time [115]746.1449230769231
average response time [116]482.10043902439025
average response time [117]526.5476037735849
average response time [118]576.4056666666667
average response time [119]531.0656190476191
TOTAL AVERAGE RESPONSE TIME ====================: 565.3454286126075
NUMBER OF THREADS ==============================: 69
TOTAL AVERAGE RATE (RPS) =====================================: 42.2
average response time [120]600.4260192307693
average response time [121]564.47862
average response time [122]631.6618965517241
average response time [123]626.6113793103448
average response time [124]908.9657333333333
average response time [125]560.0643666666666
average response time [126]643.4530923076923
average response time [127]682.2711142857142
average response time [128]714.0427
average response time [129]596.2102714285714
TOTAL AVERAGE RESPONSE TIME ====================: 652.8185193114816
NUMBER OF THREADS ==============================: 70
TOTAL AVERAGE RATE (RPS) =====================================: 55.8
average response time sent to Stackdriver [0]450.70349999999996
average response time sent to Stackdriver [1]536.2022499999999
average response time sent to Stackdriver [2]665.6395
average response time sent to Stackdriver [3]1008.362
average response time sent to Stackdriver [4]529.7633846153846
average response time sent to Stackdriver [5]811.5379696969698
average response time sent to Stackdriver [6]835.467
average response time sent to Stackdriver [7]580.6340652173913
average response time sent to Stackdriver [8]674.4950277777778
average response time sent to Stackdriver [9]681.0076170212766
average response time sent to Stackdriver [10]711.7056923076923
average response time sent to Stackdriver [11]819.5775428571428
average response time sent to Stackdriver [12]749.1612888888889
average response time sent to Stackdriver [13]506.2607692307692
average response time sent to Stackdriver [14]531.0656190476191
average response time sent to Stackdriver [15]626.6113793103448
average response time sent to Stackdriver [16]714.0427
NUMBER OF THREADS: [1, 2, 4, 8, 16, 32, 64, 65, 66, 67, 68, 69, 70]
WORKLOAD: HFU_LV;  
TOTAL EXECUTION TIME (Concurrent Parallel Requests): 177631.79


