[[423.092, 370.284, 360.371, 363.664, 390.665, 378.423, 374.263, 390.615, 395.541, 389.67, 384.937, 391.742, 428.498, 369.885, 377.239, 394.244, 391.311, 379.412, 406.656, 407.761, 386.761, 391.525, 408.178, 379.345, 377.207, 392.119, 372.844, 366.695, 360.716, 360.004, 369.877, 376.482, 363.151, 375.498, 442.974, 433.023, 390.415, 386.845, 405.288, 407.276, 407.27, 396.53, 381.975, 368.916, 361.529, 365.928, 375.739, 372.456, 368.736, 371.95]] 
AVERAGE RESPONSE TIME: 385.7105
NUMBER OF THREADS: [50]
WORKLOAD: LV_HF; PAL CONFIG: cache_and_compression; NUMBER OF REPLICAS: 5 
TOTAL EXECUTION TIME (Concurrent Parallel Requests): 994.445


[[385.238, 392.811, 385.079, 343.884, 434.967, 433.888, 411.862, 378.38, 375.983, 359.509, 376.885, 365.909, 358.456, 361.826, 344.967, 354.848, 347.9, 342.134, 355.229, 344.24, 376.107, 353.289, 370.798, 364.527, 359.695, 390.795, 342.904, 345.192, 377.058, 338.859, 370.858, 352.109, 356.069, 359.861, 353.159, 351.551, 358.748, 342.401, 341.078, 349.238, 341.862, 362.709, 351.299, 338.283, 377.736, 382.296, 350.828, 355.948, 409.002, 345.944]] 
AVERAGE RESPONSE TIME: 364.48396
NUMBER OF THREADS: [50]
WORKLOAD: LV_HF; PAL CONFIG: cache_and_compression; NUMBER OF REPLICAS: 5 
TOTAL EXECUTION TIME (Concurrent Parallel Requests): 861.736


[[372.559, 366.723, 356.967, 358.649, 362.545, 356.646, 357.007, 359.767, 357.27, 359.412, 361.893, 362.874, 359.541, 360.014, 360.389, 357.258, 373.456, 369.006, 366.994, 358.96, 365.935, 367.366, 358.343, 360.85, 355.37, 379.473, 353.763, 371.412, 366.63, 359.51, 352.914, 359.616, 348.381, 350.657, 354.46, 357.217, 353.298, 362.407, 358.327, 359.652, 350.798, 353.281, 352.221, 350.917, 357.809, 354.839, 354.45, 368.178, 366.038, 356.924]] 
AVERAGE RESPONSE TIME: 359.97932
NUMBER OF THREADS: [50]
WORKLOAD: LV_HF; PAL CONFIG: cache_and_compression; NUMBER OF REPLICAS: 5 
TOTAL EXECUTION TIME (Concurrent Parallel Requests): 656.977


[[422.213, 419.052, 421.305, 426.548, 427.274, 427.967, 412.481, 378.098, 374.536, 367.126, 369.396, 360.814, 381.302, 366.405, 380.896, 385.288, 364.893, 359.174, 397.021, 385.664, 376.457, 374.527, 357.956, 357.8, 407.282, 401.097, 383.05, 372.928, 393.389, 374.902, 381.294, 363.757, 365.313, 377.311, 363.949, 374.921, 364.771, 371.491, 369.061, 381.707, 376.664, 410.301, 414.266, 418.256, 393.776, 374.675, 366.915, 359.67, 370.53, 366.07]] 
AVERAGE RESPONSE TIME: 383.83078
NUMBER OF THREADS: [50]
WORKLOAD: LV_HF; PAL CONFIG: cache_and_compression; NUMBER OF REPLICAS: 5 
TOTAL EXECUTION TIME (Concurrent Parallel Requests): 852.04


[[373.582, 361.362, 354.956, 364.887, 361.596, 339.127, 366.799, 365.017, 401.352, 358.015, 353.769, 340.801, 344.319, 348.829, 386.408, 343.476, 368.007, 352.082, 351.077, 374.124, 350.818, 345.307, 394.845, 357.996, 417.019, 377.613, 361.829, 392.216, 372.621, 390.66, 383.063, 382.604, 368.85, 363.634, 357.525, 341.174, 392.992, 382.038, 373.086, 374.541, 488.699, 464.465, 462.696, 447.643, 403.984, 396.05, 385.695, 395.839, 376.121, 363.61]] 
AVERAGE RESPONSE TIME: 377.49636
NUMBER OF THREADS: [50]
WORKLOAD: LV_HF; PAL CONFIG: cache_and_compression; NUMBER OF REPLICAS: 5 
TOTAL EXECUTION TIME (Concurrent Parallel Requests): 918.98


[[421.414, 408.732, 402.722, 400.064, 399.601, 408.812, 385.218, 417.777, 409.023, 397.39, 430.408, 416.868, 414.103, 424.843, 422.23, 427.963, 411.855, 414.879, 414.292, 413.631, 393.879, 462.241, 446.06, 416.588, 409.794, 410.138, 423.74, 413.524, 404.992, 420.466, 409.091, 416.463, 417.079, 396.063, 413.041, 396.671, 417.133, 406.867, 403.894, 396.784, 394.518, 462.146, 539.516, 455.052, 432.602, 405.013, 376.463, 439.109, 407.744, 384.684]] 
AVERAGE RESPONSE TIME: 416.2636
NUMBER OF THREADS: [50]
WORKLOAD: LV_HF; PAL CONFIG: cache_and_compression; NUMBER OF REPLICAS: 5 
TOTAL EXECUTION TIME (Concurrent Parallel Requests): 971.38


[[444.629, 456.556, 409.494, 420.631, 425.534, 419.731, 412.114, 399.819, 392.281, 457.001, 442.652, 435.856, 426.365, 427.304, 405.831, 434.332, 422.871, 436.5, 435.994, 437.485, 433.022, 439.021, 420.493, 425.49, 435.393, 447.145, 433.112, 426.907, 426.097, 427.869, 467.991, 443.469, 453.668, 448.436, 435.239, 438.066, 434.875, 433.803, 440.724, 427.895, 428.399, 438.445, 434.31, 433.24, 440.982, 435.976, 501.0, 462.179, 440.774, 451.005]] 
AVERAGE RESPONSE TIME: 434.9601
NUMBER OF THREADS: [50]
WORKLOAD: LV_HF; PAL CONFIG: cache_and_compression; NUMBER OF REPLICAS: 5 
TOTAL EXECUTION TIME (Concurrent Parallel Requests): 959.51


[[477.385, 460.849, 448.008, 453.425, 450.87, 449.52, 464.455, 450.001, 455.933, 450.642, 460.716, 452.968, 454.129, 472.722, 464.725, 448.828, 498.247, 469.978, 473.102, 470.568, 471.092, 487.38, 520.756, 462.887, 492.724, 471.134, 483.953, 475.637, 458.107, 466.839, 470.331, 465.848, 467.249, 456.019, 484.121, 470.566, 448.042, 497.856, 492.67, 485.714, 481.801, 470.302, 447.905, 462.347, 452.011, 479.307, 457.005, 459.976, 451.135, 457.441]] 
AVERAGE RESPONSE TIME: 467.50452
NUMBER OF THREADS: [50]
WORKLOAD: LV_HF; PAL CONFIG: cache_and_compression; NUMBER OF REPLICAS: 5 
TOTAL EXECUTION TIME (Concurrent Parallel Requests): 915.025


[[458.227, 1255.352, 441.333, 432.866, 452.125, 445.87, 435.074, 440.01, 421.936, 421.887, 416.063, 413.195, 409.576, 410.767, 412.842, 399.178, 393.514, 402.81, 430.409, 421.226, 411.997, 450.57, 1446.8319999999999, 432.759, 439.963, 417.528, 447.935, 427.889, 406.32, 422.268, 429.815, 406.651, 392.619, 391.198, 389.403, 391.245, 385.456, 398.554, 395.274, 397.119, 409.844, 394.171, 394.797, 394.65, 395.656, 389.27, 386.564, 392.363, 389.485, 395.848]] 
AVERAGE RESPONSE TIME: 450.76606
NUMBER OF THREADS: [50]
WORKLOAD: LV_HF; PAL CONFIG: cache_and_compression; NUMBER OF REPLICAS: 5 
TOTAL EXECUTION TIME (Concurrent Parallel Requests): 1649.29


[[474.484, 454.403, 435.317, 440.195, 436.711, 433.212, 449.811, 403.608, 409.38, 411.256, 422.202, 423.638, 440.139, 437.841, 439.784, 412.963, 427.449, 422.081, 415.505, 420.691, 426.373, 414.381, 414.764, 410.572, 409.928, 412.797, 417.94, 410.63, 408.304, 405.645, 413.148, 402.035, 406.599, 428.109, 415.144, 410.241, 407.32, 405.345, 407.017, 406.983, 432.027, 426.135, 409.682, 396.21, 395.442, 397.921, 398.574, 395.67, 407.862, 402.042]] 
AVERAGE RESPONSE TIME: 418.1102
NUMBER OF THREADS: [50]
WORKLOAD: LV_HF; PAL CONFIG: cache_and_compression; NUMBER OF REPLICAS: 5 
TOTAL EXECUTION TIME (Concurrent Parallel Requests): 820.384


[[425.356, 393.681, 389.299, 383.245, 390.477, 391.394, 395.465, 381.713, 402.974, 387.824, 391.27, 379.859, 395.198, 360.571, 372.043, 372.902, 353.175, 382.262, 375.461, 367.768, 361.878, 350.072, 376.896, 353.291, 355.759, 359.38, 344.417, 370.598, 368.155, 364.799, 345.799, 369.235, 357.716, 362.647, 360.002, 367.93, 360.448, 344.696, 355.967, 346.731, 346.929, 348.961, 345.091, 353.957, 342.8, 373.896, 360.315, 352.499, 366.803, 355.107]] 
AVERAGE RESPONSE TIME: 368.29422
NUMBER OF THREADS: [50]
WORKLOAD: LV_HF; PAL CONFIG: cache_and_compression; NUMBER OF REPLICAS: 5 
TOTAL EXECUTION TIME (Concurrent Parallel Requests): 866.191


[[407.962, 411.197, 398.302, 410.092, 390.458, 416.027, 404.931, 394.895, 403.114, 410.65, 404.711, 435.931, 441.608, 424.104, 417.544, 411.087, 408.715, 401.459, 399.934, 414.609, 396.022, 388.629, 414.965, 420.604, 400.113, 410.755, 409.724, 384.429, 382.187, 374.622, 411.477, 429.868, 393.664, 401.957, 394.863, 390.038, 385.237, 390.889, 400.094, 376.66, 376.406, 401.933, 427.925, 391.785, 390.144, 377.935, 353.366, 349.431, 376.132, 360.055]] 
AVERAGE RESPONSE TIME: 399.38478
NUMBER OF THREADS: [50]
WORKLOAD: LV_HF; PAL CONFIG: cache_and_compression; NUMBER OF REPLICAS: 5 
TOTAL EXECUTION TIME (Concurrent Parallel Requests): 899.718


