[[365.464]] 
RATE (RPS) =====================================: 1

[[341.549]] 
RATE (RPS) =====================================: 1

[[332.478]] 
RATE (RPS) =====================================: 1

[[333.984]] 
RATE (RPS) =====================================: 1

[[336.084]] 
RATE (RPS) =====================================: 1

[[327.543]] 
RATE (RPS) =====================================: 1

[[347.335]] 
RATE (RPS) =====================================: 1

[[355.059]] 
RATE (RPS) =====================================: 1

[[338.11]] 
RATE (RPS) =====================================: 1

[[338.543]] 
RATE (RPS) =====================================: 1

[[347.342, 341.8]] 
RATE (RPS) =====================================: 2

[[340.456, 336.32]] 
RATE (RPS) =====================================: 2

[[352.782, 344.934]] 
RATE (RPS) =====================================: 2

[[341.829, 342.991]] 
RATE (RPS) =====================================: 2

[[362.755, 352.694]] 
RATE (RPS) =====================================: 2

[[343.228, 338.953]] 
RATE (RPS) =====================================: 2

[[339.579, 340.379]] 
RATE (RPS) =====================================: 2

[[343.756, 344.316]] 
RATE (RPS) =====================================: 2

[[334.966, 345.609]] 
RATE (RPS) =====================================: 2

[[341.741, 338.906]] 
RATE (RPS) =====================================: 2

[[380.527, 378.238, 379.391, 367.011]] 
RATE (RPS) =====================================: 4

[[466.722, 464.471, 455.755, 451.919]] 
RATE (RPS) =====================================: 4

[[2462.556, 2455.254, 1726.4850000000001, 2210.995]] 
RATE (RPS) =====================================: 0

[[336.992, 332.222, 337.603, 344.791]] 
RATE (RPS) =====================================: 4

[[385.571, 352.29, 342.106, 362.416]] 
RATE (RPS) =====================================: 4

[[360.756, 356.311, 343.387, 339.266]] 
RATE (RPS) =====================================: 4

[[345.414, 342.989, 344.353, 330.557]] 
RATE (RPS) =====================================: 4

[[358.759, 358.905, 358.128, 353.843]] 
RATE (RPS) =====================================: 4

[[339.784, 338.553, 331.594, 333.677]] 
RATE (RPS) =====================================: 4

[[335.677, 340.166, 348.981, 346.552]] 
RATE (RPS) =====================================: 4

[[336.267, 368.767, 358.767, 352.855, 340.725, 335.87, 355.395, 345.131]] 
RATE (RPS) =====================================: 8

[[384.161, 338.699, 345.5, 363.318, 348.756, 344.752, 344.532, 342.167]] 
RATE (RPS) =====================================: 8

[[343.197, 339.685, 337.447, 333.317, 331.663, 333.516, 352.465, 348.429]] 
RATE (RPS) =====================================: 8

[[342.922, 349.061, 341.108, 339.006, 342.105, 332.228, 337.133, 339.457]] 
RATE (RPS) =====================================: 8

[[357.674, 354.92, 348.57, 344.339, 338.795, 339.052, 333.867, 332.988]] 
RATE (RPS) =====================================: 8

[[338.497, 339.57, 352.677, 350.113, 349.61, 354.979, 355.372, 347.725]] 
RATE (RPS) =====================================: 8

[[348.956, 351.139, 355.676, 340.463, 372.554, 362.863, 353.559, 347.398]] 
RATE (RPS) =====================================: 8

[[363.713, 347.871, 343.409, 359.683, 342.938, 350.477, 338.189, 343.579]] 
RATE (RPS) =====================================: 8

[[332.345, 332.563, 335.699, 333.371, 329.292, 332.781, 337.916, 332.536]] 
RATE (RPS) =====================================: 8

[[342.824, 343.765, 335.201, 332.355, 332.167, 335.748, 345.028, 334.605]] 
RATE (RPS) =====================================: 8

[[348.436, 337.638, 332.229, 339.004, 403.306, 343.352, 369.477, 371.652, 362.039, 357.063, 351.031, 354.996, 357.352, 335.033, 350.323, 343.028]] 
RATE (RPS) =====================================: 16

[[349.682, 348.507, 341.748, 332.54, 340.427, 331.926, 336.438, 330.564, 342.497, 373.543, 365.693, 363.136, 343.725, 346.637, 345.192, 347.237]] 
RATE (RPS) =====================================: 16

[[334.37, 329.875, 336.769, 345.721, 341.48, 350.525, 338.396, 340.335, 336.812, 328.922, 337.728, 334.418, 336.59, 340.723, 335.854, 334.594]] 
RATE (RPS) =====================================: 16

[[341.403, 336.247, 334.096, 332.303, 343.811, 347.541, 338.541, 353.472, 342.963, 343.477, 342.185, 334.216, 330.962, 346.108, 347.774, 346.172]] 
RATE (RPS) =====================================: 16

[[345.997, 334.914, 334.265, 336.419, 344.281, 335.651, 335.066, 342.016, 333.882, 336.278, 341.482, 346.965, 348.529, 350.454, 350.901, 335.872]] 
RATE (RPS) =====================================: 16

[[334.483, 337.393, 353.169, 346.576, 342.324, 337.609, 343.948, 340.629, 346.557, 395.672, 365.877, 343.873, 338.566, 345.892, 347.6, 328.883]] 
RATE (RPS) =====================================: 16

[[356.091, 346.992, 339.098, 341.801, 343.99, 335.013, 350.561, 341.147, 347.845, 333.875, 356.763, 356.696, 374.621, 365.161, 354.796, 340.383]] 
RATE (RPS) =====================================: 16

[[359.604, 349.59, 347.13, 349.75, 341.317, 343.214, 340.103, 338.708, 334.867, 335.745, 337.698, 335.456, 334.306, 330.723, 331.704, 337.985]] 
RATE (RPS) =====================================: 16

[[351.933, 346.266, 341.597, 339.212, 348.281, 344.564, 338.669, 356.581, 354.682, 349.366, 355.745, 334.171, 339.057, 335.786, 352.621, 329.101]] 
RATE (RPS) =====================================: 16

[[338.414, 369.258, 368.329, 361.035, 332.418, 341.686, 350.419, 349.151, 333.302, 337.679, 332.669, 336.73, 360.461, 363.015, 345.268, 335.56]] 
RATE (RPS) =====================================: 16

[[353.566, 349.809, 342.94, 340.917, 347.956, 340.722, 386.724, 384.964, 368.708, 364.79, 361.878, 350.507, 348.718, 344.859, 343.875, 334.813, 333.046, 339.267, 344.634, 340.54, 337.101, 337.639, 350.644, 348.18, 347.205, 403.869, 398.738, 422.415, 407.402, 368.953, 368.133, 375.122]] 
RATE (RPS) =====================================: 32

[[384.659, 381.506, 373.02, 376.772, 364.134, 364.47, 355.167, 353.882, 341.837, 355.3, 343.222, 337.855, 353.754, 354.638, 371.351, 371.678, 370.983, 362.705, 366.454, 364.238, 369.744, 371.084, 390.238, 380.407, 380.554, 381.454, 371.21, 371.679, 368.2, 365.465, 362.126, 359.053]] 
RATE (RPS) =====================================: 32

[[334.1, 356.442, 342.438, 396.521, 387.408, 373.142, 365.797, 360.567, 355.765, 349.932, 347.028, 336.037, 339.043, 331.981, 333.42, 348.175, 342.589, 1358.72, 344.701, 327.174, 333.406, 333.114, 334.008, 329.552, 329.679, 340.407, 334.232, 332.26, 357.319, 338.483, 345.715, 339.278]] 
RATE (RPS) =====================================: 31

[[338.681, 340.221, 351.09, 375.868, 366.197, 359.173, 356.866, 351.703, 348.999, 357.963, 348.422, 366.495, 345.323, 351.51, 341.614, 346.985, 356.397, 352.793, 348.066, 360.427, 356.033, 337.885, 342.636, 341.4, 344.066, 365.776, 349.099, 350.218, 345.834, 339.314, 346.548, 339.964]] 
RATE (RPS) =====================================: 32

[[347.1, 364.541, 343.983, 348.527, 343.962, 351.918, 345.415, 352.654, 348.611, 341.765, 338.272, 349.966, 341.685, 358.733, 356.305, 344.383, 353.301, 329.888, 344.458, 336.672, 368.209, 360.77, 371.698, 352.088, 335.468, 340.565, 346.343, 331.961, 331.719, 346.836, 338.41, 340.014]] 
RATE (RPS) =====================================: 32

[[369.388, 339.758, 356.071, 386.511, 383.202, 376.933, 379.105, 369.792, 363.051, 364.823, 350.139, 351.285, 339.183, 343.763, 342.533, 345.162, 364.768, 369.328, 376.113, 363.539, 351.861, 347.419, 391.891, 384.701, 380.383, 364.124, 371.793, 351.497, 344.349, 351.062, 349.222, 344.278]] 
RATE (RPS) =====================================: 32

[[335.685, 362.814, 334.885, 346.062, 351.534, 348.019, 342.853, 343.261, 341.359, 337.305, 334.262, 346.332, 370.181, 354.719, 333.869, 359.657, 339.769, 344.536, 376.613, 365.081, 373.978, 356.468, 354.455, 347.212, 346.75, 336.872, 344.857, 331.296, 338.325, 338.697, 341.762, 1371.156]] 
RATE (RPS) =====================================: 31

[[331.875, 363.06, 334.588, 336.984, 349.679, 372.062, 357.837, 358.593, 346.441, 349.95, 350.486, 349.912, 348.466, 361.32, 354.18, 330.346, 331.385, 380.163, 351.549, 375.629, 337.295, 332.589, 350.972, 368.873, 344.06, 342.874, 346.041, 362.358, 353.869, 334.871, 336.392, 341.078]] 
RATE (RPS) =====================================: 32

[[364.846, 361.533, 371.241, 355.625, 373.793, 361.933, 357.59, 352.201, 347.656, 344.982, 344.766, 337.772, 338.891, 332.381, 353.54, 361.713, 339.577, 338.327, 349.87, 364.498, 353.488, 355.701, 359.765, 347.9, 348.407, 345.019, 339.063, 336.84, 334.616, 336.355, 333.576, 332.29]] 
RATE (RPS) =====================================: 32

[[352.172, 351.026, 345.883, 355.15, 346.352, 349.055, 351.351, 353.695, 354.776, 347.081, 358.538, 340.712, 339.305, 347.317, 349.529, 341.331, 344.62, 350.89, 344.853, 345.255, 358.93, 335.21, 348.612, 378.894, 348.229, 362.524, 357.547, 338.163, 337.364, 349.11, 346.667, 348.826]] 
RATE (RPS) =====================================: 32

[[342.241, 338.666, 352.782, 339.851, 344.525, 351.96, 355.764, 337.151, 369.807, 357.718, 353.412, 346.188, 364.424, 336.261, 348.898, 349.077, 359.337, 337.132, 348.773, 360.35, 330.123, 340.063, 349.285, 339.714, 335.124, 334.315, 347.422, 340.168, 361.548, 351.524, 346.238, 335.029, 337.547]] 
RATE (RPS) =====================================: 33

[[391.687, 383.21, 372.256, 368.124, 363.955, 359.146, 350.746, 348.491, 340.795, 346.185, 340.812, 368.21, 365.713, 353.875, 358.887, 351.152, 351.68, 348.972, 343.847, 337.069, 336.341, 339.508, 337.101, 376.505, 359.434, 364.145, 351.204, 351.734, 335.367, 376.93, 381.788, 365.402, 350.347]] 
RATE (RPS) =====================================: 33

[[364.396, 337.176, 350.751, 342.822, 338.348, 368.375, 346.517, 357.325, 354.226, 346.388, 346.282, 351.13, 362.419, 345.061, 344.542, 343.091, 350.108, 338.603, 340.674, 354.891, 347.023, 356.807, 350.569, 338.42, 365.774, 359.693, 359.33, 340.109, 354.722, 338.187, 351.274, 350.262, 339.782]] 
RATE (RPS) =====================================: 33

[[335.969, 341.353, 335.729, 337.71, 350.068, 349.161, 353.866, 340.931, 346.324, 342.281, 339.215, 335.758, 341.749, 340.839, 345.155, 340.709, 338.518, 338.749, 337.146, 346.19, 346.024, 340.082, 350.648, 336.361, 340.204, 335.094, 337.362, 349.479, 338.298, 366.59, 355.415, 344.084, 344.443]] 
RATE (RPS) =====================================: 33

[[339.578, 340.621, 341.8, 338.933, 331.399, 331.379, 335.597, 354.414, 335.378, 333.33, 345.555, 342.366, 344.386, 342.093, 346.371, 348.487, 358.889, 351.792, 348.485, 352.84, 336.788, 329.933, 342.378, 332.65, 334.033, 348.231, 344.204, 362.465, 345.73, 343.305, 349.551, 354.189, 337.826]] 
RATE (RPS) =====================================: 33

[[370.358, 341.693, 351.39, 355.632, 380.201, 373.839, 363.302, 371.228, 365.518, 346.618, 364.922, 368.308, 363.739, 379.336, 353.697, 367.133, 363.781, 359.669, 365.292, 351.956, 353.011, 376.163, 343.629, 358.632, 356.658, 351.785, 371.873, 387.614, 358.828, 378.783, 359.637, 353.824, 345.167]] 
RATE (RPS) =====================================: 33

[[362.393, 360.273, 394.864, 344.752, 346.266, 338.564, 345.901, 342.891, 348.451, 334.12, 393.88, 361.01, 356.194, 362.209, 359.227, 360.66, 344.686, 352.657, 344.861, 338.767, 343.913, 349.488, 356.185, 351.984, 377.739, 332.497, 341.74, 360.516, 339.435, 374.71, 361.917, 355.303, 347.153]] 
RATE (RPS) =====================================: 33

[[364.011, 359.629, 378.677, 351.453, 365.751, 360.407, 362.113, 350.087, 355.878, 343.902, 370.792, 358.64, 346.611, 341.127, 339.751, 337.199, 340.21, 338.014, 339.086, 347.43, 352.596, 362.291, 344.483, 333.788, 339.701, 345.505, 339.525, 343.399, 327.949, 337.384, 340.782, 349.44, 344.11]] 
RATE (RPS) =====================================: 33

[[332.21, 332.106, 334.912, 350.88, 334.795, 335.413, 332.964, 335.589, 336.702, 342.197, 335.686, 333.44, 358.417, 351.25, 336.031, 342.777, 335.604, 335.111, 342.005, 336.497, 339.966, 353.595, 346.155, 363.72, 359.652, 350.879, 344.31, 356.367, 348.654, 347.082, 366.022, 349.728, 345.161]] 
RATE (RPS) =====================================: 33

[[389.215, 356.263, 353.563, 366.473, 361.93, 353.14, 346.622, 347.102, 340.276, 342.758, 358.026, 353.096, 357.373, 352.937, 347.956, 363.502, 338.546, 360.009, 347.772, 333.233, 332.99, 343.411, 327.907, 331.969, 346.739, 349.567, 344.394, 357.683, 346.585, 355.721, 333.115, 340.877, 342.197]] 
RATE (RPS) =====================================: 33

[[351.072, 353.638, 339.567, 344.215, 345.24, 340.007, 335.761, 373.071, 337.208, 327.285, 360.561, 341.11, 346.117, 350.357, 372.829, 363.894, 354.335, 337.554, 343.184, 346.314, 342.195, 340.368, 369.28, 363.555, 364.985, 339.235, 342.769, 345.366, 331.055, 333.697, 347.169, 371.663, 369.132, 345.988]] 
RATE (RPS) =====================================: 34

[[386.734, 378.299, 1388.6970000000001, 361.095, 1361.983, 412.088, 378.146, 356.535, 375.249, 370.132, 367.409, 364.267, 360.51, 356.316, 362.408, 359.563, 369.705, 366.745, 365.116, 356.914, 356.48, 357.212, 361.201, 338.349, 346.784, 343.098, 356.158, 359.31, 348.719, 353.953, 342.021, 341.244, 348.642, 351.202]] 
RATE (RPS) =====================================: 32

[[396.276, 370.031, 385.584, 362.476, 368.205, 334.919, 347.979, 344.208, 341.147, 353.884, 343.314, 345.116, 341.902, 339.622, 339.455, 348.039, 328.084, 334.984, 333.488, 356.795, 351.559, 346.997, 349.419, 354.028, 343.117, 339.583, 341.121, 338.104, 341.675, 339.269, 335.369, 347.342, 337.498, 342.787]] 
RATE (RPS) =====================================: 34

[[350.714, 345.806, 348.72, 347.827, 344.7, 351.16, 342.933, 352.893, 351.695, 348.887, 346.925, 346.683, 341.009, 340.034, 347.835, 340.839, 342.579, 340.344, 360.174, 336.045, 342.694, 340.347, 337.86, 335.335, 332.832, 329.473, 331.203, 336.99, 344.489, 340.762, 339.607, 336.629, 344.37, 334.517]] 
RATE (RPS) =====================================: 34

[[335.821, 338.12, 336.777, 349.298, 339.264, 345.863, 359.33, 339.187, 352.293, 374.636, 359.052, 370.786, 351.42, 376.284, 366.508, 353.392, 354.391, 347.648, 349.757, 360.883, 345.181, 354.36, 349.102, 338.796, 333.022, 335.008, 344.43, 335.357, 338.685, 351.582, 334.872, 349.062, 349.192, 346.282]] 
RATE (RPS) =====================================: 34

[[342.119, 342.943, 336.532, 357.227, 390.562, 393.835, 369.023, 365.469, 358.865, 346.975, 371.706, 377.015, 377.93, 372.682, 363.636, 359.618, 350.299, 349.55, 341.702, 339.607, 337.778, 335.31, 332.911, 332.095, 331.406, 353.108, 367.451, 358.29, 370.896, 369.53, 370.417, 374.319, 339.214, 358.759]] 
RATE (RPS) =====================================: 34

[[342.632, 342.999, 343.87, 344.131, 344.894, 344.984, 335.027, 337.653, 344.974, 336.218, 337.915, 349.006, 348.73, 344.866, 345.671, 342.777, 345.184, 343.954, 341.771, 333.762, 346.923, 345.319, 331.419, 340.917, 374.79, 357.838, 350.967, 354.358, 352.699, 349.68, 369.315, 366.632, 361.291, 346.543]] 
RATE (RPS) =====================================: 34

[[350.036, 341.679, 347.114, 355.436, 372.67, 360.748, 353.868, 356.095, 359.121, 351.339, 353.292, 344.297, 348.583, 346.877, 345.511, 345.585, 341.568, 339.819, 336.475, 336.479, 333.714, 339.761, 346.533, 343.315, 347.573, 340.908, 348.406, 337.968, 336.391, 345.358, 343.712, 337.958, 347.708, 345.924]] 
RATE (RPS) =====================================: 34

[[334.623, 356.074, 352.269, 348.8, 350.226, 346.275, 342.743, 344.945, 359.007, 352.239, 357.071, 369.553, 366.117, 386.169, 367.992, 363.301, 367.637, 351.234, 390.728, 348.519, 344.327, 356.259, 350.579, 340.628, 341.02, 351.86, 345.595, 333.189, 345.871, 342.043, 349.091, 353.218, 353.513, 350.375]] 
RATE (RPS) =====================================: 34

[[342.257, 348.006, 346.233, 357.348, 373.463, 362.038, 355.816, 348.448, 342.651, 357.099, 350.82, 371.707, 372.699, 363.348, 375.549, 360.701, 355.405, 358.331, 351.009, 368.004, 351.397, 351.629, 344.647, 340.093, 337.913, 349.881, 352.348, 372.768, 353.612, 346.536, 349.064, 352.845, 344.034, 340.285]] 
RATE (RPS) =====================================: 34

[[348.798, 339.694, 345.024, 338.159, 354.694, 376.315, 366.227, 377.059, 377.556, 409.633, 389.007, 404.125, 370.758, 380.431, 374.437, 368.737, 364.622, 352.546, 346.208, 346.777, 345.346, 357.468, 344.443, 349.421, 348.743, 347.158, 356.128, 345.979, 368.494, 352.485, 347.076, 363.825, 348.705, 344.739, 344.323]] 
RATE (RPS) =====================================: 35

[[371.546, 377.849, 373.343, 359.118, 356.116, 349.227, 340.822, 346.434, 339.649, 361.858, 345.257, 350.731, 353.281, 345.733, 346.195, 352.509, 354.576, 364.115, 346.053, 339.367, 366.678, 337.352, 351.67, 343.517, 352.032, 340.372, 362.348, 340.262, 340.36, 353.811, 352.442, 360.503, 351.685, 354.185, 347.659]] 
RATE (RPS) =====================================: 35

[[339.94, 358.171, 353.801, 368.13, 368.431, 363.363, 355.398, 346.546, 347.671, 359.348, 344.306, 342.016, 364.358, 359.54, 342.285, 346.624, 343.804, 360.591, 344.13, 352.585, 375.411, 365.242, 356.063, 346.691, 356.106, 346.864, 344.2, 348.257, 341.002, 342.394, 339.838, 368.428, 379.82, 369.68, 355.172]] 
RATE (RPS) =====================================: 35

[[379.421, 397.174, 388.835, 377.15, 378.325, 373.197, 362.756, 367.525, 363.182, 354.554, 371.735, 359.2, 364.273, 363.492, 361.485, 358.637, 371.703, 371.408, 389.537, 386.919, 384.838, 380.098, 404.448, 378.988, 391.654, 372.726, 368.135, 369.087, 360.204, 357.119, 347.548, 355.055, 355.468, 353.634, 351.003]] 
RATE (RPS) =====================================: 35

[[367.586, 393.468, 395.53, 363.041, 381.309, 382.214, 377.466, 363.929, 361.995, 372.811, 368.354, 356.041, 358.889, 345.624, 348.823, 386.641, 372.03, 337.614, 367.962, 364.583, 373.621, 368.826, 373.034, 357.527, 372.747, 397.479, 392.027, 387.96, 361.133, 351.751, 347.037, 348.831, 351.301, 337.909, 341.743]] 
RATE (RPS) =====================================: 35

[[417.131, 410.066, 431.154, 436.912, 424.152, 415.13, 420.294, 432.943, 412.322, 412.448, 411.744, 396.778, 392.903, 397.672, 415.157, 417.854, 407.306, 407.909, 401.361, 405.799, 410.486, 413.816, 396.815, 407.235, 406.524, 406.14, 403.175, 401.838, 406.83, 398.288, 416.514, 399.43, 400.86, 387.419, 389.731]] 
RATE (RPS) =====================================: 35

[[364.041, 366.766, 369.894, 368.989, 345.822, 359.479, 353.175, 347.951, 355.722, 354.054, 360.301, 337.646, 340.786, 346.199, 340.455, 354.166, 356.859, 342.472, 338.823, 353.653, 355.43, 345.876, 349.007, 353.745, 339.686, 336.601, 334.478, 333.545, 337.652, 333.854, 343.542, 335.191, 340.36, 382.246, 343.309]] 
RATE (RPS) =====================================: 35

[[398.109, 357.898, 369.649, 364.327, 373.91, 347.012, 340.974, 363.804, 345.253, 358.693, 357.79, 374.008, 351.902, 346.434, 348.339, 343.203, 335.249, 369.839, 351.24, 357.977, 346.343, 343.062, 340.906, 336.138, 333.443, 333.317, 339.527, 335.415, 337.502, 339.173, 340.6, 330.401, 339.094, 340.524, 349.888]] 
RATE (RPS) =====================================: 35

[[382.898, 376.55, 367.54, 365.07, 360.269, 357.354, 346.754, 350.325, 347.285, 343.182, 340.428, 356.621, 351.793, 350.315, 375.153, 359.888, 355.087, 358.822, 352.245, 348.86, 360.042, 356.645, 345.637, 347.883, 350.592, 344.985, 346.514, 333.031, 340.387, 374.145, 338.084, 340.943, 349.583, 354.373, 351.343]] 
RATE (RPS) =====================================: 35

[[348.443, 345.294, 354.977, 359.537, 370.911, 367.972, 356.126, 384.676, 367.288, 376.215, 371.137, 367.2, 365.17, 364.007, 360.952, 363.727, 360.891, 356.194, 347.653, 340.23, 346.881, 345.893, 339.05, 337.75, 355.928, 353.943, 360.125, 345.87, 350.775, 361.411, 347.43, 335.903, 346.979, 351.335, 344.497]] 
RATE (RPS) =====================================: 35

[[376.245, 375.727, 373.54, 402.115, 363.579, 373.78, 362.238, 361.152, 352.615, 355.318, 347.761, 350.638, 394.366, 361.299, 372.624, 367.67, 356.745, 361.072, 354.615, 350.493, 379.999, 344.533, 362.943, 351.764, 343.652, 348.041, 345.275, 351.272, 347.954, 345.607, 348.94, 349.824, 334.46, 359.046, 356.657, 350.632]] 
RATE (RPS) =====================================: 36

[[389.069, 379.226, 386.991, 354.998, 357.461, 355.197, 384.016, 356.024, 370.342, 356.063, 357.475, 347.222, 347.59, 345.139, 341.76, 342.023, 341.833, 369.484, 352.675, 344.437, 345.045, 345.08, 360.848, 343.969, 357.22, 352.422, 335.169, 340.903, 350.521, 332.755, 347.71, 342.821, 333.815, 378.373, 363.926, 364.776]] 
RATE (RPS) =====================================: 36

[[348.693, 359.172, 361.805, 352.185, 344.078, 569.164, 356.506, 344.331, 353.884, 357.862, 360.698, 351.602, 344.814, 351.053, 357.002, 343.148, 339.319, 347.44, 331.668, 342.963, 355.866, 361.12, 344.095, 343.469, 346.833, 338.527, 344.366, 352.288, 334.472, 340.342, 368.505, 344.578, 355.678, 348.482, 347.784, 342.614]] 
RATE (RPS) =====================================: 36

[[336.888, 355.37, 357.199, 371.679, 351.405, 362.017, 375.807, 352.083, 360.653, 369.438, 990.294, 356.548, 353.438, 358.405, 363.026, 344.1, 353.249, 342.077, 344.424, 359.897, 346.999, 338.806, 342.445, 337.965, 346.548, 348.785, 342.564, 342.973, 342.237, 334.246, 344.379, 346.388, 341.749, 362.196, 352.46, 359.017]] 
RATE (RPS) =====================================: 36

[[347.513, 344.127, 344.997, 340.025, 344.465, 339.476, 342.767, 341.475, 341.506, 345.929, 346.9, 337.421, 337.445, 338.247, 345.285, 342.138, 339.439, 343.485, 338.224, 347.383, 345.368, 359.445, 358.274, 355.821, 357.127, 381.417, 338.817, 341.402, 365.911, 402.903, 341.909, 340.859, 357.41, 351.788, 356.004, 340.157]] 
RATE (RPS) =====================================: 36

[[365.725, 342.036, 359.267, 364.712, 395.694, 383.484, 367.698, 360.308, 361.017, 365.18, 366.975, 369.383, 348.359, 347.365, 344.732, 365.12, 348.387, 338.862, 351.35, 339.566, 342.88, 339.211, 365.923, 338.24, 341.197, 331.203, 364.482, 360.103, 355.306, 358.78, 353.164, 341.508, 342.993, 337.019, 333.717, 332.764]] 
RATE (RPS) =====================================: 36

[[368.277, 357.238, 353.346, 349.216, 334.591, 349.356, 361.385, 362.214, 355.152, 359.098, 349.562, 348.403, 354.566, 349.845, 367.135, 336.949, 354.186, 349.88, 353.298, 346.002, 357.66, 339.371, 335.822, 341.819, 343.472, 347.824, 338.387, 336.704, 369.39, 348.816, 346.973, 343.466, 336.834, 333.267, 341.694, 330.652]] 
RATE (RPS) =====================================: 36

[[356.315, 351.447, 348.656, 340.371, 353.277, 338.826, 352.355, 342.945, 362.103, 359.454, 350.608, 344.011, 380.985, 360.35, 363.266, 347.564, 339.451, 337.558, 340.553, 337.997, 357.37, 369.506, 346.788, 360.381, 353.287, 340.386, 341.38, 357.431, 340.595, 340.8, 347.123, 335.874, 342.955, 345.263, 343.257, 345.976]] 
RATE (RPS) =====================================: 36

[[330.541, 351.701, 369.569, 342.72, 350.821, 339.605, 360.32, 352.647, 344.997, 346.886, 346.177, 349.311, 346.945, 359.383, 379.997, 345.006, 342.231, 360.938, 357.268, 354.816, 352.04, 343.169, 365.814, 353.518, 363.766, 342.99, 356.342, 356.153, 348.074, 377.307, 362.459, 330.31, 352.44, 342.67, 345.192, 342.528]] 
RATE (RPS) =====================================: 36

[[354.315, 339.488, 343.252, 334.319, 330.921, 341.342, 333.244, 340.078, 340.119, 376.051, 335.707, 335.335, 354.05, 358.459, 361.93, 359.511, 355.651, 354.059, 343.06, 338.498, 349.635, 346.411, 343.723, 343.109, 335.7, 342.818, 337.692, 359.17, 336.522, 332.913, 330.282, 337.434, 338.454, 352.507, 341.177, 359.888]] 
RATE (RPS) =====================================: 36

[[369.379, 357.218, 360.313, 369.387, 354.124, 348.393, 342.795, 389.589, 340.469, 376.717, 370.782, 369.547, 365.623, 360.87, 371.106, 360.724, 1373.556, 354.542, 361.113, 337.301, 361.686, 367.358, 354.185, 360.132, 353.772, 356.92, 409.192, 418.016, 420.421, 412.3, 395.161, 382.829, 369.965, 354.565, 338.802, 345.513, 344.403]] 
RATE (RPS) =====================================: 36

[[345.886, 336.979, 343.216, 353.296, 332.551, 333.069, 343.94, 346.55, 344.007, 341.205, 337.546, 335.252, 333.26, 335.56, 335.49, 334.807, 337.13, 335.019, 332.642, 331.667, 332.946, 337.792, 336.9, 333.999, 333.763, 333.709, 330.003, 336.735, 341.663, 341.321, 339.954, 336.164, 347.823, 349.909, 341.898, 340.761, 337.215]] 
RATE (RPS) =====================================: 37

[[359.738, 348.907, 344.709, 344.887, 342.624, 339.759, 346.853, 338.617, 339.462, 347.961, 346.37, 343.058, 340.615, 338.48, 348.967, 345.543, 351.41, 349.257, 346.823, 344.254, 342.89, 339.74, 335.921, 337.421, 338.036, 342.438, 337.106, 333.604, 339.578, 385.119, 337.793, 361.076, 385.039, 380.408, 381.174, 363.057, 347.729]] 
RATE (RPS) =====================================: 37

[[368.327, 369.269, 360.912, 355.929, 346.261, 402.132, 344.38, 391.267, 343.874, 363.154, 381.032, 369.81, 375.149, 371.153, 363.611, 359.212, 357.014, 359.938, 368.981, 360.005, 355.4, 355.02, 355.14, 358.758, 374.281, 365.893, 347.929, 380.419, 380.742, 370.249, 384.763, 380.979, 372.754, 354.357, 374.142, 366.316, 360.769]] 
RATE (RPS) =====================================: 37

[[348.211, 360.435, 351.527, 357.552, 342.731, 341.157, 352.851, 363.123, 341.874, 337.745, 339.009, 337.499, 339.166, 343.711, 333.409, 335.689, 337.412, 336.592, 346.358, 338.803, 339.059, 337.69, 334.046, 333.433, 335.89, 332.353, 343.442, 343.221, 358.345, 352.537, 338.674, 340.316, 334.043, 337.304, 344.43, 349.387, 344.232]] 
RATE (RPS) =====================================: 37

[[375.15, 370.378, 359.066, 369.411, 355.676, 352.091, 350.663, 342.081, 346.556, 338.053, 357.039, 349.712, 349.369, 346.433, 344.212, 347.488, 349.05, 340.153, 357.766, 355.83, 343.364, 335.757, 363.013, 349.019, 354.726, 354.022, 347.29, 341.904, 331.376, 330.13, 352.395, 365.47, 375.985, 359.67, 362.866, 358.186, 347.496]] 
RATE (RPS) =====================================: 37

[[332.519, 365.014, 357.372, 355.96, 345.325, 383.996, 360.111, 352.229, 358.645, 358.298, 341.323, 359.158, 348.318, 347.008, 353.21, 362.639, 335.394, 338.715, 344.963, 336.359, 346.413, 331.269, 328.724, 337.332, 338.055, 347.808, 328.907, 354.737, 334.215, 341.341, 336.387, 339.581, 356.071, 348.664, 355.286, 337.401, 329.837]] 
RATE (RPS) =====================================: 37

[[347.216, 345.141, 347.443, 989.004, 400.389, 392.812, 392.124, 375.303, 370.884, 359.578, 355.579, 347.755, 370.998, 335.504, 335.599, 345.192, 342.256, 343.642, 360.728, 337.258, 440.697, 347.083, 426.616, 412.548, 405.504, 411.536, 390.936, 375.697, 357.915, 1350.879, 369.024, 355.091, 352.901, 349.14, 345.649, 340.331, 339.294]] 
RATE (RPS) =====================================: 36

[[344.215, 345.871, 341.388, 343.742, 364.849, 351.422, 345.484, 341.111, 364.508, 360.582, 356.35, 354.521, 348.273, 340.879, 349.031, 348.405, 339.799, 357.594, 350.898, 344.045, 330.068, 364.134, 355.778, 367.496, 354.369, 370.657, 353.606, 362.286, 366.64, 346.05, 369.365, 351.554, 347.055, 338.52, 360.145, 360.751, 342.965]] 
RATE (RPS) =====================================: 37

[[393.89, 394.945, 389.71, 373.715, 367.239, 370.052, 364.184, 359.502, 353.426, 342.842, 342.578, 355.352, 353.755, 342.974, 345.194, 345.492, 358.944, 345.676, 361.238, 352.251, 352.71, 354.638, 377.695, 380.222, 368.704, 360.011, 348.843, 345.404, 355.072, 372.756, 354.966, 332.11, 335.246, 329.006, 339.777, 354.812, 337.451]] 
RATE (RPS) =====================================: 37

[[357.548, 354.19, 358.888, 363.094, 364.926, 371.426, 362.067, 358.195, 363.662, 353.85, 344.892, 352.548, 340.099, 341.414, 345.184, 344.939, 336.09, 343.918, 342.564, 346.591, 339.043, 339.993, 338.186, 333.869, 342.797, 342.442, 346.879, 343.156, 345.954, 343.762, 343.901, 338.943, 337.138, 337.068, 336.336, 332.68, 342.192, 332.534]] 
RATE (RPS) =====================================: 38

[[348.304, 354.46, 348.112, 340.816, 345.875, 361.47, 337.393, 372.968, 359.213, 357.837, 353.274, 348.185, 350.903, 358.972, 350.669, 367.045, 362.674, 353.11, 356.322, 361.461, 359.013, 357.604, 347.383, 337.99, 336.612, 370.035, 351.057, 339.674, 350.21, 360.364, 375.553, 343.509, 354.034, 353.439, 370.786, 365.259, 341.688, 338.704]] 
RATE (RPS) =====================================: 38

[[346.107, 350.415, 344.736, 362.877, 366.628, 352.394, 338.979, 335.931, 368.936, 356.5, 349.421, 353.202, 349.059, 344.977, 361.897, 349.684, 349.838, 346.766, 346.427, 343.589, 341.056, 341.734, 337.808, 335.829, 339.027, 352.948, 369.966, 330.081, 340.516, 338.154, 356.472, 337.296, 345.832, 367.99, 351.897, 348.857, 343.805, 337.611]] 
RATE (RPS) =====================================: 38

[[379.66, 378.793, 369.564, 366.837, 364.473, 361.874, 381.031, 360.806, 361.279, 369.286, 371.158, 369.655, 371.454, 358.419, 369.542, 370.942, 370.827, 381.985, 358.299, 369.61, 372.785, 370.426, 375.575, 366.769, 360.939, 351.972, 410.291, 995.387, 390.073, 385.136, 375.093, 364.205, 391.908, 349.862, 384.987, 373.257, 362.605, 361.535]] 
RATE (RPS) =====================================: 38

[[372.882, 369.165, 362.757, 358.029, 349.483, 377.732, 374.133, 368.26, 367.695, 363.788, 351.194, 348.696, 363.812, 358.129, 349.066, 349.612, 355.602, 349.141, 357.29, 338.817, 355.262, 346.068, 346.675, 344.649, 347.944, 348.412, 336.939, 337.029, 349.379, 362.116, 364.615, 341.532, 336.354, 329.923, 342.759, 331.335, 351.87, 347.38]] 
RATE (RPS) =====================================: 38

[[384.309, 367.663, 379.818, 355.451, 387.559, 410.693, 401.516, 411.019, 403.816, 387.698, 382.772, 374.779, 373.649, 424.958, 426.223, 419.166, 404.364, 404.026, 389.395, 368.24, 368.615, 364.452, 362.0, 353.863, 349.636, 352.224, 350.799, 353.972, 372.315, 353.116, 354.064, 351.769, 337.177, 336.176, 343.533, 342.998, 342.703, 344.714]] 
RATE (RPS) =====================================: 38

[[345.164, 349.978, 368.601, 367.911, 362.749, 388.005, 386.145, 369.999, 374.266, 380.951, 367.739, 375.484, 362.01, 343.936, 349.327, 351.371, 363.411, 342.99, 378.163, 390.114, 361.278, 375.044, 372.108, 372.138, 362.771, 353.516, 359.347, 372.159, 361.15, 361.928, 357.83, 350.137, 350.995, 343.089, 389.465, 383.874, 370.781, 370.868]] 
RATE (RPS) =====================================: 38

[[1262.263, 1263.341, 1259.0819999999999, 1245.448, 1234.529, 1230.52, 1388.554, 526.749, 537.068, 517.299, 506.501, 515.991, 494.11, 497.483, 476.66, 466.692, 463.508, 455.427, 452.745, 1375.3, 1369.982, 1369.851, 1370.799, 1384.107, 1349.557, 738.068, 1345.13, 708.795, 975.976, 690.982, 692.493, 2094.55, 680.148, 661.823, 655.311, 656.851, 648.019, 636.982]] 
RATE (RPS) =====================================: 23

[[366.171, 366.441, 373.984, 364.019, 377.242, 395.916, 353.218, 367.065, 357.632, 367.833, 369.038, 348.468, 354.88, 340.391, 357.517, 360.823, 374.048, 368.674, 357.362, 361.952, 361.51, 374.395, 371.503, 371.412, 364.757, 351.597, 374.911, 358.247, 366.362, 356.928, 343.545, 339.411, 336.712, 361.58, 365.186, 372.052, 355.949, 349.489]] 
RATE (RPS) =====================================: 38

[[414.516, 413.151, 390.111, 403.975, 380.872, 377.2, 377.585, 401.659, 383.631, 385.972, 384.463, 369.336, 362.445, 355.725, 352.32, 343.265, 350.489, 370.06, 376.325, 369.842, 359.276, 357.574, 366.829, 369.242, 363.584, 375.584, 358.224, 355.84, 359.678, 352.44, 344.33, 350.413, 347.253, 351.686, 360.591, 356.138, 350.851, 348.241]] 
RATE (RPS) =====================================: 38

[[407.77, 384.658, 400.262, 375.496, 385.745, 401.744, 393.332, 390.649, 398.959, 386.581, 378.195, 370.454, 365.302, 372.969, 370.149, 361.717, 365.006, 362.763, 350.642, 372.072, 377.894, 380.998, 371.919, 370.865, 362.478, 367.026, 357.77, 358.647, 357.274, 360.692, 353.404, 354.465, 361.184, 365.032, 357.217, 358.971, 358.996, 355.228, 347.862]] 
RATE (RPS) =====================================: 39

[[399.074, 386.502, 391.326, 376.992, 371.601, 380.319, 378.927, 367.753, 368.896, 395.708, 367.071, 382.237, 367.258, 367.056, 364.443, 365.584, 360.8, 415.679, 412.092, 401.226, 402.465, 396.228, 387.258, 384.918, 402.472, 389.179, 392.565, 375.713, 359.003, 359.548, 368.7, 352.708, 352.631, 350.029, 340.045, 423.731, 408.849, 389.487, 348.149]] 
RATE (RPS) =====================================: 39

[[360.468, 363.511, 372.31, 366.3, 357.412, 352.112, 357.491, 378.262, 375.65, 340.87, 370.36, 354.577, 365.741, 364.082, 363.904, 390.952, 382.732, 387.43, 366.613, 364.057, 366.22, 364.111, 366.9, 355.789, 340.161, 350.093, 348.546, 344.47, 345.357, 346.821, 343.242, 339.949, 337.185, 341.333, 365.494, 355.677, 345.395, 348.112, 346.015]] 
RATE (RPS) =====================================: 39

[[379.587, 369.851, 379.981, 373.275, 367.116, 355.725, 351.533, 352.397, 360.389, 360.43, 358.382, 361.133, 354.83, 366.435, 363.662, 358.841, 371.132, 367.635, 381.709, 369.424, 363.559, 364.071, 370.679, 365.779, 369.112, 355.568, 351.96, 360.458, 349.466, 354.407, 349.64, 353.061, 378.853, 371.955, 364.088, 355.923, 351.184, 367.333, 356.204]] 
RATE (RPS) =====================================: 39

[[353.644, 361.715, 378.759, 357.355, 357.379, 389.927, 386.985, 362.292, 349.634, 350.47, 351.037, 341.904, 362.312, 356.603, 369.091, 354.369, 345.001, 348.506, 346.898, 341.25, 359.381, 354.428, 342.067, 343.045, 337.34, 348.759, 354.223, 344.055, 350.727, 347.761, 352.548, 343.132, 346.786, 350.52, 342.063, 339.927, 360.38, 336.263, 346.151]] 
RATE (RPS) =====================================: 39

[[363.016, 361.243, 358.031, 359.875, 359.558, 351.186, 352.449, 352.599, 346.963, 347.256, 343.589, 357.586, 347.915, 348.624, 345.915, 364.733, 360.128, 362.346, 364.967, 356.151, 377.395, 351.003, 374.283, 369.789, 348.409, 345.741, 358.518, 350.784, 378.329, 377.192, 362.473, 391.02, 344.734, 367.161, 371.768, 347.617, 348.518, 348.875, 338.643]] 
RATE (RPS) =====================================: 39

[[415.426, 390.734, 381.152, 375.895, 385.412, 368.33, 371.355, 367.738, 375.132, 367.893, 380.539, 367.332, 396.831, 394.74, 395.51, 388.452, 386.812, 381.437, 379.274, 374.328, 383.371, 362.976, 356.427, 369.617, 352.647, 366.828, 354.682, 352.905, 357.137, 380.957, 373.994, 361.809, 363.208, 355.663, 357.239, 367.222, 366.595, 347.058, 351.694]] 
RATE (RPS) =====================================: 39

[[346.457, 352.719, 350.64, 348.745, 346.72, 368.016, 347.744, 354.644, 353.525, 354.792, 354.943, 354.885, 366.848, 371.033, 1345.888, 355.753, 359.483, 355.663, 365.521, 361.476, 361.542, 354.017, 354.708, 352.163, 351.425, 347.417, 345.871, 341.976, 340.943, 351.807, 346.827, 337.766, 340.084, 337.926, 335.323, 343.507, 335.552, 337.596, 331.701]] 
RATE (RPS) =====================================: 38

[[373.412, 367.396, 352.65, 345.553, 346.479, 357.888, 354.943, 375.937, 343.053, 355.224, 352.858, 345.974, 342.727, 343.915, 348.047, 350.92, 344.75, 335.229, 353.767, 370.997, 366.951, 355.808, 370.145, 339.257, 360.932, 345.942, 341.5, 350.858, 344.978, 354.511, 353.161, 343.573, 337.828, 333.762, 341.231, 341.978, 338.698, 341.105, 332.289]] 
RATE (RPS) =====================================: 39

[[356.853, 342.087, 342.781, 346.443, 338.106, 334.343, 348.968, 366.975, 340.995, 357.763, 354.241, 353.243, 367.833, 364.911, 358.357, 348.013, 356.448, 348.248, 339.98, 342.795, 347.862, 352.018, 348.267, 342.218, 339.313, 337.08, 338.241, 334.381, 339.349, 337.979, 334.324, 340.784, 337.916, 351.174, 339.366, 346.403, 339.727, 338.535, 341.331]] 
RATE (RPS) =====================================: 39

[[494.577, 502.585, 494.784, 493.542, 474.992, 465.78, 447.269, 2456.971, 3292.308, 2427.486, 3542.071, 4750.373, 3846.9539999999997, 1605.665, 1598.571, 1592.962, 1586.813, 1582.0729999999999, 1575.288, 1569.025, 1550.2469999999998, 1553.772, 488.278, 473.491, 495.527, 486.131, 494.387, 478.387, 465.492, 460.241, 458.858, 449.01, 443.626, 439.87, 458.665, 449.085, 435.169, 434.738, 547.074, 2079.915]] 
RATE (RPS) =====================================: 24

[[389.051, 387.962, 378.181, 367.306, 362.051, 374.91, 374.078, 375.57, 365.546, 371.788, 365.758, 358.913, 374.423, 376.819, 395.937, 606.06, 381.785, 379.623, 374.541, 372.375, 392.306, 360.083, 382.427, 379.079, 370.463, 368.694, 356.625, 349.335, 345.231, 363.956, 353.453, 371.026, 369.282, 420.929, 359.076, 408.68, 392.339, 381.721, 375.111, 371.97]] 
RATE (RPS) =====================================: 40

[[368.262, 354.633, 357.511, 346.82, 348.068, 356.918, 353.468, 347.265, 361.418, 358.923, 361.207, 361.654, 359.813, 360.225, 357.166, 358.609, 350.252, 350.41, 348.808, 344.644, 1336.208, 356.763, 354.065, 370.395, 339.321, 339.516, 338.944, 381.046, 346.899, 368.37, 356.715, 349.244, 343.77, 356.961, 346.847, 346.051, 351.071, 338.328, 338.519, 339.146]] 
RATE (RPS) =====================================: 39

[[345.375, 350.388, 335.84, 345.587, 343.206, 353.187, 344.403, 344.168, 334.07, 363.468, 349.097, 360.251, 342.866, 351.412, 343.733, 344.936, 338.371, 342.974, 343.495, 345.503, 351.463, 343.542, 340.272, 342.267, 341.401, 331.265, 347.301, 336.492, 342.997, 332.406, 333.5, 332.541, 332.489, 334.463, 337.169, 335.179, 338.059, 342.058, 339.028, 335.762]] 
RATE (RPS) =====================================: 40

[[382.158, 361.462, 378.578, 350.167, 369.061, 354.415, 388.384, 360.401, 364.058, 357.268, 355.614, 345.535, 365.696, 380.406, 375.48, 367.455, 360.744, 358.189, 358.694, 373.909, 366.019, 359.734, 358.808, 346.066, 346.004, 362.674, 396.112, 349.323, 359.039, 358.111, 377.617, 395.938, 367.186, 385.44, 353.648, 343.525, 363.39, 352.034, 414.251, 341.831]] 
RATE (RPS) =====================================: 40

[[344.94, 342.543, 356.514, 357.185, 348.767, 344.917, 346.142, 337.954, 351.913, 350.532, 349.344, 346.732, 346.924, 344.15, 342.391, 338.212, 336.403, 335.785, 340.435, 335.182, 333.426, 330.777, 334.413, 331.874, 353.418, 351.26, 352.714, 355.726, 356.817, 357.228, 359.701, 359.523, 360.131, 361.071, 363.795, 364.654, 364.381, 364.09, 360.475, 359.773]] 
RATE (RPS) =====================================: 40

[[404.643, 399.076, 385.731, 368.944, 356.515, 369.973, 353.981, 352.974, 346.07, 362.289, 358.406, 349.584, 396.392, 387.705, 390.874, 374.777, 379.344, 367.906, 351.344, 400.374, 389.164, 392.204, 384.581, 374.594, 368.427, 363.811, 349.734, 345.66, 338.847, 336.159, 334.868, 335.776, 345.068, 333.582, 379.285, 346.662, 398.785, 344.348, 345.737, 367.964]] 
RATE (RPS) =====================================: 40

[[441.451, 460.783, 440.301, 445.563, 439.723, 420.666, 412.682, 396.757, 402.637, 395.476, 370.298, 384.244, 388.678, 371.402, 353.709, 350.035, 347.927, 340.522, 345.272, 485.58, 1338.312, 471.682, 456.243, 445.309, 436.628, 429.085, 430.591, 420.142, 419.549, 398.789, 379.653, 379.079, 374.822, 370.208, 362.682, 348.646, 350.262, 347.132, 346.984, 334.4]] 
RATE (RPS) =====================================: 39

[[359.096, 356.725, 364.855, 361.641, 347.333, 350.679, 359.27, 352.277, 357.809, 352.443, 362.101, 370.972, 377.843, 352.923, 375.729, 370.086, 353.872, 378.609, 377.631, 371.516, 374.162, 368.906, 361.195, 360.147, 353.152, 352.538, 349.143, 344.492, 339.061, 356.673, 344.147, 337.859, 350.21, 363.396, 364.009, 356.689, 375.603, 354.22, 355.37, 361.05]] 
RATE (RPS) =====================================: 40

[[349.871, 369.517, 390.288, 359.708, 358.354, 358.944, 354.619, 371.353, 360.981, 392.594, 358.516, 384.935, 400.674, 381.981, 373.947, 387.266, 391.717, 399.758, 371.23, 355.005, 368.318, 387.875, 365.296, 375.923, 353.999, 345.938, 360.739, 364.791, 354.964, 365.389, 1303.106, 350.044, 366.221, 377.389, 355.083, 356.506, 361.131, 367.62, 361.167, 342.156]] 
RATE (RPS) =====================================: 39

average response time [0]365.464
average response time [1]341.549
average response time [2]332.478
average response time [3]333.984
average response time [4]336.084
average response time [5]327.543
average response time [6]347.335
average response time [7]355.059
average response time [8]338.11
average response time [9]338.543
TOTAL AVERAGE RESPONSE TIME ====================: 341.61490000000003
NUMBER OF THREADS ==============================: 1
TOTAL AVERAGE RATE (RPS) =====================================: 1.0
average response time [10]344.571
average response time [11]338.38800000000003
average response time [12]348.858
average response time [13]342.40999999999997
average response time [14]357.72450000000003
average response time [15]341.0905
average response time [16]339.97900000000004
average response time [17]344.03599999999994
average response time [18]340.2875
average response time [19]340.32349999999997
TOTAL AVERAGE RESPONSE TIME ====================: 343.7668
NUMBER OF THREADS ==============================: 2
TOTAL AVERAGE RATE (RPS) =====================================: 2.0
average response time [20]376.29175
average response time [21]459.71675
average response time [22]2213.8225
average response time [23]337.902
average response time [24]360.59575
average response time [25]349.93
average response time [26]340.82825
average response time [27]357.40875
average response time [28]335.902
average response time [29]342.844
TOTAL AVERAGE RESPONSE TIME ====================: 547.5241749999999
NUMBER OF THREADS ==============================: 4
TOTAL AVERAGE RATE (RPS) =====================================: 3.6
average response time [30]349.222125
average response time [31]351.48562499999997
average response time [32]339.964875
average response time [33]340.3775
average response time [34]343.775625
average response time [35]348.567875
average response time [36]354.076
average response time [37]348.732375
average response time [38]333.312875
average response time [39]337.711625
TOTAL AVERAGE RESPONSE TIME ====================: 344.72265000000004
NUMBER OF THREADS ==============================: 8
TOTAL AVERAGE RATE (RPS) =====================================: 8.0
average response time [40]353.4974375
average response time [41]346.21825
average response time [42]337.6945
average response time [43]341.3294375
average response time [44]340.81075
average response time [45]346.8156875
average response time [46]349.0520625
average response time [47]340.49375
average response time [48]344.852
average response time [49]347.212125
TOTAL AVERAGE RESPONSE TIME ====================: 344.7976
NUMBER OF THREADS ==============================: 16
TOTAL AVERAGE RATE (RPS) =====================================: 16.0
average response time [50]359.0198125
average response time [51]366.21371875
average response time [52]377.45103125
average response time [53]350.7364375
average response time [54]347.069375
average response time [55]361.46959375
average response time [56]379.707
average response time [57]349.55553125
average response time [58]349.24234375
average response time [59]349.34271875
TOTAL AVERAGE RESPONSE TIME ====================: 358.98075625
NUMBER OF THREADS ==============================: 32
TOTAL AVERAGE RATE (RPS) =====================================: 31.8
average response time [60]346.73990909090907
average response time [61]356.6853939393939
average response time [62]349.54778787878786
average response time [63]343.07587878787876
average response time [64]343.1810909090909
average response time [65]362.21866666666665
average response time [66]354.0971515151515
average response time [67]348.8400303030303
average response time [68]343.81445454545457
average response time [69]349.1802121212121
TOTAL AVERAGE RESPONSE TIME ====================: 349.7380575757576
NUMBER OF THREADS ==============================: 33
TOTAL AVERAGE RATE (RPS) =====================================: 33.0
average response time [70]349.1110588235294
average response time [71]420.6554117647059
average response time [72]347.7463529411765
average response time [73]342.7914705882353
average response time [74]348.98944117647056
average response time [75]357.0229117647059
average response time [76]347.05026470588234
average response time [77]346.52414705882353
average response time [78]353.3261764705882
average response time [79]354.3524705882353
TOTAL AVERAGE RESPONSE TIME ====================: 356.75697058823533
NUMBER OF THREADS ==============================: 34
TOTAL AVERAGE RATE (RPS) =====================================: 33.8
average response time [80]359.86114285714285
average response time [81]352.24728571428574
average response time [82]354.17731428571426
average response time [83]370.58608571428573
average response time [84]366.53817142857145
average response time [85]408.91817142857144
average response time [86]349.19357142857143
average response time [87]349.74122857142856
average response time [88]353.7321714285714
average response time [89]355.782
TOTAL AVERAGE RESPONSE TIME ====================: 362.07771428571425
NUMBER OF THREADS ==============================: 35
TOTAL AVERAGE RATE (RPS) =====================================: 35.0
average response time [90]359.2830833333333
average response time [91]354.84383333333335
average response time [92]355.17794444444445
average response time [93]369.1042777777778
average response time [94]348.41275
average response time [95]353.43638888888887
average response time [96]348.6625
average response time [97]349.34622222222225
average response time [98]351.8514166666667
average response time [99]344.9117777777778
TOTAL AVERAGE RESPONSE TIME ====================: 353.5030194444445
NUMBER OF THREADS ==============================: 36
TOTAL AVERAGE RATE (RPS) =====================================: 36.0
average response time [100]394.0207567567568
average response time [101]338.4223513513513
average response time [102]348.551972972973
average response time [103]366.19786486486487
average response time [104]342.79070270270273
average response time [105]352.130972972973
average response time [106]346.7184864864865
average response time [107]409.8715135135135
average response time [108]352.28124324324324
average response time [109]357.0914054054054
TOTAL AVERAGE RESPONSE TIME ====================: 360.80772702702706
NUMBER OF THREADS ==============================: 37
TOTAL AVERAGE RATE (RPS) =====================================: 36.8
average response time [110]346.39363157894735
average response time [111]353.73623684210526
average response time [112]348.29584210526315
average response time [113]387.5868157894737
average response time [114]352.7769473684211
average response time [115]373.4536842105263
average response time [116]365.44189473684213
average response time [117]899.9656315789474
average response time [118]362.05842105263156
average response time [119]368.17673684210524
TOTAL AVERAGE RESPONSE TIME ====================: 415.7885842105264
NUMBER OF THREADS ==============================: 38
TOTAL AVERAGE RATE (RPS) =====================================: 36.5
average response time [120]371.0868461538461
average response time [121]379.5954358974359
average response time [122]358.60779487179485
average response time [123]362.99402564102564
average response time [124]352.9406923076923
average response time [125]357.8559487179487
average response time [126]372.47053846153847
average response time [127]375.9909230769231
average response time [128]350.159641025641
average response time [129]346.0423333333333
TOTAL AVERAGE RESPONSE TIME ====================: 362.774417948718
NUMBER OF THREADS ==============================: 39
TOTAL AVERAGE RATE (RPS) =====================================: 38.9
average response time [130]1198.5512999999999
average response time [131]380.111575
average response time [132]377.606325
average response time [133]342.2996
average response time [134]365.1106
average response time [135]349.3053
average response time [136]365.80395
average response time [137]420.8476
average response time [138]359.3858
average response time [139]391.372825
TOTAL AVERAGE RESPONSE TIME ====================: 455.0394875
NUMBER OF THREADS ==============================: 40
TOTAL AVERAGE RATE (RPS) =====================================: 38.1
NUMBER OF THREADS: [1, 2, 4, 8, 16, 32, 33, 34, 35, 36, 37, 38, 39, 40]
WORKLOAD: HFU_LV;  
DATA COLLECTOR SETTING: CACHE;  
TOTAL EXECUTION TIME (Concurrent Parallel Requests): 152168.127


