[[376.361]] 
RATE (RPS) =====================================: 1

[[371.627]] 
RATE (RPS) =====================================: 1

[[361.949]] 
RATE (RPS) =====================================: 1

[[333.118]] 
RATE (RPS) =====================================: 1

[[333.805]] 
RATE (RPS) =====================================: 1

[[330.998]] 
RATE (RPS) =====================================: 1

[[333.984]] 
RATE (RPS) =====================================: 1

[[359.642]] 
RATE (RPS) =====================================: 1

[[340.76]] 
RATE (RPS) =====================================: 1

[[337.248]] 
RATE (RPS) =====================================: 1

[[363.294, 364.022]] 
RATE (RPS) =====================================: 2

[[339.842, 342.864]] 
RATE (RPS) =====================================: 2

[[332.117, 335.009]] 
RATE (RPS) =====================================: 2

[[334.838, 341.228]] 
RATE (RPS) =====================================: 2

[[367.31, 362.689]] 
RATE (RPS) =====================================: 2

[[340.903, 330.075]] 
RATE (RPS) =====================================: 2

[[342.895, 345.88]] 
RATE (RPS) =====================================: 2

[[364.148, 356.102]] 
RATE (RPS) =====================================: 2

[[340.004, 337.321]] 
RATE (RPS) =====================================: 2

[[340.347, 341.181]] 
RATE (RPS) =====================================: 2

[[334.878, 343.78, 351.994, 333.507]] 
RATE (RPS) =====================================: 4

[[357.509, 349.858, 349.493, 346.454]] 
RATE (RPS) =====================================: 4

[[335.333, 362.653, 363.022, 349.027]] 
RATE (RPS) =====================================: 4

[[359.071, 336.709, 344.36, 337.088]] 
RATE (RPS) =====================================: 4

[[349.988, 350.148, 343.598, 344.178]] 
RATE (RPS) =====================================: 4

[[470.683, 1356.208, 462.771, 439.037]] 
RATE (RPS) =====================================: 3

[[369.354, 339.192, 354.109, 346.021]] 
RATE (RPS) =====================================: 4

[[367.458, 360.208, 354.812, 343.865]] 
RATE (RPS) =====================================: 4

[[329.551, 339.688, 339.003, 335.159]] 
RATE (RPS) =====================================: 4

[[341.656, 336.359, 337.56, 336.851]] 
RATE (RPS) =====================================: 4

[[350.743, 355.065, 351.282, 345.377, 338.881, 341.498, 337.806, 337.349]] 
RATE (RPS) =====================================: 8

[[359.426, 341.991, 346.531, 351.858, 357.21, 362.004, 570.428, 355.73]] 
RATE (RPS) =====================================: 8

[[342.39, 359.922, 352.243, 341.318, 338.767, 341.036, 342.905, 342.051]] 
RATE (RPS) =====================================: 8

[[448.737, 449.347, 431.773, 424.477, 422.587, 407.158, 408.404, 406.032]] 
RATE (RPS) =====================================: 8

[[356.432, 351.317, 350.79, 343.088, 346.928, 354.756, 345.405, 337.934]] 
RATE (RPS) =====================================: 8

[[335.034, 355.481, 334.082, 339.837, 340.017, 341.847, 350.403, 352.023]] 
RATE (RPS) =====================================: 8

[[344.749, 349.492, 361.638, 365.504, 342.285, 336.954, 339.507, 329.859]] 
RATE (RPS) =====================================: 8

[[334.367, 336.111, 333.669, 335.918, 346.088, 362.122, 357.785, 367.068]] 
RATE (RPS) =====================================: 8

[[333.208, 352.525, 331.19, 350.226, 351.991, 349.887, 346.59, 345.025]] 
RATE (RPS) =====================================: 8

[[338.412, 350.585, 339.579, 339.765, 335.65, 335.419, 345.968, 335.441]] 
RATE (RPS) =====================================: 8

[[372.62, 368.985, 363.785, 353.796, 358.357, 345.417, 341.798, 339.054, 341.578, 336.374, 332.11, 335.325, 330.862, 335.2, 352.657, 346.766]] 
RATE (RPS) =====================================: 16

[[350.305, 353.076, 347.792, 355.046, 340.962, 339.612, 335.373, 332.132, 330.201, 329.879, 336.743, 341.924, 332.203, 332.569, 331.059, 337.206]] 
RATE (RPS) =====================================: 16

[[338.165, 343.194, 337.542, 340.583, 1347.91, 332.268, 333.643, 341.63, 340.004, 335.342, 355.373, 334.853, 340.675, 359.68, 340.308, 337.605]] 
RATE (RPS) =====================================: 15

[[342.086, 344.875, 340.672, 332.59, 331.043, 333.576, 333.376, 328.23, 351.43, 331.915, 334.602, 336.178, 334.654, 327.57, 338.552, 332.46]] 
RATE (RPS) =====================================: 16

[[341.226, 342.177, 339.693, 331.241, 349.335, 351.514, 357.089, 333.856, 330.35, 345.849, 341.744, 339.889, 352.158, 336.849, 340.687, 331.314]] 
RATE (RPS) =====================================: 16

[[377.022, 373.301, 367.628, 364.279, 354.881, 368.012, 367.681, 352.668, 342.771, 352.389, 348.008, 341.833, 345.328, 335.002, 342.805, 332.758]] 
RATE (RPS) =====================================: 16

[[429.181, 428.517, 430.256, 427.105, 426.11, 435.101, 422.567, 423.339, 421.154, 407.087, 413.815, 410.881, 409.188, 500.278, 497.635, 494.423]] 
RATE (RPS) =====================================: 16

[[372.459, 369.384, 364.032, 364.881, 350.3, 339.121, 1397.241, 3406.652, 1370.681, 1360.675, 1347.513, 1348.191, 1341.658, 2541.753, 2535.045, 2241.809]] 
RATE (RPS) =====================================: 6

[[374.334, 366.503, 357.287, 351.118, 348.993, 342.311, 336.036, 387.333, 330.439, 337.906, 335.041, 349.83, 349.485, 341.775, 339.594, 333.928]] 
RATE (RPS) =====================================: 16

[[342.453, 371.436, 357.011, 349.317, 362.018, 358.024, 353.246, 349.209, 346.543, 349.15, 348.092, 343.381, 339.832, 338.104, 348.32, 344.317]] 
RATE (RPS) =====================================: 16

[[362.575, 350.743, 339.316, 361.628, 359.682, 354.978, 359.27, 351.078, 351.837, 360.834, 344.634, 338.182, 343.29, 361.405, 350.94, 344.431, 337.942, 345.664, 337.213, 339.03, 339.447, 366.373, 341.907, 351.171, 347.593, 342.23, 337.739, 367.558, 358.199, 352.735, 342.485, 335.745]] 
RATE (RPS) =====================================: 32

[[335.564, 332.253, 349.405, 340.141, 339.453, 352.633, 387.437, 371.638, 365.237, 362.103, 355.655, 347.948, 352.124, 342.06, 341.696, 344.371, 328.018, 346.937, 342.968, 345.682, 337.655, 337.439, 360.66, 345.339, 338.748, 343.804, 347.775, 365.72, 344.886, 346.969, 350.266, 335.648]] 
RATE (RPS) =====================================: 32

[[359.482, 363.781, 356.897, 338.186, 373.376, 370.262, 346.072, 340.746, 354.722, 347.328, 362.776, 356.886, 358.419, 344.702, 361.265, 359.666, 355.782, 352.02, 342.367, 357.24, 333.074, 345.477, 345.371, 344.461, 355.289, 332.263, 348.825, 339.597, 337.499, 358.425, 359.245, 351.909]] 
RATE (RPS) =====================================: 32

[[376.809, 366.076, 364.899, 373.041, 367.616, 366.867, 353.093, 353.117, 349.458, 355.779, 378.52, 386.561, 351.126, 349.767, 357.484, 359.908, 355.294, 350.968, 347.028, 352.456, 359.296, 336.978, 340.471, 346.895, 366.568, 338.312, 359.38, 351.055, 355.543, 349.846, 335.015, 340.394]] 
RATE (RPS) =====================================: 32

[[381.441, 337.172, 331.268, 334.095, 356.755, 344.976, 346.673, 348.62, 356.306, 353.857, 354.469, 351.829, 352.682, 350.141, 351.758, 345.966, 343.531, 343.096, 353.124, 347.593, 339.528, 376.214, 382.991, 366.43, 348.739, 339.953, 341.656, 333.915, 334.711, 351.005, 352.994, 346.005]] 
RATE (RPS) =====================================: 32

[[350.925, 349.747, 359.905, 367.925, 357.223, 346.152, 338.801, 335.281, 395.213, 366.817, 354.926, 340.091, 333.885, 377.364, 342.609, 365.634, 358.482, 350.662, 359.645, 356.292, 342.385, 342.134, 345.918, 348.474, 347.519, 347.522, 356.22, 337.384, 347.067, 353.056, 343.277, 337.127]] 
RATE (RPS) =====================================: 32

[[366.96, 366.196, 360.438, 361.046, 346.451, 389.739, 409.108, 363.753, 375.567, 373.917, 371.103, 367.247, 367.192, 376.274, 371.515, 364.81, 369.39, 376.578, 398.074, 403.603, 349.376, 348.744, 360.452, 415.58, 382.528, 381.838, 365.669, 353.126, 351.771, 353.491, 358.796, 349.978]] 
RATE (RPS) =====================================: 32

[[370.556, 350.12, 362.602, 340.511, 352.7, 351.978, 339.825, 338.468, 347.127, 339.486, 338.413, 344.94, 343.076, 343.634, 343.776, 348.337, 332.15, 344.104, 348.314, 337.084, 337.668, 341.279, 338.373, 333.9, 339.178, 339.964, 346.928, 356.219, 346.264, 342.269, 339.056, 334.837]] 
RATE (RPS) =====================================: 32

[[331.239, 339.257, 331.517, 332.582, 332.943, 338.42, 338.803, 337.748, 336.338, 334.151, 332.808, 332.452, 330.951, 328.793, 332.417, 334.502, 332.785, 329.813, 334.318, 332.828, 333.04, 334.614, 333.293, 332.871, 330.241, 329.498, 328.206, 326.416, 333.142, 324.468, 331.782, 329.384]] 
RATE (RPS) =====================================: 32

[[372.141, 367.606, 366.208, 362.941, 361.128, 359.743, 356.473, 354.433, 352.26, 353.475, 353.337, 336.169, 337.719, 342.828, 340.234, 340.119, 331.927, 359.727, 349.564, 339.339, 367.28, 365.868, 352.393, 351.647, 341.014, 337.698, 358.246, 346.526, 351.09, 337.223, 332.666, 330.119]] 
RATE (RPS) =====================================: 32

[[351.118, 349.079, 389.87, 387.23, 358.184, 357.413, 346.048, 360.944, 353.91, 378.741, 361.854, 353.949, 349.066, 361.714, 348.009, 347.257, 353.312, 350.237, 354.72, 361.042, 339.79, 361.944, 357.51, 352.738, 355.197, 345.273, 339.543, 352.288, 354.645, 353.601, 337.604, 329.601, 341.421]] 
RATE (RPS) =====================================: 33

[[358.096, 345.386, 335.293, 350.467, 338.611, 337.813, 343.12, 339.894, 333.542, 344.645, 339.984, 341.167, 344.925, 356.455, 347.115, 361.495, 351.165, 358.494, 354.989, 349.98, 347.198, 352.608, 352.504, 343.0, 345.285, 341.456, 341.26, 347.723, 335.732, 338.787, 334.69, 331.977, 330.121]] 
RATE (RPS) =====================================: 33

[[347.667, 345.693, 341.866, 339.849, 336.01, 331.995, 363.169, 353.78, 347.497, 372.65, 352.643, 367.457, 354.575, 356.41, 352.888, 344.533, 333.256, 345.366, 334.76, 339.031, 338.908, 334.884, 343.035, 347.162, 335.193, 337.52, 339.982, 336.427, 335.59, 356.706, 350.567, 354.455, 341.678]] 
RATE (RPS) =====================================: 33

[[346.997, 379.145, 389.677, 372.262, 368.501, 377.964, 375.305, 381.993, 379.812, 377.36, 379.695, 365.017, 374.309, 375.792, 375.444, 368.921, 370.642, 364.085, 368.236, 363.029, 364.023, 356.45, 351.95, 359.481, 358.959, 351.113, 365.885, 369.361, 364.409, 354.255, 354.452, 344.053, 346.656]] 
RATE (RPS) =====================================: 33

[[388.384, 377.451, 364.274, 373.658, 376.924, 371.231, 358.942, 398.397, 349.67, 403.251, 377.869, 369.008, 351.988, 365.541, 347.007, 354.083, 341.871, 343.655, 363.5, 339.547, 357.946, 342.355, 357.733, 349.753, 360.307, 345.588, 345.206, 337.185, 336.556, 339.054, 356.085, 362.961, 357.999]] 
RATE (RPS) =====================================: 33

[[355.005, 362.378, 350.96, 365.521, 349.593, 359.583, 353.898, 381.64, 382.469, 370.775, 374.784, 364.705, 374.871, 351.713, 362.98, 351.758, 360.83, 357.958, 348.277, 351.561, 340.2, 355.514, 356.818, 364.91, 360.589, 366.867, 349.722, 342.944, 365.288, 366.218, 382.261, 379.297, 365.388]] 
RATE (RPS) =====================================: 33

[[349.96, 344.489, 355.611, 350.356, 343.874, 346.05, 334.605, 353.85, 354.958, 343.736, 339.391, 345.214, 347.235, 365.413, 350.753, 350.145, 342.515, 349.506, 337.051, 359.986, 347.09, 349.864, 342.237, 336.176, 342.332, 1371.684, 367.098, 362.3, 342.23, 336.193, 374.516, 351.864, 354.629]] 
RATE (RPS) =====================================: 32

[[359.666, 355.329, 328.61, 334.997, 338.333, 361.718, 345.026, 356.202, 352.031, 357.422, 359.162, 337.572, 341.272, 334.01, 347.13, 334.778, 337.15, 341.07, 340.273, 331.556, 332.075, 339.414, 340.337, 343.164, 339.5, 340.304, 339.502, 334.863, 337.374, 335.622, 342.766, 333.507, 330.521]] 
RATE (RPS) =====================================: 33

[[375.931, 374.713, 362.469, 351.36, 350.446, 348.265, 341.097, 364.72, 362.098, 364.88, 369.141, 352.555, 354.27, 346.649, 357.359, 350.572, 339.903, 363.096, 355.525, 347.828, 378.848, 356.497, 348.874, 344.226, 334.427, 359.464, 357.655, 352.79, 348.913, 337.159, 339.43, 340.364, 330.842]] 
RATE (RPS) =====================================: 33

[[344.704, 359.351, 376.227, 352.661, 346.943, 372.317, 356.55, 356.367, 353.291, 357.828, 355.847, 355.786, 354.131, 346.039, 348.003, 362.146, 351.892, 372.83, 356.589, 358.07, 354.051, 341.645, 348.72, 344.222, 336.912, 367.699, 363.838, 369.557, 346.505, 339.197, 339.768, 358.714, 357.969]] 
RATE (RPS) =====================================: 33

[[341.352, 333.425, 342.121, 340.289, 353.278, 357.729, 372.846, 370.769, 345.878, 373.56, 367.164, 358.008, 356.219, 355.568, 358.37, 362.622, 358.612, 339.685, 361.61, 358.877, 350.467, 360.932, 349.138, 340.585, 337.152, 341.632, 354.592, 345.141, 358.661, 352.079, 373.439, 346.224, 339.74, 348.931]] 
RATE (RPS) =====================================: 34

[[361.381, 349.355, 341.464, 343.683, 340.495, 340.277, 343.614, 341.606, 343.78, 340.63, 336.69, 345.687, 338.074, 337.678, 332.183, 341.978, 341.357, 342.531, 354.278, 340.408, 338.842, 335.136, 335.476, 337.07, 338.751, 341.655, 331.109, 329.319, 340.32, 341.106, 344.754, 343.45, 343.518, 337.036]] 
RATE (RPS) =====================================: 34

[[353.666, 342.632, 353.037, 354.982, 364.609, 372.839, 371.916, 363.001, 364.133, 353.019, 352.957, 350.527, 348.931, 349.05, 340.689, 342.345, 348.444, 339.378, 349.214, 337.195, 339.688, 355.39, 354.321, 352.753, 347.445, 343.883, 364.795, 360.577, 335.891, 359.607, 342.059, 349.417, 337.894, 335.832]] 
RATE (RPS) =====================================: 34

[[379.237, 371.536, 362.375, 351.27, 343.961, 370.585, 345.209, 352.259, 338.738, 346.997, 361.748, 355.808, 359.475, 357.637, 341.3, 338.361, 337.835, 350.528, 349.41, 347.889, 342.684, 336.78, 367.65, 365.753, 415.292, 363.092, 367.477, 402.427, 342.66, 347.589, 353.928, 348.164, 335.887, 340.51]] 
RATE (RPS) =====================================: 34

[[335.265, 354.374, 335.337, 341.736, 338.523, 337.767, 355.796, 350.214, 356.062, 350.691, 347.523, 365.962, 347.604, 343.754, 335.733, 329.996, 335.545, 342.894, 333.931, 334.004, 333.336, 331.365, 336.819, 334.843, 337.414, 336.093, 337.79, 338.6, 336.595, 336.135, 342.378, 346.023, 342.254, 338.417]] 
RATE (RPS) =====================================: 34

[[384.651, 348.635, 341.253, 362.972, 358.293, 390.052, 351.441, 372.772, 369.174, 370.642, 362.301, 364.758, 377.173, 347.35, 354.714, 356.836, 351.398, 354.568, 347.494, 353.188, 344.995, 356.861, 335.078, 337.309, 379.633, 354.028, 374.377, 364.172, 349.519, 342.371, 354.957, 340.666, 350.078, 350.068]] 
RATE (RPS) =====================================: 34

[[334.512, 1368.901, 345.042, 359.361, 353.809, 361.32, 368.698, 388.367, 383.101, 377.149, 369.597, 373.214, 369.028, 366.779, 354.733, 358.202, 354.72, 357.477, 335.873, 351.569, 377.319, 356.495, 350.838, 372.214, 333.233, 346.294, 345.22, 357.112, 370.307, 365.2, 370.994, 364.995, 351.144, 340.904]] 
RATE (RPS) =====================================: 33

[[342.132, 345.865, 383.811, 346.449, 362.036, 374.581, 363.208, 346.467, 342.74, 340.21, 340.288, 338.229, 338.565, 346.258, 345.629, 343.304, 340.69, 339.443, 339.681, 333.538, 331.204, 344.845, 345.084, 342.155, 347.135, 367.604, 355.986, 389.514, 372.477, 370.547, 366.382, 364.461, 345.927, 350.587]] 
RATE (RPS) =====================================: 34

[[337.067, 340.769, 338.081, 350.207, 347.586, 348.154, 335.692, 360.96, 363.897, 369.861, 345.839, 346.657, 342.571, 339.481, 344.151, 359.142, 358.228, 345.204, 361.848, 332.797, 335.643, 334.029, 332.736, 327.884, 336.296, 343.92, 341.869, 337.126, 333.588, 333.588, 331.535, 335.158, 331.824, 329.871]] 
RATE (RPS) =====================================: 34

[[351.336, 342.593, 345.748, 340.046, 330.355, 333.875, 347.68, 350.197, 343.654, 363.66, 340.681, 345.836, 346.699, 339.755, 332.35, 334.846, 344.695, 332.952, 338.705, 335.115, 333.045, 334.26, 333.073, 334.73, 343.149, 334.556, 338.749, 343.037, 340.52, 351.717, 342.877, 342.046, 339.644, 333.851]] 
RATE (RPS) =====================================: 34

[[382.827, 369.203, 365.32, 371.247, 365.032, 358.863, 362.064, 361.395, 349.579, 362.953, 341.343, 364.024, 378.004, 370.275, 359.091, 353.236, 356.121, 354.107, 355.983, 343.703, 348.162, 342.784, 342.229, 343.963, 355.904, 388.147, 347.116, 375.059, 354.569, 346.482, 352.529, 342.154, 354.801, 351.045, 343.902]] 
RATE (RPS) =====================================: 35

[[371.107, 396.076, 371.11, 339.345, 355.097, 359.395, 347.717, 348.852, 347.057, 343.183, 333.477, 346.55, 363.69, 368.149, 363.549, 358.349, 370.985, 350.472, 373.801, 342.567, 346.99, 369.729, 337.466, 355.923, 381.17, 336.875, 344.352, 336.975, 338.731, 327.058, 338.321, 332.646, 370.843, 347.187, 345.424]] 
RATE (RPS) =====================================: 35

[[363.624, 360.812, 368.224, 343.665, 339.95, 357.734, 357.821, 340.826, 359.495, 337.711, 340.321, 338.937, 367.285, 343.301, 347.248, 337.962, 333.839, 381.056, 336.787, 362.288, 351.346, 346.898, 340.35, 341.861, 339.561, 356.356, 336.524, 342.99, 352.513, 343.265, 363.205, 339.707, 348.202, 349.39, 339.233]] 
RATE (RPS) =====================================: 35

[[372.704, 357.802, 353.681, 345.653, 340.363, 338.489, 349.214, 357.322, 353.18, 352.293, 344.921, 346.169, 355.078, 348.506, 344.061, 353.063, 343.153, 343.59, 330.549, 338.727, 342.558, 337.065, 339.898, 352.053, 370.221, 362.619, 359.223, 353.785, 349.885, 359.322, 338.347, 359.024, 350.268, 354.302, 349.514]] 
RATE (RPS) =====================================: 35

[[1357.308, 1351.25, 1358.819, 1351.9180000000001, 1376.376, 1364.5149999999999, 1358.183, 1355.905, 505.286, 376.534, 480.246, 470.876, 479.937, 478.045, 467.958, 470.0, 468.064, 467.245, 476.868, 470.667, 460.878, 461.059, 444.219, 418.279, 442.997, 378.809, 380.099, 368.662, 352.53, 351.586, 353.904, 351.542, 341.734, 340.923, 335.095]] 
RATE (RPS) =====================================: 27

[[364.272, 345.53, 347.834, 346.923, 365.972, 353.02, 371.557, 348.632, 346.294, 360.013, 355.037, 353.123, 409.386, 350.529, 349.002, 344.913, 354.716, 353.953, 351.633, 347.201, 339.912, 339.761, 1356.26, 336.276, 336.159, 340.501, 343.895, 351.089, 339.129, 335.869, 362.14, 348.631, 350.981, 346.259, 343.52]] 
RATE (RPS) =====================================: 34

[[360.402, 381.839, 371.555, 370.391, 359.636, 357.869, 341.957, 349.018, 341.463, 337.941, 349.232, 363.436, 344.677, 352.54, 347.657, 349.013, 347.63, 351.986, 354.164, 369.161, 363.453, 352.593, 346.208, 341.768, 334.298, 351.867, 342.221, 352.134, 340.475, 332.298, 357.918, 353.572, 349.877, 345.116, 361.24]] 
RATE (RPS) =====================================: 35

[[337.945, 344.247, 349.17, 345.166, 349.922, 342.582, 334.813, 344.924, 349.477, 347.055, 349.043, 339.293, 338.977, 347.781, 352.412, 348.923, 352.389, 351.831, 341.816, 332.781, 350.432, 353.946, 348.831, 331.455, 361.466, 345.296, 336.808, 336.916, 339.385, 362.526, 350.291, 353.563, 345.005, 335.643, 339.478]] 
RATE (RPS) =====================================: 35

[[348.633, 350.403, 341.991, 347.096, 344.077, 360.182, 339.861, 338.115, 357.852, 340.548, 338.981, 334.415, 332.555, 339.051, 335.796, 338.762, 349.494, 339.23, 341.729, 349.384, 343.471, 336.362, 335.564, 332.743, 342.959, 333.304, 335.069, 332.125, 335.355, 332.714, 329.313, 332.741, 342.429, 334.512, 342.035]] 
RATE (RPS) =====================================: 35

[[350.997, 346.317, 343.308, 351.0, 347.221, 350.127, 347.14, 369.305, 337.771, 365.456, 347.927, 337.43, 335.367, 332.993, 330.59, 334.144, 333.59, 330.636, 328.89, 338.805, 343.376, 342.145, 333.562, 339.066, 333.376, 336.631, 332.586, 346.982, 340.097, 336.31, 331.122, 327.724, 334.322, 331.298, 337.62]] 
RATE (RPS) =====================================: 35

[[358.847, 361.019, 351.422, 370.38, 365.121, 365.159, 356.028, 355.694, 354.46, 351.119, 374.846, 376.542, 363.85, 359.112, 348.735, 352.89, 346.904, 373.045, 336.761, 351.917, 345.614, 369.432, 398.815, 381.244, 369.311, 352.822, 349.682, 360.813, 350.328, 338.226, 343.274, 358.43, 349.067, 344.376, 368.052, 363.402]] 
RATE (RPS) =====================================: 36

[[398.762, 398.499, 382.87, 371.662, 364.468, 356.592, 354.644, 352.58, 349.068, 347.775, 350.903, 344.347, 343.278, 338.014, 347.137, 339.893, 366.2, 356.125, 348.693, 366.958, 358.555, 353.49, 365.399, 361.438, 348.584, 376.536, 361.656, 345.288, 337.573, 364.204, 365.709, 358.52, 345.759, 358.565, 356.727, 356.14]] 
RATE (RPS) =====================================: 36

[[347.984, 343.352, 374.731, 347.629, 350.105, 351.46, 336.375, 339.192, 337.887, 338.026, 342.558, 339.544, 337.4, 334.58, 335.64, 333.813, 339.068, 337.396, 333.442, 340.467, 335.699, 340.426, 336.736, 336.784, 333.032, 358.013, 363.335, 349.053, 342.602, 341.955, 340.256, 358.434, 346.028, 355.042, 357.292, 350.398]] 
RATE (RPS) =====================================: 36

[[359.175, 346.647, 340.196, 353.853, 345.454, 340.714, 352.543, 336.192, 335.901, 341.26, 340.805, 335.936, 342.846, 350.099, 365.752, 356.668, 360.18, 355.932, 344.831, 346.182, 337.179, 349.818, 342.405, 335.954, 345.593, 351.604, 344.746, 355.298, 337.369, 342.678, 365.837, 342.03, 372.092, 353.782, 335.555, 333.783]] 
RATE (RPS) =====================================: 36

[[363.054, 346.329, 359.321, 355.208, 342.597, 353.429, 371.917, 342.25, 347.181, 350.229, 347.996, 357.718, 355.32, 350.012, 372.351, 363.864, 356.97, 361.973, 377.814, 353.555, 376.405, 338.127, 333.625, 337.102, 343.839, 403.227, 352.705, 370.147, 370.758, 375.347, 349.998, 362.022, 359.392, 356.418, 345.389, 353.747]] 
RATE (RPS) =====================================: 36

[[371.388, 376.126, 364.296, 357.227, 358.551, 357.659, 347.638, 347.568, 342.301, 345.321, 349.206, 373.792, 359.633, 395.914, 370.078, 372.541, 364.318, 373.138, 365.456, 380.935, 364.248, 343.843, 351.134, 346.076, 367.755, 360.812, 363.39, 341.535, 339.92, 371.617, 335.574, 332.313, 356.544, 354.252, 362.219, 347.104]] 
RATE (RPS) =====================================: 36

[[369.864, 367.924, 364.412, 359.26, 357.009, 354.99, 352.629, 350.239, 347.904, 351.87, 352.886, 349.395, 344.071, 352.316, 374.742, 369.368, 375.479, 346.938, 343.095, 352.765, 346.552, 343.212, 349.451, 342.926, 338.149, 343.516, 358.245, 345.87, 341.565, 332.185, 354.375, 366.43, 354.017, 354.568, 354.62, 346.714]] 
RATE (RPS) =====================================: 36

[[377.415, 333.99, 340.11, 338.806, 357.139, 351.489, 341.313, 336.251, 341.212, 345.418, 337.396, 333.107, 338.67, 340.243, 331.95, 339.819, 330.323, 332.034, 331.253, 330.011, 331.244, 330.668, 343.315, 344.127, 337.086, 346.5, 346.574, 351.705, 338.759, 337.108, 338.538, 341.562, 334.326, 339.225, 330.878, 331.496]] 
RATE (RPS) =====================================: 36

[[342.829, 341.551, 339.005, 336.184, 333.292, 349.895, 348.301, 346.068, 342.638, 339.984, 344.84, 349.662, 347.84, 344.238, 347.584, 340.997, 345.148, 333.199, 342.589, 333.916, 336.357, 333.038, 338.008, 331.216, 345.348, 333.761, 331.528, 351.387, 354.573, 347.962, 347.777, 331.928, 372.347, 365.579, 353.834, 345.818]] 
RATE (RPS) =====================================: 36

[[339.041, 342.925, 338.781, 344.532, 343.505, 354.85, 361.575, 359.927, 349.907, 348.313, 360.647, 346.699, 347.087, 339.143, 337.162, 361.683, 342.149, 349.714, 351.081, 342.753, 356.547, 344.065, 336.291, 334.623, 369.827, 362.086, 354.852, 359.437, 348.281, 346.497, 338.061, 341.396, 338.865, 334.626, 340.104, 350.361]] 
RATE (RPS) =====================================: 36

[[372.235, 368.16, 368.051, 357.555, 350.531, 346.122, 342.338, 346.428, 348.209, 351.527, 367.484, 355.001, 384.627, 377.148, 367.947, 357.883, 357.261, 357.637, 348.181, 366.323, 353.058, 351.092, 360.856, 350.987, 341.137, 345.752, 355.863, 351.362, 361.169, 346.191, 351.96, 359.329, 347.67, 379.251, 360.097, 358.427, 366.133]] 
RATE (RPS) =====================================: 37

[[372.066, 369.497, 363.934, 363.078, 362.477, 355.403, 366.01, 354.512, 348.696, 349.988, 356.492, 353.501, 364.706, 351.983, 356.147, 346.046, 351.111, 359.025, 382.51, 350.249, 351.546, 398.345, 347.397, 370.33, 376.024, 364.823, 343.722, 340.742, 332.307, 332.539, 343.918, 345.806, 334.246, 340.441, 336.63, 345.575, 351.449]] 
RATE (RPS) =====================================: 37

[[354.471, 360.855, 360.319, 362.932, 368.431, 372.763, 368.638, 347.591, 361.144, 351.321, 373.904, 339.387, 349.602, 362.234, 357.899, 340.936, 343.461, 331.616, 363.006, 349.309, 349.699, 355.528, 353.035, 362.102, 353.149, 346.247, 337.297, 336.381, 344.838, 346.929, 332.429, 342.891, 338.189, 336.683, 361.306, 357.205, 339.407]] 
RATE (RPS) =====================================: 37

[[347.817, 347.826, 351.866, 340.605, 339.916, 346.165, 346.054, 344.554, 348.268, 352.392, 352.966, 366.746, 337.759, 356.995, 350.297, 347.321, 342.094, 349.625, 339.314, 350.744, 357.965, 347.149, 345.433, 345.656, 336.392, 356.597, 348.865, 356.567, 361.024, 357.242, 345.008, 335.571, 367.626, 359.488, 349.571, 342.914, 327.538]] 
RATE (RPS) =====================================: 37

[[343.938, 349.133, 352.045, 346.247, 343.893, 348.276, 365.407, 360.474, 355.804, 351.041, 352.167, 351.742, 349.046, 341.983, 350.738, 335.137, 352.182, 349.654, 352.362, 344.208, 334.604, 353.258, 345.671, 376.879, 338.467, 365.007, 343.348, 339.279, 354.956, 349.022, 332.855, 329.501, 350.335, 345.281, 333.255, 333.347, 336.045]] 
RATE (RPS) =====================================: 37

[[348.256, 342.827, 337.583, 341.85, 343.725, 355.162, 977.414, 883.136, 889.402, 866.294, 857.925, 857.389, 859.48, 847.491, 843.495, 833.96, 840.07, 830.036, 829.938, 820.524, 812.045, 801.338, 801.388, 793.707, 787.297, 781.571, 778.494, 1400.969, 761.026, 753.674, 752.198, 753.168, 725.873, 703.009, 715.309, 706.212, 695.882]] 
RATE (RPS) =====================================: 36

[[341.097, 342.843, 356.86, 347.287, 341.502, 338.974, 334.277, 333.716, 336.338, 333.493, 340.185, 342.175, 370.154, 363.909, 350.977, 350.563, 354.639, 356.827, 357.729, 341.984, 358.633, 355.36, 351.303, 357.44, 349.223, 344.792, 341.395, 330.771, 339.501, 342.043, 341.747, 337.615, 359.528, 358.888, 356.008, 348.738, 345.482]] 
RATE (RPS) =====================================: 37

[[361.713, 360.905, 352.525, 344.995, 343.222, 366.315, 336.038, 350.22, 337.116, 341.272, 329.866, 356.354, 341.536, 347.633, 346.45, 351.612, 345.057, 363.691, 346.171, 359.197, 347.911, 344.369, 357.452, 342.595, 341.397, 340.827, 337.969, 339.934, 378.649, 340.073, 365.516, 329.88, 348.526, 358.804, 357.323, 342.725, 344.842]] 
RATE (RPS) =====================================: 37

[[348.486, 356.286, 351.83, 350.15, 338.877, 357.497, 355.018, 346.477, 343.146, 341.932, 338.579, 359.85, 348.206, 333.312, 336.022, 334.008, 336.442, 350.909, 361.72, 340.36, 342.698, 348.008, 335.274, 357.476, 341.697, 355.361, 358.179, 339.056, 338.275, 348.458, 352.249, 338.976, 346.76, 373.517, 339.274, 346.997, 340.279]] 
RATE (RPS) =====================================: 37

[[363.109, 358.287, 355.929, 357.387, 346.582, 349.234, 360.733, 363.51, 368.135, 354.463, 358.936, 356.911, 365.861, 353.147, 378.344, 351.337, 368.424, 356.62, 354.695, 356.724, 353.812, 364.306, 351.775, 346.154, 342.878, 353.892, 349.97, 364.162, 352.477, 349.515, 356.55, 349.8, 352.526, 342.421, 339.153, 348.781, 327.44]] 
RATE (RPS) =====================================: 37

[[419.143, 416.371, 406.089, 385.553, 373.934, 369.047, 366.126, 361.396, 358.69, 351.339, 356.329, 354.814, 379.123, 374.095, 371.244, 363.402, 363.174, 356.727, 401.94, 337.911, 337.419, 335.366, 348.008, 335.291, 337.295, 368.98, 353.261, 338.757, 361.137, 339.605, 341.851, 341.649, 332.882, 339.461, 334.089, 379.526, 332.259, 355.211]] 
RATE (RPS) =====================================: 38

[[368.433, 359.765, 378.555, 379.357, 375.359, 362.412, 366.435, 374.225, 355.632, 369.141, 359.689, 360.424, 366.973, 377.959, 360.395, 357.754, 356.772, 369.741, 363.485, 358.127, 367.086, 379.162, 359.759, 359.231, 356.438, 369.659, 350.442, 359.478, 358.58, 353.49, 349.289, 346.87, 363.985, 361.907, 366.597, 375.682, 366.005, 351.788]] 
RATE (RPS) =====================================: 38

[[345.796, 358.982, 342.006, 359.957, 362.48, 364.85, 366.719, 368.393, 371.877, 356.609, 360.272, 362.072, 358.346, 351.303, 375.052, 363.013, 368.838, 360.016, 358.177, 353.886, 353.041, 345.474, 350.291, 345.897, 338.383, 364.988, 342.858, 344.064, 345.764, 348.958, 349.164, 347.575, 350.863, 346.354, 366.506, 349.446, 350.605, 348.632]] 
RATE (RPS) =====================================: 38

[[360.791, 338.579, 341.236, 369.575, 366.955, 359.294, 353.265, 346.876, 375.453, 361.588, 361.166, 347.268, 341.999, 337.068, 333.815, 343.351, 341.207, 334.592, 333.254, 335.31, 330.965, 331.387, 336.798, 333.763, 331.984, 331.692, 338.532, 338.345, 341.201, 340.337, 336.381, 333.349, 336.912, 336.575, 332.869, 333.23, 338.111, 337.174]] 
RATE (RPS) =====================================: 38

[[349.176, 347.713, 349.755, 386.727, 338.699, 359.339, 373.5, 352.579, 356.076, 360.175, 352.199, 352.3, 351.627, 343.76, 336.619, 341.282, 364.141, 365.337, 342.86, 339.602, 353.758, 344.893, 347.232, 347.31, 344.364, 346.868, 373.705, 347.866, 359.944, 369.874, 368.807, 356.68, 339.949, 331.919, 353.059, 349.829, 360.885, 349.726]] 
RATE (RPS) =====================================: 38

[[395.934, 387.63, 389.661, 359.799, 376.565, 343.866, 356.21, 342.762, 344.743, 342.823, 353.016, 333.668, 343.186, 348.935, 344.277, 344.716, 352.81, 366.045, 360.522, 363.297, 363.882, 370.746, 369.081, 360.295, 348.876, 351.465, 372.089, 346.097, 340.413, 346.526, 342.12, 336.009, 353.241, 340.55, 338.739, 347.854, 336.092, 333.12]] 
RATE (RPS) =====================================: 38

[[363.6, 411.326, 367.765, 357.498, 345.828, 333.034, 381.48, 377.228, 354.633, 391.885, 349.886, 343.816, 349.175, 343.29, 354.849, 385.046, 345.35, 373.744, 372.624, 357.733, 356.899, 354.292, 359.345, 342.118, 346.307, 358.944, 354.777, 356.646, 334.047, 351.118, 338.279, 350.012, 364.434, 355.39, 348.886, 349.758, 354.255, 344.498]] 
RATE (RPS) =====================================: 38

[[362.6, 359.551, 369.439, 368.547, 352.57, 351.326, 349.902, 360.771, 356.099, 360.409, 361.721, 366.882, 353.145, 370.196, 364.807, 374.045, 358.804, 369.42, 366.813, 354.038, 358.404, 352.989, 353.507, 344.463, 342.377, 362.235, 364.434, 352.214, 351.851, 390.858, 349.986, 366.431, 350.47, 362.598, 359.576, 352.678, 350.679, 348.126]] 
RATE (RPS) =====================================: 38

[[360.009, 355.63, 353.061, 374.95, 359.626, 376.083, 388.357, 368.346, 372.153, 354.553, 356.666, 345.403, 345.119, 357.504, 347.423, 351.283, 386.877, 389.216, 377.668, 364.431, 367.024, 349.176, 347.29, 363.422, 357.954, 344.78, 364.285, 364.434, 346.937, 341.568, 336.804, 342.876, 338.962, 335.596, 363.342, 346.001, 352.217, 367.316]] 
RATE (RPS) =====================================: 38

[[362.433, 341.611, 361.565, 366.954, 356.535, 391.657, 344.546, 362.899, 355.227, 347.612, 351.461, 342.742, 371.721, 339.992, 362.861, 348.748, 346.841, 342.864, 341.52, 334.551, 343.399, 342.19, 352.264, 338.761, 343.078, 347.508, 344.433, 347.746, 340.6, 342.346, 354.93, 361.761, 356.708, 370.108, 366.628, 341.779, 352.23, 349.699]] 
RATE (RPS) =====================================: 38

[[1346.222, 400.519, 392.336, 389.321, 393.108, 387.04, 365.981, 355.603, 376.93, 341.255, 354.247, 363.809, 354.888, 380.052, 363.941, 339.627, 355.54, 350.145, 357.696, 350.228, 375.982, 371.511, 358.477, 350.339, 356.745, 356.009, 353.565, 373.133, 376.437, 335.014, 353.994, 375.501, 383.07, 365.528, 351.855, 354.303, 359.364, 364.032, 355.791]] 
RATE (RPS) =====================================: 38

[[360.808, 368.997, 361.059, 353.597, 346.932, 337.832, 350.608, 371.217, 344.469, 347.317, 345.105, 345.817, 334.929, 385.405, 349.973, 343.115, 349.163, 343.985, 339.081, 348.648, 346.948, 371.237, 349.659, 364.685, 341.799, 347.593, 351.075, 350.034, 358.841, 353.282, 359.015, 361.897, 339.811, 349.12, 398.992, 394.331, 378.65, 370.318, 347.621]] 
RATE (RPS) =====================================: 39

[[366.439, 355.873, 356.007, 351.81, 338.167, 351.574, 337.83, 354.238, 340.339, 371.869, 361.78, 364.907, 350.63, 352.997, 377.996, 355.507, 354.234, 351.219, 349.074, 347.167, 344.816, 353.722, 351.657, 349.479, 393.169, 382.74, 329.91, 337.392, 365.783, 361.736, 356.001, 350.653, 335.879, 392.679, 389.738, 405.228, 371.784, 371.983, 348.614]] 
RATE (RPS) =====================================: 39

[[342.222, 348.084, 345.865, 340.446, 333.608, 345.919, 343.911, 336.923, 333.366, 341.983, 356.237, 338.468, 335.466, 359.281, 355.404, 358.106, 359.838, 353.593, 351.165, 334.265, 336.244, 343.498, 334.508, 368.274, 336.853, 354.392, 341.098, 356.262, 353.001, 372.99, 350.695, 333.725, 346.931, 334.809, 346.242, 336.924, 333.635, 338.231, 334.624]] 
RATE (RPS) =====================================: 39

[[408.542, 403.476, 392.866, 392.027, 380.103, 372.715, 367.396, 357.639, 358.065, 352.68, 378.296, 374.4, 373.345, 363.412, 346.752, 346.341, 352.523, 365.977, 338.24, 345.203, 355.561, 340.401, 379.393, 344.634, 382.484, 364.411, 352.383, 346.117, 337.177, 337.946, 359.381, 343.735, 350.535, 368.413, 361.811, 364.818, 346.992, 355.044, 352.326]] 
RATE (RPS) =====================================: 39

[[368.275, 368.931, 355.61, 353.578, 348.08, 347.869, 339.207, 344.275, 356.95, 344.097, 348.26, 340.61, 362.202, 357.243, 367.209, 356.223, 357.457, 351.475, 346.78, 363.386, 340.973, 347.919, 366.071, 355.082, 335.808, 333.496, 352.899, 349.471, 344.85, 363.826, 359.092, 353.579, 335.377, 331.975, 344.895, 348.07, 340.286, 352.118, 345.98]] 
RATE (RPS) =====================================: 39

[[348.56, 345.383, 362.983, 362.727, 352.792, 340.227, 359.026, 395.079, 385.142, 365.207, 360.231, 358.213, 344.859, 351.257, 339.721, 348.077, 340.628, 349.363, 354.489, 353.174, 343.957, 345.91, 384.316, 369.869, 337.298, 357.558, 359.794, 358.976, 346.997, 338.598, 335.76, 339.02, 347.847, 344.293, 341.144, 343.01, 333.529, 333.396, 337.6]] 
RATE (RPS) =====================================: 39

[[340.07, 340.735, 345.806, 341.691, 362.896, 362.017, 353.587, 353.812, 342.314, 353.258, 357.729, 354.899, 358.415, 361.07, 359.823, 361.849, 358.472, 351.556, 351.066, 347.351, 344.904, 343.15, 341.038, 336.443, 333.218, 331.28, 329.35, 334.279, 340.806, 337.008, 364.285, 372.757, 375.126, 334.949, 343.35, 337.904, 341.751, 349.679, 342.025]] 
RATE (RPS) =====================================: 39

[[356.786, 371.524, 344.326, 346.785, 348.972, 367.64, 361.969, 355.502, 348.278, 352.64, 349.497, 346.42, 354.542, 350.548, 346.408, 345.331, 343.058, 342.58, 350.185, 347.467, 348.722, 343.35, 357.724, 344.836, 366.746, 355.386, 351.033, 359.65, 361.133, 364.296, 349.331, 343.358, 337.344, 335.086, 356.574, 368.371, 344.423, 343.364, 333.748]] 
RATE (RPS) =====================================: 39

[[393.608, 388.788, 391.343, 381.372, 364.749, 361.802, 361.133, 357.098, 353.596, 359.782, 373.859, 368.14, 359.677, 365.277, 360.576, 358.002, 366.372, 361.547, 348.874, 372.44, 377.03, 362.621, 352.686, 356.615, 342.412, 345.733, 335.863, 337.428, 334.63, 340.199, 353.257, 349.911, 348.669, 350.329, 352.339, 350.867, 338.94, 357.972, 358.047]] 
RATE (RPS) =====================================: 39

[[351.159, 364.192, 396.409, 347.36, 404.995, 397.268, 389.666, 358.418, 359.421, 355.289, 350.824, 347.615, 343.518, 339.8, 337.502, 340.444, 337.353, 987.384, 341.285, 343.531, 345.6, 344.108, 345.168, 353.652, 353.842, 345.268, 345.465, 342.324, 340.239, 338.683, 353.503, 334.573, 342.314, 343.321, 341.973, 343.07, 339.862, 340.53, 364.985, 342.736]] 
RATE (RPS) =====================================: 40

[[361.253, 361.303, 350.673, 370.278, 359.3, 358.381, 360.864, 353.302, 347.701, 365.866, 361.39, 358.111, 353.999, 373.505, 355.43, 352.602, 351.032, 353.622, 361.373, 352.489, 343.125, 354.216, 355.216, 370.647, 362.354, 372.528, 346.755, 362.728, 358.721, 348.955, 370.972, 352.971, 359.292, 342.216, 351.38, 340.496, 365.29, 372.226, 356.559, 344.736]] 
RATE (RPS) =====================================: 40

[[368.359, 367.871, 367.25, 363.287, 348.502, 367.831, 377.024, 424.245, 429.798, 418.725, 385.868, 387.635, 387.37, 377.234, 381.856, 378.379, 381.681, 369.231, 368.383, 361.514, 362.039, 343.937, 338.107, 363.507, 349.978, 343.04, 357.849, 347.172, 351.689, 346.402, 345.162, 374.779, 334.796, 348.243, 352.198, 351.968, 343.74, 341.778, 348.543, 335.031]] 
RATE (RPS) =====================================: 40

[[376.677, 395.35, 393.151, 381.007, 382.123, 359.599, 360.918, 359.739, 349.579, 345.74, 341.973, 337.521, 345.93, 342.653, 351.153, 348.927, 368.16, 347.445, 347.837, 354.611, 338.763, 360.017, 357.557, 363.393, 344.164, 363.974, 348.165, 348.607, 346.783, 342.392, 342.555, 395.154, 350.576, 338.459, 361.57, 358.065, 381.285, 382.028, 375.511, 372.983]] 
RATE (RPS) =====================================: 40

[[371.052, 364.203, 381.457, 374.155, 396.915, 383.073, 378.715, 372.207, 372.031, 367.242, 364.008, 360.071, 357.671, 358.45, 354.248, 361.4, 385.18, 377.433, 390.533, 384.875, 377.007, 362.887, 363.265, 371.03, 378.515, 367.971, 378.581, 378.615, 388.084, 391.059, 374.235, 385.195, 360.524, 372.127, 396.887, 338.486, 369.398, 366.787, 354.895, 351.164]] 
RATE (RPS) =====================================: 40

[[403.142, 396.553, 374.416, 377.085, 374.374, 368.221, 369.079, 360.435, 345.786, 348.418, 350.611, 352.086, 349.079, 350.156, 370.397, 368.35, 365.917, 363.472, 361.047, 360.847, 359.136, 356.655, 369.011, 364.896, 365.19, 367.926, 377.63, 368.25, 368.987, 372.097, 365.562, 356.785, 340.731, 353.423, 415.435, 392.666, 342.451, 375.351, 370.574, 368.01]] 
RATE (RPS) =====================================: 40

[[371.181, 362.631, 358.259, 348.228, 345.293, 339.955, 334.942, 333.461, 349.865, 345.552, 343.327, 342.645, 339.809, 340.633, 338.237, 345.043, 344.722, 336.619, 338.864, 337.82, 338.143, 364.357, 366.649, 364.361, 362.585, 354.414, 351.618, 352.385, 345.498, 356.075, 348.277, 336.594, 349.765, 364.326, 372.348, 374.198, 411.624, 378.533, 384.765, 349.212]] 
RATE (RPS) =====================================: 40

[[345.659, 345.278, 386.878, 368.402, 376.55, 357.016, 361.058, 358.797, 373.539, 372.92, 430.575, 361.824, 368.102, 369.841, 397.04, 363.097, 360.396, 344.992, 344.873, 335.172, 335.462, 339.906, 344.578, 342.71, 340.274, 340.167, 340.924, 340.808, 379.318, 360.707, 341.405, 346.523, 347.713, 334.513, 369.45, 366.49, 330.165, 345.888, 339.575, 343.798]] 
RATE (RPS) =====================================: 40

[[362.583, 355.615, 378.636, 344.355, 356.305, 356.612, 353.542, 342.875, 341.306, 347.627, 342.698, 344.04, 343.218, 350.624, 351.278, 356.76, 356.904, 357.994, 373.993, 352.57, 350.334, 353.601, 348.475, 347.629, 360.63, 337.769, 334.607, 334.22, 336.102, 337.373, 349.16, 352.703, 353.86, 337.148, 332.474, 360.199, 341.16, 352.112, 352.0, 356.837]] 
RATE (RPS) =====================================: 40

[[368.012, 377.261, 346.064, 360.388, 364.104, 351.948, 350.048, 349.219, 342.393, 373.061, 358.709, 357.142, 355.733, 354.123, 352.648, 355.842, 347.867, 375.814, 347.207, 343.611, 343.418, 344.293, 339.889, 362.165, 363.759, 353.962, 360.237, 347.044, 346.808, 337.48, 358.042, 340.533, 351.592, 347.254, 343.382, 339.688, 341.988, 359.214, 335.228, 342.185]] 
RATE (RPS) =====================================: 40

average response time [0]376.361
average response time [1]371.627
average response time [2]361.949
average response time [3]333.118
average response time [4]333.805
average response time [5]330.998
average response time [6]333.984
average response time [7]359.642
average response time [8]340.76
average response time [9]337.248
TOTAL AVERAGE RESPONSE TIME ====================: 347.94919999999996
NUMBER OF THREADS ==============================: 1
TOTAL AVERAGE RATE (RPS) =====================================: 1.0
average response time [10]363.658
average response time [11]341.35299999999995
average response time [12]333.563
average response time [13]338.033
average response time [14]364.9995
average response time [15]335.48900000000003
average response time [16]344.3875
average response time [17]360.125
average response time [18]338.6625
average response time [19]340.764
TOTAL AVERAGE RESPONSE TIME ====================: 346.10344999999995
NUMBER OF THREADS ==============================: 2
TOTAL AVERAGE RATE (RPS) =====================================: 2.0
average response time [20]341.03975
average response time [21]350.8285
average response time [22]352.50875
average response time [23]344.307
average response time [24]346.978
average response time [25]682.17475
average response time [26]352.169
average response time [27]356.58575
average response time [28]335.85024999999996
average response time [29]338.1065
TOTAL AVERAGE RESPONSE TIME ====================: 380.054825
NUMBER OF THREADS ==============================: 4
TOTAL AVERAGE RATE (RPS) =====================================: 3.9
average response time [30]344.75012499999997
average response time [31]380.64725
average response time [32]345.079
average response time [33]424.814375
average response time [34]348.33125
average response time [35]343.5905
average response time [36]346.24850000000004
average response time [37]346.641
average response time [38]345.08025
average response time [39]340.102375
TOTAL AVERAGE RESPONSE TIME ====================: 356.5284625
NUMBER OF THREADS ==============================: 8
TOTAL AVERAGE RATE (RPS) =====================================: 8.0
average response time [40]347.16775
average response time [41]339.130125
average response time [42]403.6734375
average response time [43]335.8630625
average response time [44]341.56068750000003
average response time [45]354.147875
average response time [46]436.0398125
average response time [47]1315.7121875
average response time [48]348.8695625
average response time [49]350.02831249999997
TOTAL AVERAGE RESPONSE TIME ====================: 457.21928124999994
NUMBER OF THREADS ==============================: 16
TOTAL AVERAGE RATE (RPS) =====================================: 14.9
average response time [50]349.3079375
average response time [51]348.06975
average response time [52]351.6690625
average response time [53]356.113125
average response time [54]349.98415625
average response time [55]351.7394375
average response time [56]370.3221875
average response time [57]344.1605
average response time [58]332.550625
average response time [59]350.28565625
TOTAL AVERAGE RESPONSE TIME ====================: 350.42024375
NUMBER OF THREADS ==============================: 32
TOTAL AVERAGE RATE (RPS) =====================================: 32.0
average response time [60]354.38945454545456
average response time [61]344.69627272727274
average response time [62]345.85460606060605
average response time [63]366.52221212121214
average response time [64]359.5448181818182
average response time [65]361.43257575757576
average response time [66]380.0882121212121
average response time [67]341.88654545454546
average response time [68]353.4050303030303
average response time [69]354.73845454545454
TOTAL AVERAGE RESPONSE TIME ====================: 356.2558181818182
NUMBER OF THREADS ==============================: 33
TOTAL AVERAGE RATE (RPS) =====================================: 32.9
average response time [70]353.1380882352941
average response time [71]341.02032352941177
average response time [72]350.94458823529413
average response time [73]355.6485588235294
average response time [74]341.19920588235294
average response time [75]357.4640294117647
average response time [76]389.2270882352941
average response time [77]351.38329411764704
average response time [78]342.74291176470587
average response time [79]340.7656470588235
TOTAL AVERAGE RESPONSE TIME ====================: 352.3533735294117
NUMBER OF THREADS ==============================: 34
TOTAL AVERAGE RATE (RPS) =====================================: 33.9
average response time [80]357.52045714285714
average response time [81]353.1490857142857
average response time [82]348.8653428571429
average response time [83]349.9029142857143
average response time [84]636.2376
average response time [85]379.71205714285713
average response time [86]352.1887142857143
average response time [87]345.47394285714284
average response time [88]340.2528857142857
average response time [89]340.14945714285716
TOTAL AVERAGE RESPONSE TIME ====================: 380.34524571428574
NUMBER OF THREADS ==============================: 35
TOTAL AVERAGE RATE (RPS) =====================================: 34.1
average response time [90]358.79830555555554
average response time [91]358.12808333333334
average response time [92]344.04816666666665
average response time [93]347.1358055555556
average response time [94]357.1482222222222
average response time [95]358.6506111111111
average response time [96]353.04308333333336
average response time [97]339.75166666666667
average response time [98]343.61725
average response time [99]347.70536111111113
TOTAL AVERAGE RESPONSE TIME ====================: 350.8026555555556
NUMBER OF THREADS ==============================: 36
TOTAL AVERAGE RATE (RPS) =====================================: 36.0
average response time [100]357.5941081081081
average response time [101]354.95327027027025
average response time [102]351.7063243243243
average response time [103]348.64675675675676
average response time [104]347.47532432432433
average response time [105]746.7328918918919
average response time [106]347.4052972972973
average response time [107]348.667027027027
average response time [108]346.8011081081081
average response time [109]354.70216216216215
TOTAL AVERAGE RESPONSE TIME ====================: 390.468427027027
NUMBER OF THREADS ==============================: 37
TOTAL AVERAGE RATE (RPS) =====================================: 36.9
average response time [110]359.96036842105264
average response time [111]363.58107894736844
average response time [112]355.19755263157896
average response time [113]342.6907105263158
average response time [114]352.89826315789475
average response time [115]353.8857894736842
average response time [116]357.36302631578945
average response time [117]359.0779210526316
average response time [118]358.27215789473684
average response time [119]351.85547368421055
TOTAL AVERAGE RESPONSE TIME ====================: 355.4782342105263
NUMBER OF THREADS ==============================: 38
TOTAL AVERAGE RATE (RPS) =====================================: 38.0
average response time [120]389.46507692307694
average response time [121]355.46064102564105
average response time [122]358.52871794871794
average response time [123]345.3098974358974
average response time [124]361.88615384615383
average response time [125]350.756
average response time [126]351.6925641025641
average response time [127]348.5055897435897
average response time [128]351.1521282051282
average response time [129]358.8098205128205
TOTAL AVERAGE RESPONSE TIME ====================: 357.15665897435895
NUMBER OF THREADS ==============================: 39
TOTAL AVERAGE RATE (RPS) =====================================: 38.9
average response time [130]367.366225
average response time [131]357.346425
average response time [132]364.800025
average response time [133]359.05235
average response time [134]372.040775
average response time [135]366.505925
average response time [136]353.070325
average response time [137]356.309575
average response time [138]349.9482
average response time [139]352.233875
TOTAL AVERAGE RESPONSE TIME ====================: 359.86736999999994
NUMBER OF THREADS ==============================: 40
TOTAL AVERAGE RATE (RPS) =====================================: 40.0
NUMBER OF THREADS: [1, 2, 4, 8, 16, 32, 33, 34, 35, 36, 37, 38, 39, 40]
WORKLOAD: HFU_LV;  
DATA COLLECTOR SETTING: CACHE;  
TOTAL EXECUTION TIME (Concurrent Parallel Requests): 146709.749


