[[405.663]] 
[[406.403]] 
[[383.056]] 
[[396.939]] 
[[425.916]] 
[[385.74]] 
[[384.719]] 
[[388.279]] 
[[397.263]] 
[[395.383]] 
[[540.123, 446.626]] 
[[443.662, 390.38]] 
[[402.214, 441.471]] 
[[440.556, 651.55]] 
[[497.968, 534.752]] 
[[407.189, 443.411]] 
[[449.24, 393.013]] 
[[398.383, 435.153]] 
[[406.791, 445.804]] 
[[445.786, 394.275]] 
[[407.049, 440.819, 523.003, 474.739]] 
[[498.439, 405.77, 449.935, 533.715]] 
[[462.996, 458.653, 553.638, 491.515]] 
[[400.316, 433.351, 496.169, 528.817]] 
[[447.57, 532.861, 394.84, 474.366]] 
[[486.096, 550.736, 593.488, 629.586]] 
[[418.348, 546.532, 497.765, 453.848]] 
[[397.594, 455.577, 482.165, 520.783]] 
[[437.926, 388.975, 468.926, 503.125]] 
[[407.124, 449.294, 484.761, 514.674]] 
[[409.763, 500.771, 448.421, 532.456, 604.372, 639.92, 713.043, 667.65]] 
[[471.425, 554.11, 411.467, 489.909, 572.124, 608.583, 696.536, 641.143]] 
[[499.491, 443.203, 389.379, 515.53, 607.076, 687.112, 535.835, 621.181]] 
[[443.425, 394.434, 473.587, 506.251, 580.044, 714.453, 662.709, 756.239]] 
[[406.12, 442.281, 479.612, 558.005, 592.12, 634.372, 712.584, 660.606]] 
[[451.114, 388.375, 530.264, 475.485, 561.357, 715.798, 610.116, 644.421]] 
[[476.113, 385.245, 420.821, 501.743, 580.179, 534.434, 877.729, 663.717]] 
[[575.268, 471.113, 517.104, 2660.071, 725.701, 785.987, 670.653, 2641.835]] 
[[484.925, 527.09, 551.572, 584.855, 779.653, 885.408, 665.832, 701.529]] 
[[385.137, 429.214, 498.258, 591.012, 540.269, 618.95, 661.599, 693.305]] 
[[495.017, 401.196, 437.622, 514.488, 562.519, 608.675, 650.047, 732.76, 820.81, 773.281, 903.679, 845.891, 981.384, 935.134, 1050.527, 1011.298]] 
[[389.029, 594.824, 470.179, 422.598, 494.649, 643.982, 722.055, 670.143, 753.981, 788.665, 884.02, 835.927, 914.009, 948.016, 991.068, 1022.123]] 
[[502.722, 412.836, 530.802, 563.852, 653.221, 710.212, 743.219, 581.091, 772.832, 912.167, 806.94, 865.874, 925.17, 958.427, 1041.18, 989.726]] 
[[428.926, 563.785, 458.554, 497.647, 640.442, 578.671, 668.135, 793.434, 741.479, 691.288, 819.196, 838.754, 915.905, 869.918, 951.549, 993.968]] 
[[445.666, 491.62, 524.072, 603.544, 564.449, 772.098, 810.456, 663.164, 609.84, 695.69, 824.311, 998.26, 853.964, 897.795, 936.186, 1012.598]] 
[[414.15, 447.159, 519.901, 470.339, 547.044, 586.537, 667.052, 614.614, 785.421, 732.045, 686.229, 805.201, 888.962, 833.775, 923.458, 988.834]] 
[[448.853, 575.581, 399.176, 478.52, 506.175, 636.647, 581.486, 667.998, 711.763, 746.305, 875.759, 782.43, 813.544, 1010.735, 1054.29, 927.828]] 
[[398.705, 479.167, 433.151, 511.108, 546.985, 590.59, 683.079, 618.327, 703.863, 765.861, 927.808, 832.12, 870.972, 1002.735, 1038.024, 936.873]] 
[[412.16, 448.444, 493.422, 521.435, 563.723, 601.701, 671.271, 834.031, 745.272, 869.457, 945.996, 1070.609, 982.147, 890.621, 1008.315, 1086.768]] 
[[396.971, 435.398, 499.476, 569.857, 599.315, 632.621, 725.591, 765.724, 655.386, 794.589, 828.493, 868.642, 982.088, 890.104, 1035.714, 921.015]] 
[[427.607, 461.461, 493.172, 527.206, 563.29, 599.285, 675.005, 625.405, 868.795, 694.246, 728.451, 892.31, 757.992, 791.9, 910.445, 946.811, 1023.455, 973.579, 1193.163, 1094.416, 1043.277, 1123.871, 1244.8609999999999, 1371.089, 1318.811, 1399.903, 1468.974, 1545.4859999999999, 1495.1480000000001, 1574.359, 1659.03, 1608.676]] 
[[538.255, 384.791, 435.968, 618.558, 566.018, 735.353, 645.208, 680.069, 811.362, 756.632, 850.525, 886.95, 971.62, 1054.347, 912.565, 989.745, 1076.134, 1159.081, 1102.21, 1194.628, 1232.922, 1266.85, 1583.143, 1483.473, 1395.155, 1307.939, 1593.6770000000001, 1676.563, 1752.025, 1698.325, 1606.655, 1770.3110000000001]] 
[[411.302, 552.946, 456.696, 582.717, 618.633, 653.121, 693.852, 732.092, 764.343, 804.779, 918.75, 869.086, 1037.042, 940.14, 981.883, 1151.847, 1097.473, 1057.781, 1179.964, 1274.4279999999999, 1221.403, 1327.376, 1466.599, 1398.676, 1497.673, 1668.4569999999999, 1529.329, 1569.862, 1607.519, 1681.2150000000001, 1721.795, 1740.35]] 
[[614.065, 543.296, 398.828, 440.981, 624.353, 660.346, 698.241, 883.558, 836.236, 744.197, 906.709, 945.166, 979.841, 1018.873, 1102.863, 1227.767, 1049.363, 1172.974, 1117.675, 1297.133, 1243.292, 1433.225, 1342.493, 1481.114, 1680.06, 1581.067, 1505.5729999999999, 1615.383, 1787.1599999999999, 1691.6019999999999, 1728.167, 1812.383]] 
[[422.572, 506.841, 550.348, 583.4, 670.188, 618.52, 837.304, 701.004, 905.536, 730.235, 932.829, 975.098, 1006.257, 1047.117, 1211.604, 1161.733, 1074.317, 1115.626, 1378.879, 1269.406, 1430.595, 1512.328, 1695.0610000000001, 1637.19, 1455.91, 1546.77, 1834.6390000000001, 1678.88, 1723.037, 1759.94, 1894.194, 1828.339]] 
[[424.197, 454.897, 491.465, 509.792, 541.64, 551.703, 590.364, 628.563, 705.27, 742.51, 649.175, 772.124, 854.004, 798.268, 924.505, 879.526, 1006.499, 948.21, 1029.503]] 
[[403.314, 435.154, 468.951, 499.282, 528.963, 564.147, 598.832, 633.089, 671.058, 668.367, 690.759, 729.273, 751.081, 993.206, 778.258, 821.652, 880.667]] 
[[397.633, 414.384, 445.388, 481.135, 576.066, 527.006, 481.926, 642.176, 584.558, 658.773, 702.206, 747.276, 861.246, 794.375]] 
[[400.005, 479.69, 425.602, 504.117, 541.508, 583.0, 613.759, 737.364, 904.037, 620.076, 653.596, 778.083, 822.454, 902.773, 936.304, 1015.642, 960.881, 1041.152, 1084.198, 1167.68]] 
[[407.742, 481.889, 627.669, 604.336, 724.5, 896.011, 871.682, 997.207, 1039.586, 1068.363, 1012.504, 1199.81, 1218.711, 1193.896, 1199.374, 1218.6970000000001, 1329.746, 1349.804]] 
[[580.522, 646.6, 599.722, 660.153, 697.19, 776.656, 713.957, 878.263, 803.587, 891.155, 919.638, 943.327, 977.841, 1068.7, 1008.155, 1080.289, 1121.68, 1157.856, 1189.899, 1197.333, 1218.673, 1253.056, 1275.182, 1306.04, 1342.194, 1376.71, 1411.693, 1450.1100000000001, 1573.671, 1477.938, 1628.789, 1673.137, 1689.21, 1730.017, 1756.037]] 
[[466.122, 420.278, 476.668, 538.834, 485.96, 649.968, 698.258, 710.55, 729.925, 754.861, 791.194, 824.654, 846.09, 865.153, 895.779, 916.651, 938.598, 957.737, 1034.113, 971.911, 1052.472, 1069.219, 1137.712, 1067.23, 1148.184, 1211.801, 1377.033, 1280.088, 1472.464, 1421.23, 1592.1309999999999, 1542.426, 1484.49]] 
[[398.589, 405.335, 450.468, 530.645, 557.105, 589.712, 727.672, 625.696, 668.742, 745.603, 828.725, 761.748, 843.713, 869.991, 900.865, 936.177, 957.234, 984.437, 1024.151, 980.106, 1041.366, 1073.395, 1112.638, 1250.82, 1150.222, 1313.923, 1341.1190000000001, 1372.779, 1412.825, 1494.714, 1444.188, 1509.915, 1545.107, 1578.2759999999998]] 
[[411.955, 455.56, 530.035, 561.717, 590.536, 617.223, 664.07, 691.46, 780.081, 720.404, 806.879, 889.044, 839.232, 892.995, 917.866, 942.36, 957.886, 990.669, 1024.136, 1079.225, 1107.393, 1343.0529999999999, 1153.317, 1082.133, 1228.816, 1305.921, 1318.705, 1341.0810000000001, 1427.38, 1358.863, 1437.21]] 
[[405.465, 445.063, 482.983, 506.026, 586.029, 626.42, 654.096, 738.269, 669.632, 753.997, 804.306, 851.338, 1114.645, 975.16, 913.073, 1005.777, 1040.172, 1157.686, 1107.069, 1163.711, 1195.749, 1232.598, 1342.742, 1248.526, 1396.1779999999999, 1428.175, 1459.429, 1488.118, 1511.762, 1579.944, 1525.3519999999999, 1609.821, 1602.377]] 
[[393.271, 442.547, 508.478, 555.509, 588.515, 673.558, 609.543, 684.666, 767.822, 705.643, 765.621, 773.56, 936.912, 778.473, 811.972, 844.508, 872.427, 835.816, 844.208]] 
[[489.858, 553.107, 654.939, 601.899, 727.02, 676.225, 741.789, 777.67, 786.519, 821.582, 833.201, 843.1, 876.03, 944.191, 978.138, 1022.476, 1040.272, 1060.658, 1099.432, 1122.478, 1133.778, 1219.923, 1142.615, 1170.603]] 
[[441.474, 457.545, 466.164, 504.567, 504.898, 538.218, 523.598, 532.029, 565.667, 599.95, 623.39, 653.636, 681.728, 692.568, 725.002, 763.814, 831.279, 788.957, 855.343, 890.352, 957.392, 904.646]] 
[[416.371, 481.1, 438.433, 505.024, 490.765, 502.812, 550.787, 620.058, 623.013, 636.066, 658.806, 700.39, 758.237, 854.766, 804.441, 873.041, 878.469, 909.804, 940.538, 951.883, 997.295, 1012.679]] 
[[406.561, 444.594, 561.198, 470.141, 606.7, 664.554, 607.087, 687.939, 721.538, 714.513, 736.655, 741.822, 771.218, 787.874, 831.102, 863.595, 889.281, 879.181, 896.192, 914.588]] 
[[413.755, 445.808, 515.097, 467.075, 538.881, 630.572, 577.114, 633.442, 688.945, 591.036, 620.846, 691.358, 720.234, 721.53, 753.904, 793.668, 831.79, 955.349, 857.259, 970.063, 1005.62, 1027.504, 1061.5720000000001, 1090.284, 1126.594]] 
[[398.46, 487.159, 426.473, 495.979, 513.898, 745.454, 567.341, 632.707, 673.847, 760.578, 781.062, 796.421, 829.865, 850.716, 939.109, 890.777, 963.723, 942.869, 983.914, 1048.168, 1124.759, 1076.606, 1115.24, 1122.443, 1142.601, 1302.224, 1191.905, 1323.653]] 
[[396.628, 425.041, 438.68, 442.805, 489.826, 578.834, 514.733, 574.199, 647.529, 659.049, 683.836, 706.128, 772.017, 712.978, 836.467, 773.423, 800.251]] 
[[453.882, 487.599, 437.225, 535.277, 565.655, 587.293, 607.201, 625.861, 635.895, 702.024, 646.026, 588.511, 697.804, 718.558, 728.431, 755.944, 784.034, 814.438, 856.579]] 
[[401.765, 447.416, 458.309, 483.758, 510.772, 544.234, 549.75, 560.719, 597.156, 644.484, 672.82, 776.7, 695.157, 830.01, 774.074, 828.603, 842.943, 878.344, 915.661, 960.63, 993.976, 1030.526, 1079.505, 1105.0529999999999, 1142.189, 1225.643, 1167.96, 1244.519]] 
[[393.214, 441.851, 491.002, 526.584, 554.658, 638.575, 589.535, 666.044, 617.066, 697.805, 711.88, 714.275, 711.115, 740.488, 715.786, 729.913, 673.339, 754.342]] 
[[399.065, 396.413, 404.321, 425.996, 419.306, 455.926, 450.67, 510.935, 460.61, 493.563, 532.666, 556.401, 544.567, 567.359]] 
[[421.75, 417.85, 451.442, 414.124, 440.922, 455.365, 483.808, 517.818, 541.748, 611.801, 545.016, 627.82, 648.941, 626.435]] 
[[425.896, 446.353, 481.603, 456.251, 469.124, 519.436, 461.582, 532.388, 568.089, 559.271, 553.098, 565.322, 603.967, 602.559]] 
[[468.27, 418.496, 476.501, 520.526, 622.478, 518.239, 638.559, 540.417, 734.063, 427.457, 634.326, 408.329, 677.286, 717.396, 411.7, 753.446, 433.323, 444.876, 760.514, 457.092, 773.739, 815.572, 832.66, 429.741, 430.391]] 
[[434.54, 430.548, 469.959, 455.841, 486.729, 452.76, 520.956, 471.245, 442.293, 536.836, 579.984, 448.605, 566.289, 441.497, 572.233, 611.632, 653.502, 655.789, 683.954, 715.475, 741.279, 812.319, 869.368, 897.605, 933.796, 548.787, 483.795, 416.594, 538.041, 916.599, 567.679, 601.259, 643.311, 681.458]] 
[[457.355, 459.239, 472.389, 461.006, 481.792, 514.339, 466.677, 528.542, 501.027, 556.528, 605.618, 519.838, 574.731, 582.853, 628.332, 656.455, 567.75, 663.639, 555.121, 584.998, 614.875, 622.764, 659.189, 571.448, 678.185, 763.406, 715.618, 799.838, 811.404, 846.369, 887.546, 534.335, 902.71]] 
[[417.663, 401.905, 436.032, 424.89, 435.08, 415.435, 462.341, 425.293, 460.323, 474.71, 455.179, 482.431, 401.508, 422.512, 449.532, 1002.744, 492.809, 435.505, 390.787, 430.706, 504.06, 467.832, 545.147, 561.588]] 
[[455.844, 457.559, 478.147, 442.961, 506.08, 455.885, 508.297, 507.284, 538.381, 507.022, 554.573, 538.301, 618.784, 568.292, 550.064, 631.371, 757.401, 558.72, 658.846, 808.597, 857.771, 548.908, 869.564, 561.391, 587.18, 602.531, 857.591, 887.176, 925.899, 595.558, 899.085, 628.197, 572.486, 903.754, 927.752]] 
[[438.683, 439.49, 480.79, 527.048, 454.871, 463.812, 516.581, 545.899, 568.594, 430.279, 554.208, 592.324, 672.101, 606.192, 405.957, 439.249, 675.542, 702.872, 698.678, 421.478, 457.469, 710.907, 732.973, 800.88, 857.867, 445.625, 469.075, 910.819, 864.048, 931.554, 470.633, 502.811, 1020.044, 927.364]] 
[[403.459, 440.621, 415.756, 453.313, 482.846, 493.343, 533.698, 444.874, 447.968, 496.354, 525.15, 544.106, 505.991, 547.923, 606.441, 540.328, 640.811, 483.38, 668.634, 738.741, 766.541, 794.129, 525.256, 557.706, 556.458, 753.616, 562.394, 614.773, 633.263, 757.218, 655.158, 771.608, 671.816, 685.429, 790.271, 786.39]] 
[[447.56, 515.892, 456.839, 464.245, 508.361, 426.196, 487.711, 581.777, 527.904, 612.895, 519.335, 592.974, 535.8, 589.295, 624.396, 594.685, 648.863, 692.012, 527.113, 655.319, 499.035, 634.735, 511.899, 549.803, 648.124, 694.158, 701.49, 527.056, 558.522, 711.749]] 
[[454.227, 525.857, 537.056, 486.932, 565.109, 550.651, 573.973, 571.96, 608.617, 632.775, 582.449, 620.9, 618.06, 660.308, 691.823, 608.213, 636.295, 638.243, 671.25, 652.712, 651.981, 674.346, 634.55, 692.817, 745.07, 816.961, 635.487, 847.079, 885.074, 967.269, 911.5, 628.625, 982.454, 1015.44, 666.446, 623.02]] 
[[405.014, 415.429, 432.021, 472.204, 451.064, 465.438, 531.75, 450.586, 575.583, 465.259, 580.819, 614.899, 653.168, 694.337, 456.124, 491.205, 710.072, 489.137, 715.062, 753.088, 515.287, 565.541, 689.94, 598.549, 728.132, 756.112, 728.433, 757.365, 764.425, 770.883, 826.993, 792.269, 837.087, 700.762, 785.429, 712.566, 752.181]] 
[[416.504, 395.846, 433.34, 454.613, 411.186, 483.326, 433.567, 521.096, 460.517, 483.149, 508.202, 586.915, 539.693, 533.969, 573.024, 609.604, 649.295, 565.189, 646.665, 605.349, 550.649, 635.326, 614.509, 732.106, 650.067, 673.207, 719.635, 748.116, 786.528, 590.337, 605.302, 767.169, 570.451, 745.568]] 
[[426.158, 477.224, 441.19, 439.576, 472.295, 510.656, 536.584, 510.428, 451.799, 540.433, 505.519, 542.924, 516.123, 550.731, 547.893, 587.588, 566.543, 582.395, 561.034, 610.812, 665.12, 582.182, 661.967, 696.217, 554.598, 559.38, 672.101, 711.673, 550.072, 693.338, 587.014, 698.932]] 
[[431.575, 418.879, 460.57, 483.996, 520.122, 554.201, 419.228, 645.729, 549.466, 583.716, 455.509, 406.332, 422.997, 628.402, 661.15, 735.892, 683.835, 418.384, 436.35, 449.92, 515.461, 451.825, 474.568, 535.804, 505.978, 600.812, 687.562, 521.952, 608.149, 560.624, 708.603, 570.121, 608.614, 688.271, 632.353, 725.929, 588.484, 758.132, 671.068, 816.982, 762.104, 605.598, 640.877, 957.413, 682.225, 861.107, 750.05, 795.565, 880.284, 778.11, 948.162, 620.403]] 
[[468.619, 399.382, 391.027, 472.493, 426.2, 485.844, 507.771, 545.482, 554.401, 506.273, 432.436, 572.049, 568.952, 452.576, 594.997, 645.678, 646.563, 599.943, 666.829, 445.859, 483.257, 631.734, 691.555, 728.261, 500.653, 653.734, 531.474, 678.224, 728.451, 758.382, 703.348, 523.353, 768.811, 716.841, 789.855, 514.274, 540.107, 578.891, 758.667, 796.839, 595.475, 827.027, 652.176, 851.463, 937.671, 583.826, 859.301, 641.644, 679.687, 584.416, 618.377, 694.09]] 
[[469.266, 484.26, 499.57, 452.852, 467.369, 478.661, 556.213, 526.797, 535.465, 525.768, 525.035, 491.632, 516.935, 477.208, 487.793, 518.871, 536.521, 560.205, 559.338, 595.805, 572.719, 632.671, 599.215, 677.668, 702.9, 662.49, 469.54, 586.566, 672.146, 480.638, 670.916, 712.919, 664.594, 703.246, 480.714, 496.651, 692.462, 692.979, 782.493, 721.937, 493.887, 701.278, 781.048, 821.761, 859.089, 780.202, 491.3, 880.443, 767.474, 827.466, 879.145]] 
[[415.196, 434.6, 450.174, 478.117, 513.532, 552.142, 485.745, 447.803, 517.334, 429.646, 561.018, 605.591, 520.127, 554.79, 620.783, 725.762, 621.54, 651.496, 863.138, 778.425, 642.537, 907.634, 672.541, 933.062, 967.333, 688.105, 1000.116, 1032.001, 709.446, 394.085, 726.814, 1057.103, 749.54, 823.808, 766.851, 389.573, 842.857, 880.038, 918.524, 408.968, 1014.693, 434.165, 911.918, 1059.37, 1000.101, 430.128, 1081.505, 449.97, 891.499, 467.994]] 
[[455.999, 402.04, 434.042, 428.247, 460.836, 484.583, 424.809, 420.521, 500.014, 501.766, 431.424, 604.087, 523.007, 561.788, 543.396, 597.059, 556.563, 642.005, 681.112, 554.312, 412.761, 592.964, 720.49, 725.021, 397.664, 425.344, 451.554, 606.45, 548.474, 629.976, 698.62, 452.257, 664.745, 700.009, 721.202, 754.402, 450.507, 708.913, 759.797, 750.867, 777.925, 817.173, 855.233, 891.724, 925.477, 420.404]] 
[[437.964, 427.687, 476.76, 462.063, 487.43, 417.118, 550.833, 469.907, 437.799, 582.99, 492.85, 642.219, 591.457, 435.4, 676.574, 710.44, 727.795, 437.24, 760.461, 443.464, 777.911, 805.182, 445.55, 500.737, 460.876, 415.431, 492.517, 521.225, 792.392, 504.999, 539.519, 565.894, 603.113, 797.466, 648.486, 492.472, 544.814, 593.94, 789.09, 638.601, 807.107, 841.761, 588.644, 628.204, 640.2, 848.156, 638.382, 673.962, 647.562, 853.914]] 
[[429.323, 427.517, 445.772, 481.189, 425.658, 540.124, 440.254, 569.44, 418.518, 433.882, 471.889, 584.366, 615.629, 492.87, 644.121, 485.968, 534.35, 564.875, 436.776, 518.956, 468.803, 582.586, 577.93, 604.67, 576.889, 618.773, 617.705, 627.864, 491.705, 442.207, 643.264, 511.12, 663.865, 571.8, 529.371, 604.288, 675.451, 549.183, 674.285, 560.065, 514.179, 592.938]] 
[[441.852, 470.944, 433.362, 456.517, 433.467, 513.531, 564.572, 458.281, 590.002, 426.144, 614.645, 451.544, 429.366, 627.331, 454.536, 511.634, 735.464, 635.2, 668.613, 517.818, 751.748, 428.805, 782.783, 499.06, 443.808, 803.372, 522.675, 689.298, 638.885, 553.145, 587.228, 456.722, 494.03, 762.324, 670.172, 495.604, 771.419, 806.721, 845.039, 490.003, 529.747, 619.422, 857.374, 547.959, 603.393, 888.156, 823.68, 581.352]] 
[[462.983, 467.028, 496.76, 530.054, 489.229, 467.179, 508.873, 497.349, 592.691, 528.119, 555.078, 496.105, 554.945, 488.805, 564.053, 586.656, 627.271, 646.532, 558.151, 729.448, 680.312, 565.9, 650.938, 597.039, 681.08, 528.295, 692.114, 676.356, 516.732, 553.314, 675.402, 586.113, 642.787, 688.667, 606.078, 718.819, 750.336, 768.72, 588.254, 598.035, 663.725, 608.383, 694.005, 725.921, 720.306, 796.025, 740.068]] 
[[407.311, 490.382, 466.791, 514.317, 545.945, 471.264, 556.018, 427.55, 455.554, 583.898, 525.599, 518.441, 643.881, 542.482, 445.45, 576.237, 558.928, 583.003, 681.073, 710.684, 609.263, 620.123, 546.206, 678.02, 725.22, 609.896, 550.782, 583.05, 666.328, 727.191, 808.145, 756.413, 596.384, 682.58, 717.65, 619.816, 845.836, 623.858, 657.312, 731.726, 671.369, 721.672, 839.66, 869.844, 749.237, 795.103, 689.704, 921.964, 867.279, 833.229]] 
[[462.283, 462.87, 455.562, 437.703, 466.034, 450.744, 450.052, 496.845, 480.247, 466.062, 468.315, 471.022, 493.925, 463.378, 498.934, 531.803, 505.049, 471.474, 540.774, 546.747, 524.177, 549.668, 654.255, 593.834, 690.015, 729.881, 763.063, 521.666, 599.685, 644.962, 800.066, 840.448, 532.276, 911.031, 861.487, 577.41, 644.474, 918.392, 603.83, 645.996, 935.678, 1008.889, 950.274, 637.414, 590.876, 628.047, 751.098, 681.938, 967.506]] 
[[421.088, 458.574, 484.625, 481.982, 518.206, 436.853, 540.251, 407.392, 425.252, 477.336, 564.856, 428.006, 442.503, 495.437, 602.461, 484.129, 428.078, 460.107, 483.522, 491.988, 492.504, 598.75, 506.16, 543.731, 512.473, 613.998, 568.753, 608.97, 635.033, 468.545, 664.229, 509.539, 582.179, 531.676, 609.695, 610.909, 644.497, 662.843, 623.446, 669.551, 694.53, 771.207, 641.089, 710.786, 674.271, 671.458, 416.206, 694.288, 695.091, 761.972, 737.31, 793.298, 768.96, 857.101, 941.487, 889.747, 671.699, 514.206, 796.297, 638.402, 386.202, 672.553, 751.697, 441.827, 768.049, 803.839, 750.468, 846.584]] 
[[516.268, 494.604, 481.074, 529.895, 558.987, 469.4, 494.071, 578.637, 685.962, 609.942, 476.457, 508.34, 541.669, 577.26, 713.156, 496.891, 489.336, 524.698, 654.678, 600.986, 723.271, 686.23, 505.097, 742.866, 713.543, 622.881, 742.917, 530.517, 799.753, 804.824, 857.169, 731.965, 863.703, 804.371, 469.54, 519.413, 573.873, 653.857, 590.185, 598.356, 957.264, 890.775, 663.548, 818.463, 1017.446, 965.909, 677.929, 709.619, 753.095, 551.539, 806.496, 1010.465, 773.108, 809.172, 556.4, 851.376, 588.666, 818.839, 795.927, 860.738, 902.894, 964.841, 930.468, 808.088, 987.12, 946.765, 827.892, 539.177]] 
[[420.681, 424.611, 443.026, 439.823, 542.036, 469.533, 417.135, 426.315, 562.267, 442.507, 477.726, 445.304, 577.763, 504.469, 604.283, 463.29, 485.758, 443.566, 547.305, 614.881, 652.934, 497.033, 601.213, 679.541, 714.854, 450.725, 619.376, 500.982, 479.639, 656.595, 528.186, 709.749, 554.923, 673.708, 525.949, 707.683, 469.328, 546.761, 555.902, 695.645, 584.421, 727.606, 611.912, 649.585, 748.632, 684.818, 671.233, 709.068, 753.366, 508.943, 693.628, 771.543, 739.05, 772.886, 809.439, 799.312, 508.305, 834.903, 867.141, 824.613, 666.98, 887.112, 847.145, 496.569, 872.471, 906.167, 994.603, 938.057]] 
[[406.938, 430.475, 412.737, 477.141, 408.363, 498.883, 398.658, 443.6, 438.723, 460.511, 515.123, 410.909, 547.289, 428.591, 574.046, 420.552, 455.599, 653.654, 594.748, 450.58, 756.591, 684.16, 508.387, 454.983, 456.274, 530.235, 491.082, 753.44, 519.384, 418.66, 776.014, 810.057, 852.552, 534.791, 897.04, 571.73, 499.508, 418.14, 616.594, 652.657, 892.866, 519.655, 675.237, 431.928, 529.524, 480.733, 992.011, 528.678, 893.148, 928.106, 657.865, 539.535, 1027.764, 687.777, 975.457, 487.218, 566.759, 1032.692, 535.185, 508.147, 1056.402, 544.164, 599.11, 647.332, 580.639, 601.032, 596.986, 1022.073]] 
[[544.476, 464.22, 581.376, 444.999, 441.908, 468.65, 431.697, 586.635, 459.858, 469.039, 638.581, 463.236, 453.729, 461.457, 640.95, 468.592, 505.68, 446.96, 658.209, 468.788, 571.399, 564.256, 528.686, 659.565, 702.611, 713.388, 734.687, 467.464, 560.225, 508.606, 589.979, 628.421, 728.12, 509.002, 514.758, 534.635, 544.652, 582.296, 657.965, 552.522, 605.995, 579.069, 677.406, 625.426, 601.875, 697.858, 664.7, 699.932, 613.457, 651.794, 620.385, 700.864, 651.831, 703.525, 661.561, 732.188, 689.164, 765.425, 652.158, 690.524, 790.797, 713.294, 661.386, 704.988, 801.538, 657.222, 710.5, 748.633]] 
[[427.536, 432.323, 421.764, 430.894, 450.859, 463.93, 458.978, 467.216, 429.092, 467.521, 535.78, 504.621, 475.002, 537.577, 437.474, 487.119, 411.435, 521.136, 536.355, 552.766, 507.811, 574.73, 421.109, 515.4, 656.695, 593.338, 513.582, 439.095, 522.194, 457.357, 553.489, 538.251, 485.681, 564.969, 625.872, 598.728, 490.056, 552.201, 660.819, 514.251, 616.079, 684.353, 556.501, 712.014, 599.344, 642.081, 687.459, 612.001, 678.757, 707.249, 741.612, 757.045, 690.376, 825.903, 450.346, 786.8, 483.219, 870.223, 688.807, 510.311, 536.503, 910.941, 857.168, 759.509, 683.78, 939.722, 714.468, 765.833]] 
[[458.356, 438.286, 440.654, 480.748, 435.02, 480.698, 483.814, 429.075, 459.473, 540.11, 490.96, 495.338, 464.812, 497.956, 536.924, 544.534, 721.225, 418.966, 562.92, 612.813, 602.554, 534.169, 752.291, 451.086, 455.272, 489.677, 520.371, 566.775, 660.202, 758.587, 806.672, 705.177, 834.035, 488.718, 867.075, 569.343, 547.22, 409.409, 497.147, 860.838, 575.552, 889.829, 613.934, 645.015, 905.153, 528.475, 659.143, 571.785, 648.746, 718.822, 911.644, 946.046, 677.104, 983.559, 726.958, 747.399, 729.371, 786.265, 664.015, 986.551, 507.646, 543.662, 784.116, 695.671, 818.343, 568.264, 585.83, 853.98]] 
[[477.952, 485.514, 535.355, 443.97, 440.003, 547.11, 463.527, 531.847, 595.905, 560.693, 488.018, 666.942, 615.695, 413.373, 467.767, 491.915, 528.792, 658.109, 646.548, 550.606, 464.427, 680.723, 570.806, 753.813, 502.329, 695.301, 637.706, 512.197, 465.467, 700.77, 653.424, 739.569, 728.756, 762.988, 504.09, 514.796, 465.136, 728.228, 547.083, 826.619, 770.626, 559.968, 494.101, 738.691, 779.514, 873.014, 924.615, 971.789, 1004.876, 589.346, 558.545, 789.994, 523.595, 821.88, 462.108, 857.582, 995.639, 589.024, 631.533, 534.068, 554.03, 750.733, 640.07, 682.715, 840.424, 863.289, 538.605, 930.56]] 
[[456.264, 439.83, 618.21, 484.468, 517.738, 524.788, 431.139, 460.006, 441.997, 461.928, 573.121, 610.774, 491.031, 468.768, 570.474, 620.32, 507.952, 478.194, 650.438, 698.259, 753.409, 648.049, 543.144, 495.504, 679.886, 699.379, 774.428, 813.307, 516.369, 719.377, 825.899, 598.556, 530.927, 736.133, 829.395, 574.414, 506.451, 590.589, 733.169, 619.68, 844.826, 877.587, 561.356, 750.65, 671.371, 899.392, 611.415, 920.311, 1086.588, 951.022, 992.85, 530.447, 1009.21, 677.538, 705.415, 710.137, 620.824, 728.618, 1052.581, 515.932, 740.232, 631.073, 540.818, 654.548, 1045.033, 1074.748, 637.414, 667.157, 640.454]] 
[[414.214, 430.514, 459.577, 456.003, 459.473, 444.747, 489.604, 481.23, 465.177, 418.624, 453.438, 477.79, 481.27, 465.176, 478.383, 501.41, 543.158, 584.846, 619.631, 467.956, 506.454, 539.835, 726.14, 435.772, 620.534, 663.191, 454.182, 444.916, 496.683, 722.897, 767.49, 816.324, 512.811, 848.719, 933.31, 1007.349, 1058.206, 420.543, 471.771, 431.28, 466.449, 1094.605, 1046.545, 1126.211, 447.652, 469.734, 500.463, 541.528, 585.384, 451.984, 394.485, 428.428, 475.953, 1088.737, 1132.285, 1165.629, 1201.23, 1229.884, 461.318, 539.385, 1298.466, 1234.5720000000001, 390.969, 547.827, 462.246, 549.588, 490.329, 1268.173, 573.029]] 
[[443.703, 529.179, 419.558, 401.299, 446.813, 503.704, 430.938, 563.521, 419.247, 507.612, 465.148, 530.228, 620.878, 467.157, 438.932, 826.737, 693.766, 508.823, 442.224, 978.362, 875.854, 1051.018, 522.501, 614.215, 478.013, 1107.632, 503.63, 540.994, 433.473, 554.144, 506.295, 602.341, 1142.567, 1225.208, 562.009, 1293.759, 596.7, 647.305, 595.125, 677.388, 421.072, 463.307, 598.211, 493.858, 1421.936, 1325.906, 659.861, 606.358, 651.09, 1548.346, 1457.234, 679.824, 711.455, 517.589, 467.191, 740.094, 630.47, 767.653, 655.666, 690.749, 496.999, 532.12, 1522.992, 752.815, 1574.722, 680.891, 520.863, 788.945, 1603.205]] 
[[413.692, 434.535, 460.622, 497.153, 438.375, 475.532, 426.14, 502.151, 495.94, 476.795, 533.905, 426.766, 512.547, 430.738, 465.657, 546.437, 494.768, 519.231, 537.224, 560.04, 539.688, 593.415, 591.157, 421.774, 462.965, 493.974, 610.575, 528.287, 593.48, 621.205, 655.37, 536.714, 609.487, 680.7, 714.871, 630.598, 470.077, 538.308, 501.276, 566.406, 736.191, 524.114, 774.428, 550.933, 610.294, 594.607, 798.819, 552.586, 623.482, 610.439, 649.681, 805.035, 634.548, 824.477, 716.757, 668.499, 849.536, 575.858, 726.486, 508.555, 744.88, 844.431, 620.044, 765.823, 863.959, 644.819, 526.941, 883.563, 656.037]] 
[[446.148, 424.092, 423.616, 454.814, 423.647, 435.183, 466.828, 484.881, 490.672, 432.745, 427.98, 459.579, 517.202, 476.442, 520.987, 545.307, 585.795, 619.711, 437.299, 547.052, 440.49, 543.571, 457.556, 477.492, 587.244, 485.981, 616.176, 634.494, 583.824, 661.294, 508.938, 739.64, 688.148, 527.111, 762.735, 593.768, 451.405, 782.056, 541.18, 524.227, 467.278, 585.966, 546.515, 667.774, 613.178, 761.478, 595.877, 641.867, 678.331, 701.419, 650.685, 587.648, 476.991, 741.637, 517.445, 700.851, 736.664, 680.649, 752.927, 602.543, 762.416, 801.782, 728.157, 663.797, 748.705, 673.234, 717.451, 723.36, 799.357]] 
[[422.051, 423.306, 454.728, 408.087, 433.184, 483.582, 492.105, 417.767, 420.823, 463.059, 543.203, 464.045, 500.628, 510.039, 454.057, 531.035, 575.237, 542.055, 496.455, 524.433, 569.059, 652.743, 596.597, 606.27, 507.49, 668.859, 634.268, 703.751, 504.141, 536.315, 724.69, 505.901, 635.465, 554.941, 662.434, 584.854, 815.355, 722.042, 752.138, 498.049, 664.672, 581.326, 522.546, 679.93, 636.907, 790.086, 879.944, 683.959, 911.865, 806.484, 731.813, 687.465, 659.995, 921.407, 692.741, 727.14, 733.258, 765.695, 739.956, 788.225, 904.782, 409.072, 445.532, 738.046, 798.51, 464.31, 757.11, 816.222, 793.391]] 
[[431.922, 456.935, 507.223, 444.099, 429.765, 515.232, 484.705, 454.133, 532.673, 554.559, 475.331, 468.133, 502.459, 542.769, 477.261, 557.26, 516.388, 443.523, 555.332, 538.617, 572.274, 581.652, 494.794, 558.041, 602.441, 575.358, 581.776, 621.219, 638.714, 588.81, 501.945, 536.2, 634.038, 574.82, 623.744, 758.568, 649.266, 685.78, 788.798, 531.403, 619.135, 555.945, 613.048, 803.43, 844.585, 618.249, 880.466, 656.006, 558.604, 901.634, 608.532, 926.242, 603.95, 980.658, 1057.569, 1118.845, 618.521, 1159.719, 617.818, 660.994, 713.772, 602.968, 675.143, 598.466, 720.93, 703.537, 1128.165, 624.367, 725.873]] 
[[427.948, 424.002, 435.075, 398.053, 425.153, 428.836, 473.087, 467.275, 398.326, 447.733, 513.434, 474.901, 477.024, 409.742, 445.407, 461.518, 506.521, 538.611, 485.42, 613.148, 512.3, 690.268, 630.407, 531.377, 611.326, 493.603, 552.623, 567.474, 685.336, 724.309, 611.469, 799.442, 753.697, 577.426, 823.006, 860.75, 616.858, 649.471, 882.337, 478.071, 428.36, 591.584, 891.081, 658.264, 922.569, 473.935, 954.79, 995.07, 614.762, 660.751, 637.721, 687.206, 1049.842, 718.996, 990.417, 783.203, 737.438, 625.211, 868.327, 804.971, 399.621, 889.507, 942.508, 462.821, 410.94, 970.336, 978.783, 476.551, 576.139]] 
[[458.24, 492.216, 470.485, 445.713, 502.794, 492.256, 462.898, 467.617, 567.252, 507.88, 515.267, 463.811, 562.3, 510.628, 612.945, 597.995, 653.746, 722.016, 433.597, 620.615, 548.05, 737.175, 662.63, 581.083, 697.489, 754.207, 728.46, 643.932, 782.339, 678.164, 459.556, 800.124, 847.142, 499.507, 655.53, 546.84, 702.338, 598.447, 1474.077, 734.814, 671.036, 744.488, 688.465, 626.137, 818.651, 730.026, 808.556, 886.941, 840.853, 772.86, 722.498, 906.457, 802.379, 879.236, 783.431, 627.124, 816.851, 666.487, 812.114, 718.67, 833.809, 749.743, 832.663, 862.595, 899.647, 810.171, 831.178, 921.572, 811.551]] 
[[556.439, 591.744, 615.503, 541.444, 555.427, 526.063, 523.082, 586.064, 497.784, 479.487, 1268.146, 510.405, 497.893, 1247.839, 2444.465, 1589.0259999999998, 1541.222, 1519.874, 1615.091, 1508.868, 2403.6440000000002, 1689.7849999999999, 1637.646, 733.169, 1475.607, 625.911, 740.831, 631.139, 644.34, 665.488, 694.8, 636.656, 545.243, 524.499, 650.271, 519.623, 3932.517, 685.908, 667.235, 634.307, 520.814, 571.409, 524.22, 3287.743, 867.717, 849.011, 851.328, 843.091, 1637.1660000000002, 823.349, 811.595, 812.498, 806.949, 852.064, 785.22, 807.891, 781.301, 1411.562, 949.393, 796.935, 1395.5729999999999, 756.22, 793.367, 2095.681, 963.573, 705.336, 1874.7440000000001, 2844.014, 1468.502]] 
[[405.426, 451.311, 493.672, 419.717, 413.872, 498.79, 545.662, 445.977, 476.01, 521.566, 574.747, 407.195, 645.347, 594.776, 677.138, 553.74, 505.054, 870.173, 708.092, 810.196, 764.577, 400.539, 559.113, 593.019, 420.284, 623.385, 848.99, 456.663, 413.718, 436.876, 651.217, 470.867, 456.94, 498.206, 846.526, 876.343, 913.178, 511.385, 466.047, 950.701, 543.6, 590.005, 974.003, 607.712, 641.942, 652.293, 690.184, 671.407, 719.673, 754.634, 956.382, 678.542, 779.047, 827.43, 387.574, 850.757, 893.841, 1044.487, 966.105, 916.25, 1085.347, 1223.233, 878.047, 611.14, 1142.355, 889.493, 1216.71, 411.31, 628.125, 1237.224]] 
[[421.852, 422.329, 452.488, 449.467, 445.926, 481.365, 542.236, 466.712, 512.987, 540.183, 492.789, 564.676, 430.291, 501.719, 445.086, 456.656, 579.102, 552.338, 504.418, 436.208, 574.797, 588.242, 457.789, 474.581, 516.533, 584.222, 596.759, 540.422, 648.685, 607.258, 459.002, 505.554, 550.774, 598.465, 597.248, 649.166, 728.405, 636.563, 674.514, 661.8, 753.909, 479.4, 694.878, 773.671, 719.989, 500.431, 533.747, 808.084, 742.661, 891.338, 557.288, 794.506, 908.237, 519.936, 479.629, 551.685, 773.977, 811.417, 886.134, 559.627, 603.042, 844.431, 917.748, 890.752, 948.021, 927.595, 422.754, 962.568, 572.03, 609.594]] 
[[414.379, 396.78, 540.275, 448.752, 409.502, 484.885, 436.731, 425.812, 465.716, 502.493, 504.883, 453.002, 526.187, 564.578, 604.305, 435.044, 546.307, 499.144, 526.124, 461.776, 576.878, 605.288, 444.372, 509.532, 594.977, 654.939, 548.853, 499.251, 579.91, 687.606, 621.893, 518.659, 582.203, 552.209, 600.464, 675.067, 628.446, 591.217, 702.246, 620.025, 732.671, 676.402, 762.008, 598.183, 795.143, 630.478, 608.747, 660.782, 640.754, 706.108, 684.052, 723.655, 745.807, 778.995, 857.24, 806.659, 754.967, 640.806, 871.715, 718.555, 703.524, 653.376, 884.594, 774.967, 715.381, 797.716, 709.519, 741.645, 826.209, 774.63]] 
[[400.647, 425.12, 468.58, 400.861, 417.367, 472.515, 481.048, 432.319, 522.895, 459.977, 406.675, 439.768, 519.208, 532.257, 576.596, 487.86, 556.712, 459.262, 429.999, 597.145, 622.699, 578.056, 466.356, 610.331, 495.949, 460.13, 530.992, 567.475, 649.988, 593.935, 627.016, 725.026, 666.6, 703.798, 669.428, 445.846, 751.267, 730.027, 538.292, 824.411, 568.726, 609.655, 880.293, 919.861, 744.059, 441.35, 627.878, 943.38, 464.003, 657.842, 700.028, 787.459, 740.365, 481.273, 508.266, 710.193, 810.064, 935.039, 848.876, 964.883, 531.279, 564.56, 598.318, 871.96, 979.289, 1018.693, 730.992, 678.007, 1036.685, 597.28]] 
[[420.979, 483.604, 480.771, 419.486, 425.135, 460.076, 472.31, 522.789, 484.299, 517.234, 428.332, 537.891, 467.505, 507.703, 456.015, 551.171, 415.937, 516.376, 473.74, 509.897, 562.196, 527.7, 558.763, 606.219, 587.096, 662.432, 550.042, 592.202, 628.946, 726.419, 676.673, 468.171, 409.402, 745.348, 496.034, 780.295, 535.866, 556.582, 807.816, 845.131, 887.659, 566.732, 568.394, 903.038, 985.9, 935.909, 554.25, 598.037, 999.31, 620.6, 607.685, 557.314, 1015.031, 1055.356, 1092.097, 1126.505, 625.352, 1160.352, 565.327, 472.702, 580.075, 611.737, 1158.086, 697.998, 594.091, 731.327, 607.479, 535.663, 752.23, 550.193]] 
[[422.048, 441.474, 416.219, 452.181, 454.838, 422.082, 473.957, 432.546, 480.195, 470.377, 515.257, 545.473, 412.697, 484.047, 446.298, 584.077, 627.203, 518.333, 469.35, 519.443, 690.39, 640.093, 541.683, 523.068, 579.32, 486.7, 637.517, 512.919, 531.635, 712.846, 563.673, 658.035, 739.361, 514.391, 616.461, 541.783, 745.257, 574.593, 635.062, 670.124, 794.521, 600.497, 490.007, 683.992, 732.802, 799.362, 856.803, 797.713, 920.977, 871.114, 843.241, 461.017, 900.852, 590.654, 928.224, 924.637, 523.126, 459.294, 683.525, 927.112, 574.833, 693.422, 453.893, 746.996, 773.483, 915.541, 951.764, 984.292, 1034.52, 436.96]] 
[[417.302, 402.882, 470.621, 417.207, 432.994, 456.961, 460.601, 482.63, 422.31, 523.285, 454.367, 487.401, 419.403, 446.287, 506.497, 512.864, 608.495, 531.545, 520.715, 412.513, 445.578, 545.518, 583.435, 394.299, 443.807, 565.566, 444.016, 591.414, 451.855, 568.985, 617.508, 597.671, 480.228, 432.474, 615.121, 599.814, 470.086, 505.75, 630.621, 597.462, 388.101, 646.609, 538.994, 395.232, 578.089, 616.733, 653.357, 672.952, 454.882, 397.367, 687.804]] 
[[454.231, 428.604, 490.531, 397.991, 405.55, 481.346, 460.638, 468.458, 521.827, 428.666, 455.113, 405.594, 503.16, 590.887, 720.117, 664.723, 441.936, 478.398, 748.492, 552.595, 498.403, 414.902, 566.425, 749.245, 598.399, 778.516, 403.713, 801.284, 395.94, 829.582, 417.651, 476.463, 423.723, 557.185, 597.382, 553.568, 631.185, 484.853, 614.158, 645.565, 775.404, 651.118, 653.651, 681.249, 678.677, 764.758, 804.846, 403.734, 662.631, 699.035, 420.109, 459.986, 730.573, 470.927, 775.18, 739.457]] 
[[401.726, 406.637, 410.76, 448.859, 428.512, 482.373, 505.518, 470.271, 542.498, 464.766, 499.594, 407.722, 526.485, 437.038, 521.054, 518.327, 435.516, 437.339, 538.35, 504.694, 545.195, 505.849, 535.816, 542.474, 553.519, 512.706, 592.944, 576.241, 537.558, 610.846, 610.328, 618.333, 539.698, 574.766, 636.069, 407.414, 631.547, 575.173, 528.671, 609.938, 562.411, 387.507, 420.442, 576.397, 483.676, 408.68, 540.627, 577.65, 560.739, 555.054, 477.405, 529.491, 572.057, 599.925, 571.036, 600.119]] 
[[420.666, 518.414, 422.934, 456.07, 497.142, 556.899, 517.315, 435.913, 437.671, 534.856, 457.208, 549.895, 522.763, 564.051, 437.838, 593.692, 413.547, 656.288, 445.212, 479.926, 485.202, 525.875, 525.361, 571.988, 626.323, 688.047, 635.759, 417.829, 544.123, 719.945, 620.637, 680.244, 636.207, 751.125, 701.352, 411.024, 528.386, 760.363, 741.332, 684.96, 745.89, 784.401, 505.824, 814.12, 430.584, 504.958, 834.302, 513.039, 688.553, 505.609, 519.828, 712.896, 567.24, 778.037, 606.106]] 
average response time [0]405.663
average response time [1]406.403
average response time [2]383.056
average response time [3]396.939
average response time [4]425.916
average response time [5]385.74
average response time [6]384.719
average response time [7]388.279
average response time [8]397.263
average response time [9]395.383
TOTAL AVERAGE RESPONSE TIME ====================: 396.9361
NUMBER OF THREADS ==============================: 1
average response time [10]493.3745
average response time [11]417.02099999999996
average response time [12]421.8425
average response time [13]546.053
average response time [14]516.36
average response time [15]425.3
average response time [16]421.12649999999996
average response time [17]416.76800000000003
average response time [18]426.2975
average response time [19]420.03049999999996
TOTAL AVERAGE RESPONSE TIME ====================: 450.41735
NUMBER OF THREADS ==============================: 2
average response time [20]461.40250000000003
average response time [21]471.96475
average response time [22]491.70050000000003
average response time [23]464.66325
average response time [24]462.40925
average response time [25]564.9765
average response time [26]479.12325
average response time [27]464.02975000000004
average response time [28]449.738
average response time [29]463.96325
TOTAL AVERAGE RESPONSE TIME ====================: 477.3971
NUMBER OF THREADS ==============================: 4
average response time [30]564.5495
average response time [31]555.662125
average response time [32]537.350875
average response time [33]566.39275
average response time [34]560.7125
average response time [35]547.11625
average response time [36]554.997625
average response time [37]1130.9665
average response time [38]647.6080000000001
average response time [39]552.218
TOTAL AVERAGE RESPONSE TIME ====================: 621.7574125
NUMBER OF THREADS ==============================: 8
average response time [40]732.7705
average response time [41]721.57925
average response time [42]748.1419375
average response time [43]715.7281875
average response time [44]731.4820625
average response time [45]681.9200625
average response time [46]701.068125
average response time [47]708.7105
average response time [48]759.08575
average response time [49]725.0615
TOTAL AVERAGE RESPONSE TIME ====================: 722.5547875
NUMBER OF THREADS ==============================: 16
average response time [50]1003.17121875
average response time [51]1085.53303125
average response time [52]1100.28528125
average response time [53]1130.1245
average response time [54]1177.99053125
average response time [55]710.6428947368421
average response time [56]653.8854705882353
average response time [57]593.8677142857143
average response time [58]758.59605
average response time [59]968.9737222222222
TOTAL AVERAGE RESPONSE TIME ====================: 918.3070414333013
NUMBER OF THREADS ==============================: 32
average response time [60]1144.9994285714286
average response time [61]964.5389090909091
average response time [62]983.1765
average response time [63]950.555
average response time [64]1049.1420606060606
average response time [65]704.8973157894737
average response time [66]888.2292916666667
average response time [67]659.1916818181818
average response time [68]709.3080909090909
average response time [69]709.81665
TOTAL AVERAGE RESPONSE TIME ====================: 876.385492845181
NUMBER OF THREADS ==============================: 64
average response time [70]749.172
average response time [71]861.7125357142858
average response time [72]614.8484705882353
average response time [73]643.5914210526315
average response time [74]798.667
average response time [75]631.5262222222223
average response time [76]472.6998571428571
average response time [77]514.6314285714286
average response time [78]517.4956428571429
average response time [79]573.81588
TOTAL AVERAGE RESPONSE TIME ====================: 637.8160458148803
NUMBER OF THREADS ==============================: 65
average response time [80]596.5457941176471
average response time [81]613.5126060606061
average response time [82]474.8338333333333
average response time [83]637.9214857142857
average response time [84]609.9034411764706
average response time [85]591.5489722222222
average response time [86]568.1914333333333
average response time [87]674.0424722222222
average response time [88]624.4381891891892
average response time [89]579.4123235294118
TOTAL AVERAGE RESPONSE TIME ====================: 597.0350550898722
NUMBER OF THREADS ==============================: 66
average response time [90]562.82809375
average response time [91]613.0662115384615
average response time [92]615.1007307692307
average response time [93]612.2376666666667
average response time [94]689.58476
average response time [95]588.4252826086956
average response time [96]595.33116
average response time [97]539.533761904762
average response time [98]591.2238958333334
average response time [99]607.6815531914893
TOTAL AVERAGE RESPONSE TIME ====================: 601.5013116262639
NUMBER OF THREADS ==============================: 67
average response time [100]640.39336
average response time [101]619.9624285714285
average response time [102]602.2169264705882
average response time [103]695.8920735294117
average response time [104]624.3016617647058
average response time [105]605.4032647058824
average response time [106]603.3201764705882
average response time [107]583.8736764705882
average response time [108]627.0908529411764
average response time [109]637.2765147058824
TOTAL AVERAGE RESPONSE TIME ====================: 623.9730935630253
NUMBER OF THREADS ==============================: 68
average response time [110]667.2943623188406
average response time [111]639.6190724637681
average response time [112]712.3104637681159
average response time [113]592.672420289855
average response time [114]587.7288695652173
average response time [115]619.2410144927536
average response time [116]636.0163913043478
average response time [117]630.499536231884
average response time [118]689.3965797101449
average response time [119]1049.8949420289855
TOTAL AVERAGE RESPONSE TIME ====================: 682.4673652173913
NUMBER OF THREADS ==============================: 69
average response time [120]680.6555285714286
average response time [121]611.2669428571429
average response time [122]620.2285428571429
average response time [123]624.2141285714285
average response time [124]637.0144571428572
average response time [125]629.4025714285714
average response time [126]509.7687843137255
average response time [127]569.7916785714285
average response time [128]518.8632142857143
average response time [129]576.104890909091
TOTAL AVERAGE RESPONSE TIME ====================: 597.7310739508532
NUMBER OF THREADS ==============================: 70
average response time sent to Stackdriver [0]471.96475
average response time sent to Stackdriver [1]554.997625
average response time sent to Stackdriver [2]681.9200625
average response time sent to Stackdriver [3]1100.28528125
average response time sent to Stackdriver [4]968.9737222222222
average response time sent to Stackdriver [5]1049.1420606060606
average response time sent to Stackdriver [6]749.172
average response time sent to Stackdriver [7]573.81588
average response time sent to Stackdriver [8]568.1914333333333
average response time sent to Stackdriver [9]689.58476
average response time sent to Stackdriver [10]619.9624285714285
average response time sent to Stackdriver [11]637.2765147058824
average response time sent to Stackdriver [12]619.2410144927536
average response time sent to Stackdriver [13]680.6555285714286
average response time sent to Stackdriver [14]569.7916785714285
NUMBER OF THREADS: [1, 2, 4, 8, 16, 32, 64, 65, 66, 67, 68, 69, 70]
WORKLOAD: HFU_LV;  
TOTAL EXECUTION TIME (Concurrent Parallel Requests): 158468.716
NUMBER OF REPLICAS USED: 5

