[[356.751, 357.965, 359.893, 365.403, 396.617, 362.363, 377.724, 373.694, 368.559, 383.528, 364.012, 375.594, 377.24, 382.153, 394.227, 390.865, 416.892, 398.1, 394.119, 399.186, 401.084, 409.014, 406.261, 401.989, 415.687, 418.504, 426.192, 422.345, 409.528, 427.417, 418.852, 428.846, 433.941, 436.874, 447.671, 428.236, 441.113, 436.911, 447.729, 455.541, 439.391, 451.014, 447.191, 455.265, 475.945, 457.137, 459.338, 461.351, 466.333, 462.484, 468.04, 473.853, 479.429, 475.966, 519.961, 485.743, 504.902, 490.862, 494.978, 508.676, 527.219, 534.389, 519.953, 538.526, 544.829, 546.832, 539.885, 551.579, 556.691, 559.573, 545.825, 551.354, 559.414, 561.934, 567.638, 563.919, 597.785, 571.881, 581.783, 569.138, 577.545, 573.341, 582.613, 583.257, 595.311, 604.613, 588.025, 584.146, 594.362, 595.921, 604.11, 600.647, 606.111, 608.171, 639.84, 638.653, 623.782, 621.496, 636.786, 635.567]] 
AVERAGE RESPONSE TIME: 487.70923
NUMBER OF THREADS: [100]
WORKLOAD: LV_HF; PAL CONFIG: cache; NUMBER OF REPLICAS: 1 
TOTAL EXECUTION TIME (Concurrent Parallel Requests): 736.673


[[355.003, 340.193, 348.175, 340.684, 341.834, 346.754, 359.165, 374.355, 355.72, 359.773, 365.827, 360.994, 347.181, 365.391, 376.793, 372.537, 379.044, 368.339, 382.699, 380.158, 390.776, 383.525, 386.493, 411.405, 406.711, 389.108, 427.313, 419.289, 392.713, 395.042, 413.002, 387.641, 396.367, 412.327, 430.606, 444.643, 430.504, 435.726, 422.217, 421.553, 435.673, 400.825, 457.969, 427.11, 449.95, 406.66, 446.409, 442.949, 718.712, 449.396, 438.386, 467.45, 463.043, 455.643, 458.647, 451.179, 483.123, 485.28, 464.462, 473.228, 488.352, 468.048, 474.489, 482.629, 463.02, 496.879, 502.967, 485.92, 488.903, 571.208, 508.729, 512.23, 559.804, 681.758, 596.193, 698.213, 578.681, 676.998, 682.154, 670.642, 679.797, 681.918, 676.881, 684.834, 687.271, 672.493, 669.432, 679.175, 682.265, 679.278, 673.486, 676.367, 674.689, 673.129, 673.736, 642.334, 668.419, 650.272, 644.698, 658.156]] 
AVERAGE RESPONSE TIME: 492.10121
NUMBER OF THREADS: [100]
WORKLOAD: LV_HF; PAL CONFIG: cache; NUMBER OF REPLICAS: 1 
TOTAL EXECUTION TIME (Concurrent Parallel Requests): 787.26


[[383.996, 388.069, 362.651, 376.967, 373.079, 369.07, 402.227, 385.462, 394.631, 403.516, 408.349, 380.471, 389.268, 419.531, 401.802, 393.376, 423.59, 412.772, 408.136, 431.866, 402.973, 421.24, 442.879, 425.765, 431.607, 450.356, 443.781, 420.67, 412.527, 434.288, 429.218, 456.691, 465.748, 448.904, 439.097, 459.524, 465.578, 454.397, 467.684, 446.771, 439.869, 468.427, 470.828, 476.409, 472.431, 487.137, 492.948, 479.638, 482.348, 475.403, 506.287, 486.197, 497.343, 499.666, 606.419, 488.449, 503.822, 515.553, 599.798, 489.056, 507.352, 517.502, 520.929, 605.218, 523.06, 515.498, 505.956, 524.379, 495.951, 523.856, 533.225, 535.14, 594.36, 546.038, 522.557, 540.927, 596.082, 535.83, 578.786, 521.627, 529.684, 553.505, 539.535, 554.675, 540.942, 542.762, 553.909, 555.858, 565.077, 543.342, 558.962, 553.312, 582.97, 577.968, 582.684, 587.233, 592.315, 582.102, 585.239, 589.265]] 
AVERAGE RESPONSE TIME: 486.82167
NUMBER OF THREADS: [100]
WORKLOAD: LV_HF; PAL CONFIG: cache; NUMBER OF REPLICAS: 1 
TOTAL EXECUTION TIME (Concurrent Parallel Requests): 704.085


[[331.356, 337.914, 346.896, 353.395, 326.329, 338.013, 330.847, 339.37, 353.668, 362.404, 348.084, 340.755, 353.569, 355.234, 363.941, 360.043, 371.592, 364.307, 372.359, 365.094, 383.218, 373.734, 378.629, 383.782, 388.869, 373.825, 391.279, 384.513, 394.519, 390.992, 407.376, 395.617, 409.513, 414.296, 398.855, 394.849, 418.964, 422.468, 415.501, 419.494, 423.123, 425.495, 428.268, 427.605, 429.031, 429.974, 432.975, 435.239, 438.608, 435.89, 440.007, 442.871, 450.367, 453.951, 446.901, 441.9, 459.493, 455.06, 460.265, 451.072, 465.1, 462.23, 467.524, 471.47, 467.287, 472.53, 474.459, 477.005, 485.309, 478.933, 492.383, 481.661, 496.336, 486.728, 490.5, 501.702, 495.249, 497.726, 503.499, 507.405, 503.005, 526.351, 523.448, 508.243, 509.233, 510.376, 515.953, 524.203, 510.93, 555.743, 525.442, 521.622, 526.404, 531.277, 526.855, 532.048, 533.292, 534.559, 536.255, 538.781]] 
AVERAGE RESPONSE TIME: 439.32614
NUMBER OF THREADS: [100]
WORKLOAD: LV_HF; PAL CONFIG: cache; NUMBER OF REPLICAS: 1 
TOTAL EXECUTION TIME (Concurrent Parallel Requests): 649.521


[[355.379, 361.159, 365.429, 412.92, 360.374, 362.494, 353.062, 353.311, 402.276, 372.134, 407.632, 401.816, 416.532, 403.486, 413.129, 416.308, 401.485, 498.417, 1371.373, 1370.002, 1372.74, 1370.555, 1361.493, 495.097, 699.678, 500.435, 506.609, 493.496, 503.99, 492.04, 500.474, 493.716, 500.291, 503.726, 519.217, 519.531, 510.353, 501.69, 516.109, 501.709, 503.66, 497.18, 506.637, 1348.795, 1350.4189999999999, 1349.405, 1030.788, 1038.124, 1038.494, 1029.147, 1027.957, 1037.98, 1034.969, 1033.8220000000001, 1035.983, 1028.423, 1029.493, 683.462, 500.898, 1030.701, 494.383, 487.716, 495.743, 496.024, 493.735, 492.686, 548.11, 543.807, 539.736, 543.83, 540.832, 547.887, 548.645, 545.931, 540.938, 556.697, 551.908, 551.313, 557.051, 545.489, 549.207, 547.716, 552.397, 547.751, 552.611, 548.658, 553.534, 559.89, 562.762, 559.298, 551.341, 556.305, 556.985, 555.246, 557.374, 567.793, 568.919, 571.775, 571.397, 568.688]] 
AVERAGE RESPONSE TIME: 635.80112
NUMBER OF THREADS: [100]
WORKLOAD: LV_HF; PAL CONFIG: cache; NUMBER OF REPLICAS: 1 
TOTAL EXECUTION TIME (Concurrent Parallel Requests): 1406.681


[[333.805, 340.027, 346.055, 328.043, 333.109, 337.408, 345.852, 343.055, 350.872, 353.464, 346.283, 354.399, 363.431, 364.729, 358.127, 353.86, 365.973, 370.765, 367.124, 372.177, 378.011, 374.098, 390.885, 378.733, 384.865, 381.605, 385.758, 389.659, 395.061, 390.79, 399.293, 410.177, 394.213, 405.364, 401.577, 398.045, 411.668, 422.823, 419.965, 408.635, 414.838, 410.651, 424.476, 420.736, 426.493, 428.972, 431.478, 434.024, 436.445, 442.521, 437.963, 442.668, 460.179, 444.789, 450.314, 453.237, 446.303, 459.516, 452.087, 467.851, 459.239, 461.718, 469.842, 472.436, 465.23, 473.968, 476.201, 496.913, 478.279, 479.97, 483.435, 484.169, 489.353, 494.425, 484.321, 504.672, 495.473, 500.545, 506.557, 495.872, 512.779, 505.537, 507.874, 525.575, 522.666, 515.226, 516.782, 510.21, 533.287, 524.193, 528.743, 533.615, 523.619, 534.766, 546.656, 536.836, 539.212, 540.587, 548.516, 544.506]] 
AVERAGE RESPONSE TIME: 439.59127
NUMBER OF THREADS: [100]
WORKLOAD: LV_HF; PAL CONFIG: cache; NUMBER OF REPLICAS: 1 
TOTAL EXECUTION TIME (Concurrent Parallel Requests): 647.972


[[333.018, 354.762, 338.594, 328.694, 355.171, 338.618, 330.628, 341.498, 336.604, 342.561, 357.14, 354.146, 349.646, 357.512, 359.772, 364.871, 361.082, 382.471, 365.582, 373.714, 376.222, 369.53, 390.012, 395.775, 398.388, 378.938, 381.255, 383.485, 389.025, 395.899, 398.68, 400.69, 403.062, 408.348, 404.687, 429.137, 429.598, 408.276, 422.499, 456.76, 441.961, 422.422, 424.658, 439.21, 439.352, 458.916, 454.771, 450.987, 452.758, 459.341, 456.169, 452.578, 488.483, 502.744, 502.945, 504.278, 453.195, 483.282, 482.882, 519.45, 500.26, 497.283, 527.921, 522.736, 518.313, 522.059, 519.131, 533.951, 512.584, 523.218, 517.83, 519.961, 530.532, 558.605, 533.414, 545.205, 537.803, 550.972, 570.775, 565.326, 597.366, 582.899, 575.823, 588.479, 625.676, 605.147, 599.851, 609.022, 617.612, 624.707, 634.157, 638.352, 642.138, 649.515, 662.277, 655.118, 669.851, 686.838, 675.791, 669.145]] 
AVERAGE RESPONSE TIME: 475.54375
NUMBER OF THREADS: [100]
WORKLOAD: LV_HF; PAL CONFIG: cache; NUMBER OF REPLICAS: 1 
TOTAL EXECUTION TIME (Concurrent Parallel Requests): 793.221


[[327.915, 330.661, 336.38, 331.534, 341.488, 334.967, 350.916, 346.286, 341.432, 334.299, 349.018, 352.162, 365.091, 353.756, 358.892, 354.4, 369.596, 365.115, 362.481, 370.022, 372.022, 380.666, 373.794, 382.343, 384.426, 391.192, 388.786, 374.551, 396.456, 389.622, 398.115, 389.977, 397.957, 403.311, 399.346, 408.257, 409.889, 415.39, 401.999, 410.623, 416.623, 423.61, 420.466, 417.007, 428.42, 430.059, 435.457, 422.863, 437.027, 429.776, 438.096, 440.094, 445.551, 442.014, 455.913, 446.722, 448.469, 450.542, 460.893, 457.485, 453.459, 464.383, 466.506, 459.485, 474.496, 473.765, 465.928, 474.106, 479.154, 475.806, 483.456, 479.326, 484.891, 489.829, 485.641, 497.559, 493.031, 488.662, 497.161, 505.279, 498.533, 500.327, 504.974, 507.223, 511.894, 506.933, 515.747, 511.142, 519.558, 514.768, 523.326, 517.763, 525.435, 519.777, 523.691, 524.253, 527.485, 519.411, 522.571, 520.878]] 
AVERAGE RESPONSE TIME: 434.99832
NUMBER OF THREADS: [100]
WORKLOAD: LV_HF; PAL CONFIG: cache; NUMBER OF REPLICAS: 1 
TOTAL EXECUTION TIME (Concurrent Parallel Requests): 647.693


[[340.832, 333.947, 334.991, 327.987, 346.014, 338.557, 341.557, 347.059, 352.644, 357.816, 354.001, 368.458, 359.318, 374.914, 344.629, 361.77, 358.087, 371.182, 371.676, 383.814, 372.862, 375.008, 376.966, 385.314, 387.774, 390.225, 379.788, 394.484, 396.642, 401.95, 389.089, 397.149, 402.359, 408.678, 410.447, 415.488, 403.14, 410.686, 422.199, 418.465, 426.399, 422.997, 431.26, 436.602, 433.348, 426.401, 437.032, 438.898, 441.216, 447.209, 443.3, 447.775, 469.355, 452.786, 455.064, 447.676, 472.125, 490.855, 455.603, 476.848, 481.874, 498.778, 495.742, 493.188, 506.096, 498.232, 507.574, 499.678, 511.923, 507.918, 516.494, 511.854, 517.143, 521.798, 528.736, 525.033, 533.511, 529.424, 534.839, 539.687, 535.548, 540.391, 542.228, 544.359, 547.094, 554.751, 550.002, 545.86, 553.953, 555.296, 560.087, 556.103, 561.044, 562.815, 567.486, 563.27, 567.831, 571.721, 568.441, 571.803]] 
AVERAGE RESPONSE TIME: 453.4032
NUMBER OF THREADS: [100]
WORKLOAD: LV_HF; PAL CONFIG: cache; NUMBER OF REPLICAS: 1 
TOTAL EXECUTION TIME (Concurrent Parallel Requests): 681.229


[[330.529, 325.923, 333.427, 330.015, 338.186, 347.206, 333.482, 342.023, 338.205, 348.634, 358.035, 354.224, 350.344, 346.948, 360.526, 357.664, 369.401, 365.723, 361.538, 375.72, 372.228, 368.791, 381.969, 385.335, 378.967, 375.137, 384.841, 390.685, 392.228, 385.441, 393.718, 398.839, 395.126, 406.08, 399.375, 402.336, 406.698, 412.02, 408.491, 416.371, 427.468, 424.109, 417.623, 410.722, 417.785, 426.02, 428.427, 433.078, 442.27, 429.39, 433.67, 441.763, 446.841, 433.965, 448.386, 441.289, 449.375, 451.107, 465.698, 453.341, 477.044, 458.42, 460.151, 452.96, 463.893, 483.719, 468.273, 465.54, 475.921, 472.459, 476.105, 484.657, 487.804, 479.915, 488.869, 490.597, 496.668, 505.178, 501.543, 490.556, 505.356, 494.558, 513.053, 509.256, 505.149, 519.439, 515.796, 511.309, 519.856, 524.883, 520.988, 533.16, 524.878, 536.825, 541.015, 542.961, 544.514, 553.391, 549.794, 546.021]] 
AVERAGE RESPONSE TIME: 436.3723
NUMBER OF THREADS: [100]
WORKLOAD: LV_HF; PAL CONFIG: cache; NUMBER OF REPLICAS: 1 
TOTAL EXECUTION TIME (Concurrent Parallel Requests): 654.389


[[370.52, 356.723, 383.382, 338.526, 327.691, 373.477, 346.568, 361.047, 335.911, 403.504, 382.082, 393.608, 384.263, 402.941, 407.926, 413.735, 427.582, 417.706, 441.826, 437.492, 445.859, 428.13, 450.481, 463.128, 473.326, 456.093, 468.592, 479.273, 484.944, 488.165, 499.469, 494.51, 516.362, 556.481, 512.616, 503.486, 525.939, 545.799, 535.685, 528.413, 539.11, 569.498, 573.139, 561.3, 556.092, 579.431, 598.948, 605.828, 590.702, 579.655, 610.786, 621.341, 602.677, 615.618, 632.637, 624.138, 643.069, 639.932, 649.788, 652.814, 655.565, 667.961, 662.123, 683.135, 674.542, 677.391, 693.861, 687.42, 705.819, 698.935, 709.754, 723.638, 715.243, 723.81, 728.107, 736.481, 764.214, 744.942, 738.111, 750.684, 758.521, 764.897, 776.648, 770.1, 780.722, 782.555, 795.784, 788.531, 798.948, 804.86, 810.941, 815.396, 819.311, 822.443, 828.802, 843.116, 837.194, 828.568, 848.937, 841.687]] 
AVERAGE RESPONSE TIME: 598.69461
NUMBER OF THREADS: [100]
WORKLOAD: LV_HF; PAL CONFIG: cache; NUMBER OF REPLICAS: 1 
TOTAL EXECUTION TIME (Concurrent Parallel Requests): 964.69


[[357.202, 349.943, 351.559, 357.498, 359.359, 367.83, 385.167, 360.5, 363.133, 368.295, 376.281, 368.951, 383.429, 388.731, 375.679, 368.721, 389.5, 382.109, 389.879, 392.318, 397.633, 410.854, 400.392, 412.185, 401.0, 402.42, 411.774, 417.033, 413.427, 424.541, 417.915, 420.092, 432.448, 425.907, 427.004, 433.379, 440.348, 435.415, 445.907, 439.171, 457.305, 449.539, 440.224, 444.737, 456.691, 450.798, 468.352, 457.221, 462.743, 458.999, 466.873, 472.075, 469.225, 473.3, 478.872, 474.507, 480.175, 481.652, 484.365, 486.679, 493.228, 487.896, 501.87, 516.818, 492.982, 494.973, 497.17, 517.084, 502.432, 506.817, 504.054, 507.6, 515.114, 517.495, 519.375, 521.604, 529.357, 525.531, 522.42, 529.791, 534.684, 530.335, 535.278, 540.47, 536.472, 544.399, 546.389, 539.166, 547.394, 553.354, 549.95, 554.521, 559.082, 554.385, 559.151, 561.117, 563.794, 563.256, 569.076, 563.121]] 
AVERAGE RESPONSE TIME: 463.68266
NUMBER OF THREADS: [100]
WORKLOAD: LV_HF; PAL CONFIG: cache; NUMBER OF REPLICAS: 1 
TOTAL EXECUTION TIME (Concurrent Parallel Requests): 676.528


[[340.896, 349.969, 337.289, 355.691, 357.467, 328.442, 330.056, 338.46, 338.736, 354.009, 343.647, 357.919, 354.081, 371.518, 368.913, 362.255, 358.101, 363.836, 373.782, 369.17, 375.259, 383.424, 379.26, 375.52, 387.392, 383.06, 388.589, 390.983, 393.703, 401.938, 404.13, 396.522, 392.653, 407.063, 403.252, 414.632, 422.824, 419.562, 406.683, 409.067, 428.902, 413.123, 420.472, 431.587, 421.989, 435.746, 426.555, 430.896, 439.493, 442.171, 443.838, 449.999, 446.433, 451.242, 453.341, 455.222, 465.19, 460.15, 455.619, 468.626, 470.746, 464.118, 472.748, 489.547, 474.824, 480.438, 500.028, 474.445, 491.089, 504.477, 515.879, 518.688, 509.492, 519.767, 521.128, 529.859, 535.355, 523.082, 524.819, 529.979, 534.367, 537.156, 539.141, 541.018, 543.58, 547.69, 544.531, 548.398, 552.977, 549.309, 553.694, 559.199, 554.15, 561.996, 557.59, 561.949, 563.64, 564.637, 566.319, 567.597]] 
AVERAGE RESPONSE TIME: 449.29793
NUMBER OF THREADS: [100]
WORKLOAD: LV_HF; PAL CONFIG: cache; NUMBER OF REPLICAS: 1 
TOTAL EXECUTION TIME (Concurrent Parallel Requests): 678.263


[[328.102, 334.739, 361.252, 344.75, 352.148, 340.409, 369.369, 360.909, 373.023, 381.923, 384.984, 391.29, 404.061, 407.248, 393.127, 418.676, 414.951, 423.873, 433.904, 430.004, 479.357, 440.824, 465.477, 452.409, 444.447, 458.473, 466.947, 482.68, 476.821, 486.471, 494.522, 511.78, 499.507, 517.047, 504.182, 558.37, 540.127, 527.085, 533.677, 519.262, 545.743, 548.454, 560.467, 571.565, 565.83, 580.985, 575.588, 597.816, 594.505, 611.933, 582.02, 600.084, 613.436, 627.572, 630.522, 618.797, 649.176, 635.119, 643.38, 685.236, 673.144, 664.907, 679.073, 649.627, 655.179, 692.784, 704.952, 686.963, 707.471, 694.243, 710.753, 718.179, 740.251, 726.782, 744.262, 727.732, 755.115, 763.519, 746.927, 765.045, 773.216, 803.694, 785.587, 790.456, 779.596, 795.273, 807.78, 812.654, 825.03, 819.12, 841.563, 835.284, 827.536, 846.453, 852.62, 862.077, 858.011, 868.678, 874.556, 880.531]] 
AVERAGE RESPONSE TIME: 602.93058
NUMBER OF THREADS: [100]
WORKLOAD: LV_HF; PAL CONFIG: cache; NUMBER OF REPLICAS: 1 
TOTAL EXECUTION TIME (Concurrent Parallel Requests): 985.364


