[[533.864]] 
[[462.268]] 
[[449.78]] 
[[434.1]] 
[[415.333]] 
[[419.933]] 
[[437.965]] 
[[388.993]] 
[[398.388]] 
[[415.831]] 
[[418.492, 417.04]] 
[[406.401, 423.761]] 
[[405.993, 411.302]] 
[[411.038, 409.571]] 
[[415.333, 418.338]] 
[[429.985, 418.42]] 
[[443.71, 459.873]] 
[[466.433, 449.113]] 
[[465.634, 464.351]] 
[[445.707, 430.246]] 
[[409.155, 420.18, 417.018, 411.972]] 
[[457.077, 445.451, 470.257, 454.181]] 
[[408.981, 410.543, 408.61, 412.385]] 
[[463.823, 456.538, 464.075, 447.146]] 
[[424.574, 429.266, 418.565, 420.825]] 
[[388.16, 372.566, 379.376, 378.842]] 
[[379.81, 390.695, 380.021, 367.089]] 
[[380.289, 374.443, 384.56, 373.028]] 
[[375.945, 366.846, 370.296, 375.916]] 
[[380.915, 406.695, 386.877, 1208.431]] 
[[462.929, 441.695, 456.288, 435.419, 452.212, 455.656, 449.958, 450.926]] 
[[449.409, 452.645, 458.557, 456.24, 456.415, 461.953, 462.508, 456.41]] 
[[432.183, 437.124, 443.348, 428.372, 437.671, 441.011, 449.328, 445.962]] 
[[483.68, 476.978, 474.995, 473.022, 472.568, 475.17, 473.453, 477.976]] 
[[480.05, 473.258, 469.843, 473.501, 480.859, 468.393, 472.534, 471.792]] 
[[491.565, 487.675, 485.902, 510.519, 505.816, 486.654, 502.155, 479.753]] 
[[454.313, 462.917, 465.314, 468.906, 460.418, 463.188, 473.69, 484.9]] 
[[514.73, 519.554, 522.42, 510.131, 501.284, 515.828, 493.057, 495.393]] 
[[489.541, 489.998, 484.108, 479.658, 473.129, 481.919, 482.57, 481.373]] 
[[1127.576, 1129.971, 1139.022, 1121.737, 1116.568, 1120.032, 1130.593, 1120.642]] 
[[448.987, 444.974, 441.367, 456.544, 443.266, 448.962, 471.021, 473.646, 456.259, 463.593, 461.638, 458.115, 466.861, 471.224, 459.023, 461.366]] 
[[430.677, 412.577, 1450.709, 1448.923, 433.135, 447.183, 429.706, 440.123, 430.045, 425.919, 444.245, 419.957, 490.634, 479.592, 480.043, 475.185]] 
[[458.397, 450.218, 446.252, 449.591, 437.067, 443.47, 442.167, 454.482, 452.959, 443.853, 463.244, 441.174, 481.142, 453.046, 455.931, 445.708]] 
[[425.613, 430.145, 438.314, 427.953, 424.008, 425.721, 428.532, 422.126, 415.305, 409.997, 413.021, 405.913, 419.736, 421.456, 412.62, 413.748]] 
[[374.29, 367.828, 378.091, 372.509, 351.163, 363.233, 350.734, 410.822, 354.342, 369.561, 359.866, 371.391, 382.03, 374.464, 354.987, 368.989]] 
[[367.979, 367.509, 357.91, 358.788, 379.698, 366.714, 356.697, 365.787, 367.373, 363.685, 376.981, 364.804, 356.373, 360.744, 352.56, 355.111]] 
[[357.831, 358.68, 364.474, 369.027, 365.01, 385.989, 365.061, 367.362, 365.472, 365.99, 371.708, 376.122, 392.544, 352.568, 368.571, 366.987]] 
[[385.589, 403.159, 395.734, 412.119, 409.688, 396.177, 397.835, 395.95, 383.019, 393.155, 383.215, 386.702, 377.832, 384.765, 387.357, 390.107]] 
[[411.158, 400.46, 397.158, 386.304, 392.357, 401.3, 421.481, 402.814, 403.182, 395.013, 401.06, 391.311, 399.707, 390.158, 395.729, 386.946]] 
[[361.218, 374.601, 357.057, 362.263, 373.836, 351.791, 346.122, 389.744, 371.485, 349.167, 368.138, 379.382, 381.319, 386.529, 399.897, 403.583]] 
[[371.904, 377.232, 375.809, 363.924, 360.916, 369.581, 354.671, 384.36, 372.954, 372.684, 376.13, 376.375, 367.323, 358.137, 360.954, 358.444, 383.886, 361.64, 380.555, 373.153, 353.072, 391.438, 369.275, 385.115, 362.414, 370.517, 367.909, 362.405, 366.594, 370.559, 353.514, 359.772]] 
[[386.277, 394.48, 389.13, 401.096, 397.79, 380.56, 388.99, 388.576, 397.898, 382.564, 383.751, 395.804, 380.113, 397.753, 383.182, 390.266, 384.797, 396.786, 416.536, 452.65, 410.859, 412.8, 401.748, 418.873, 397.458, 415.902, 411.312, 409.956, 410.615, 403.841, 407.852, 407.143]] 
[[400.093, 404.834, 394.14, 391.62, 397.121, 394.341, 429.914, 405.678, 426.413, 396.816, 376.729, 410.274, 392.046, 395.615, 392.937, 390.811, 397.576, 388.726, 381.55, 387.022, 389.107, 384.163, 400.492, 377.308, 383.753, 373.771, 377.402, 385.795, 372.922, 383.899, 380.907, 371.296]] 
[[387.629, 374.0, 406.067, 394.016, 398.501, 392.507, 390.684, 384.937, 420.404, 378.944, 389.42, 441.773, 397.002, 379.664, 366.612, 390.22, 399.078, 381.324, 437.178, 416.638, 403.262, 412.356, 395.668, 428.383, 402.143, 389.623, 399.631, 397.089, 400.258, 399.709, 394.236, 390.336]] 
[[394.314, 395.637, 396.857, 383.284, 389.689, 404.78, 395.428, 409.435, 397.509, 378.929, 373.773, 390.673, 396.251, 411.954, 396.918, 398.151, 403.247, 395.94, 397.043, 405.34, 388.277, 412.745, 390.208, 397.364, 419.537, 416.798, 420.012, 390.782, 400.41, 385.461, 385.036, 384.499]] 
[[405.516, 434.778, 422.453, 415.033, 406.622, 406.145, 405.502, 401.213, 429.86, 411.681, 429.112, 429.757, 408.206, 415.787, 421.589, 402.856, 414.685, 403.362, 423.713, 409.145, 409.933, 442.608, 401.29, 409.228, 435.557, 409.437, 442.276, 416.945, 407.248, 407.787, 411.518, 411.162]] 
[[413.468, 436.88, 428.192, 407.277, 409.881, 401.66, 420.685, 425.025, 422.013, 412.042, 410.98, 1410.147, 423.547, 404.014, 441.2, 420.702, 446.491, 424.723, 430.322, 428.664, 439.172, 419.69, 428.727, 419.548, 425.896, 436.866, 423.585, 408.879, 427.539, 425.069, 409.807, 432.321]] 
[[427.933, 424.242, 419.488, 425.802, 410.683, 423.547, 427.697, 418.246, 425.784, 414.032, 406.593, 404.16, 421.11, 401.086, 413.505, 397.127, 396.16, 390.871, 391.181, 387.352, 383.95, 400.331, 389.421, 378.709, 390.347, 393.044, 415.765, 387.469, 389.71, 399.085, 400.565, 395.251]] 
[[427.77, 430.535, 447.419, 444.879, 442.733, 451.506, 440.468, 431.29, 435.575, 1447.013, 431.13, 431.597, 437.771, 431.706, 486.425, 447.792, 433.469, 439.133, 450.084, 443.883, 454.664, 462.858, 450.793, 445.209, 433.07, 436.178, 440.143, 446.908, 426.325, 435.003, 435.671, 438.275]] 
[[427.92, 435.414, 422.377, 446.054, 434.388, 446.151, 432.021, 436.458, 438.463, 427.707, 448.967, 460.027, 454.973, 449.996, 438.012, 440.463, 452.237, 438.197, 437.131, 441.153, 440.86, 443.599, 445.689, 437.026, 483.823, 462.381, 439.175, 438.209, 431.396, 436.546, 447.921, 438.499]] 
[[458.055, 452.701, 463.35, 458.1, 457.025, 470.854, 446.639, 435.886, 450.068, 449.849, 442.595, 453.611, 495.503, 479.191, 480.674, 471.232, 471.325, 465.438, 473.91, 485.078, 471.15, 463.832, 464.526, 453.388, 451.898, 477.179, 446.445, 477.135, 453.813, 460.374, 446.771, 454.353, 469.794, 477.019, 440.051, 472.18, 473.887, 453.762, 1299.1689999999999, 440.981, 440.249, 471.883, 482.451, 488.504, 444.49, 481.746, 466.961, 473.885, 467.948, 462.272, 1400.087, 450.777, 1373.511, 445.385, 449.35, 441.884, 492.712, 429.671, 447.327, 452.511, 451.862, 447.567, 466.739, 442.985]] 
[[483.636, 455.363, 476.475, 479.311, 483.534, 491.291, 473.768, 467.431, 458.249, 455.491, 454.222, 442.383, 484.532, 440.97, 434.54, 438.083, 442.83, 433.022, 441.622, 435.625, 450.019, 430.241, 425.892, 437.883, 423.985, 470.652, 484.594, 426.433, 457.45, 452.726, 466.245, 454.619, 456.455, 482.456, 455.148, 451.939, 479.73, 452.741, 460.196, 452.41, 474.74, 460.593, 435.497, 450.1, 429.271, 442.265, 438.031, 444.714, 432.399, 441.767, 425.184, 444.208, 438.728, 455.416, 430.062, 439.075, 435.381, 425.626, 424.912, 425.731, 422.482, 418.68, 410.288, 412.578]] 
[[458.873, 459.467, 452.446, 444.887, 434.501, 446.165, 437.748, 424.608, 445.847, 438.51, 439.911, 441.458, 419.64, 446.699, 437.064, 451.972, 427.028, 439.066, 444.054, 429.353, 433.638, 427.198, 426.194, 455.495, 454.271, 466.702, 446.722, 454.386, 447.311, 465.549, 444.959, 434.2, 442.299, 467.184, 424.943, 436.579, 426.975, 437.621, 432.449, 411.371, 430.31, 426.256, 426.596, 425.769, 431.055, 415.279, 429.292, 428.391, 405.6, 424.054, 415.242, 407.961, 417.107, 426.166, 407.431, 418.325, 404.404, 427.02, 420.283, 421.398, 404.633, 425.388, 436.183, 432.952]] 
[[497.221, 500.173, 504.417, 499.912, 496.292, 507.47, 504.159, 495.283, 507.763, 515.37, 527.975, 501.599, 522.641, 493.561, 493.561, 506.719, 508.349, 499.008, 519.687, 519.688, 493.723, 478.28, 488.886, 497.165, 483.25, 482.103, 507.492, 497.02, 497.771, 499.969, 485.42, 500.877, 492.023, 499.822, 486.189, 491.709, 493.141, 474.595, 504.191, 486.615, 472.058, 477.439, 477.485, 480.579, 488.706, 482.239, 482.338, 495.853, 494.725, 495.364, 486.572, 489.711, 499.549, 520.49, 496.119, 517.53, 502.647, 490.554, 499.206, 500.539, 505.048, 498.279, 490.336, 485.436]] 
[[561.786, 563.02, 558.77, 590.312, 575.856, 587.683, 578.791, 599.117, 596.318, 576.645, 582.906, 580.37, 577.431, 588.711, 574.2, 583.719, 584.678, 599.951, 584.735, 568.599, 569.101, 587.193, 585.711, 572.797, 562.336, 1517.5430000000001, 565.4, 575.052, 553.333, 563.12, 542.706, 540.862, 550.065, 539.712, 546.105, 557.047, 544.246, 538.414, 523.928, 530.46, 537.787, 526.379, 531.908, 529.022, 523.408, 530.527, 531.869, 537.561, 526.23, 525.479, 520.914, 520.138, 511.132, 508.743, 503.63, 506.101, 541.265, 496.192, 513.985, 504.125, 499.269, 498.151, 506.913, 493.894]] 
[[530.276, 535.267, 523.886, 524.247, 521.079, 513.767, 518.827, 508.511, 533.96, 567.895, 508.343, 533.101, 555.716, 555.431, 560.015, 555.806, 556.846, 559.16, 1480.519, 543.324, 548.253, 535.302, 805.745, 530.403, 528.612, 559.559, 548.006, 536.454, 515.879, 547.586, 533.877, 544.189, 514.066, 530.425, 528.931, 526.593, 528.012, 523.885, 505.718, 519.922, 508.257, 516.559, 499.255, 505.17, 493.756, 502.712, 488.207, 541.809, 544.84, 494.856, 540.354, 475.404, 508.85, 511.269, 1500.791, 1493.962, 496.001, 495.244, 515.125, 505.038, 488.9, 494.896, 494.55, 487.522]] 
[[440.904, 458.211, 443.193, 452.846, 428.777, 430.743, 442.19, 433.191, 424.42, 438.798, 437.658, 453.549, 436.605, 1310.263, 468.84, 470.354, 1289.341, 465.392, 469.322, 477.333, 475.022, 454.695, 466.944, 479.328, 460.986, 460.375, 460.443, 493.647, 488.435, 477.874, 476.694, 473.513, 473.584, 468.024, 462.102, 476.915, 465.273, 461.262, 454.349, 1423.547, 483.304, 1419.662, 456.992, 456.353, 456.114, 447.225, 457.184, 1406.637, 452.182, 454.549, 480.96, 483.658, 453.974, 467.52, 479.351, 475.708, 461.607, 453.479, 455.587, 473.068, 462.797, 425.359, 436.637, 426.382]] 
[[495.167, 477.087, 480.84, 477.079, 467.853, 468.638, 496.874, 462.256, 469.025, 459.756, 462.236, 458.966, 451.137, 447.683, 444.732, 462.083, 436.617, 449.303, 445.195, 476.284, 465.727, 514.116, 449.523, 490.662, 488.252, 510.835, 471.266, 507.364, 493.498, 481.849, 501.083, 478.23, 484.623, 502.026, 479.686, 495.537, 482.328, 472.094, 471.138, 468.891, 473.107, 475.004, 477.569, 459.666, 471.15, 452.314, 446.962, 443.909, 442.125, 458.745, 453.751, 473.756, 475.802, 452.161, 474.517, 491.882, 487.899, 484.179, 486.069, 468.965, 476.438, 474.279, 455.951, 462.99]] 
[[520.384, 514.17, 493.04, 547.363, 539.881, 535.315, 522.366, 508.924, 490.966, 490.469, 479.419, 481.376, 480.331, 493.039, 501.725, 508.447, 511.38, 516.856, 490.084, 498.966, 497.915, 501.877, 497.053, 499.184, 507.032, 486.164, 494.659, 502.382, 484.022, 477.835, 542.806, 487.947, 497.495, 495.524, 506.933, 513.473, 556.393, 552.507, 545.465, 547.895, 521.55, 533.065, 528.147, 511.034, 509.904, 502.513, 517.393, 504.65, 508.322, 497.068, 494.084, 495.716, 1380.308, 494.556, 502.351, 493.699, 483.904, 489.732, 493.964, 474.62, 1213.252, 471.912, 1199.581, 1201.142]] 
[[546.388, 517.209, 532.979, 519.142, 524.149, 547.42, 503.951, 1470.741, 525.128, 508.262, 507.934, 527.477, 496.343, 506.261, 496.002, 506.054, 501.91, 497.447, 494.119, 490.826, 488.513, 489.279, 497.777, 494.069, 479.105, 486.605, 479.616, 476.48, 481.706, 464.643, 475.3, 461.433, 462.229, 472.398, 473.662, 470.909, 500.699, 462.383, 459.502, 479.074, 477.115, 478.454, 475.393, 464.205, 478.041, 475.448, 477.839, 466.104, 466.499, 457.908, 461.188, 460.082, 465.778, 458.784, 446.687, 467.552, 451.291, 440.501, 449.533, 435.525, 442.671, 464.583, 452.831, 439.779]] 
[[512.805, 510.495, 524.994, 562.442, 560.667, 539.815, 537.309, 523.229, 535.439, 517.465, 522.355, 514.819, 510.72, 501.311, 519.682, 496.31, 535.647, 527.722, 528.107, 527.982, 538.294, 527.089, 511.763, 517.089, 515.954, 534.35, 499.202, 512.015, 511.879, 508.542, 528.738, 518.611, 512.813, 512.92, 520.113, 521.338, 498.523, 527.127, 511.601, 502.605, 502.654, 496.411, 493.978, 492.06, 488.386, 487.554, 478.53, 480.008, 486.427, 468.024, 471.486, 475.155, 475.232, 468.267, 464.126, 462.007, 504.651, 478.363, 469.001, 446.969, 457.84, 461.492, 467.72, 455.078, 459.9]] 
[[495.561, 509.57, 493.217, 496.808, 511.722, 517.522, 514.957, 526.829, 536.455, 526.427, 529.347, 531.789, 511.191, 538.296, 504.833, 506.277, 519.522, 498.412, 517.764, 535.352, 512.478, 523.143, 530.903, 543.241, 521.639, 535.474, 563.422, 543.88, 521.476, 541.141, 561.085, 540.175, 536.692, 555.394, 528.162, 536.646, 545.716, 553.868, 547.261, 515.601, 549.139, 535.08, 538.651, 514.378, 554.891, 532.881, 516.629, 547.383, 516.56, 517.884, 530.455, 524.678, 504.949, 517.569, 516.138, 514.29, 511.48, 500.481, 502.634, 501.84, 487.999, 495.54, 488.911, 487.224, 482.836]] 
[[666.676, 694.265, 646.233, 603.412, 678.944, 690.619, 689.509, 717.116, 756.223, 715.002, 781.98, 871.079, 795.017, 894.424, 871.469, 905.139, 927.141, 937.776, 1031.299, 981.127, 1056.555, 1094.12, 1071.259, 1109.407, 1124.065, 1139.999, 1214.0720000000001, 1149.565, 1167.815, 1264.606, 1289.818, 1212.309, 1325.775, 1380.795, 1359.028, 1412.493, 1383.405, 1453.949, 1478.633, 1417.8519999999999, 1497.034, 1463.1109999999999, 1516.6570000000002, 1624.992, 1547.289, 1572.867, 1654.6019999999999, 1671.615, 1612.6570000000002, 1676.491, 1697.158, 1731.598, 1752.892, 1778.5439999999999, 1870.5610000000001, 1799.435, 1882.1950000000002, 1827.383, 1891.29, 1964.7820000000002, 1940.258, 1905.982, 1979.0259999999998, 2010.818, 1976.187]] 
[[492.092, 584.643, 527.741, 610.108, 534.328, 542.589, 567.345, 633.182, 659.855, 701.275, 663.401, 713.455, 754.42, 724.446, 771.619, 827.265, 873.674, 782.472, 836.486, 895.712, 868.513, 930.127, 973.479, 900.805, 941.638, 1007.47, 1068.539, 970.844, 1021.768, 1114.092, 1072.248, 1130.971, 1144.1, 1162.554, 1177.635, 1201.104, 1224.532, 1239.058, 1259.719, 1287.979, 1312.362, 1382.0819999999999, 1424.325, 1329.056, 1450.411, 1496.212, 1594.757, 1455.065, 1529.27, 1495.217, 1541.1109999999999, 1597.575, 1616.501, 1629.646, 1640.9560000000001, 1701.077, 1669.6399999999999, 1711.873, 1860.075, 1733.058, 1787.821, 1756.121, 1795.065, 1851.8229999999999, 1890.6689999999999]] 
[[533.873, 561.956, 610.297, 783.035, 654.757, 683.733, 806.35, 956.203, 950.33, 963.116, 994.812, 1079.213, 1027.317, 1119.078, 1181.527, 1253.69, 1292.444, 1385.165, 1427.06, 1471.757, 1520.365, 1579.6509999999998, 1622.444, 1672.039, 1920.245, 2009.921, 1795.967, 1954.615, 1843.367, 1989.425, 2014.006, 2013.378, 2002.046, 2006.604, 1989.452, 1993.176, 1991.865, 1994.0900000000001, 1987.4299999999998, 1967.971, 1970.9099999999999, 1972.31, 1954.9940000000001, 1958.479, 1943.458, 1957.036, 1939.364, 1936.115, 1924.904, 1925.12, 1939.605, 1915.301, 1905.713, 1927.3690000000001, 1922.9740000000002, 1924.904, 1925.67, 1923.354, 1917.615, 1905.721, 1892.348, 1906.019, 1906.954, 1903.914, 1886.156]] 
[[542.406, 583.829, 556.993, 577.08, 562.158, 564.851, 568.814, 561.481, 591.86, 612.868, 601.803, 622.466, 620.894, 605.333, 604.327, 581.93, 582.622, 584.988, 572.679, 558.579, 561.227, 553.402, 554.572, 546.445, 544.123, 540.269, 535.055, 530.024, 536.812, 525.9, 514.809, 593.674, 559.495, 556.446, 562.89, 552.61, 535.688, 540.688, 539.77, 563.858, 547.574, 567.328, 565.089, 550.838, 550.476, 545.175, 539.145, 536.296, 549.022, 527.619, 540.727, 525.983, 525.175, 531.809, 510.928, 526.371, 510.545, 507.516, 495.841, 491.963, 495.122, 479.819, 483.75, 480.467, 467.687]] 
[[443.807, 441.743, 438.442, 462.438, 469.123, 446.782, 437.407, 422.547, 429.62, 425.132, 419.189, 404.358, 395.791, 420.612, 412.244, 407.384, 403.09, 408.475, 393.721, 398.947, 407.165, 424.156, 423.816, 412.321, 459.974, 405.294, 441.416, 434.716, 441.086, 428.458, 421.799, 454.708, 442.438, 446.16, 445.048, 430.01, 424.149, 426.465, 422.355, 419.745, 410.465, 411.769, 412.302, 394.248, 401.323, 397.546, 395.877, 392.433, 375.371, 386.81, 388.72, 385.4, 380.07, 379.189, 390.036, 400.721, 370.758, 399.541, 371.071, 385.809, 390.35, 393.036, 401.929, 394.849, 378.521]] 
[[473.263, 492.197, 503.097, 495.845, 490.051, 533.438, 494.422, 519.787, 507.876, 542.27, 530.335, 540.716, 536.081, 511.185, 516.829, 733.827, 521.414, 484.401, 492.041, 489.692, 481.738, 511.522, 476.876, 480.746, 490.609, 480.105, 491.484, 495.522, 513.968, 515.257, 503.736, 506.727, 513.044, 496.873, 495.144, 499.765, 513.248, 495.767, 490.123, 500.13, 491.231, 498.779, 508.468, 486.919, 490.558, 489.895, 483.835, 497.427, 481.336, 473.197, 466.1, 472.417, 458.545, 465.417, 467.17, 444.52, 459.529, 468.395, 451.768, 453.854, 454.843, 471.923, 455.031, 480.465, 488.222]] 
[[513.989, 523.857, 524.637, 513.24, 527.063, 560.08, 530.274, 548.84, 544.642, 530.06, 523.827, 520.119, 513.6, 513.697, 499.576, 520.989, 512.297, 500.459, 508.566, 499.45, 496.896, 496.729, 489.505, 485.801, 484.279, 513.872, 476.585, 476.185, 473.563, 496.571, 506.333, 537.682, 493.835, 492.727, 531.647, 536.595, 519.745, 517.657, 514.874, 498.292, 514.865, 506.397, 514.288, 505.803, 484.09, 490.322, 484.706, 483.51, 476.402, 477.53, 503.739, 467.999, 455.451, 465.1, 470.694, 470.121, 478.586, 491.033, 455.956, 476.139, 1415.603, 462.436, 467.776, 450.53, 458.837]] 
[[558.319, 1416.438, 529.133, 523.364, 510.32, 525.265, 1414.149, 514.823, 503.388, 2495.048, 507.768, 502.61, 749.592, 475.135, 499.995, 480.509, 489.131, 498.625, 506.256, 480.74, 482.647, 487.003, 512.043, 495.254, 1412.859, 517.46, 503.954, 503.944, 502.25, 506.392, 544.118, 729.182, 517.863, 508.276, 518.036, 534.579, 570.975, 510.051, 497.993, 530.801, 527.935, 554.4, 552.454, 565.573, 526.61, 541.859, 555.028, 545.077, 544.111, 544.313, 526.221, 529.684, 528.368, 524.443, 522.511, 519.013, 517.632, 514.614, 514.766, 522.138, 541.995, 524.726, 507.254, 502.161, 501.659]] 
[[457.009, 522.815, 478.061, 550.418, 516.008, 562.264, 499.044, 568.4, 589.683, 601.158, 698.044, 626.141, 652.122, 724.875, 695.28, 728.156, 778.822, 798.359, 741.844, 845.565, 802.24, 862.861, 880.523, 894.437, 907.326, 924.526, 933.964, 948.696, 1027.134, 964.504, 982.45, 1062.807, 1089.239, 1018.519, 1129.93, 1102.21, 1168.383, 1138.83, 1185.07, 1245.602, 1190.907, 1203.761, 1252.3, 1270.614, 1315.748, 1328.632, 1444.538, 1439.568, 1269.551, 1424.964, 1470.066, 1554.158, 1426.884, 1482.809, 1505.6, 1612.586, 1558.051, 1702.0639999999999, 1667.844, 1618.404, 1635.021, 1699.4740000000002, 1773.4569999999999, 1713.462, 1798.3600000000001, 1727.346]] 
[[516.356, 479.272, 431.323, 477.452, 509.763, 524.515, 546.385, 564.596, 588.094, 642.376, 623.722, 697.555, 642.733, 699.792, 649.647, 764.189, 729.911, 771.703, 692.658, 784.96, 836.297, 794.289, 860.689, 876.616, 897.134, 917.818, 937.821, 1033.982, 954.688, 968.126, 984.337, 1041.64, 1128.772, 1082.453, 1159.964, 1295.176, 1346.002, 1202.122, 1374.058, 1343.469, 1404.55, 1451.326, 1411.089, 1454.867, 1354.183, 1467.421, 1500.462, 1473.176, 1511.214, 1525.358, 1547.816, 1560.937, 1583.079, 1607.21, 1652.635, 1623.951, 1683.174, 1654.335, 1696.117, 1706.674, 1725.1680000000001, 1754.998, 1782.912, 1796.934, 1814.252, 1828.279]] 
[[437.83, 452.288, 463.662, 469.171, 534.752, 488.724, 578.795, 542.115, 491.588, 581.85, 596.429, 613.705, 758.012, 618.252, 670.645, 634.183, 690.791, 744.898, 791.836, 755.237, 806.178, 813.606, 828.477, 1947.2350000000001, 831.905, 870.513, 840.649, 877.206, 892.466, 1010.95, 930.633, 1019.883, 967.935, 1051.168, 1095.5, 1012.418, 1144.893, 1047.384, 1099.975, 1115.464, 1162.275, 1140.027, 1176.045, 1237.877, 1183.452, 1318.81, 1193.156, 1282.785, 1227.392, 1237.054, 1359.48, 1304.048, 1323.7, 1363.285, 1379.328, 1408.1019999999999, 1448.982, 1419.145, 1467.729, 1500.885, 1521.045, 1535.1570000000002, 1568.124, 1538.671, 1605.792, 1579.429]] 
[[447.881, 474.344, 456.891, 473.145, 486.584, 497.912, 556.659, 618.421, 508.925, 572.063, 651.487, 607.31, 663.754, 672.813, 677.343, 689.385, 687.683, 696.839, 737.309, 712.625, 753.632, 903.543, 757.614, 766.726, 785.06, 900.887, 927.297, 933.395, 944.275, 975.525, 1044.337, 942.342, 1055.304, 980.016, 1001.533, 1078.775, 1048.995, 1089.114, 1106.854, 1119.494, 1133.0720000000001, 1165.452, 1136.969, 1174.483, 1190.337, 1211.843, 1232.16, 1301.526, 1273.645, 1321.288, 1866.745, 1333.5810000000001, 1350.789, 1454.661, 1360.453, 1420.262, 1479.863, 1385.4479999999999, 1445.243, 1501.132, 1475.757, 1555.976, 1581.863, 1490.696, 1603.625, 1667.056]] 
[[445.166, 485.438, 466.889, 475.521, 486.603, 509.077, 530.394, 554.241, 561.761, 656.15, 562.688, 591.335, 617.565, 666.72, 775.387, 744.327, 715.297, 685.401, 774.567, 797.397, 809.036, 846.515, 1639.809, 854.155, 907.972, 927.451, 868.798, 994.734, 938.212, 962.901, 1009.579, 983.572, 1027.336, 1044.783, 1068.405, 1107.939, 1078.466, 1118.248, 1142.29, 1204.552, 1219.994, 1266.317, 1147.708, 1210.796, 1341.971, 1286.225, 1304.663, 1246.231, 1399.439, 1321.5230000000001, 1338.657, 1354.849, 1453.743, 1397.743, 1516.524, 1483.647, 1534.585, 1577.6970000000001, 1542.882, 1597.365, 1568.5929999999998, 1627.781, 1593.187, 1627.873, 1640.63, 1655.575]] 
[[452.057, 516.749, 458.29, 462.56, 518.477, 706.285, 540.637, 613.121, 641.673, 556.56, 717.393, 639.072, 678.035, 720.731, 739.71, 775.069, 745.304, 785.363, 805.653, 850.063, 896.61, 925.413, 1013.2, 949.433, 1027.785, 962.198, 1037.398, 1094.516, 1123.986, 1043.959, 1196.901, 1145.456, 1166.844, 1203.255, 1300.768, 1217.978, 1229.81, 1371.147, 1239.065, 1289.061, 1444.47, 1472.077, 1403.108, 1352.8890000000001, 1480.029, 1515.431, 1478.096, 1512.229, 1524.817, 1548.708, 1565.22, 1606.344, 1577.7069999999999, 1619.193, 1648.696, 1694.6280000000002, 1664.011, 1698.508, 1717.086, 1765.903, 1758.8049999999998, 1767.012, 1786.462, 1873.469, 1800.039, 1821.8780000000002]] 
[[500.818, 480.9, 502.657, 523.1, 510.828, 527.967, 539.201, 652.534, 549.676, 589.355, 677.779, 762.321, 713.133, 824.965, 792.528, 888.872, 830.077, 849.694, 924.771, 884.427, 986.309, 954.725, 926.073, 1013.095, 1017.827, 968.013, 1104.592, 1170.005, 1018.389, 1035.87, 1191.728, 1224.466, 1260.743, 1273.558, 1223.608, 1281.388, 1319.5140000000001, 1383.185, 1290.1480000000001, 1346.911, 1312.938, 1377.468, 1399.1779999999999, 1448.472, 1410.9560000000001, 1561.176, 1469.658, 1504.021, 1481.5819999999999, 1641.4009999999998, 1505.603, 1548.069, 1565.6970000000001, 1590.0349999999999, 1635.784, 1653.387, 1674.26, 1693.9009999999998, 1723.598, 1734.379, 1756.359, 1778.758, 1795.98, 1936.5320000000002, 1806.29, 1858.8319999999999]] 
[[485.405, 485.92, 513.552, 524.654, 550.248, 557.979, 623.442, 567.081, 583.682, 616.004, 629.097, 654.064, 675.764, 666.697, 685.125, 694.489, 701.604, 736.132, 762.591, 731.334, 810.118, 776.545, 828.789, 826.122, 845.196, 858.922, 867.006, 888.052, 899.13, 907.56, 923.109, 933.367, 939.996, 914.408, 930.668]] 
[[491.558, 435.438, 491.222, 496.378, 510.898, 482.254, 536.201, 495.637, 522.413, 523.156, 617.48, 513.577, 541.968, 565.86, 613.649, 620.733, 634.737, 638.022, 650.31, 622.64, 723.434, 688.444, 600.409, 618.636, 639.027, 730.989, 704.457, 770.048, 726.243, 856.133, 774.634, 806.366, 774.673, 880.943, 852.606, 889.575, 900.168, 911.264, 922.62]] 
[[432.711, 430.891, 434.752, 454.875, 467.622, 495.171, 452.629, 497.792, 527.776, 541.732, 582.057, 702.25, 589.55, 630.156, 664.089, 679.415, 696.618, 1044.709, 998.138, 1050.362, 1059.971, 1053.684, 1067.02, 1084.025, 1127.41, 1091.958, 1142.064, 1159.848, 1182.228, 1184.942]] 
[[448.622, 470.041, 467.931, 483.814, 496.556, 501.128, 523.209, 533.354, 477.109, 579.591, 541.513, 549.939, 565.411, 537.18, 564.366, 532.828, 569.222, 601.311, 576.313, 606.031, 613.38, 661.411, 620.719, 659.178, 668.743, 687.297, 695.277, 713.892, 726.122, 739.199, 781.096, 750.291, 796.83, 763.304, 803.919, 819.651]] 
[[436.028, 461.329, 483.735, 517.716, 538.247, 550.914, 536.18, 550.552, 558.398, 572.896, 608.264, 573.502, 632.467, 625.857, 670.635, 637.191, 635.146, 649.918, 657.227, 682.402, 671.009, 699.78, 716.129, 733.599, 753.908, 692.72, 705.333, 708.048, 718.304, 736.475]] 
[[398.162, 449.944, 413.268, 465.607, 489.015, 452.398, 506.327, 520.502, 584.725, 550.525, 595.517, 616.508, 711.53, 657.362, 741.811, 783.192, 754.835, 792.607, 809.105, 808.533, 825.343, 846.073, 860.168, 864.039, 880.051, 902.469, 912.407, 863.428, 948.523, 915.495, 920.745, 956.311, 922.38, 963.664, 943.598, 941.099, 966.23, 979.13, 997.912]] 
[[422.615, 1193.388, 483.632, 509.155, 454.012, 635.843, 530.116, 568.039, 630.692, 660.446, 680.594, 705.853, 746.922, 783.894, 820.945, 861.628, 902.596, 907.822, 983.915, 1008.29, 1033.277, 1050.199, 1085.949, 1167.773, 1123.275, 1122.574]] 
[[479.102, 423.156, 444.749, 463.352, 475.057, 458.556, 455.436, 456.194, 441.887, 443.505, 432.301, 456.374, 432.664, 460.588, 450.253, 458.18, 478.127, 479.762, 470.137, 475.727, 452.86, 449.962, 439.036, 444.966, 448.567, 442.864, 435.519, 438.575, 439.263, 425.085, 423.758, 437.376, 426.367, 439.151, 429.538, 446.911, 436.624, 444.2, 430.757]] 
[[377.636, 396.633, 402.427, 458.438, 423.777, 436.824, 426.276, 420.735, 426.83, 408.846, 407.72, 1403.356, 401.274, 399.539, 388.084, 396.486, 397.001, 626.57, 390.707, 408.953, 423.834, 394.664, 403.418, 505.474, 509.574, 500.134, 492.504, 459.946, 469.226, 447.303, 455.115, 445.262, 439.338, 434.715, 415.475, 407.668, 379.204, 401.907, 458.648]] 
[[398.245, 394.81, 378.492, 403.459, 394.975, 384.115, 383.15, 387.925, 404.071, 390.168, 397.454, 401.217, 397.218, 395.788, 369.473, 387.652, 369.33, 378.144, 384.042, 375.364, 364.738, 361.331, 399.49, 385.951, 361.328, 360.66, 353.151, 361.013, 368.564, 366.208, 345.496, 366.085, 357.23, 358.029]] 
[[385.934, 421.158, 398.109, 431.555, 399.056, 406.153, 391.874, 420.749, 402.757, 391.823, 390.658, 384.197, 375.332, 377.396, 395.033, 420.151, 368.068, 389.085, 380.845, 376.554, 387.702, 383.604, 381.03, 373.842, 368.479, 376.454, 397.687, 361.121, 361.576, 417.824, 394.837, 363.968, 399.208, 359.306, 371.794, 372.378]] 
[[368.391, 356.837, 357.987, 370.729, 383.843, 378.991, 372.164, 370.429, 360.28, 354.533, 372.079, 386.426, 378.055, 374.743, 378.231, 362.343, 368.92, 381.945, 372.069, 364.442, 362.703, 368.889, 363.884, 379.188, 372.266, 361.452]] 
[[375.088, 356.3, 389.056, 370.131, 1378.359, 376.487, 408.864, 431.822, 407.206, 378.087, 382.934, 381.708, 384.234, 382.737, 376.745, 372.274, 375.087, 375.887, 363.23, 378.955, 352.067, 391.303, 359.144, 356.078]] 
[[391.466, 359.938, 368.475, 397.763, 411.779, 397.769, 372.081, 381.657, 402.887, 383.811, 383.799, 362.528, 364.503, 376.759, 359.908, 364.703, 387.503, 365.721, 374.837, 366.707]] 
[[393.674, 386.776, 466.599, 391.56, 409.07, 383.817, 400.11, 408.209, 387.033, 390.328, 405.733, 385.913, 392.295, 369.918, 386.342, 397.047, 394.785, 371.4, 439.769, 388.78, 406.058, 388.487, 406.985, 410.013, 407.649, 402.561, 471.261, 410.078]] 
[[418.346, 450.47, 465.718, 451.279, 424.073, 407.544, 433.46, 417.272, 412.207, 416.407, 419.314, 392.72, 380.476, 401.627, 404.495, 381.593, 385.977, 391.558]] 
[[408.969, 442.686, 439.957, 430.648, 419.166, 437.846, 412.399, 410.965, 441.801, 429.081, 423.276, 413.167, 419.791, 419.442, 402.168, 396.327, 377.839, 403.829, 380.366, 389.078, 394.17]] 
[[413.182, 384.182, 395.025, 407.249, 615.624, 410.984, 398.058, 368.621, 371.355, 370.89, 386.203, 383.93, 406.97, 380.078, 375.192, 368.734, 352.809, 366.289, 352.208, 355.799, 360.345]] 
[[492.547, 1024.066, 1364.27, 424.206, 4551.528, 368.36, 490.85, 485.14, 1489.566, 2188.4809999999998, 1465.466, 1442.579, 4276.447, 1435.137, 1437.279, 363.331, 395.983, 394.571, 380.672, 370.407, 472.288, 458.783, 464.6, 454.334, 437.84, 4488.936]] 
[[445.698, 393.921, 398.923, 406.261, 416.192, 386.618, 382.58, 384.478, 402.665, 396.676, 408.409, 409.789, 394.418, 406.129, 397.506, 393.881, 391.218, 386.155, 373.672, 392.189, 377.582, 363.206, 385.994, 356.75, 373.928, 372.8, 373.468, 365.915]] 
[[396.678, 445.503, 417.818, 420.914, 414.193, 401.485, 410.669, 392.68, 389.467, 389.459, 409.067, 404.572, 387.1, 406.419, 410.057, 401.266, 401.09, 385.813, 379.924, 371.315, 364.585, 382.169, 378.515, 375.843, 378.014, 375.734]] 
[[369.611, 378.395, 368.635, 366.997, 385.89, 380.962, 390.053, 375.047, 375.758, 379.817, 379.885, 394.056, 395.338, 407.804, 400.571, 376.958, 405.725, 384.793, 390.56, 405.753, 377.558, 382.966, 377.196]] 
[[463.233, 1080.354, 507.113, 521.977, 486.666, 500.89, 476.901, 451.469, 473.997, 459.993, 464.51, 506.876, 501.266, 487.354, 489.555, 470.33, 456.453, 463.888, 439.37]] 
[[448.595, 446.559, 433.721, 448.278, 446.902, 435.758, 421.789, 423.118, 434.307, 438.468, 436.311, 415.719, 435.078, 433.303, 430.519, 436.273, 426.361, 420.185, 419.22, 413.885, 405.556, 404.17, 410.095, 409.833, 413.186, 420.453, 421.971, 416.217]] 
[[406.749, 415.97, 426.119, 430.789, 433.257, 445.537, 436.685, 448.719, 463.691, 434.327, 1039.123, 1005.49, 1002.663, 969.135, 938.21, 918.609, 906.643, 898.622, 891.111, 842.495, 839.17]] 
[[415.188, 411.889, 426.309, 449.184, 435.727, 412.341, 416.842, 398.312, 435.658, 380.899, 433.132, 453.714, 418.704, 408.981, 403.459, 401.659, 439.997, 428.766, 417.272, 422.295, 405.203]] 
[[439.896, 446.306, 483.322, 443.383, 447.697, 436.671, 426.8, 465.277, 472.521, 446.071, 441.241, 434.107, 420.904, 427.938, 425.283, 413.584, 396.914, 392.825, 390.109, 382.555, 387.481, 399.835, 407.897, 378.838, 598.827, 374.522, 371.781, 374.073]] 
[[423.485, 388.625, 387.18, 421.398, 392.93, 412.476, 406.423, 404.071, 403.495, 405.41, 404.479, 405.813, 417.699, 403.357, 408.464, 395.103, 398.762, 425.573, 401.975]] 
[[408.087, 387.836, 411.478, 397.452, 421.913, 394.958, 420.565, 394.172, 431.69, 394.49, 407.394, 371.923, 369.694, 412.272, 403.326, 409.605, 391.844, 368.599, 372.744, 382.221, 369.038, 359.824, 363.774]] 
[[406.564, 384.077, 421.421, 408.465, 398.541, 421.233, 397.502, 376.221, 379.59, 393.173, 391.798, 397.974, 393.555, 409.194, 380.988, 404.013, 394.036, 403.267]] 
[[364.18, 368.917, 375.427, 364.59, 387.781, 404.513, 375.451, 356.946, 379.426, 375.614, 358.938, 403.932, 357.291, 368.181, 381.289, 380.794, 383.401, 370.907, 368.899, 365.621, 382.22]] 
[[477.612, 486.804, 422.619, 465.007, 438.81, 437.443, 481.499, 455.666, 430.906, 449.485, 436.778, 426.556, 457.057, 456.602, 440.426, 430.756, 414.938, 390.431, 405.141, 403.518, 385.861, 384.992, 449.884, 423.579, 404.48, 416.503, 410.095, 421.657, 408.393, 386.725]] 
[[426.247, 487.341, 1206.728, 457.196, 447.671, 441.236, 447.32, 514.277, 497.432, 458.938, 463.484, 455.194, 471.106, 441.118, 445.516, 455.898, 442.131, 428.334, 427.38, 467.814]] 
[[426.612, 427.557, 430.927, 430.455, 428.779, 428.0, 444.786, 454.18, 427.076, 427.893, 414.047, 405.71, 406.619, 416.355, 397.033, 391.237, 402.346, 394.643, 407.495, 399.044]] 
[[469.41, 464.17, 470.941, 465.459, 455.879, 471.259, 594.005, 826.239, 581.19, 564.895, 565.08, 538.338, 530.928, 528.392, 502.046, 487.286, 470.549, 559.011, 570.308, 554.737, 529.247, 491.772, 462.539, 442.305, 417.123, 408.149, 426.97]] 
[[447.135, 459.623, 470.319, 463.296, 452.892, 443.859, 451.907, 447.02, 432.487, 451.038, 453.212, 437.759, 446.756, 448.097, 425.177, 436.333, 426.525, 420.329, 408.563, 424.208, 410.844, 451.299, 442.925, 418.071]] 
[[431.117, 393.375, 408.522, 398.363, 404.685, 414.583, 401.362, 422.036, 417.667, 414.264, 399.251, 384.916, 412.684, 397.211, 391.032, 389.814, 413.535, 396.919, 397.694, 388.23, 388.386]] 
[[407.146, 404.862, 442.418, 408.155, 419.783, 411.627, 417.375, 432.822, 433.876, 429.263, 405.354, 406.54, 415.646, 422.699, 419.059]] 
[[409.512, 409.101, 416.188, 392.868, 382.703, 400.384, 402.214, 417.967, 398.963, 385.008, 406.676, 394.766, 390.942, 391.086, 372.276, 377.93, 407.993, 388.246, 382.026, 392.566, 389.458]] 
[[1250.662, 1316.08, 1311.112, 1340.555, 1339.403, 1334.7350000000001, 1390.46, 1390.884, 1506.557, 1482.742, 1476.625, 1469.604, 1469.097, 1463.0819999999999, 1471.93, 1521.1100000000001, 1508.213, 1497.162, 1486.315, 1480.71, 1465.989, 1459.161, 1441.165, 1407.196, 1401.433, 1371.472]] 
[[508.843, 525.289, 499.431, 517.508, 521.314, 517.591, 520.685, 487.353, 503.456, 474.348, 475.569, 535.108, 530.405, 467.063, 599.763, 500.099, 500.5, 553.347, 510.942, 550.702, 467.874, 475.761, 476.09, 502.614, 521.871, 503.509, 462.399, 481.53, 472.169, 518.15, 533.073, 467.556, 562.165, 456.215, 454.787, 467.078, 468.186, 459.151, 455.009, 467.782, 527.422, 456.692, 535.87, 458.058, 465.785, 539.387, 453.096, 466.586, 1465.279, 616.159, 461.32, 632.472, 524.229, 449.938, 456.799, 634.899, 658.763, 468.981, 680.935, 433.635, 1320.768, 463.285, 694.094, 641.591, 717.952, 458.601, 482.337, 476.438, 731.793, 747.509]] 
[[500.713, 479.535, 521.678, 512.774, 499.709, 481.519, 485.181, 473.256, 476.621, 471.543, 467.118, 455.694, 475.286, 498.701, 521.438, 549.689, 467.196, 457.538, 451.265, 476.151, 466.691, 463.686, 456.288, 492.097, 486.499, 506.14, 487.353, 492.37, 506.565, 529.363, 467.55, 544.301, 471.063, 456.829, 590.501, 551.724, 460.911, 593.532, 622.013, 638.206, 441.533, 441.677, 642.363, 663.888, 688.547, 452.622, 696.244, 421.392, 720.199, 774.846, 427.686, 785.222, 458.864, 448.676, 441.629, 448.71, 469.495, 454.538, 447.815, 453.416, 454.38, 435.83, 811.346, 744.355, 445.381, 420.379, 425.611, 440.788, 434.541, 797.924]] 
[[482.095, 426.367, 448.203, 1395.664, 569.97, 541.272, 539.742, 543.267, 598.86, 522.265, 537.63, 526.403, 622.057, 493.631, 1380.689, 563.812, 474.286, 501.332, 466.521, 598.372, 467.508, 636.225, 460.451, 437.841, 466.402, 445.039, 445.308, 466.445, 457.182, 606.401, 447.563, 442.844, 607.317, 427.626, 425.166, 437.986, 600.12, 635.157, 476.422, 451.448, 424.936, 632.355, 428.642, 643.735, 455.116, 434.72, 475.937, 633.18, 682.583, 648.085, 710.281, 453.166, 458.44, 436.566, 727.4, 684.854, 442.894, 740.105, 513.58, 429.917, 419.189, 464.636, 429.965, 1472.76, 474.323, 698.675, 480.027, 429.921, 423.215, 687.088]] 
average response time [0]533.864
average response time [1]462.268
average response time [2]449.78
average response time [3]434.1
average response time [4]415.333
average response time [5]419.933
average response time [6]437.965
average response time [7]388.993
average response time [8]398.388
average response time [9]415.831
TOTAL AVERAGE RESPONSE TIME ====================: 435.64549999999997
NUMBER OF THREADS ==============================: 1
average response time [10]417.766
average response time [11]415.081
average response time [12]408.64750000000004
average response time [13]410.3045
average response time [14]416.8355
average response time [15]424.2025
average response time [16]451.7915
average response time [17]457.773
average response time [18]464.9925
average response time [19]437.9765
TOTAL AVERAGE RESPONSE TIME ====================: 430.53705
NUMBER OF THREADS ==============================: 2
average response time [20]414.58124999999995
average response time [21]456.7415
average response time [22]410.12975
average response time [23]457.89549999999997
average response time [24]423.3075
average response time [25]379.736
average response time [26]379.40375
average response time [27]378.08
average response time [28]372.25075
average response time [29]595.7295
TOTAL AVERAGE RESPONSE TIME ====================: 426.78554999999994
NUMBER OF THREADS ==============================: 4
average response time [30]450.635375
average response time [31]456.767125
average response time [32]439.374875
average response time [33]475.98025
average response time [34]473.77875
average response time [35]493.75487499999997
average response time [36]466.70574999999997
average response time [37]509.049625
average response time [38]482.787
average response time [39]1125.767625
TOTAL AVERAGE RESPONSE TIME ====================: 537.460125
NUMBER OF THREADS ==============================: 8
average response time [40]457.92787500000003
average response time [41]571.1658125
average response time [42]451.1688125
average response time [43]420.888
average response time [44]369.01875
average response time [45]363.6695625
average response time [46]368.33725
average response time [47]392.6501875
average response time [48]398.508625
average response time [49]372.25825
TOTAL AVERAGE RESPONSE TIME ====================: 416.55931250000003
NUMBER OF THREADS ==============================: 16
average response time [50]369.163
average response time [51]399.9174375
average response time [52]391.72096875
average response time [53]398.102875
average response time [54]397.07128125
average response time [55]415.687625
average response time [56]453.594125
average response time [57]404.6951875
average response time [58]473.03984375
average response time [59]442.28853125
TOTAL AVERAGE RESPONSE TIME ====================: 414.5280875
NUMBER OF THREADS ==============================: 32
average response time [60]502.8366875
average response time [61]448.46750000000003
average response time [62]433.78809375
average response time [63]496.717046875
average response time [64]564.114859375
average response time [65]573.44875
average response time [66]530.487984375
average response time [67]472.136390625
average response time [68]552.211390625
average response time [69]497.326796875
TOTAL AVERAGE RESPONSE TIME ====================: 507.15355
NUMBER OF THREADS ==============================: 64
average response time [70]503.55692307692306
average response time [71]522.6115076923077
average response time [72]1304.6983692307692
average response time [73]1163.7700153846154
average response time [74]1627.5396461538462
average response time [75]548.5843538461538
average response time [76]413.54269230769233
average response time [77]495.7076153846154
average response time [78]513.7930461538461
average response time [79]597.2435846153846
TOTAL AVERAGE RESPONSE TIME ====================: 769.1047753846154
NUMBER OF THREADS ==============================: 65
average response time [80]1090.7498181818182
average response time [81]1135.5238181818181
average response time [82]1024.2572121212122
average response time [83]1016.9396363636364
average response time [84]1058.9829545454545
average response time [85]1173.551515151515
average response time [86]1187.5767272727273
average response time [87]731.2529142857143
average response time [88]660.8923076923077
average response time [89]784.2148333333333
TOTAL AVERAGE RESPONSE TIME ====================: 986.3941737129537
NUMBER OF THREADS ==============================: 66
average response time [90]614.6049444444444
average response time [91]623.7969666666667
average response time [92]756.6804615384616
average response time [93]810.517076923077
average response time [94]447.8586153846154
average response time [95]457.47489743589745
average response time [96]378.9519411764706
average response time [97]388.25825
average response time [98]370.06996153846154
average response time [99]420.9909583333333
TOTAL AVERAGE RESPONSE TIME ====================: 526.9204073441427
NUMBER OF THREADS ==============================: 67
average response time [100]378.7297
average response time [101]401.86607142857144
average response time [102]414.14088888888887
average response time [103]413.951
average response time [104]391.6060476190476
average response time [105]1216.0641153846154
average response time [106]390.6078928571429
average response time [107]395.78265384615383
average response time [108]384.7968695652174
average response time [109]510.64184210526315
TOTAL AVERAGE RESPONSE TIME ====================: 489.81870816949004
NUMBER OF THREADS ==============================: 68
average response time [110]426.63678571428574
average response time [111]694.9101904761905
average response time [112]419.78719047619046
average response time [113]425.9520714285714
average response time [114]405.6167368421053
average response time [115]393.2564782608696
average response time [116]397.8673333333333
average response time [117]374.9675238095238
average response time [118]430.0074333333333
average response time [119]494.11805
TOTAL AVERAGE RESPONSE TIME ====================: 446.3119793674403
NUMBER OF THREADS ==============================: 69
average response time [120]418.0397
average response time [121]512.8972962962963
average response time [122]440.4030833333333
average response time [123]403.12600000000003
average response time [124]418.44166666666666
average response time [125]395.66061904761904
average response time [126]1425.1328461538462
average response time [127]544.1851142857142
average response time [128]517.0883428571428
average response time [129]558.7025714285714
TOTAL AVERAGE RESPONSE TIME ====================: 563.3677240069189
NUMBER OF THREADS ==============================: 70
NUMBER OF THREADS: [1, 2, 4, 8, 16, 32, 64, 65, 66, 67, 68, 69, 70]
WORKLOAD: HFU_LV;  
TOTAL EXECUTION TIME (Concurrent Parallel Requests): 264334.623
NUMBER OF REPLICAS USED: 3

