[[368.604, 356.542, 335.757, 367.546, 372.219, 382.937, 370.885, 368.016, 382.204, 345.612, 372.026, 364.124, 357.728, 417.438, 390.926, 395.977, 375.384, 374.005, 355.076, 358.186, 376.845, 341.113, 377.304, 371.778, 355.288, 351.377, 387.609, 354.931, 363.923, 365.539, 396.873, 369.524, 375.992, 414.649, 418.685, 432.729, 373.417, 370.796, 369.788, 362.487, 345.971, 380.882, 423.844, 413.142, 407.96, 344.445, 395.95, 398.442, 362.79, 364.449, 369.12, 369.269, 362.289, 366.716, 358.112, 347.374, 438.854, 361.434, 405.429, 395.716, 408.706, 382.02, 411.419, 366.829, 383.246, 389.869, 342.195, 395.147, 397.599, 366.191, 340.445, 368.945, 397.132, 381.707, 370.517, 378.255, 338.296, 346.021, 351.377, 335.694, 346.625, 340.062, 424.927, 359.792, 344.076, 402.365, 418.003, 399.453, 370.676, 392.378, 339.185, 352.29, 338.705, 339.17, 346.774, 337.005, 350.907, 341.419, 365.947, 350.012]] 
AVERAGE RESPONSE TIME: 372.65408
NUMBER OF THREADS: [100]
WORKLOAD: LV_HF; PAL CONFIG: cache; NUMBER OF REPLICAS: 3 
TOTAL EXECUTION TIME (Concurrent Parallel Requests): 1818.618


[[371.426, 350.855, 360.104, 336.555, 364.787, 352.851, 358.663, 362.278, 352.362, 357.941, 351.44, 352.513, 351.195, 355.157, 341.966, 346.655, 349.249, 388.117, 391.884, 369.516, 356.506, 383.03, 341.758, 362.412, 382.163, 379.92, 375.509, 377.593, 371.152, 365.431, 353.172, 360.491, 385.48, 338.644, 344.331, 401.551, 404.276, 378.351, 381.179, 402.065, 363.471, 358.935, 374.525, 356.281, 347.811, 348.309, 431.667, 410.719, 431.48, 400.373, 410.413, 390.025, 368.043, 402.037, 385.63, 375.227, 429.268, 393.52, 386.184, 387.775, 363.192, 357.727, 403.761, 397.072, 382.96, 381.832, 352.933, 389.004, 364.543, 343.764, 345.543, 369.869, 352.48, 361.607, 364.068, 363.141, 350.49, 368.969, 357.315, 347.966, 396.809, 418.184, 347.385, 375.18, 344.984, 343.781, 368.553, 374.764, 351.521, 350.945, 357.877, 344.039, 361.848, 362.661, 351.302, 398.336, 381.355, 373.314, 335.099, 343.281]] 
AVERAGE RESPONSE TIME: 369.61675
NUMBER OF THREADS: [100]
WORKLOAD: LV_HF; PAL CONFIG: cache; NUMBER OF REPLICAS: 3 
TOTAL EXECUTION TIME (Concurrent Parallel Requests): 1671.379


[[421.311, 401.732, 369.528, 376.71, 369.542, 371.578, 381.971, 375.824, 360.434, 352.907, 394.687, 423.87, 380.409, 398.424, 388.696, 390.165, 372.745, 406.295, 371.409, 363.27, 364.394, 391.88, 370.395, 398.512, 397.125, 393.875, 395.525, 367.177, 383.635, 417.705, 370.996, 355.002, 368.508, 397.363, 373.321, 371.717, 406.064, 363.905, 376.375, 386.319, 419.073, 430.004, 392.899, 407.183, 401.331, 353.74, 364.366, 369.925, 457.066, 408.233, 356.89, 384.044, 426.63, 406.71, 365.006, 351.356, 357.934, 378.591, 364.328, 373.687, 350.357, 385.751, 358.532, 347.504, 356.608, 366.549, 413.995, 402.64, 371.886, 361.061, 365.846, 395.498, 350.397, 351.371, 417.89, 402.119, 1413.7640000000001, 395.322, 371.125, 352.06, 383.927, 353.862, 342.626, 340.595, 340.146, 339.879, 341.667, 367.216, 354.047, 364.293, 342.581, 343.539, 374.381, 369.231, 346.912, 361.149, 343.339, 355.773, 340.86, 335.461]] 
AVERAGE RESPONSE TIME: 386.62055
NUMBER OF THREADS: [100]
WORKLOAD: LV_HF; PAL CONFIG: cache; NUMBER OF REPLICAS: 3 
TOTAL EXECUTION TIME (Concurrent Parallel Requests): 2402.307


[[388.381, 357.221, 392.976, 364.154, 376.358, 364.086, 373.94, 378.443, 346.504, 375.524, 380.246, 373.153, 362.114, 389.05, 376.583, 372.104, 360.558, 362.62, 354.804, 372.619, 351.098, 365.208, 349.293, 347.739, 348.953, 391.106, 370.939, 352.243, 368.065, 408.942, 422.708, 397.945, 372.402, 357.714, 382.514, 375.389, 369.174, 360.734, 362.992, 368.909, 356.028, 359.02, 364.967, 352.307, 348.426, 350.766, 353.213, 361.251, 349.88, 409.963, 472.293, 463.325, 450.083, 359.926, 423.982, 358.918, 379.422, 341.072, 382.741, 341.762, 380.597, 382.802, 372.756, 356.532, 368.325, 422.702, 415.878, 411.167, 365.237, 380.399, 343.022, 370.863, 349.993, 343.186, 351.259, 364.343, 344.233, 348.361, 335.453, 363.251, 337.519, 354.455, 364.978, 338.28, 355.145, 330.733, 358.497, 335.188, 332.867, 344.123, 357.421, 332.127, 325.177, 333.685, 339.577, 334.654, 338.998, 336.216, 344.89, 338.088]] 
AVERAGE RESPONSE TIME: 366.27827
NUMBER OF THREADS: [100]
WORKLOAD: LV_HF; PAL CONFIG: cache; NUMBER OF REPLICAS: 3 
TOTAL EXECUTION TIME (Concurrent Parallel Requests): 1384.429


[[391.674, 366.268, 386.627, 368.148, 353.37, 348.836, 344.153, 342.31, 339.307, 339.476, 340.173, 354.444, 336.494, 343.457, 334.68, 386.308, 398.962, 356.604, 348.338, 392.717, 354.287, 369.49, 345.692, 369.223, 342.435, 348.68, 346.849, 341.296, 349.664, 349.265, 342.778, 362.904, 334.326, 356.164, 338.525, 352.414, 357.3, 344.91, 370.993, 339.281, 388.77, 408.208, 349.62, 350.339, 390.54, 336.881, 333.939, 382.396, 350.984, 358.671, 416.971, 347.043, 399.983, 343.873, 388.805, 388.995, 365.646, 353.346, 331.837, 354.979, 372.275, 450.814, 367.253, 377.906, 390.145, 397.531, 374.524, 380.549, 364.679, 332.211, 360.144, 350.761, 366.188, 360.591, 349.932, 401.437, 413.153, 342.559, 363.445, 361.915, 348.823, 346.622, 343.118, 357.178, 350.282, 332.249, 342.656, 341.143, 338.774, 339.747, 352.523, 359.654, 340.489, 339.201, 349.57, 345.755, 341.464, 347.679, 368.283, 349.184]] 
AVERAGE RESPONSE TIME: 359.43054
NUMBER OF THREADS: [100]
WORKLOAD: LV_HF; PAL CONFIG: cache; NUMBER OF REPLICAS: 3 
TOTAL EXECUTION TIME (Concurrent Parallel Requests): 1448.535


[[393.331, 419.229, 349.876, 373.352, 430.149, 358.617, 398.928, 398.312, 352.788, 363.787, 348.293, 352.722, 365.831, 356.978, 367.594, 369.825, 365.435, 378.371, 372.484, 347.703, 353.071, 398.95, 354.279, 416.145, 386.746, 393.556, 393.685, 362.31, 374.576, 348.763, 356.115, 346.754, 363.378, 332.151, 364.363, 409.399, 368.892, 352.609, 342.291, 352.857, 416.568, 350.593, 370.872, 370.648, 355.072, 376.586, 430.162, 418.979, 413.068, 346.593, 389.265, 369.29, 343.846, 374.235, 362.858, 342.878, 335.78, 358.544, 356.584, 358.209, 343.511, 346.114, 404.925, 385.342, 371.989, 386.155, 383.759, 338.759, 333.13, 337.729, 355.678, 347.437, 368.019, 353.536, 347.617, 340.656, 343.549, 338.285, 339.292, 339.705, 341.635, 336.827, 336.439, 352.366, 350.505, 341.04, 337.353, 340.793, 344.228, 332.333, 345.433, 340.874, 333.507, 345.862, 333.564, 331.813, 347.563, 353.61, 358.666, 346.456]] 
AVERAGE RESPONSE TIME: 362.31179
NUMBER OF THREADS: [100]
WORKLOAD: LV_HF; PAL CONFIG: cache; NUMBER OF REPLICAS: 3 
TOTAL EXECUTION TIME (Concurrent Parallel Requests): 1532.225


[[358.898, 363.398, 376.402, 351.476, 346.037, 362.976, 351.679, 352.589, 349.764, 349.496, 359.759, 338.763, 355.691, 367.13, 351.625, 358.724, 352.937, 352.133, 349.016, 365.489, 363.397, 370.695, 415.228, 392.561, 385.94, 380.083, 377.014, 371.439, 380.095, 369.413, 359.465, 349.967, 363.47, 356.4, 347.601, 350.949, 368.72, 357.701, 353.474, 380.787, 396.308, 413.186, 415.21, 371.674, 366.0, 356.867, 354.021, 348.867, 335.498, 351.674, 349.308, 366.895, 382.924, 359.536, 384.512, 381.485, 363.29, 389.42, 342.721, 366.252, 353.347, 342.274, 384.939, 386.582, 377.709, 363.995, 407.644, 382.306, 380.46, 354.2, 362.194, 335.442, 347.399, 350.863, 353.311, 343.555, 401.817, 357.817, 358.498, 347.482, 389.56, 362.341, 364.225, 382.28, 364.94, 380.359, 384.26, 341.406, 369.882, 336.797, 429.982, 357.381, 351.039, 388.957, 357.738, 349.743, 356.591, 347.372, 341.006, 342.21]] 
AVERAGE RESPONSE TIME: 364.93932
NUMBER OF THREADS: [100]
WORKLOAD: LV_HF; PAL CONFIG: cache; NUMBER OF REPLICAS: 3 
TOTAL EXECUTION TIME (Concurrent Parallel Requests): 1645.895


[[361.218, 379.781, 374.914, 379.04, 393.721, 358.198, 351.928, 345.226, 379.43, 374.217, 383.027, 370.452, 376.213, 370.727, 364.344, 358.655, 353.312, 340.076, 372.098, 357.543, 351.5, 342.824, 359.749, 352.718, 869.639, 386.346, 388.59, 382.965, 383.626, 414.891, 390.169, 385.494, 383.435, 362.81, 353.851, 342.222, 351.601, 379.504, 408.683, 462.386, 502.775, 455.565, 341.082, 391.086, 379.867, 365.77, 375.799, 365.395, 353.085, 348.582, 370.988, 410.308, 394.885, 396.529, 378.594, 360.931, 375.736, 373.292, 366.845, 343.822, 345.752, 367.044, 348.546, 348.377, 384.574, 423.326, 399.16, 392.798, 360.484, 352.756, 356.171, 368.424, 369.138, 376.949, 374.557, 354.11, 346.288, 382.767, 401.727, 354.016, 393.928, 369.195, 418.442, 350.566, 366.146, 377.752, 353.005, 390.818, 397.213, 358.662, 384.735, 384.886, 368.625, 351.579, 410.248, 391.496, 343.132, 351.692, 372.211, 352.148]] 
AVERAGE RESPONSE TIME: 379.41502
NUMBER OF THREADS: [100]
WORKLOAD: LV_HF; PAL CONFIG: cache; NUMBER OF REPLICAS: 3 
TOTAL EXECUTION TIME (Concurrent Parallel Requests): 1692.809


[[361.463, 341.261, 338.279, 365.814, 345.61, 359.151, 344.609, 359.866, 351.428, 349.886, 346.058, 370.251, 385.725, 371.742, 366.522, 352.524, 367.697, 359.252, 363.799, 349.823, 342.712, 362.377, 358.518, 344.9, 345.955, 371.855, 357.558, 359.298, 341.016, 372.153, 345.506, 349.159, 355.617, 365.426, 356.48, 342.286, 359.379, 405.826, 365.877, 382.198, 345.177, 370.477, 336.789, 358.925, 346.57, 377.992, 377.25, 353.29, 403.466, 373.044, 375.615, 384.057, 348.306, 339.573, 360.42, 346.627, 337.123, 357.794, 341.44, 357.12, 356.583, 352.965, 350.502, 355.498, 350.388, 344.937, 352.342, 354.065, 367.245, 366.397, 403.83, 397.41, 382.489, 369.381, 373.613, 361.273, 388.563, 385.808, 369.686, 364.807, 349.461, 396.468, 363.438, 398.028, 399.229, 374.47, 355.336, 360.582, 361.689, 359.035, 348.984, 344.398, 349.778, 333.61, 412.142, 390.491, 346.096, 347.464, 342.522, 341.795]] 
AVERAGE RESPONSE TIME: 361.48709
NUMBER OF THREADS: [100]
WORKLOAD: LV_HF; PAL CONFIG: cache; NUMBER OF REPLICAS: 3 
TOTAL EXECUTION TIME (Concurrent Parallel Requests): 1634.804


[[404.955, 357.497, 349.974, 365.401, 355.061, 342.573, 348.367, 351.78, 336.183, 340.286, 334.757, 378.371, 346.405, 364.332, 353.724, 393.121, 365.246, 408.203, 351.624, 356.263, 374.067, 361.501, 353.221, 359.496, 357.516, 336.716, 344.079, 360.877, 390.758, 360.441, 348.537, 365.113, 358.966, 347.693, 407.057, 380.576, 361.872, 355.405, 415.988, 426.918, 388.38, 356.622, 348.092, 365.984, 358.525, 391.364, 345.614, 338.638, 395.862, 383.15, 386.414, 348.665, 386.715, 360.452, 400.376, 414.435, 360.075, 369.397, 417.366, 386.037, 379.56, 396.377, 386.409, 358.832, 464.125, 354.565, 445.744, 374.434, 387.138, 374.415, 378.106, 372.029, 371.329, 415.691, 373.028, 415.104, 375.53, 386.336, 365.51, 350.982, 398.325, 417.774, 400.907, 394.274, 380.824, 351.204, 370.207, 348.634, 360.132, 346.847, 384.968, 388.249, 368.331, 346.65, 363.979, 375.521, 354.809, 369.182, 352.674, 361.668]] 
AVERAGE RESPONSE TIME: 372.33486
NUMBER OF THREADS: [100]
WORKLOAD: LV_HF; PAL CONFIG: cache; NUMBER OF REPLICAS: 3 
TOTAL EXECUTION TIME (Concurrent Parallel Requests): 1710.9560000000001


