[[402.185]] 
RATE (RPS) =====================================: 1

[[330.676]] 
RATE (RPS) =====================================: 1

[[332.322]] 
RATE (RPS) =====================================: 1

[[397.467]] 
RATE (RPS) =====================================: 1

[[342.335]] 
RATE (RPS) =====================================: 1

[[346.507]] 
RATE (RPS) =====================================: 1

[[331.405]] 
RATE (RPS) =====================================: 1

[[394.75]] 
RATE (RPS) =====================================: 1

[[332.336]] 
RATE (RPS) =====================================: 1

[[341.452]] 
RATE (RPS) =====================================: 1

[[339.731, 336.982]] 
RATE (RPS) =====================================: 2

[[392.369, 395.946]] 
RATE (RPS) =====================================: 2

[[343.126, 331.231]] 
RATE (RPS) =====================================: 2

[[331.838, 351.835]] 
RATE (RPS) =====================================: 2

[[395.852, 393.734]] 
RATE (RPS) =====================================: 2

[[337.022, 335.532]] 
RATE (RPS) =====================================: 2

[[341.489, 339.271]] 
RATE (RPS) =====================================: 2

[[353.434, 349.844]] 
RATE (RPS) =====================================: 2

[[397.192, 400.345]] 
RATE (RPS) =====================================: 2

[[365.167, 361.071]] 
RATE (RPS) =====================================: 2

[[331.188, 328.733, 349.111, 344.401]] 
RATE (RPS) =====================================: 4

[[348.554, 339.89, 354.762, 337.251]] 
RATE (RPS) =====================================: 4

[[407.839, 396.44, 401.463, 391.913]] 
RATE (RPS) =====================================: 4

[[361.015, 331.908, 339.499, 334.265]] 
RATE (RPS) =====================================: 4

[[347.589, 334.68, 344.933, 334.678]] 
RATE (RPS) =====================================: 4

[[400.196, 387.25, 383.905, 372.614]] 
RATE (RPS) =====================================: 4

[[339.323, 356.857, 337.794, 330.525]] 
RATE (RPS) =====================================: 4

[[341.319, 345.09, 349.964, 340.278]] 
RATE (RPS) =====================================: 4

[[339.488, 354.095, 345.217, 339.821]] 
RATE (RPS) =====================================: 4

[[420.226, 421.004, 400.985, 403.451]] 
RATE (RPS) =====================================: 4

[[332.275, 343.018, 338.302, 376.238, 362.312, 350.19, 348.22, 336.766]] 
RATE (RPS) =====================================: 8

[[347.801, 362.918, 345.838, 369.787, 334.786, 339.131, 359.589, 339.566]] 
RATE (RPS) =====================================: 8

[[411.902, 402.511, 402.026, 396.755, 402.007, 383.148, 374.803, 373.901]] 
RATE (RPS) =====================================: 8

[[360.9, 347.537, 355.74, 330.804, 345.105, 354.837, 337.879, 330.934]] 
RATE (RPS) =====================================: 8

[[334.206, 346.584, 353.511, 352.443, 334.884, 340.79, 331.279, 333.195]] 
RATE (RPS) =====================================: 8

[[403.996, 395.138, 393.216, 384.988, 380.709, 373.749, 382.462, 350.327]] 
RATE (RPS) =====================================: 8

[[382.684, 360.433, 356.863, 346.72, 331.472, 354.924, 342.293, 337.152]] 
RATE (RPS) =====================================: 8

[[333.931, 331.077, 343.623, 336.089, 347.103, 336.72, 337.401, 339.381]] 
RATE (RPS) =====================================: 8

[[398.964, 397.481, 416.023, 393.827, 373.122, 389.622, 363.857, 353.18]] 
RATE (RPS) =====================================: 8

[[343.445, 341.839, 369.317, 360.598, 360.419, 342.79, 338.375, 337.738]] 
RATE (RPS) =====================================: 8

[[334.001, 332.214, 331.613, 334.05, 333.133, 336.385, 331.225, 372.542, 362.437, 357.477, 344.635, 346.482, 343.765, 348.326, 343.13, 340.416]] 
RATE (RPS) =====================================: 16

[[329.093, 349.146, 414.087, 397.801, 399.257, 395.367, 388.914, 383.254, 369.708, 368.123, 370.585, 363.756, 363.639, 352.508, 354.796, 348.63]] 
RATE (RPS) =====================================: 16

[[350.823, 341.492, 361.12, 359.544, 348.703, 347.313, 353.043, 334.597, 356.523, 333.348, 351.398, 348.228, 341.429, 352.649, 344.768, 337.214]] 
RATE (RPS) =====================================: 16

[[336.325, 331.555, 353.577, 357.289, 352.613, 341.541, 336.738, 336.914, 335.635, 348.282, 332.778, 349.197, 332.074, 345.728, 343.693, 340.373]] 
RATE (RPS) =====================================: 16

[[400.339, 416.112, 397.085, 399.552, 402.35, 396.848, 396.076, 406.31, 379.614, 386.516, 374.902, 373.769, 378.668, 376.985, 359.709, 348.503]] 
RATE (RPS) =====================================: 16

[[375.296, 358.434, 353.376, 340.625, 344.297, 334.421, 334.856, 333.439, 334.323, 332.889, 344.367, 330.547, 331.04, 331.774, 333.721, 333.628]] 
RATE (RPS) =====================================: 16

[[331.642, 339.684, 357.82, 342.359, 338.381, 334.403, 330.461, 341.611, 332.957, 330.526, 339.416, 350.01, 361.173, 341.021, 340.347, 340.325]] 
RATE (RPS) =====================================: 16

[[397.47, 392.305, 388.59, 378.921, 359.604, 360.433, 346.505, 354.249, 335.883, 346.905, 345.64, 332.77, 334.778, 336.183, 336.819, 332.075]] 
RATE (RPS) =====================================: 16

[[331.196, 333.343, 345.068, 339.514, 334.079, 358.452, 333.672, 328.563, 334.828, 335.415, 335.304, 378.094, 345.753, 336.844, 331.352, 331.02]] 
RATE (RPS) =====================================: 16

[[353.038, 339.418, 350.25, 333.78, 350.348, 354.145, 358.846, 357.727, 364.414, 355.608, 355.077, 354.984, 362.658, 368.739, 353.015, 338.547]] 
RATE (RPS) =====================================: 16

[[400.416, 401.265, 395.701, 385.64, 380.693, 371.749, 365.929, 359.59, 359.273, 361.704, 346.755, 382.222, 346.5, 341.304, 360.861, 335.717, 355.388, 368.399, 348.921, 351.625, 368.122, 334.246, 356.177, 372.024, 359.366, 365.469, 348.725, 352.619, 342.139, 347.142, 337.095, 332.161]] 
RATE (RPS) =====================================: 32

[[377.955, 345.848, 359.889, 349.49, 352.484, 396.698, 363.927, 372.089, 358.757, 357.394, 355.57, 354.472, 348.697, 367.517, 381.449, 378.77, 372.008, 361.658, 340.865, 354.496, 379.227, 358.384, 389.022, 364.549, 343.806, 343.085, 342.165, 336.203, 348.295, 341.63, 336.814, 337.62]] 
RATE (RPS) =====================================: 32

[[431.702, 430.658, 432.86, 426.826, 407.49, 397.941, 401.9, 398.362, 390.423, 388.759, 381.264, 373.169, 377.153, 366.049, 369.557, 371.302, 359.463, 350.535, 371.871, 369.621, 345.538, 341.8, 381.498, 344.994, 349.534, 336.478, 354.655, 359.129, 350.456, 339.705, 336.121, 340.687]] 
RATE (RPS) =====================================: 32

[[360.989, 339.789, 350.468, 341.102, 340.852, 345.347, 335.416, 334.631, 337.109, 347.212, 342.36, 347.498, 359.126, 336.072, 354.962, 342.076, 337.874, 341.624, 336.158, 332.219, 360.707, 344.245, 342.093, 341.285, 339.397, 340.238, 338.444, 342.355, 331.47, 332.76, 336.39, 332.9]] 
RATE (RPS) =====================================: 32

[[409.457, 397.648, 406.955, 383.371, 385.102, 387.37, 385.845, 386.273, 384.083, 380.365, 378.608, 374.225, 373.405, 370.291, 372.967, 365.86, 362.732, 360.602, 362.33, 334.986, 345.409, 349.539, 346.793, 346.26, 347.753, 375.246, 340.845, 350.332, 342.983, 344.973, 339.005, 335.883]] 
RATE (RPS) =====================================: 32

[[370.61, 342.12, 344.228, 348.065, 360.534, 345.705, 354.372, 356.282, 336.159, 342.546, 337.603, 331.79, 355.928, 345.243, 354.657, 343.824, 336.213, 333.795, 338.939, 343.06, 353.205, 338.507, 346.42, 344.412, 345.219, 340.695, 337.677, 337.963, 338.602, 336.2, 342.94, 332.595]] 
RATE (RPS) =====================================: 32

[[347.206, 352.026, 352.149, 345.339, 351.926, 365.648, 364.784, 366.505, 361.236, 367.64, 366.005, 446.664, 448.337, 453.548, 437.735, 408.16, 411.228, 394.793, 389.223, 391.399, 378.622, 371.597, 368.331, 365.066, 362.404, 349.383, 346.099, 340.298, 378.409, 380.813, 350.556, 341.14]] 
RATE (RPS) =====================================: 32

[[337.04, 340.331, 386.089, 345.086, 368.977, 353.812, 367.468, 343.73, 337.216, 342.104, 345.726, 332.326, 360.674, 367.912, 343.834, 335.886, 339.844, 338.6, 354.971, 339.708, 334.921, 353.592, 359.091, 353.77, 337.901, 329.628, 352.861, 345.09, 337.295, 340.19, 332.97, 338.283]] 
RATE (RPS) =====================================: 32

[[350.525, 357.108, 354.638, 343.551, 349.501, 381.579, 332.168, 353.687, 367.296, 356.66, 341.396, 347.923, 347.257, 345.912, 341.323, 336.49, 344.563, 336.493, 419.669, 421.526, 423.401, 430.318, 412.361, 420.61, 422.297, 415.795, 424.853, 400.6, 402.633, 398.122, 389.868, 384.395]] 
RATE (RPS) =====================================: 32

[[350.392, 335.307, 335.653, 360.256, 352.805, 335.255, 338.578, 341.738, 340.404, 353.614, 344.63, 347.242, 344.263, 342.223, 341.234, 337.267, 340.443, 340.262, 336.461, 347.238, 341.323, 340.86, 366.686, 344.972, 340.877, 368.151, 353.119, 365.077, 341.182, 354.231, 346.462, 332.172]] 
RATE (RPS) =====================================: 32

[[362.509, 350.085, 359.597, 336.741, 352.332, 352.667, 341.72, 334.21, 357.484, 367.258, 349.659, 360.921, 360.226, 356.054, 351.932, 373.3, 347.285, 336.59, 340.21, 457.296, 446.153, 441.118, 424.02, 426.867, 425.129, 423.071, 413.356, 416.056, 404.138, 397.172, 392.397, 388.019, 385.232]] 
RATE (RPS) =====================================: 33

[[351.963, 367.674, 340.083, 348.117, 353.4, 341.968, 335.894, 350.493, 346.221, 354.967, 356.815, 343.137, 336.908, 333.583, 354.358, 331.196, 346.167, 362.896, 360.546, 344.322, 364.067, 360.938, 390.283, 370.045, 359.356, 361.304, 348.23, 351.569, 349.377, 340.779, 339.417, 331.893, 343.827]] 
RATE (RPS) =====================================: 33

[[364.178, 352.121, 355.996, 362.599, 345.138, 342.304, 354.148, 340.977, 340.075, 338.313, 336.76, 338.277, 334.755, 340.537, 342.79, 333.23, 334.748, 332.574, 346.034, 332.365, 331.359, 332.435, 334.95, 333.053, 332.056, 333.513, 332.741, 329.631, 341.488, 328.922, 333.71, 329.514, 343.361]] 
RATE (RPS) =====================================: 33

[[416.09, 419.137, 401.836, 410.951, 395.381, 393.023, 373.868, 371.561, 365.983, 372.012, 366.218, 376.552, 358.614, 354.088, 356.73, 348.033, 340.824, 336.753, 366.686, 338.758, 347.596, 343.785, 363.218, 365.727, 373.112, 359.175, 362.725, 345.878, 345.42, 345.648, 347.123, 364.295, 351.147]] 
RATE (RPS) =====================================: 33

[[347.555, 367.91, 346.692, 361.287, 354.927, 373.148, 352.134, 346.476, 343.561, 352.497, 355.408, 346.732, 345.93, 332.91, 333.055, 334.424, 331.253, 334.633, 332.431, 334.229, 332.666, 335.551, 332.369, 332.096, 331.947, 347.946, 363.231, 333.563, 343.782, 340.048, 351.242, 346.277, 338.365]] 
RATE (RPS) =====================================: 33

[[400.716, 403.295, 401.207, 386.338, 370.807, 381.9, 381.528, 371.837, 369.734, 358.155, 354.181, 352.426, 362.254, 347.696, 350.348, 340.855, 368.628, 357.706, 348.215, 352.028, 337.279, 332.796, 334.014, 333.248, 335.286, 334.402, 333.62, 352.869, 331.322, 431.059, 406.87, 400.858, 384.152]] 
RATE (RPS) =====================================: 33

[[403.09, 360.726, 394.207, 354.292, 370.675, 353.955, 351.709, 354.134, 360.962, 377.486, 351.715, 351.535, 338.635, 359.596, 334.187, 355.577, 338.249, 367.178, 341.437, 369.937, 364.091, 352.312, 359.884, 336.291, 333.742, 344.278, 346.929, 354.739, 332.748, 341.067, 360.867, 340.158, 342.023]] 
RATE (RPS) =====================================: 33

[[415.076, 413.099, 404.985, 397.052, 400.181, 395.27, 389.19, 385.266, 380.778, 369.171, 378.765, 372.715, 357.474, 345.714, 349.848, 342.701, 341.696, 345.7, 342.245, 343.598, 340.372, 337.69, 365.638, 355.382, 372.519, 380.356, 369.656, 359.664, 382.042, 359.827, 365.48, 350.128, 341.39]] 
RATE (RPS) =====================================: 33

[[340.918, 348.392, 338.661, 371.7, 349.916, 342.818, 335.774, 336.912, 347.553, 338.405, 342.436, 341.902, 350.099, 336.013, 334.236, 333.223, 333.155, 334.737, 331.217, 330.088, 333.442, 364.949, 355.789, 364.107, 362.191, 343.972, 338.459, 336.519, 334.047, 331.265, 330.161, 340.961, 346.473]] 
RATE (RPS) =====================================: 33

[[420.604, 423.168, 404.338, 400.418, 393.94, 389.355, 383.226, 380.856, 377.743, 377.962, 366.713, 358.011, 353.84, 355.237, 352.842, 341.952, 350.332, 338.64, 338.575, 337.166, 355.206, 359.471, 358.303, 345.689, 347.971, 346.447, 338.642, 340.353, 331.272, 337.935, 361.757, 363.142, 344.994]] 
RATE (RPS) =====================================: 33

[[334.91, 348.991, 352.158, 349.26, 339.757, 353.933, 336.122, 334.652, 338.918, 352.012, 337.437, 338.33, 342.746, 341.71, 369.594, 334.694, 337.655, 340.915, 338.906, 335.081, 334.959, 340.598, 348.346, 348.614, 332.431, 338.697, 345.085, 336.668, 338.139, 334.381, 344.396, 341.885, 338.24, 337.684]] 
RATE (RPS) =====================================: 34

[[407.14, 408.021, 396.766, 390.138, 388.182, 379.255, 365.581, 365.252, 362.351, 351.446, 352.151, 347.044, 344.609, 338.346, 352.377, 351.052, 348.078, 340.134, 338.413, 336.773, 334.636, 332.078, 344.473, 340.526, 341.539, 351.195, 342.416, 337.6, 346.317, 348.489, 346.29, 338.534, 367.509, 350.137]] 
RATE (RPS) =====================================: 34

[[403.471, 349.9, 354.599, 350.777, 376.362, 363.242, 356.132, 349.554, 357.766, 345.994, 343.746, 333.818, 333.708, 330.868, 337.486, 338.291, 336.363, 334.006, 340.516, 331.462, 349.923, 347.528, 348.351, 348.727, 343.817, 344.7, 345.483, 345.542, 339.65, 334.82, 334.874, 344.146, 360.035, 338.936]] 
RATE (RPS) =====================================: 34

[[334.552, 332.372, 343.636, 341.648, 348.324, 342.401, 353.005, 345.094, 348.966, 354.573, 357.963, 346.755, 411.954, 410.834, 411.548, 387.696, 391.6, 393.629, 396.071, 379.64, 385.282, 383.977, 372.553, 369.338, 371.525, 371.22, 369.88, 363.087, 359.988, 362.665, 356.348, 363.924, 332.976, 337.481]] 
RATE (RPS) =====================================: 34

[[361.278, 363.555, 344.575, 347.492, 345.713, 359.873, 346.424, 355.673, 336.065, 344.86, 339.703, 340.001, 354.182, 332.991, 344.422, 344.375, 335.137, 336.776, 344.872, 346.907, 344.263, 350.848, 353.722, 334.527, 366.792, 334.248, 355.241, 333.995, 349.38, 352.313, 357.053, 352.696, 341.773, 340.425]] 
RATE (RPS) =====================================: 34

[[341.155, 370.319, 341.01, 357.931, 371.611, 378.556, 368.711, 351.952, 345.652, 373.171, 346.456, 344.182, 360.202, 339.503, 335.863, 343.2, 344.18, 355.327, 349.318, 349.813, 381.818, 357.934, 342.504, 351.558, 346.904, 338.337, 341.752, 336.586, 354.284, 344.68, 344.476, 342.136, 417.581, 412.304]] 
RATE (RPS) =====================================: 34

[[355.55, 339.125, 342.41, 342.07, 348.413, 344.545, 339.783, 347.498, 352.904, 342.804, 357.965, 337.342, 367.482, 343.289, 340.483, 337.691, 336.215, 344.793, 357.116, 352.73, 337.434, 339.75, 350.146, 337.641, 329.771, 344.637, 345.582, 335.357, 356.31, 340.535, 350.185, 337.199, 337.504, 335.301]] 
RATE (RPS) =====================================: 34

[[361.674, 392.214, 377.411, 350.295, 344.749, 347.674, 363.474, 341.669, 344.375, 352.658, 342.814, 344.877, 344.658, 341.317, 337.323, 364.914, 330.203, 332.033, 342.073, 339.778, 340.147, 349.372, 346.575, 340.688, 343.185, 334.065, 338.398, 337.518, 333.658, 333.639, 339.051, 335.709, 332.869, 334.44]] 
RATE (RPS) =====================================: 34

[[414.608, 404.35, 404.283, 394.341, 394.098, 389.118, 388.65, 372.079, 371.807, 362.882, 336.278, 334.781, 335.107, 332.058, 339.716, 335.376, 348.284, 337.979, 335.691, 341.014, 354.458, 331.61, 330.82, 340.635, 337.023, 334.468, 355.364, 346.411, 341.539, 337.699, 338.859, 337.418, 334.798, 337.126]] 
RATE (RPS) =====================================: 34

[[332.627, 334.735, 336.486, 335.247, 332.351, 345.297, 332.866, 335.587, 333.965, 335.567, 339.266, 331.711, 331.416, 332.262, 333.896, 334.125, 334.304, 341.294, 332.677, 337.325, 333.558, 341.3, 343.317, 340.854, 335.281, 332.601, 331.809, 333.881, 332.163, 337.864, 335.619, 340.27, 342.516, 337.919]] 
RATE (RPS) =====================================: 34

[[406.533, 409.167, 399.355, 397.572, 387.218, 378.413, 381.046, 373.273, 379.719, 368.009, 362.748, 357.443, 359.375, 357.323, 355.042, 352.112, 349.832, 344.67, 348.142, 336.844, 357.993, 346.021, 357.135, 335.907, 334.013, 335.928, 333.269, 338.451, 333.981, 331.189, 348.209, 337.208, 339.377, 342.093, 342.849]] 
RATE (RPS) =====================================: 35

[[362.946, 355.845, 346.159, 341.513, 358.442, 347.565, 350.782, 360.287, 360.75, 387.39, 351.353, 360.517, 368.63, 347.842, 344.593, 345.473, 342.991, 332.65, 344.829, 355.677, 336.011, 363.891, 354.866, 355.607, 353.418, 354.699, 339.61, 342.637, 331.195, 348.267, 338.843, 357.579, 357.721, 373.34, 343.296]] 
RATE (RPS) =====================================: 35

[[398.804, 395.995, 386.799, 381.223, 379.079, 372.133, 350.571, 355.923, 348.896, 352.272, 345.278, 375.664, 355.498, 366.598, 367.049, 352.12, 348.469, 352.088, 341.829, 342.915, 339.085, 349.456, 348.18, 343.413, 333.213, 334.949, 361.444, 335.682, 357.532, 360.854, 373.676, 363.028, 370.751, 354.414, 342.337]] 
RATE (RPS) =====================================: 35

[[363.342, 336.754, 344.624, 349.989, 370.264, 342.617, 357.352, 352.374, 344.656, 356.781, 354.098, 350.259, 351.09, 342.296, 360.082, 346.477, 338.836, 348.361, 361.845, 344.55, 358.388, 351.537, 349.501, 340.96, 337.778, 336.532, 334.798, 332.837, 333.817, 332.955, 341.569, 329.204, 338.889, 344.252, 338.076]] 
RATE (RPS) =====================================: 35

[[418.921, 411.57, 400.314, 393.197, 398.365, 378.7, 372.068, 368.4, 432.726, 370.198, 369.759, 353.354, 342.101, 337.129, 374.965, 381.122, 359.746, 356.305, 355.308, 362.265, 352.485, 340.778, 343.577, 357.25, 345.185, 357.169, 343.643, 347.433, 341.97, 331.626, 336.22, 345.084, 353.115, 337.607, 339.707]] 
RATE (RPS) =====================================: 35

[[365.009, 380.697, 364.578, 353.848, 344.469, 343.997, 339.623, 337.902, 335.066, 335.391, 335.319, 340.016, 334.358, 334.057, 330.671, 338.135, 335.017, 339.264, 334.587, 332.596, 331.613, 330.498, 342.417, 335.514, 350.524, 332.488, 344.482, 352.613, 358.973, 352.092, 338.255, 347.159, 337.598, 357.263, 344.915]] 
RATE (RPS) =====================================: 35

[[347.885, 343.832, 419.171, 393.905, 390.748, 388.111, 386.206, 385.188, 391.093, 376.796, 373.482, 377.522, 374.726, 366.283, 361.246, 358.283, 346.783, 346.435, 356.707, 333.951, 335.687, 347.167, 336.852, 336.064, 338.771, 339.164, 340.016, 337.098, 334.395, 333.159, 336.042, 338.22, 345.792, 334.514, 343.589]] 
RATE (RPS) =====================================: 35

[[339.973, 345.13, 363.324, 341.735, 352.31, 348.31, 347.81, 346.535, 359.556, 365.843, 361.365, 347.641, 348.729, 356.99, 344.073, 343.923, 341.554, 366.658, 334.607, 369.373, 351.081, 344.381, 342.95, 337.595, 351.719, 342.977, 348.174, 331.066, 333.31, 333.915, 339.306, 339.912, 364.99, 343.569, 341.187]] 
RATE (RPS) =====================================: 35

[[336.368, 335.892, 368.72, 335.357, 363.166, 346.366, 351.825, 440.324, 359.717, 345.021, 406.941, 414.608, 402.516, 399.992, 387.803, 380.524, 379.461, 377.552, 374.389, 372.071, 367.54, 361.762, 361.914, 353.298, 350.014, 347.824, 331.789, 343.079, 360.246, 349.451, 348.458, 360.768, 354.753, 355.595, 349.271]] 
RATE (RPS) =====================================: 35

[[354.457, 371.318, 364.647, 363.396, 349.58, 352.176, 344.734, 348.392, 346.838, 340.666, 353.318, 360.163, 355.154, 362.135, 341.269, 349.839, 366.42, 344.579, 335.741, 335.316, 345.371, 340.987, 418.791, 396.232, 365.935, 344.63, 381.046, 345.172, 335.554, 335.561, 339.979, 358.506, 347.202, 340.467, 361.747]] 
RATE (RPS) =====================================: 35

[[345.051, 336.733, 344.584, 343.848, 433.175, 349.493, 403.797, 395.363, 394.429, 391.283, 391.906, 382.884, 364.912, 369.553, 375.064, 369.413, 353.973, 354.964, 359.892, 348.903, 351.161, 356.297, 351.16, 351.17, 337.43, 336.241, 339.964, 335.286, 359.353, 369.85, 350.964, 351.959, 355.943, 343.247, 395.439, 338.872]] 
RATE (RPS) =====================================: 36

[[377.119, 375.664, 349.194, 355.458, 364.818, 343.117, 353.492, 340.102, 342.192, 348.941, 344.851, 341.202, 343.767, 359.936, 351.985, 348.291, 376.301, 353.27, 356.574, 364.524, 347.065, 329.917, 336.137, 341.94, 339.117, 357.177, 355.521, 346.82, 334.341, 335.752, 360.633, 352.652, 354.762, 345.57, 383.252, 395.188]] 
RATE (RPS) =====================================: 36

[[399.563, 415.931, 376.595, 379.097, 378.604, 389.373, 360.822, 366.351, 347.989, 355.995, 346.852, 342.304, 339.625, 338.289, 345.393, 342.966, 337.755, 330.347, 330.751, 330.908, 339.084, 328.677, 331.098, 333.78, 338.213, 332.413, 333.656, 334.014, 348.911, 330.499, 332.304, 337.692, 335.889, 343.717, 339.669, 340.086]] 
RATE (RPS) =====================================: 36

[[371.759, 335.912, 342.808, 349.748, 347.973, 371.469, 368.976, 342.948, 389.017, 346.364, 365.763, 342.98, 345.746, 358.929, 350.896, 344.003, 341.764, 357.771, 352.692, 347.149, 347.341, 343.759, 348.065, 341.876, 347.685, 343.078, 347.0, 347.955, 351.237, 339.159, 335.238, 332.317, 330.528, 336.715, 347.953, 337.652]] 
RATE (RPS) =====================================: 36

[[423.924, 430.574, 422.66, 395.274, 405.663, 396.67, 383.352, 374.91, 381.978, 370.157, 373.981, 358.023, 346.577, 360.42, 347.052, 358.094, 338.16, 343.85, 336.48, 338.266, 349.87, 333.87, 336.639, 338.21, 339.83, 340.305, 374.471, 372.436, 371.083, 361.192, 355.056, 346.582, 336.971, 356.827, 349.688, 340.938]] 
RATE (RPS) =====================================: 36

[[342.086, 347.192, 353.299, 353.855, 348.57, 338.668, 335.273, 337.276, 343.678, 365.577, 337.857, 334.573, 353.974, 342.151, 345.151, 335.621, 336.986, 339.063, 331.807, 332.055, 338.22, 334.759, 337.318, 339.111, 336.647, 345.762, 345.328, 338.772, 352.452, 336.582, 349.312, 352.385, 331.666, 359.317, 336.206, 331.093]] 
RATE (RPS) =====================================: 36

[[418.624, 336.681, 397.652, 390.361, 395.81, 386.174, 376.355, 381.615, 367.886, 368.381, 357.993, 357.931, 357.32, 349.819, 354.344, 361.053, 351.055, 348.155, 344.753, 334.631, 337.306, 338.609, 336.619, 333.394, 335.622, 331.659, 332.624, 341.868, 329.054, 332.721, 337.257, 346.723, 372.319, 360.751, 332.52, 345.105]] 
RATE (RPS) =====================================: 36

[[340.651, 369.428, 334.284, 345.903, 341.016, 333.146, 377.509, 373.407, 360.706, 357.701, 356.337, 358.195, 349.109, 345.236, 338.926, 340.435, 355.597, 353.082, 356.606, 334.708, 332.876, 330.782, 338.008, 335.006, 333.076, 333.385, 332.943, 341.747, 333.879, 360.08, 334.755, 341.692, 331.053, 335.634, 334.409, 335.333]] 
RATE (RPS) =====================================: 36

[[363.205, 341.39, 347.889, 345.585, 350.717, 347.038, 343.376, 341.224, 340.376, 343.017, 342.073, 413.628, 411.703, 418.041, 400.737, 395.082, 397.956, 396.844, 408.521, 399.208, 407.512, 386.379, 385.204, 378.538, 358.634, 375.503, 341.886, 341.407, 356.32, 358.128, 341.319, 342.713, 349.992, 367.865, 356.457, 333.578]] 
RATE (RPS) =====================================: 36

[[359.913, 387.583, 377.63, 411.99, 394.438, 354.847, 384.701, 365.45, 368.45, 361.762, 355.996, 354.305, 356.166, 353.662, 347.164, 346.597, 340.406, 364.263, 382.478, 356.958, 371.909, 387.756, 360.467, 383.425, 384.859, 379.756, 362.57, 342.553, 342.152, 349.227, 349.498, 339.823, 343.862, 363.526, 343.942, 343.487]] 
RATE (RPS) =====================================: 36

[[355.802, 339.237, 343.984, 486.716, 485.697, 473.522, 478.001, 470.052, 453.366, 452.287, 446.019, 449.476, 438.739, 451.492, 428.57, 421.756, 414.657, 412.276, 410.069, 408.826, 404.368, 402.13, 407.497, 407.019, 401.064, 394.921, 407.234, 414.973, 395.152, 382.048, 383.37, 382.257, 370.923, 373.579, 370.983, 376.298, 370.357]] 
RATE (RPS) =====================================: 37

[[345.699, 349.887, 366.162, 370.04, 355.926, 353.575, 364.467, 358.22, 357.604, 349.424, 365.614, 360.477, 359.025, 354.712, 348.465, 344.156, 354.172, 357.749, 345.547, 338.891, 334.658, 377.768, 353.627, 354.598, 350.946, 356.844, 374.351, 367.659, 369.15, 342.14, 369.039, 342.145, 351.804, 348.924, 379.297, 369.75, 354.222]] 
RATE (RPS) =====================================: 37

[[351.812, 372.907, 397.416, 357.385, 370.783, 336.739, 420.165, 414.175, 406.837, 405.202, 391.945, 374.518, 375.233, 375.041, 366.903, 357.292, 344.752, 361.478, 342.221, 332.405, 343.78, 343.468, 331.996, 340.815, 357.604, 344.095, 335.055, 355.977, 362.859, 368.536, 332.924, 360.604, 347.039, 382.667, 344.587, 368.13, 361.015]] 
RATE (RPS) =====================================: 37

[[343.581, 342.087, 340.919, 364.702, 334.081, 336.815, 334.235, 356.473, 346.685, 349.87, 349.427, 341.214, 386.786, 351.754, 341.587, 335.095, 351.458, 348.614, 355.133, 341.013, 348.93, 339.892, 339.299, 335.249, 330.675, 335.606, 337.482, 341.573, 1177.4569999999999, 416.151, 399.695, 395.817, 372.553, 379.828, 373.111, 365.07, 361.728]] 
RATE (RPS) =====================================: 36

[[620.357, 1572.233, 605.321, 577.409, 546.47, 545.761, 525.949, 517.32, 507.192, 502.649, 489.136, 467.199, 450.17, 452.094, 433.463, 424.419, 1419.688, 1416.489, 1406.51, 1400.563, 1382.829, 868.305, 647.422, 639.182, 628.773, 626.714, 590.149, 570.59, 580.013, 572.47, 552.987, 561.468, 553.371, 546.065, 519.568, 533.953, 534.389]] 
RATE (RPS) =====================================: 31

[[379.277, 384.005, 363.255, 374.053, 342.838, 1447.595, 334.798, 1434.83, 439.408, 1420.656, 1407.253, 1405.064, 1402.417, 1398.012, 378.126, 383.542, 365.329, 378.746, 354.378, 357.076, 342.742, 346.648, 458.866, 444.9, 630.053, 430.197, 458.468, 439.864, 437.332, 435.323, 396.786, 413.276, 405.687, 361.803, 393.228, 356.148, 377.757]] 
RATE (RPS) =====================================: 30

[[350.951, 356.631, 343.033, 342.406, 355.55, 378.936, 361.411, 350.399, 346.822, 347.329, 343.404, 339.862, 346.543, 380.613, 363.25, 357.036, 351.84, 387.648, 345.667, 371.262, 370.31, 370.76, 361.196, 358.973, 346.805, 352.332, 353.389, 387.183, 361.915, 360.521, 343.567, 414.444, 407.15, 413.702, 410.214, 388.245, 366.803]] 
RATE (RPS) =====================================: 37

[[345.606, 339.666, 338.143, 336.629, 336.35, 333.547, 336.272, 337.351, 335.723, 333.995, 330.105, 334.259, 335.94, 343.834, 342.165, 348.988, 334.711, 333.787, 336.459, 332.443, 335.819, 331.198, 329.537, 332.641, 342.664, 333.414, 339.561, 356.878, 337.688, 335.133, 345.67, 335.605, 334.442, 348.524, 344.681, 345.586, 332.071]] 
RATE (RPS) =====================================: 37

[[338.077, 338.788, 341.181, 342.248, 362.963, 354.335, 344.006, 349.82, 345.809, 345.087, 335.943, 335.073, 332.104, 336.401, 339.91, 336.085, 338.833, 339.282, 335.328, 339.321, 342.708, 340.809, 337.688, 336.426, 335.241, 340.135, 351.46, 348.142, 371.119, 347.406, 337.775, 342.326, 342.531, 349.498, 412.973, 403.029, 389.063]] 
RATE (RPS) =====================================: 37

[[358.8, 388.56, 372.646, 357.084, 349.824, 356.883, 391.066, 344.886, 362.856, 357.552, 356.856, 350.593, 337.457, 344.791, 347.291, 337.187, 368.865, 341.195, 357.434, 334.591, 355.542, 384.343, 375.526, 370.82, 370.345, 362.761, 347.27, 340.435, 344.498, 336.972, 356.246, 361.755, 350.946, 392.86, 419.343, 359.489, 336.125]] 
RATE (RPS) =====================================: 37

[[368.141, 365.731, 356.401, 347.438, 345.981, 337.918, 364.078, 343.095, 354.609, 345.541, 346.078, 343.049, 347.56, 340.074, 369.257, 455.533, 347.232, 432.402, 418.347, 420.452, 416.733, 404.734, 419.719, 414.864, 394.456, 382.179, 380.943, 372.842, 380.726, 356.455, 356.615, 341.402, 341.386, 346.059, 341.005, 336.525, 356.315, 338.754]] 
RATE (RPS) =====================================: 38

[[357.387, 420.395, 372.444, 366.497, 394.871, 367.947, 363.146, 356.463, 351.552, 345.843, 347.591, 338.033, 342.938, 346.85, 340.873, 365.873, 351.345, 355.783, 335.704, 360.41, 340.839, 346.989, 353.569, 337.145, 351.689, 346.868, 359.215, 346.663, 339.735, 337.802, 342.878, 333.998, 338.985, 335.576, 356.596, 340.615, 361.223, 374.079]] 
RATE (RPS) =====================================: 38

[[345.177, 359.561, 344.896, 364.3, 450.895, 446.858, 354.566, 447.242, 421.983, 412.202, 404.255, 397.911, 399.059, 397.523, 411.883, 403.523, 373.43, 387.976, 374.099, 379.199, 371.043, 356.47, 363.157, 341.141, 359.174, 337.922, 336.305, 332.469, 338.713, 367.665, 340.512, 336.225, 335.672, 352.563, 331.479, 384.517, 378.52, 350.652]] 
RATE (RPS) =====================================: 38

[[341.831, 356.694, 353.556, 340.356, 340.577, 361.267, 338.691, 348.094, 338.642, 360.292, 338.005, 334.988, 345.504, 338.28, 344.347, 341.438, 363.263, 343.619, 346.499, 341.199, 340.993, 351.441, 355.984, 347.974, 339.346, 340.778, 351.062, 338.878, 339.088, 333.981, 367.822, 343.5, 349.006, 351.49, 343.94, 341.121, 364.461, 340.598]] 
RATE (RPS) =====================================: 38

[[410.552, 399.802, 402.754, 386.243, 389.719, 378.879, 378.198, 366.746, 378.08, 372.8, 357.41, 351.982, 350.353, 340.227, 365.833, 356.045, 348.683, 350.199, 343.76, 345.629, 342.273, 356.423, 352.624, 385.357, 352.355, 358.504, 341.486, 349.391, 347.996, 346.435, 411.624, 336.974, 338.129, 406.222, 350.861, 379.414, 347.991, 340.59]] 
RATE (RPS) =====================================: 38

[[354.179, 379.583, 356.308, 339.021, 366.495, 371.496, 361.527, 369.1, 345.928, 340.819, 342.885, 351.052, 358.912, 349.823, 343.288, 333.353, 355.308, 369.895, 374.776, 344.423, 341.59, 354.505, 376.793, 332.468, 366.715, 336.232, 345.092, 337.209, 341.688, 343.093, 337.661, 331.023, 338.595, 334.282, 372.445, 343.493, 333.687, 335.592]] 
RATE (RPS) =====================================: 38

[[414.809, 405.407, 403.62, 399.779, 396.661, 389.241, 377.882, 380.123, 371.151, 362.435, 362.258, 353.081, 356.595, 355.048, 351.352, 346.354, 357.428, 353.69, 348.336, 352.7, 345.416, 362.373, 345.942, 377.518, 350.233, 343.651, 346.121, 394.636, 377.474, 419.701, 345.348, 368.131, 352.296, 354.27, 359.601, 349.145, 352.082, 345.908]] 
RATE (RPS) =====================================: 38

[[357.253, 359.685, 337.572, 339.375, 369.659, 344.08, 345.414, 349.548, 338.892, 343.711, 346.228, 336.299, 348.611, 352.449, 357.418, 349.696, 341.856, 342.22, 359.769, 361.43, 346.878, 347.921, 353.318, 354.826, 347.698, 349.858, 347.696, 334.701, 364.557, 353.443, 347.116, 358.183, 335.784, 358.132, 352.825, 345.6, 350.566, 356.535]] 
RATE (RPS) =====================================: 38

[[436.041, 427.963, 420.64, 411.477, 399.463, 400.863, 386.774, 388.958, 377.052, 370.719, 370.975, 348.601, 368.623, 378.677, 347.97, 362.908, 368.055, 349.269, 362.15, 356.632, 381.506, 359.596, 362.978, 360.314, 349.378, 348.593, 343.497, 344.995, 349.86, 345.43, 339.333, 343.002, 344.997, 340.449, 341.765, 338.743, 336.363, 334.824]] 
RATE (RPS) =====================================: 38

[[377.597, 341.323, 361.716, 348.832, 357.264, 371.704, 354.444, 363.039, 359.699, 354.926, 366.129, 385.444, 392.705, 347.917, 362.637, 350.124, 362.434, 380.078, 344.364, 352.507, 348.796, 342.495, 337.266, 343.407, 372.163, 354.997, 348.889, 340.851, 363.038, 353.244, 361.08, 374.624, 356.378, 339.625, 345.549, 342.373, 341.914, 358.984]] 
RATE (RPS) =====================================: 38

[[409.618, 402.577, 392.882, 384.655, 379.131, 382.17, 368.216, 379.214, 372.908, 362.601, 374.402, 360.446, 360.472, 353.067, 341.291, 344.468, 335.727, 345.134, 373.54, 379.326, 363.124, 361.36, 358.225, 375.904, 344.542, 348.357, 339.733, 378.288, 361.098, 354.351, 344.443, 343.119, 339.421, 355.489, 340.146, 336.829, 332.437, 355.894, 331.368]] 
RATE (RPS) =====================================: 39

[[353.555, 355.776, 403.804, 343.955, 347.243, 357.278, 370.653, 365.312, 350.284, 375.088, 364.648, 349.076, 351.756, 351.035, 343.021, 342.922, 335.688, 351.693, 348.553, 362.002, 357.048, 354.55, 359.324, 347.538, 339.639, 340.675, 378.36, 378.137, 349.703, 347.962, 347.567, 337.259, 345.74, 368.568, 378.232, 405.433, 383.542, 362.454, 331.521]] 
RATE (RPS) =====================================: 39

[[401.736, 406.586, 394.882, 377.102, 385.421, 378.817, 376.365, 364.196, 365.545, 355.666, 343.454, 349.584, 343.154, 343.207, 350.955, 360.576, 352.045, 356.493, 352.158, 374.26, 342.553, 340.02, 344.314, 335.486, 338.285, 346.144, 334.063, 343.466, 330.966, 332.439, 347.745, 342.12, 329.306, 339.005, 369.648, 363.692, 370.413, 362.235, 351.615]] 
RATE (RPS) =====================================: 39

[[373.324, 351.009, 368.381, 363.495, 349.227, 365.866, 367.916, 365.439, 366.303, 349.597, 349.304, 339.898, 333.768, 336.796, 334.75, 357.206, 334.836, 354.596, 340.718, 343.988, 346.404, 363.702, 338.293, 336.334, 341.357, 350.313, 359.469, 356.164, 336.902, 336.563, 340.015, 411.555, 402.752, 406.045, 402.999, 402.426, 394.841, 409.082, 389.873]] 
RATE (RPS) =====================================: 39

[[344.962, 340.66, 338.674, 350.791, 343.764, 360.31, 360.493, 352.208, 348.325, 361.515, 355.894, 341.386, 347.136, 345.965, 353.643, 358.044, 348.664, 349.723, 344.008, 341.847, 337.318, 356.336, 337.847, 336.13, 364.005, 340.992, 342.444, 340.118, 339.906, 342.023, 340.969, 341.392, 337.793, 368.312, 344.524, 357.179, 347.856, 346.39, 334.627]] 
RATE (RPS) =====================================: 39

[[335.838, 349.936, 340.249, 336.607, 339.88, 334.982, 339.074, 344.734, 341.385, 342.646, 332.724, 355.03, 333.241, 334.901, 335.726, 335.48, 338.046, 343.913, 353.068, 344.765, 335.341, 341.282, 338.103, 343.453, 333.635, 335.798, 334.399, 342.97, 340.656, 347.082, 337.666, 339.938, 340.431, 331.541, 335.079, 340.391, 353.782, 331.562, 332.827]] 
RATE (RPS) =====================================: 39

[[406.287, 416.302, 402.865, 392.069, 392.72, 392.831, 396.091, 380.317, 376.833, 386.323, 368.668, 380.633, 374.701, 361.417, 374.24, 360.928, 354.217, 350.232, 348.524, 351.132, 343.891, 349.45, 336.23, 333.363, 338.827, 336.768, 342.08, 343.082, 370.088, 348.546, 347.702, 335.124, 344.362, 358.818, 356.093, 335.829, 343.497, 368.712, 334.291]] 
RATE (RPS) =====================================: 39

[[350.422, 355.31, 342.127, 340.802, 351.44, 346.532, 342.53, 340.748, 338.34, 356.027, 351.46, 370.608, 358.334, 353.87, 349.975, 372.66, 366.945, 340.988, 346.73, 335.651, 355.443, 341.98, 343.212, 339.767, 349.7, 344.909, 340.754, 344.282, 343.657, 347.213, 349.171, 352.666, 360.985, 368.854, 367.329, 369.455, 371.718, 371.306, 381.746]] 
RATE (RPS) =====================================: 39

[[406.968, 411.106, 402.756, 399.528, 404.09, 395.374, 398.2, 408.738, 419.673, 390.096, 390.596, 385.399, 395.139, 374.194, 383.991, 363.628, 359.003, 369.334, 359.532, 355.29, 356.964, 347.262, 348.498, 350.07, 341.732, 345.036, 341.924, 335.868, 338.71, 337.895, 342.898, 361.737, 371.055, 354.487, 359.421, 355.902, 348.585, 349.456, 342.65]] 
RATE (RPS) =====================================: 39

[[335.633, 342.451, 346.538, 402.209, 355.408, 359.414, 368.756, 358.229, 353.831, 361.119, 353.125, 349.982, 350.055, 350.922, 354.891, 345.905, 345.055, 335.487, 346.879, 348.919, 331.108, 337.329, 355.932, 345.273, 348.68, 338.799, 333.708, 340.449, 343.428, 341.363, 337.221, 360.461, 361.45, 340.303, 340.599, 342.839, 346.429, 346.853, 354.057]] 
RATE (RPS) =====================================: 39

[[401.888, 404.992, 401.205, 391.953, 398.373, 385.739, 377.64, 375.909, 371.325, 368.822, 370.798, 378.278, 359.875, 364.689, 362.226, 364.438, 357.105, 338.472, 368.106, 362.126, 359.349, 360.925, 353.367, 354.867, 352.487, 355.884, 356.512, 346.897, 345.655, 356.827, 364.552, 364.858, 348.156, 343.202, 364.201, 337.133, 336.217, 372.341, 355.54, 341.19]] 
RATE (RPS) =====================================: 40

[[346.296, 360.892, 344.027, 348.569, 346.41, 344.809, 357.066, 377.947, 359.884, 346.579, 368.041, 336.656, 371.283, 365.358, 353.212, 366.549, 355.405, 352.815, 359.744, 357.311, 348.815, 386.0, 363.279, 341.709, 369.308, 342.119, 346.0, 352.315, 340.073, 345.446, 338.183, 346.191, 349.194, 338.087, 341.38, 362.094, 335.315, 337.869, 351.168, 340.683]] 
RATE (RPS) =====================================: 40

[[395.627, 392.027, 388.424, 380.752, 370.755, 352.051, 350.635, 347.143, 340.652, 337.243, 336.073, 336.191, 335.17, 339.76, 348.549, 342.425, 350.169, 381.727, 353.844, 341.397, 341.741, 337.172, 363.005, 340.746, 342.258, 340.477, 335.834, 348.528, 355.158, 339.21, 337.825, 348.837, 346.37, 359.61, 359.376, 352.266, 343.62, 350.004, 342.012, 338.12]] 
RATE (RPS) =====================================: 40

[[356.077, 344.74, 343.738, 344.434, 338.139, 335.773, 357.765, 342.162, 334.276, 335.315, 332.778, 333.527, 340.606, 339.337, 335.372, 334.151, 332.653, 331.737, 358.23, 334.481, 334.368, 357.758, 333.184, 343.638, 339.342, 348.941, 345.399, 341.638, 344.214, 336.42, 334.647, 347.745, 342.947, 366.995, 344.874, 337.601, 337.135, 336.765, 336.434, 335.054]] 
RATE (RPS) =====================================: 40

[[394.194, 390.418, 387.307, 373.85, 371.318, 382.971, 374.671, 369.47, 361.405, 360.599, 365.11, 362.947, 352.687, 349.504, 345.459, 347.024, 340.458, 337.724, 333.784, 332.473, 339.837, 331.384, 331.859, 333.426, 332.462, 331.561, 333.892, 332.106, 332.456, 331.805, 334.638, 332.541, 339.855, 337.86, 343.66, 333.94, 335.923, 333.002, 351.608, 352.523]] 
RATE (RPS) =====================================: 40

[[335.403, 337.908, 339.833, 348.713, 348.058, 357.739, 342.694, 354.162, 353.137, 362.861, 357.988, 338.1, 336.772, 337.579, 342.56, 338.935, 339.416, 358.078, 343.246, 338.273, 340.061, 355.835, 336.686, 337.074, 334.567, 345.703, 346.791, 338.944, 351.368, 337.742, 340.514, 336.235, 334.008, 336.963, 347.567, 345.763, 337.18, 338.698, 335.113, 338.184]] 
RATE (RPS) =====================================: 40

[[337.609, 338.362, 332.72, 330.9, 341.577, 340.136, 347.307, 354.045, 420.065, 406.172, 403.343, 401.868, 398.798, 392.109, 384.066, 390.514, 387.646, 365.125, 380.398, 362.44, 355.113, 357.386, 348.652, 344.913, 350.278, 340.847, 334.149, 340.472, 336.917, 343.511, 338.157, 335.466, 335.076, 343.052, 348.395, 349.845, 354.637, 341.848, 342.784, 339.438]] 
RATE (RPS) =====================================: 40

[[348.577, 372.046, 370.319, 385.559, 386.876, 361.726, 339.78, 333.23, 365.721, 384.446, 384.308, 360.228, 356.524, 363.178, 342.06, 345.183, 349.495, 349.42, 349.719, 348.355, 334.596, 351.024, 332.18, 361.719, 335.121, 351.859, 347.167, 340.898, 335.726, 332.287, 329.912, 331.866, 331.428, 363.903, 343.839, 353.555, 339.718, 355.106, 356.728, 367.393]] 
RATE (RPS) =====================================: 40

[[431.081, 423.175, 415.528, 407.54, 412.234, 387.953, 383.827, 374.98, 366.183, 375.393, 372.233, 352.806, 363.43, 354.221, 348.7, 340.05, 349.753, 333.951, 342.487, 331.933, 332.072, 341.58, 355.232, 353.035, 344.284, 352.219, 333.579, 330.39, 342.444, 339.677, 337.589, 338.015, 335.502, 336.453, 331.676, 332.684, 330.906, 334.678, 344.676, 342.047]] 
RATE (RPS) =====================================: 40

[[345.21, 340.544, 343.265, 337.245, 352.228, 339.678, 335.135, 348.992, 343.614, 337.643, 338.034, 337.368, 342.373, 351.307, 359.449, 355.254, 352.401, 351.586, 351.56, 349.332, 349.097, 346.798, 347.577, 344.154, 342.884, 360.365, 337.429, 334.435, 342.58, 333.839, 347.28, 339.58, 390.558, 381.532, 380.628, 351.237, 355.495, 345.579, 353.228, 339.86]] 
RATE (RPS) =====================================: 40

[[368.088, 388.102, 342.337, 463.863, 454.789, 452.544, 444.533, 440.04, 442.151, 443.557, 413.917, 414.106, 409.602, 407.502, 401.229, 401.105, 400.886, 399.544, 393.282, 388.481, 384.795, 384.233, 385.725, 379.947, 369.319, 372.271, 364.15, 366.826, 356.89, 365.512, 357.584, 352.175, 369.269, 366.067, 361.071, 364.348, 378.706, 363.872, 370.252, 349.17, 347.237, 343.335, 346.727, 365.964, 358.124]] 
RATE (RPS) =====================================: 45

[[342.592, 331.168, 333.082, 336.906, 338.565, 344.94, 337.681, 334.528, 344.699, 334.561, 338.943, 335.404, 333.953, 332.394, 353.116, 340.184, 337.098, 338.148, 340.123, 334.904, 332.883, 333.563, 332.224, 332.713, 331.58, 333.482, 339.328, 335.096, 337.644, 344.751, 342.577, 339.322, 343.571, 341.581, 342.939, 332.907, 337.63, 337.868, 336.192, 337.434, 336.883, 340.358, 337.824, 336.933, 334.585]] 
RATE (RPS) =====================================: 45

[[409.459, 404.6, 400.341, 392.414, 388.198, 379.565, 377.841, 361.94, 361.442, 353.436, 349.434, 341.309, 394.003, 380.563, 365.24, 381.869, 347.817, 348.372, 339.763, 342.836, 344.183, 345.678, 361.729, 354.445, 349.66, 343.293, 337.179, 338.017, 370.481, 352.298, 347.329, 335.728, 333.949, 337.034, 334.204, 331.863, 331.868, 332.974, 344.453, 350.1, 335.515, 356.377, 334.627, 333.568, 330.856]] 
RATE (RPS) =====================================: 45

[[334.479, 339.777, 411.353, 374.463, 370.024, 372.036, 340.681, 345.237, 405.346, 397.336, 390.902, 384.532, 348.805, 355.0, 361.511, 370.47, 356.146, 368.203, 353.599, 367.503, 355.35, 348.5, 345.755, 365.248, 348.981, 366.537, 356.886, 361.305, 356.223, 353.467, 373.912, 370.806, 371.238, 364.355, 357.448, 411.191, 341.898, 368.098, 371.227, 360.482, 353.947, 349.309, 388.798, 409.772, 363.131]] 
RATE (RPS) =====================================: 45

[[409.81, 411.394, 391.001, 397.993, 423.047, 388.127, 408.14, 402.882, 396.212, 391.258, 352.009, 363.948, 339.951, 344.978, 353.279, 356.787, 339.811, 344.939, 387.396, 352.611, 368.334, 372.919, 350.521, 348.105, 388.283, 375.654, 365.445, 354.937, 369.847, 359.164, 358.671, 346.965, 357.171, 349.49, 345.545, 342.918, 351.722, 330.084, 355.024, 342.144, 336.897, 440.944, 431.661, 402.898, 362.312]] 
RATE (RPS) =====================================: 45

[[339.104, 344.552, 367.483, 361.624, 369.238, 337.33, 356.913, 338.634, 353.986, 346.297, 353.181, 355.33, 353.305, 346.337, 373.512, 336.796, 374.858, 367.224, 359.146, 355.144, 349.405, 345.517, 360.419, 357.663, 359.26, 345.829, 347.063, 343.378, 340.129, 338.581, 344.208, 332.676, 360.123, 331.239, 366.98, 343.911, 371.85, 436.67, 430.598, 420.065, 421.224, 415.29, 400.545, 400.361, 373.704]] 
RATE (RPS) =====================================: 45

[[365.095, 387.717, 365.148, 354.191, 363.75, 356.09, 366.551, 366.102, 347.982, 357.932, 339.723, 341.413, 340.225, 343.534, 352.318, 355.404, 364.02, 334.079, 344.256, 340.172, 351.83, 336.321, 335.195, 346.639, 351.222, 337.846, 336.623, 336.199, 335.254, 337.118, 340.59, 333.872, 349.789, 338.27, 342.445, 340.38, 334.359, 335.914, 333.014, 330.038, 330.605, 334.654, 392.845, 375.811, 365.189]] 
RATE (RPS) =====================================: 45

[[350.902, 355.665, 359.106, 359.064, 352.056, 356.211, 340.954, 350.722, 368.508, 357.335, 347.374, 354.381, 349.478, 351.89, 360.55, 343.529, 342.72, 338.861, 353.959, 427.624, 407.008, 404.921, 403.96, 403.103, 393.398, 391.95, 387.956, 382.151, 379.797, 369.416, 372.417, 364.177, 348.403, 349.255, 342.171, 353.48, 357.557, 368.9, 367.752, 373.702, 357.75, 342.178, 337.354, 357.536, 344.347]] 
RATE (RPS) =====================================: 45

[[351.366, 378.418, 351.954, 352.337, 341.642, 344.226, 346.844, 340.636, 334.474, 334.132, 343.311, 341.629, 339.003, 338.209, 344.108, 331.557, 336.748, 336.029, 339.412, 352.999, 337.064, 368.534, 355.407, 364.204, 350.616, 342.741, 353.009, 355.222, 369.258, 353.964, 362.829, 347.417, 339.07, 345.048, 356.235, 350.083, 333.087, 353.641, 344.454, 347.568, 336.194, 366.743, 356.695, 344.783, 376.185]] 
RATE (RPS) =====================================: 45

[[431.856, 420.766, 413.362, 415.036, 412.352, 393.477, 395.037, 378.312, 366.629, 368.865, 355.082, 364.676, 368.337, 372.965, 368.323, 344.678, 368.498, 350.488, 346.601, 338.168, 338.39, 343.506, 338.258, 362.572, 355.221, 387.938, 353.594, 350.902, 353.84, 353.143, 342.516, 377.792, 366.384, 342.288, 341.442, 345.87, 330.924, 330.967, 338.584, 349.565, 385.182, 372.881, 365.168, 354.104, 350.102]] 
RATE (RPS) =====================================: 45

[[343.376, 361.093, 373.905, 357.046, 362.309, 349.882, 392.706, 391.956, 366.575, 381.948, 375.945, 366.872, 357.959, 390.612, 367.22, 383.9, 365.152, 383.943, 358.13, 373.276, 351.247, 349.384, 343.067, 359.679, 357.433, 339.235, 356.009, 346.766, 359.978, 390.137, 371.98, 344.418, 352.408, 347.289, 379.487, 366.676, 338.021, 357.044, 353.95, 364.249, 392.593, 337.169, 346.043, 337.311, 427.459, 411.628, 366.55, 387.136, 360.306, 346.694]] 
RATE (RPS) =====================================: 50

[[351.127, 338.645, 378.869, 375.329, 366.56, 368.172, 353.155, 344.235, 369.943, 363.803, 363.234, 353.311, 347.739, 361.999, 353.309, 350.75, 367.047, 358.802, 347.258, 377.222, 354.267, 350.726, 381.664, 368.83, 379.655, 371.372, 377.298, 368.432, 367.868, 362.793, 344.347, 353.713, 345.574, 351.234, 338.285, 375.361, 366.699, 358.068, 417.931, 499.739, 412.613, 387.05, 378.499, 351.644, 341.73, 387.952, 395.523, 351.717, 345.808, 347.024]] 
RATE (RPS) =====================================: 50

[[398.875, 407.178, 398.038, 389.544, 380.219, 378.328, 380.333, 375.367, 377.765, 379.452, 375.353, 385.112, 372.596, 375.13, 367.976, 367.207, 373.266, 358.88, 360.807, 352.748, 339.296, 341.876, 344.718, 364.83, 349.512, 352.312, 350.734, 355.367, 347.625, 373.491, 354.213, 393.782, 361.419, 353.273, 371.952, 371.703, 368.171, 358.043, 344.575, 336.253, 355.512, 360.442, 367.159, 380.966, 360.039, 330.549, 335.982, 352.944, 338.107, 345.117]] 
RATE (RPS) =====================================: 50

[[387.894, 358.65, 379.036, 360.751, 367.828, 359.006, 349.688, 348.11, 340.227, 354.86, 350.498, 337.685, 373.672, 360.062, 349.559, 334.883, 346.037, 366.846, 360.251, 353.131, 386.972, 385.77, 387.613, 353.369, 373.043, 354.756, 388.131, 364.108, 349.015, 342.851, 367.407, 363.882, 340.277, 380.21, 378.426, 371.532, 349.445, 351.699, 356.964, 359.324, 351.037, 333.021, 329.067, 354.524, 336.015, 365.643, 413.623, 392.518, 391.912, 379.968]] 
RATE (RPS) =====================================: 50

[[348.777, 366.395, 370.317, 370.315, 369.518, 368.891, 391.972, 365.358, 343.892, 349.326, 361.58, 348.104, 365.617, 362.45, 345.877, 349.716, 344.068, 349.454, 343.99, 372.442, 347.568, 349.669, 357.784, 359.682, 338.12, 341.004, 341.856, 340.811, 344.842, 342.078, 346.201, 352.311, 350.88, 351.093, 348.019, 344.626, 341.981, 360.838, 371.67, 351.659, 345.81, 363.404, 404.109, 410.735, 363.448, 343.451, 366.536, 348.409, 367.42, 363.996]] 
RATE (RPS) =====================================: 50

[[411.328, 419.03, 408.722, 409.839, 383.346, 369.949, 378.164, 366.093, 360.575, 362.027, 378.159, 394.026, 394.731, 400.112, 362.887, 372.255, 360.354, 342.498, 340.416, 367.439, 359.893, 342.241, 358.811, 339.085, 351.234, 346.777, 344.781, 343.938, 383.975, 357.67, 364.486, 357.531, 392.981, 357.368, 359.301, 351.765, 353.006, 366.932, 363.015, 346.038, 345.278, 343.931, 334.049, 335.926, 338.393, 344.717, 374.292, 342.05, 333.315, 364.306]] 
RATE (RPS) =====================================: 50

[[339.128, 367.795, 359.907, 349.251, 345.055, 342.259, 370.093, 363.331, 353.054, 370.429, 354.829, 347.133, 354.634, 341.307, 368.393, 379.631, 346.362, 347.197, 345.081, 350.337, 385.179, 370.866, 368.376, 388.169, 379.977, 382.252, 379.701, 364.18, 362.575, 348.702, 347.349, 339.667, 368.582, 361.376, 357.772, 401.196, 383.154, 380.687, 373.458, 380.871, 348.132, 420.779, 411.469, 410.929, 405.98, 380.666, 355.874, 365.632, 354.303, 336.917]] 
RATE (RPS) =====================================: 50

[[363.987, 349.032, 342.037, 348.117, 364.555, 360.128, 350.822, 350.691, 340.079, 354.509, 375.094, 362.083, 351.381, 345.412, 348.931, 340.165, 361.746, 350.467, 379.931, 352.128, 362.435, 339.722, 373.926, 370.917, 360.648, 365.993, 351.685, 360.897, 362.587, 351.617, 349.093, 352.638, 344.755, 344.134, 333.814, 365.314, 380.556, 350.39, 351.255, 343.061, 352.249, 342.337, 336.245, 383.936, 368.891, 366.014, 340.367, 341.591, 334.551, 350.705]] 
RATE (RPS) =====================================: 50

[[406.408, 450.581, 403.995, 393.554, 434.019, 415.621, 395.324, 380.48, 412.409, 380.819, 401.918, 389.346, 371.409, 374.02, 370.775, 374.611, 363.726, 340.134, 352.674, 342.901, 363.982, 339.125, 345.485, 358.544, 353.553, 364.308, 370.466, 392.17, 399.081, 367.787, 387.129, 384.189, 366.539, 363.071, 359.443, 352.639, 339.359, 350.897, 364.252, 352.665, 332.432, 364.095, 330.134, 329.76, 352.389, 344.89, 346.271, 353.229, 345.973, 353.282]] 
RATE (RPS) =====================================: 50

[[365.06, 368.122, 355.728, 367.807, 384.893, 347.617, 345.198, 353.608, 375.848, 365.278, 365.38, 351.791, 356.875, 346.171, 398.727, 380.769, 362.718, 363.345, 349.33, 370.78, 345.433, 366.466, 362.069, 373.473, 377.092, 370.504, 344.409, 390.295, 370.845, 381.932, 383.287, 402.929, 406.018, 349.072, 399.355, 388.928, 376.433, 414.376, 411.192, 401.379, 390.939, 390.119, 377.611, 474.081, 358.572, 333.264, 409.839, 409.054, 381.971, 383.377]] 
RATE (RPS) =====================================: 50

[[383.343, 346.11, 372.848, 349.202, 389.65, 384.578, 351.559, 364.037, 350.959, 357.206, 380.198, 348.578, 369.779, 366.554, 374.64, 347.59, 354.617, 353.814, 378.189, 372.011, 369.121, 365.4, 369.592, 381.943, 374.632, 385.525, 380.203, 360.61, 348.008, 353.622, 394.819, 380.458, 383.404, 369.134, 356.032, 359.825, 353.388, 367.655, 364.618, 404.203, 418.361, 362.696, 368.428, 490.781, 436.371, 354.025, 356.343, 366.828, 363.644, 345.077, 342.649, 340.162, 362.811, 335.551, 341.595]] 
RATE (RPS) =====================================: 55

[[431.718, 407.599, 404.273, 398.554, 381.807, 419.17, 393.194, 386.536, 390.512, 368.519, 420.397, 355.483, 384.292, 347.637, 371.976, 389.945, 364.339, 375.611, 399.549, 369.006, 369.481, 354.922, 362.894, 361.04, 346.301, 333.459, 391.917, 379.823, 369.707, 354.548, 348.783, 371.146, 363.758, 355.385, 390.872, 364.16, 379.123, 365.067, 359.849, 437.804, 431.17, 377.432, 368.447, 361.284, 355.37, 335.318, 345.252, 368.01, 352.548, 343.718, 342.949, 340.245, 336.532, 349.098, 349.344]] 
RATE (RPS) =====================================: 55

[[338.709, 372.86, 350.303, 352.595, 378.209, 384.443, 367.968, 356.146, 361.163, 383.28, 365.503, 355.611, 358.378, 342.112, 337.307, 334.627, 341.408, 346.63, 356.221, 356.986, 375.543, 465.922, 357.915, 447.76, 440.566, 437.502, 433.891, 436.075, 426.174, 427.795, 424.818, 421.209, 420.651, 417.904, 415.304, 413.069, 412.11, 410.349, 407.947, 412.716, 400.657, 393.953, 387.564, 384.782, 343.983, 363.976, 365.93, 333.43, 330.478, 332.004, 330.687, 331.233, 351.313, 368.518, 364.053]] 
RATE (RPS) =====================================: 55

[[375.941, 360.884, 357.327, 354.733, 383.36, 386.129, 378.505, 369.662, 369.286, 354.445, 348.876, 342.345, 337.121, 335.769, 335.922, 342.318, 347.276, 342.434, 354.465, 358.808, 358.175, 373.073, 358.109, 353.899, 382.833, 373.062, 391.065, 379.647, 351.473, 343.346, 344.018, 338.997, 335.146, 335.713, 347.558, 348.359, 344.645, 350.339, 346.341, 341.129, 359.516, 376.162, 347.717, 389.232, 370.957, 346.026, 346.34, 344.882, 349.644, 346.319, 355.273, 360.799, 346.521, 357.883, 392.365]] 
RATE (RPS) =====================================: 55

[[419.228, 418.482, 408.066, 416.68, 387.835, 378.226, 401.987, 393.776, 351.759, 359.825, 352.779, 368.581, 397.008, 375.662, 360.923, 417.057, 385.641, 379.558, 367.11, 356.479, 378.887, 387.902, 380.568, 361.843, 362.674, 396.728, 354.032, 374.57, 391.03, 394.608, 356.833, 361.422, 349.838, 345.69, 356.773, 333.207, 395.186, 388.629, 372.004, 362.721, 352.093, 406.7, 408.13, 412.014, 403.227, 343.907, 346.58, 342.579, 335.517, 337.657, 342.674, 333.508, 337.002, 349.683, 355.153]] 
RATE (RPS) =====================================: 55

[[432.277, 421.826, 411.755, 396.608, 381.084, 377.7, 385.72, 375.027, 359.939, 404.749, 380.218, 355.374, 349.605, 375.836, 353.444, 365.036, 341.146, 373.388, 367.571, 349.063, 366.019, 354.263, 344.391, 346.818, 384.608, 355.901, 372.369, 384.423, 378.304, 354.029, 349.389, 353.993, 365.996, 370.698, 363.089, 368.924, 363.537, 357.573, 358.156, 364.025, 400.055, 399.045, 353.626, 359.488, 377.342, 344.89, 431.196, 398.561, 395.02, 359.208, 409.841, 397.059, 355.983, 361.896, 346.467]] 
RATE (RPS) =====================================: 55

[[393.838, 351.338, 380.125, 376.348, 377.145, 368.865, 399.378, 379.191, 398.675, 387.441, 387.41, 362.526, 358.258, 368.465, 365.889, 360.022, 342.253, 361.269, 368.552, 374.641, 360.046, 381.261, 383.825, 363.675, 368.715, 377.607, 407.576, 353.211, 402.85, 384.993, 382.02, 390.676, 374.279, 360.679, 349.456, 391.142, 348.654, 374.88, 396.389, 393.972, 421.627, 415.812, 398.954, 408.297, 408.848, 355.794, 357.894, 396.704, 361.257, 370.963, 403.092, 395.992, 374.775, 334.067, 337.026]] 
RATE (RPS) =====================================: 55

[[341.069, 375.444, 347.019, 388.18, 362.032, 362.711, 371.482, 364.973, 353.489, 340.11, 336.571, 357.994, 350.534, 344.396, 351.208, 341.738, 370.347, 353.32, 356.654, 350.601, 363.935, 356.251, 350.001, 346.567, 373.943, 359.215, 353.441, 359.692, 370.02, 370.753, 361.797, 363.74, 364.806, 343.112, 352.85, 391.227, 411.82, 433.233, 394.529, 386.817, 440.682, 387.766, 364.959, 337.283, 336.607, 357.535, 363.077, 357.906, 358.97, 349.825, 343.062, 339.274, 334.763, 341.096, 339.041]] 
RATE (RPS) =====================================: 55

[[402.911, 391.835, 410.166, 405.673, 390.157, 361.086, 367.01, 355.137, 344.764, 365.836, 372.168, 361.397, 409.354, 398.857, 344.572, 381.376, 364.19, 350.598, 360.787, 363.523, 391.613, 350.805, 347.609, 361.398, 373.397, 353.38, 347.752, 352.463, 352.317, 345.255, 367.448, 381.031, 367.092, 356.682, 362.153, 354.769, 351.638, 361.707, 410.435, 345.644, 421.789, 354.93, 375.509, 378.797, 368.42, 350.778, 346.218, 350.983, 340.66, 353.588, 355.503, 341.288, 351.9, 338.348, 358.471]] 
RATE (RPS) =====================================: 55

[[331.119, 403.84, 351.564, 391.112, 359.644, 348.55, 363.661, 355.668, 350.464, 438.038, 433.074, 433.137, 402.627, 401.086, 387.398, 383.698, 388.955, 405.042, 385.928, 387.847, 372.705, 371.497, 369.533, 369.475, 372.036, 355.613, 351.813, 374.603, 359.423, 364.846, 344.62, 339.514, 361.691, 341.515, 383.299, 343.543, 395.518, 366.185, 385.954, 397.442, 376.601, 361.211, 339.219, 345.161, 353.954, 331.282, 390.506, 370.658, 359.316, 362.069, 376.647, 352.255, 349.959, 333.808, 337.383]] 
RATE (RPS) =====================================: 55

[[395.536, 374.976, 373.839, 359.324, 349.273, 356.007, 336.402, 350.441, 346.141, 396.036, 389.534, 350.676, 381.664, 368.666, 365.553, 356.89, 380.667, 416.301, 415.174, 367.154, 367.202, 349.033, 348.341, 353.63, 371.754, 352.695, 396.47, 383.189, 361.331, 367.758, 363.994, 364.909, 362.259, 359.194, 359.363, 353.531, 358.137, 350.162, 345.8, 345.209, 342.971, 373.323, 362.391, 367.311, 366.548, 363.076, 359.012, 356.237, 350.309, 489.506, 368.599, 351.391, 407.667, 441.99, 437.097, 375.748, 361.681, 375.888, 358.731, 352.631]] 
RATE (RPS) =====================================: 60

[[380.167, 354.954, 338.854, 370.862, 346.673, 357.37, 372.711, 362.183, 360.465, 342.504, 347.625, 343.204, 350.541, 372.418, 354.023, 357.193, 342.04, 357.387, 358.942, 351.489, 360.206, 366.411, 334.709, 386.136, 351.988, 348.834, 346.054, 392.593, 387.81, 364.369, 377.763, 410.189, 397.25, 380.653, 382.93, 379.42, 403.386, 384.057, 394.939, 385.059, 376.755, 363.772, 361.377, 353.759, 338.005, 337.524, 352.848, 360.403, 389.068, 372.487, 368.996, 394.4, 357.703, 356.945, 386.576, 351.564, 352.338, 388.343, 342.524, 359.675]] 
RATE (RPS) =====================================: 60

[[428.454, 431.503, 396.305, 398.348, 418.643, 390.797, 381.822, 377.057, 362.086, 352.783, 346.476, 343.721, 368.018, 377.783, 360.196, 377.955, 354.843, 348.615, 392.599, 349.778, 363.033, 384.646, 385.82, 356.898, 375.677, 363.541, 364.009, 404.306, 380.831, 353.476, 350.627, 356.78, 367.284, 339.156, 399.361, 387.34, 379.205, 363.058, 353.799, 360.958, 391.19, 362.555, 395.069, 373.05, 346.06, 360.303, 379.591, 369.059, 407.077, 352.824, 367.13, 335.864, 386.446, 346.609, 329.462, 381.479, 357.576, 350.927, 351.65, 343.321]] 
RATE (RPS) =====================================: 60

[[340.146, 339.183, 413.566, 415.814, 404.787, 389.472, 379.739, 369.974, 361.397, 371.622, 360.11, 380.037, 395.1, 366.946, 389.075, 342.95, 362.425, 358.946, 347.768, 343.837, 336.841, 349.634, 349.598, 348.896, 372.462, 360.683, 353.202, 342.478, 342.907, 353.119, 351.773, 342.808, 338.66, 352.603, 340.65, 347.542, 357.123, 351.727, 346.5, 350.762, 339.919, 337.203, 347.798, 357.527, 345.836, 343.514, 362.572, 351.177, 340.109, 342.576, 342.056, 356.381, 343.997, 334.343, 337.7, 353.629, 336.42, 343.284, 338.542, 349.4]] 
RATE (RPS) =====================================: 60

[[346.765, 388.616, 382.061, 352.466, 361.082, 397.409, 387.039, 367.227, 358.935, 358.349, 353.108, 360.727, 360.416, 345.059, 350.72, 345.403, 362.469, 362.056, 357.248, 350.285, 345.302, 374.997, 350.213, 383.311, 348.172, 382.868, 371.688, 398.007, 360.968, 344.336, 390.321, 352.808, 363.842, 350.958, 516.311, 414.316, 346.431, 401.75, 397.107, 428.898, 434.828, 394.259, 377.701, 371.725, 369.3, 366.069, 356.538, 338.971, 341.051, 338.571, 408.814, 413.106, 403.219, 348.354, 361.609, 336.92, 333.347, 346.656, 333.681, 330.035]] 
RATE (RPS) =====================================: 60

[[388.092, 349.501, 338.864, 347.543, 339.609, 348.21, 335.694, 349.306, 360.292, 336.141, 380.589, 342.654, 354.676, 352.328, 337.901, 349.616, 363.579, 355.277, 361.084, 352.397, 350.885, 342.494, 365.562, 364.137, 355.73, 397.715, 367.984, 360.373, 381.148, 366.399, 345.899, 357.153, 354.14, 408.746, 357.702, 354.655, 377.24, 360.636, 370.27, 447.364, 411.766, 367.537, 444.977, 408.833, 389.753, 388.784, 361.339, 354.062, 347.086, 382.142, 362.081, 341.001, 367.437, 361.044, 335.686, 355.328, 339.924, 398.837, 393.173, 378.126]] 
RATE (RPS) =====================================: 60

[[345.763, 397.362, 384.413, 390.112, 388.835, 376.293, 373.285, 363.971, 384.833, 383.87, 375.421, 373.268, 354.284, 350.23, 388.25, 372.87, 372.189, 367.127, 377.56, 367.473, 367.499, 371.63, 418.177, 414.111, 406.208, 401.605, 373.941, 363.855, 363.463, 400.163, 388.397, 375.393, 366.059, 368.326, 348.704, 357.989, 359.945, 418.582, 348.08, 440.451, 463.743, 385.312, 382.559, 398.818, 427.781, 386.807, 366.393, 347.724, 340.808, 354.232, 348.57, 357.315, 368.219, 349.454, 356.503, 348.28, 334.872, 356.91, 345.829, 345.874]] 
RATE (RPS) =====================================: 60

[[409.512, 406.892, 383.155, 372.874, 388.665, 352.489, 364.114, 355.816, 358.114, 361.968, 348.977, 341.155, 346.268, 353.117, 347.466, 351.308, 400.2, 354.755, 391.669, 357.799, 372.511, 368.546, 374.993, 378.443, 356.749, 369.908, 357.836, 395.034, 400.623, 363.753, 362.982, 356.784, 354.319, 358.972, 349.838, 343.012, 371.635, 357.056, 349.347, 352.933, 360.936, 401.293, 399.394, 406.457, 366.657, 390.366, 354.403, 383.222, 378.13, 363.256, 373.056, 364.853, 356.538, 369.232, 343.835, 386.225, 342.7, 361.94, 364.883, 344.202]] 
RATE (RPS) =====================================: 60

[[368.341, 362.855, 354.694, 383.928, 380.809, 378.564, 366.228, 367.653, 362.49, 352.217, 363.959, 356.876, 361.861, 350.482, 383.989, 351.157, 440.249, 410.703, 412.253, 424.519, 408.48, 414.182, 402.725, 387.548, 397.064, 393.45, 345.811, 341.901, 363.333, 358.336, 349.778, 348.038, 344.023, 354.43, 345.975, 380.717, 347.631, 367.34, 361.924, 359.985, 381.915, 395.118, 357.568, 357.988, 352.242, 365.394, 359.992, 358.223, 333.848, 356.023, 391.544, 334.787, 356.751, 354.878, 350.744, 345.142, 341.62, 344.601, 390.292, 378.167]] 
RATE (RPS) =====================================: 60

[[358.219, 375.32, 369.538, 367.001, 347.621, 363.098, 349.151, 359.082, 391.662, 402.1, 378.376, 371.527, 381.035, 357.389, 376.738, 354.158, 365.51, 360.492, 345.385, 345.023, 360.845, 350.034, 353.627, 351.713, 376.988, 354.785, 356.499, 357.622, 348.659, 355.418, 346.878, 351.777, 345.385, 342.213, 340.167, 342.427, 403.85, 427.75, 407.043, 385.573, 380.122, 375.831, 382.888, 367.099, 375.018, 366.768, 354.553, 367.468, 386.523, 356.166, 352.053, 341.947, 341.556, 340.44, 362.542, 344.041, 408.556, 395.189, 383.234, 339.124]] 
RATE (RPS) =====================================: 60

[[415.438, 413.12, 403.921, 404.955, 420.731, 426.796, 411.975, 396.325, 393.529, 398.719, 381.751, 382.618, 371.909, 367.254, 370.357, 368.261, 366.181, 366.778, 371.884, 374.499, 345.593, 357.45, 377.344, 373.518, 360.409, 372.892, 362.441, 352.463, 352.115, 355.409, 371.209, 368.049, 353.351, 339.067, 371.06, 384.317, 370.956, 365.302, 359.116, 357.914, 362.355, 348.001, 346.411, 346.192, 343.937, 367.477, 342.72, 350.326, 353.825, 357.478, 354.118, 338.571, 346.225, 345.189, 357.955, 342.269, 345.479, 348.465, 359.993, 373.04, 359.684, 341.63, 352.582, 351.979, 337.865]] 
RATE (RPS) =====================================: 65

[[359.392, 349.108, 399.724, 388.58, 386.616, 358.289, 363.497, 374.692, 358.68, 356.321, 381.891, 367.666, 364.823, 355.373, 357.778, 355.351, 359.004, 405.912, 390.685, 401.415, 364.044, 355.265, 1346.807, 405.227, 386.308, 356.464, 382.472, 383.21, 372.515, 388.363, 370.903, 442.613, 438.39, 431.981, 425.955, 429.737, 406.241, 399.054, 389.779, 381.821, 376.792, 373.56, 403.572, 370.397, 379.898, 386.907, 349.669, 368.575, 339.25, 335.68, 335.278, 345.46, 355.661, 334.277, 356.934, 358.389, 345.065, 334.504, 334.746, 337.828, 358.734, 362.753, 351.805, 343.433, 333.649]] 
RATE (RPS) =====================================: 64

[[400.145, 366.172, 352.727, 346.833, 350.761, 363.892, 377.806, 357.317, 353.197, 378.821, 421.499, 420.969, 422.455, 416.276, 408.304, 407.116, 404.86, 392.366, 393.006, 390.269, 383.354, 384.486, 377.638, 406.825, 395.266, 385.263, 389.784, 384.502, 387.479, 388.253, 370.547, 375.772, 372.764, 369.685, 374.482, 359.005, 363.531, 352.229, 352.687, 380.747, 347.909, 372.091, 342.435, 353.072, 359.757, 353.107, 348.788, 359.984, 388.144, 380.054, 360.006, 355.777, 352.917, 335.671, 338.132, 343.496, 341.582, 349.067, 337.91, 338.481, 335.134, 349.687, 354.23, 367.502, 373.214]] 
RATE (RPS) =====================================: 65

[[364.146, 348.827, 345.011, 354.304, 380.036, 373.506, 355.966, 349.846, 345.409, 339.14, 341.739, 347.029, 341.007, 338.759, 347.126, 341.98, 361.486, 353.947, 348.264, 349.408, 344.313, 341.974, 357.65, 351.965, 340.726, 341.894, 340.372, 336.843, 343.844, 347.087, 339.059, 348.452, 339.766, 349.383, 346.018, 374.982, 368.059, 361.82, 356.42, 353.055, 358.18, 357.174, 350.56, 352.044, 349.739, 363.331, 341.935, 360.214, 350.695, 350.421, 355.117, 340.008, 346.78, 351.014, 335.802, 334.448, 335.173, 336.705, 357.073, 340.275, 342.072, 379.65, 349.041, 357.467, 358.185]] 
RATE (RPS) =====================================: 65

[[426.297, 405.469, 401.409, 405.568, 402.302, 396.903, 405.266, 370.435, 373.382, 367.354, 357.01, 356.545, 355.179, 377.515, 336.385, 355.358, 348.686, 341.07, 364.846, 349.553, 346.804, 345.753, 349.59, 368.974, 363.379, 351.45, 346.605, 369.075, 341.553, 358.256, 351.677, 348.823, 360.915, 356.655, 349.47, 346.45, 345.839, 342.679, 339.007, 342.401, 344.46, 343.902, 344.298, 337.553, 339.734, 344.248, 346.285, 341.818, 349.108, 346.58, 349.422, 351.619, 340.284, 387.051, 390.066, 365.939, 337.336, 361.954, 342.443, 351.471, 338.15, 358.323, 337.421, 338.51, 333.977]] 
RATE (RPS) =====================================: 65

[[349.7, 350.716, 347.459, 356.574, 346.671, 338.164, 336.377, 338.335, 354.05, 340.834, 369.116, 435.918, 451.331, 431.051, 427.273, 429.683, 413.932, 419.844, 410.885, 380.264, 390.054, 390.695, 380.519, 380.702, 385.81, 384.37, 377.089, 394.277, 419.657, 403.598, 397.647, 401.526, 390.474, 377.673, 372.554, 356.015, 374.833, 367.744, 373.727, 350.731, 367.47, 368.304, 356.58, 373.39, 367.32, 374.176, 368.097, 356.477, 351.347, 389.262, 449.485, 384.403, 389.941, 396.258, 369.043, 332.656, 336.807, 342.397, 343.049, 335.195, 336.685, 351.33, 339.041, 343.569, 341.002]] 
RATE (RPS) =====================================: 65

[[345.183, 364.826, 382.149, 359.048, 379.232, 350.597, 345.67, 359.213, 360.327, 348.187, 344.855, 342.275, 341.109, 370.864, 357.804, 370.678, 344.447, 358.886, 359.689, 346.208, 344.275, 359.814, 353.919, 346.474, 342.812, 343.625, 346.913, 363.331, 359.882, 356.427, 355.169, 340.627, 362.435, 345.29, 348.704, 342.634, 375.22, 348.142, 362.036, 349.614, 342.152, 367.13, 365.874, 396.089, 359.198, 356.504, 369.614, 362.277, 362.413, 344.417, 376.139, 365.666, 420.865, 402.151, 378.026, 381.586, 360.517, 342.774, 359.333, 346.726, 372.9, 361.356, 382.167, 356.585, 344.263]] 
RATE (RPS) =====================================: 65

[[371.448, 365.578, 347.412, 374.43, 362.509, 391.706, 373.915, 374.255, 380.79, 369.45, 385.658, 360.195, 363.862, 366.074, 397.645, 364.015, 344.115, 410.786, 353.494, 387.71, 384.742, 368.352, 393.926, 395.982, 390.809, 356.266, 391.672, 393.747, 387.636, 420.36, 411.321, 358.47, 401.849, 378.666, 385.302, 388.474, 369.03, 368.56, 374.684, 373.832, 424.792, 385.338, 379.282, 439.22, 370.113, 389.285, 375.06, 353.607, 352.188, 384.203, 354.713, 381.645, 373.625, 496.778, 363.574, 464.181, 349.3, 403.336, 398.49, 376.786, 373.776, 365.623, 364.873, 349.439, 340.143]] 
RATE (RPS) =====================================: 65

[[344.827, 342.681, 358.675, 360.016, 357.166, 356.768, 381.976, 368.353, 371.574, 353.776, 357.811, 343.396, 353.684, 368.748, 360.35, 357.756, 357.225, 348.861, 370.311, 350.448, 376.295, 381.815, 387.433, 338.842, 364.095, 363.083, 394.383, 369.936, 346.315, 359.76, 354.506, 343.874, 360.61, 351.924, 340.122, 340.202, 363.347, 380.464, 347.575, 343.676, 354.646, 367.641, 355.136, 351.485, 352.71, 353.043, 347.326, 367.137, 353.182, 356.637, 353.937, 341.613, 344.192, 350.84, 336.116, 337.102, 352.787, 352.811, 362.286, 381.908, 379.138, 359.557, 420.968, 338.909, 376.051]] 
RATE (RPS) =====================================: 65

[[410.22, 442.756, 417.858, 398.062, 419.85, 403.414, 392.878, 378.901, 368.828, 403.492, 391.682, 384.826, 397.093, 360.631, 367.012, 361.424, 373.309, 355.122, 360.366, 345.79, 372.151, 398.977, 370.614, 356.151, 352.228, 439.353, 417.475, 401.667, 387.171, 383.616, 388.539, 391.26, 398.436, 379.471, 385.953, 364.125, 368.581, 365.914, 376.443, 354.887, 390.262, 385.981, 384.733, 381.256, 371.833, 369.051, 381.497, 358.593, 351.779, 384.519, 350.642, 410.949, 332.732, 360.183, 345.13, 351.821, 367.968, 361.717, 361.943, 350.441, 329.949, 336.332, 330.718, 356.669, 340.085]] 
RATE (RPS) =====================================: 65

average response time [0]402.185
average response time [1]330.676
average response time [2]332.322
average response time [3]397.467
average response time [4]342.335
average response time [5]346.507
average response time [6]331.405
average response time [7]394.75
average response time [8]332.336
average response time [9]341.452
TOTAL AVERAGE RESPONSE TIME ====================: 355.1435
NUMBER OF THREADS ==============================: 1
TOTAL AVERAGE RATE (RPS) =====================================: 1.0
average response time [10]338.3565
average response time [11]394.1575
average response time [12]337.1785
average response time [13]341.8365
average response time [14]394.793
average response time [15]336.277
average response time [16]340.38
average response time [17]351.639
average response time [18]398.7685
average response time [19]363.119
TOTAL AVERAGE RESPONSE TIME ====================: 359.65055000000007
NUMBER OF THREADS ==============================: 2
TOTAL AVERAGE RATE (RPS) =====================================: 2.0
average response time [20]338.35825
average response time [21]345.11424999999997
average response time [22]399.41375
average response time [23]341.67175
average response time [24]340.47
average response time [25]385.99125
average response time [26]341.12475
average response time [27]344.16275
average response time [28]344.65525
average response time [29]411.41650000000004
TOTAL AVERAGE RESPONSE TIME ====================: 359.23785
NUMBER OF THREADS ==============================: 4
TOTAL AVERAGE RATE (RPS) =====================================: 4.0
average response time [30]348.415125
average response time [31]349.927
average response time [32]393.381625
average response time [33]345.467
average response time [34]340.8615
average response time [35]383.073125
average response time [36]351.567625
average response time [37]338.165625
average response time [38]385.7595
average response time [39]349.315125
TOTAL AVERAGE RESPONSE TIME ====================: 358.59332500000005
NUMBER OF THREADS ==============================: 8
TOTAL AVERAGE RATE (RPS) =====================================: 8.0
average response time [40]343.2394375
average response time [41]371.7915
average response time [42]347.637
average response time [43]342.1445
average response time [44]387.083625
average response time [45]340.4395625
average response time [46]340.7585
average response time [47]354.945625
average response time [48]339.5310625
average response time [49]353.162125
TOTAL AVERAGE RESPONSE TIME ====================: 352.07329374999995
NUMBER OF THREADS ==============================: 16
TOTAL AVERAGE RATE (RPS) =====================================: 16.0
average response time [50]360.46678125
average response time [51]358.46353125
average response time [52]374.296875
average response time [53]342.0365
average response time [54]366.48425
average response time [55]344.253375
average response time [56]376.69590625
average response time [57]346.7789375
average response time [58]376.7036875
average response time [59]345.63678125
TOTAL AVERAGE RESPONSE TIME ====================: 359.18166249999996
NUMBER OF THREADS ==============================: 32
TOTAL AVERAGE RATE (RPS) =====================================: 32.0
average response time [60]379.72133333333335
average response time [61]350.66039393939394
average response time [62]339.5349090909091
average response time [63]365.99839393939396
average response time [64]344.12954545454545
average response time [65]363.86754545454545
average response time [66]354.49730303030304
average response time [67]368.2020606060606
average response time [68]342.4390909090909
average response time [69]362.91212121212124
TOTAL AVERAGE RESPONSE TIME ====================: 357.1962696969697
NUMBER OF THREADS ==============================: 33
TOTAL AVERAGE RATE (RPS) =====================================: 33.0
average response time [70]341.70305882352943
average response time [71]355.43670588235295
average response time [72]346.89979411764705
average response time [73]365.6619117647059
average response time [74]346.8279411764706
average response time [75]355.3225294117647
average response time [76]344.34000000000003
average response time [77]345.16167647058825
average response time [78]353.84494117647057
average response time [79]335.9398823529412
TOTAL AVERAGE RESPONSE TIME ====================: 349.1138441176471
NUMBER OF THREADS ==============================: 34
TOTAL AVERAGE RATE (RPS) =====================================: 34.0
average response time [80]357.6416857142857
average response time [81]351.92040000000003
average response time [82]358.2062
average response time [83]346.22114285714287
average response time [84]363.12462857142856
average response time [85]343.17154285714287
average response time [86]356.99665714285715
average response time [87]347.75917142857145
average response time [88]364.9821428571429
average response time [89]354.2090857142857
TOTAL AVERAGE RESPONSE TIME ====================: 354.4232657142858
NUMBER OF THREADS ==============================: 35
TOTAL AVERAGE RATE (RPS) =====================================: 35.0
average response time [90]362.04322222222225
average response time [91]352.9622777777778
average response time [92]348.20033333333333
average response time [93]348.67291666666665
average response time [94]363.61202777777777
average response time [95]342.2122777777778
average response time [96]355.02066666666667
average response time [97]344.62888888888887
average response time [98]367.4734722222222
average response time [99]363.15475
TOTAL AVERAGE RESPONSE TIME ====================: 354.79808333333335
NUMBER OF THREADS ==============================: 36
TOTAL AVERAGE RATE (RPS) =====================================: 36.0
average response time [100]412.5599189189189
average response time [101]356.6684864864865
average response time [102]363.14486486486487
average response time [103]375.72013513513514
average response time [104]696.9902702702702
average response time [105]591.3442162162162
average response time [106]364.5432972972973
average response time [107]338.0293243243243
average response time [108]347.53845945945943
average response time [109]358.96467567567566
TOTAL AVERAGE RESPONSE TIME ====================: 420.5503648648649
NUMBER OF THREADS ==============================: 37
TOTAL AVERAGE RATE (RPS) =====================================: 35.6
average response time [110]369.2270789473684
average response time [111]353.326552631579
average response time [112]373.4404473684211
average response time [113]346.2790789473684
average response time [114]363.6458684210526
average response time [115]350.271947368421
average response time [116]366.52094736842105
average response time [117]349.65268421052633
average response time [118]365.77455263157896
average response time [119]356.85673684210525
TOTAL AVERAGE RESPONSE TIME ====================: 359.49958947368424
NUMBER OF THREADS ==============================: 38
TOTAL AVERAGE RATE (RPS) =====================================: 38.0
average response time [120]360.6659743589744
average response time [121]357.3485641025641
average response time [122]356.3004358974359
average response time [123]360.8078461538461
average response time [124]347.28648717948715
average response time [125]339.6964358974359
average response time [126]362.4123846153846
average response time [127]352.7088717948718
average response time [128]369.3021794871795
average response time [129]349.00228205128207
TOTAL AVERAGE RESPONSE TIME ====================: 355.5531461538462
NUMBER OF THREADS ==============================: 39
TOTAL AVERAGE RATE (RPS) =====================================: 39.0
average response time [130]364.352975
average response time [131]352.352025
average response time [132]351.069575
average response time [133]341.25975
average response time [134]348.992775
average response time [135]343.161275
average response time [136]357.4034
average response time [137]352.319375
average response time [138]356.4049
average response time [139]348.408825
TOTAL AVERAGE RESPONSE TIME ====================: 351.57248749999997
NUMBER OF THREADS ==============================: 40
TOTAL AVERAGE RATE (RPS) =====================================: 40.0
average response time [140]386.51615555555554
average response time [141]337.6634888888889
average response time [142]355.28555555555556
average response time [143]365.8059333333333
average response time [144]370.29395555555556
average response time [145]362.8151555555556
average response time [146]348.17164444444444
average response time [147]364.03395555555556
average response time [148]348.64633333333336
average response time [149]364.54757777777775
TOTAL AVERAGE RESPONSE TIME ====================: 360.37797555555557
NUMBER OF THREADS ==============================: 45
TOTAL AVERAGE RATE (RPS) =====================================: 45.0
average response time [150]364.90302
average response time [151]366.4785
average response time [152]364.28272
average response time [153]361.81592
average response time [154]356.96138
average response time [155]363.5807
average response time [156]366.19952
average response time [157]354.47236
average response time [158]369.63726
average response time [159]375.98718
TOTAL AVERAGE RESPONSE TIME ====================: 364.43185600000004
NUMBER OF THREADS ==============================: 50
TOTAL AVERAGE RATE (RPS) =====================================: 50.0
average response time [160]369.14501818181816
average response time [161]372.30678181818183
average response time [162]380.5134545454545
average response time [163]356.7667090909091
average response time [164]372.8769272727273
average response time [165]372.79178181818185
average response time [166]377.24794545454546
average response time [167]361.4448545454546
average response time [168]365.8757636363636
average response time [169]370.24192727272725
TOTAL AVERAGE RESPONSE TIME ====================: 369.9211163636363
NUMBER OF THREADS ==============================: 55
TOTAL AVERAGE RATE (RPS) =====================================: 55.0
average response time [170]370.10536666666667
average response time [171]365.35705
average response time [172]370.58048333333335
average response time [173]355.44741666666664
average response time [174]369.5799666666667
average response time [175]365.30835
average response time [176]375.0998333333333
average response time [177]367.55275
average response time [178]368.55558333333335
average response time [179]364.97993333333335
TOTAL AVERAGE RESPONSE TIME ====================: 367.25667333333337
NUMBER OF THREADS ==============================: 60
TOTAL AVERAGE RATE (RPS) =====================================: 60.0
average response time [180]366.6268
average response time [181]387.1501846153846
average response time [182]371.0344153846154
average response time [183]350.2110923076923
average response time [184]357.5975230769231
average response time [185]374.78701538461536
average response time [186]359.3124923076923
average response time [187]380.73995384615387
average response time [188]358.76641538461536
average response time [189]375.8970615384615
TOTAL AVERAGE RESPONSE TIME ====================: 368.2122953846154
NUMBER OF THREADS ==============================: 65
TOTAL AVERAGE RATE (RPS) =====================================: 64.9
average response time sent to Stackdriver [0]341.12475
average response time sent to Stackdriver [1]353.162125
average response time sent to Stackdriver [2]363.86754545454545
average response time sent to Stackdriver [3]351.92040000000003
average response time sent to Stackdriver [4]344.62888888888887
average response time sent to Stackdriver [5]347.53845945945943
average response time sent to Stackdriver [6]356.3004358974359
average response time sent to Stackdriver [7]356.4049
average response time sent to Stackdriver [8]366.4785
average response time sent to Stackdriver [9]380.5134545454545
average response time sent to Stackdriver [10]370.58048333333335
average response time sent to Stackdriver [11]350.2110923076923
NUMBER OF THREADS: [1, 2, 4, 8, 16, 32, 33, 34, 35, 36, 37, 38, 39, 40, 45, 50, 55, 60, 65]
WORKLOAD: HFU_HV;  
DATA COLLECTOR SETTING: CONTROLLED BY PAL FRAMEWORK;  
TOTAL EXECUTION TIME (Concurrent Parallel Requests): 130841.595
NUMBER OF REPLICAS: 1

