[[388.868]] 
[[402.767]] 
[[399.866]] 
[[397.529]] 
[[427.416]] 
[[387.56]] 
[[407.196]] 
[[408.374]] 
[[444.373]] 
[[448.606]] 
[[421.833, 457.813]] 
[[424.362, 460.394]] 
[[447.882, 482.974]] 
[[432.976, 383.373]] 
[[383.355, 456.434]] 
[[1561.3400000000001, 2639.937]] 
[[2291.957, 400.664]] 
[[445.752, 396.003]] 
[[451.102, 394.279]] 
[[448.587, 401.68]] 
[[472.041, 385.373, 411.641, 494.125]] 
[[406.315, 446.192, 484.193, 519.168]] 
[[390.252, 458.897, 407.198]] 
[[]] 
[[406.915]] 
[[]] 
[[]] 
[[]] 
[[398.067, 434.959]] 
[[]] 
[[377.335]] 
[[382.649, 396.073]] 
[[424.791, 452.812]] 
[[395.11]] 
[[387.992, 476.188, 416.867]] 
[[396.173, 417.076, 449.734]] 
[[391.744, 430.738]] 
[[386.95, 423.187]] 
[[452.78, 403.18, 525.551, 463.357, 557.644]] 
[[406.426, 414.431]] 
[[396.89, 422.416, 495.432, 582.028, 515.678]] 
[[433.28, 379.913, 458.482, 481.348, 491.925]] 
[[383.497, 417.233, 431.643, 472.306]] 
[[452.113, 428.225, 463.311, 498.39]] 
[[391.42, 413.833, 456.835, 498.112, 499.509, 535.444]] 
[[391.554, 427.662]] 
[[401.211]] 
[[406.789, 413.746, 438.293, 499.458, 453.508]] 
[[530.839, 425.194, 456.252, 524.269, 553.923]] 
[[389.423, 423.164, 462.154, 455.14, 470.005]] 
[[408.043, 395.815, 408.775, 438.022, 519.948, 453.001]] 
[[407.978, 401.799, 407.989, 413.783, 428.784]] 
[[417.52, 1431.067, 413.821, 425.752, 432.213]] 
[[412.617, 440.981, 512.342, 545.007, 440.117, 572.216, 654.696, 700.171, 598.641, 669.375, 681.911]] 
[[410.101, 426.5, 457.219, 481.163, 469.728, 509.384, 503.321]] 
[[423.333, 488.19, 434.627, 511.354, 540.953, 557.012, 589.565, 624.416, 638.427, 688.267, 811.782, 750.54]] 
[[405.643, 541.863, 425.845, 485.606, 611.722, 559.032, 676.632, 737.052, 785.483, 777.554, 820.846, 859.785, 887.51]] 
[[397.31, 430.861, 449.749, 450.182, 509.99, 454.313, 599.245]] 
[[407.424, 421.016, 458.358, 449.288, 460.377]] 
[[404.353, 437.355, 433.468, 461.349, 491.591, 506.335, 536.91, 752.009]] 
[[427.802, 417.555, 461.964, 536.753, 486.263, 577.335, 515.145, 538.356, 581.942, 631.329, 660.642, 679.528, 651.737, 666.773]] 
[[411.411, 431.157, 460.035, 483.609, 492.549, 517.98, 513.403, 589.307, 537.093, 524.548, 439.184, 423.735]] 
[[430.158, 417.316, 398.219, 393.068, 438.972, 480.352, 493.321, 476.052, 496.176, 524.856, 548.399, 552.087]] 
[[396.984, 433.379, 463.125, 475.26, 475.426, 502.52, 530.858, 525.655, 521.107, 562.067, 568.182, 572.802, 579.385, 616.795, 656.063, 711.7, 729.341, 753.113]] 
[[433.667, 422.696, 430.445, 437.804, 459.734, 434.223, 411.169, 463.093, 412.962, 476.987]] 
[[413.511, 382.213, 421.117, 399.435, 403.881, 431.73, 380.977, 401.936]] 
[[402.549, 443.184, 1412.94, 433.063, 1123.324, 484.432, 491.968, 496.882, 528.671, 630.163, 490.207, 526.764, 563.094, 623.874, 664.149, 670.701, 698.435, 779.742, 856.165, 870.832]] 
[[389.766, 411.365, 439.317, 386.248, 414.435, 413.036, 431.837, 457.799]] 
[[439.511, 455.87, 494.039, 549.179, 491.169, 609.104, 648.632, 656.939, 654.932, 695.337, 688.296, 693.035, 718.171, 734.178, 767.4, 796.211, 836.654, 861.747, 884.672]] 
[[407.0, 452.131, 461.404, 541.265, 478.211, 548.291, 560.833, 593.002, 628.975, 604.618, 612.626, 648.847, 682.65, 688.133, 633.104, 668.585, 675.96, 689.028]] 
[[408.628, 424.004, 382.756, 415.867, 422.462, 459.179, 450.395, 423.325, 439.965, 520.714, 456.264, 542.685, 546.225, 578.234, 625.264]] 
[[444.727, 450.402, 441.253, 472.459, 469.816, 494.236, 534.241, 572.517, 488.307, 418.98, 511.748, 445.758, 578.187, 489.135, 521.828, 552.509, 583.638, 493.457, 575.666, 529.842, 568.328, 715.325, 573.9, 694.114, 695.013, 684.013, 677.336, 550.479, 690.419, 646.686, 709.859, 611.752, 743.779, 777.847, 689.128, 586.353, 796.908, 828.086, 732.721, 847.546, 805.153, 878.585, 559.532, 917.827, 641.62, 483.393, 801.58, 564.348, 458.051, 464.969, 906.351, 494.118, 795.28]] 
[[441.834, 442.395, 438.605, 470.779, 437.216, 447.49, 443.156, 444.358, 488.394, 473.912, 466.326, 511.914, 496.44, 521.545, 471.321, 542.823, 541.725, 396.203, 499.388, 1464.252, 534.203, 726.063, 819.253, 763.512, 553.218, 460.282, 513.502, 620.262, 500.925, 475.054, 514.2, 929.018, 547.706, 507.648, 848.791, 782.284, 937.068, 482.048, 548.987, 592.237, 503.527, 947.564, 492.886, 976.023, 603.833, 514.62, 630.597, 1040.071, 659.073, 982.3, 487.746, 531.201, 518.23, 1048.368, 1082.932, 698.414, 604.387, 545.626, 712.691, 638.503, 677.242, 745.337, 696.811, 1050.944, 1084.646]] 
[[422.208, 409.321, 400.182, 444.895, 445.937, 467.466, 542.488, 431.539, 572.7, 459.945, 522.614, 593.138, 404.274, 622.912, 534.607, 657.36, 397.171, 450.133, 712.495, 550.591, 749.049, 477.47, 414.069, 766.837, 552.456, 596.929, 484.861, 421.671, 458.503, 766.648, 496.363, 476.558, 514.424, 581.91, 563.543, 819.251, 606.351, 763.891, 485.685, 923.883, 832.956, 867.862, 605.182, 980.775, 927.44, 1009.643, 623.892, 662.366, 1038.622, 1079.541, 509.253, 1114.021, 420.561, 669.222, 1137.713, 444.47, 1243.75, 1176.561, 508.032, 490.597, 655.052, 435.755, 546.078, 1215.366, 476.762]] 
[[414.798, 413.432, 390.311, 458.523, 412.148, 394.401, 561.061, 535.372, 394.881, 418.723, 430.178, 627.293, 457.154, 410.167, 548.905, 411.106, 420.559, 444.934, 491.568, 529.346, 442.374, 483.297, 555.607, 515.118, 547.335, 568.063, 606.538, 583.956, 527.183, 641.415, 556.087, 597.784, 532.63, 592.886, 565.894, 637.298, 679.192, 723.102, 595.793, 718.426, 616.972, 650.285, 614.759, 553.365, 596.898, 646.951, 755.865, 696.784, 700.226, 608.29, 636.867, 673.23, 698.046, 743.743, 767.857, 769.378, 591.799, 783.232, 656.68, 604.995, 797.343, 638.444, 827.84, 688.104, 649.099]] 
[[464.574, 477.496, 470.689, 456.509, 496.681, 508.79, 424.734, 429.428, 492.822, 529.922, 427.294, 446.2, 489.542, 454.945, 542.499, 481.312, 503.279, 510.709, 533.466, 549.953, 562.612, 417.612, 595.561, 448.591, 1425.335, 600.093, 614.281, 742.749, 495.127, 586.093, 674.849, 515.446, 619.294, 511.853, 499.116, 589.552, 684.946, 420.663, 543.013, 773.964, 603.171, 811.229, 515.227, 624.655, 513.839, 553.289, 664.51, 581.05, 521.497, 615.624, 550.388, 658.907, 736.818, 659.964, 766.043, 677.476, 719.326, 544.336, 775.32, 716.161, 550.651, 788.86, 595.655, 824.206, 623.733]] 
[[414.499, 417.562, 381.481, 496.33, 441.551, 415.877, 463.295, 553.024, 443.402, 664.68, 421.632, 478.826, 584.026, 512.134, 387.227, 542.651, 417.525, 666.162, 450.968, 390.739, 795.422, 685.323, 1404.278, 413.785, 448.179, 808.623, 513.735, 434.737, 472.171, 827.19, 447.907, 858.39, 514.834, 563.872, 468.281, 863.565, 592.046, 452.439, 619.374, 475.309, 645.339, 512.085, 903.78, 858.555, 619.55, 658.185, 525.835, 660.655, 434.134, 904.35, 665.47, 928.59, 970.486, 693.471, 438.604, 991.605, 1027.741, 1062.261, 1156.567, 674.323, 729.069, 588.656, 618.917, 651.13, 381.942]] 
[[412.038, 403.219, 445.831, 1427.501, 412.459, 425.252, 413.634, 430.686, 461.101, 497.489, 413.869, 533.084, 414.351, 569.19, 441.362, 428.552, 592.03, 451.811, 406.399, 483.91, 637.93, 450.318, 708.289, 433.88, 736.313, 473.616, 456.314, 446.7, 536.862, 483.957, 475.28, 472.176, 501.201, 729.822, 533.673, 583.172, 564.401, 484.116, 514.963, 592.023, 725.166, 514.212, 586.566, 612.732, 655.969, 730.253, 766.127, 810.198, 510.99, 663.828, 710.654, 534.703, 565.925, 820.058, 611.362, 851.162, 574.807, 633.816, 867.546, 905.533, 714.812, 558.419, 652.625, 750.021, 884.904]] 
[[402.226, 449.891, 446.058, 414.483, 437.275, 471.969, 510.111, 483.131, 444.233, 424.126, 570.283, 422.611, 513.691, 458.776, 482.273, 487.687, 567.356, 574.482, 516.208, 496.224, 562.684, 579.607, 648.762, 591.934, 681.695, 656.212, 597.388, 602.78, 549.951, 700.996, 442.641, 541.099, 649.858, 785.677, 727.409, 573.504, 814.143, 604.494, 616.199, 661.68, 643.982, 625.124, 823.841, 862.147, 668.674, 717.21, 886.512, 757.001, 630.318, 619.223, 797.317, 918.721, 868.388, 987.858, 639.963, 687.188, 610.072, 1007.25, 640.162, 1052.941, 1079.541, 684.486, 667.885, 822.499, 690.34]] 
[[399.463, 409.934, 433.902, 388.931, 392.531, 417.632, 457.197, 412.42, 503.504, 448.579, 543.624, 463.164, 499.98, 413.236, 428.068, 563.338, 594.208, 414.922, 442.382, 460.416, 473.635, 500.834, 477.665, 549.355, 548.107, 499.958, 572.876, 475.778, 600.475, 646.0, 757.743, 694.06, 614.976, 526.719, 576.55, 680.019, 635.122, 760.306, 591.986, 412.994, 692.454, 740.673, 441.531, 477.67, 759.096, 801.216, 736.461, 576.819, 539.017, 486.12, 642.979, 844.534, 793.681, 663.218, 923.073, 853.986, 735.64, 519.103, 675.855, 930.129, 957.988, 996.912, 786.923, 618.944, 716.375]] 
[[432.483, 427.29, 408.489, 418.75, 491.238, 452.334, 536.9, 584.685, 438.277, 628.185, 455.598, 492.952, 531.361, 688.086, 636.804, 402.887, 444.648, 555.581, 503.914, 428.939, 689.516, 467.027, 511.045, 560.372, 706.535, 533.947, 624.102, 574.098, 558.913, 642.6, 723.727, 669.873, 751.282, 464.465, 554.569, 775.081, 658.204, 737.074, 686.511, 766.168, 790.96, 450.045, 784.669, 528.307, 812.443, 461.993, 547.838, 588.242, 484.638, 520.581, 661.444, 551.555, 594.175, 834.995, 769.329, 567.692, 862.431, 668.064, 582.472, 728.208, 737.45, 607.727, 637.068, 838.067, 739.342, 769.948]] 
[[413.183, 385.942, 410.895, 429.443, 481.986, 432.6, 460.592, 419.88, 488.598, 491.067, 473.128, 434.327, 502.191, 596.336, 539.047, 1064.408, 503.679, 625.286, 533.16, 587.301, 486.364, 416.027, 445.453, 608.485, 641.207, 467.505, 517.475, 614.24, 479.513, 553.705, 648.598, 510.825, 677.446, 583.408, 621.43, 601.201, 653.894, 633.614, 680.567, 547.177, 693.174, 653.962, 754.99, 683.543, 728.454, 556.551, 588.713, 758.509, 656.928, 611.379, 792.665, 693.125, 637.397, 733.493, 789.399, 807.945, 883.092, 919.145, 965.517, 887.425, 801.183, 954.932, 591.056, 619.925, 660.69, 978.932]] 
[[443.252, 481.053, 392.133, 470.867, 492.367, 533.259, 565.668, 401.664, 470.334, 434.807, 584.58, 494.125, 615.241, 404.893, 516.314, 557.8, 430.242, 629.183, 409.268, 575.772, 441.957, 647.609, 431.712, 677.862, 556.395, 498.212, 574.296, 714.34, 603.121, 644.6, 674.489, 553.141, 583.998, 388.88, 694.482, 612.865, 477.228, 416.67, 714.871, 667.825, 624.793, 737.231, 770.602, 808.307, 459.086, 670.761, 629.236, 664.424, 473.501, 1342.76, 729.219, 794.694, 1376.31, 832.309, 651.805, 684.759, 469.702, 718.263, 499.711, 928.847, 843.277, 684.714, 721.279, 505.108, 953.533, 741.872]] 
[[471.751, 463.331, 484.403, 480.223, 499.51, 538.397, 427.193, 432.521, 424.565, 444.671, 457.092, 485.335, 509.865, 533.673, 454.633, 566.959, 647.804, 592.326, 709.156, 469.22, 788.28, 503.627, 542.336, 582.909, 1452.712, 530.49, 566.966, 592.715, 773.473, 560.716, 462.446, 593.645, 605.664, 479.96, 556.75, 766.204, 613.442, 853.123, 642.25, 782.47, 672.882, 761.225, 708.611, 797.15, 538.067, 844.909, 869.764, 823.923, 870.508, 896.677, 904.714, 527.44, 924.875, 959.878, 958.584, 449.732, 910.317, 536.176, 975.462, 458.099, 506.255, 997.708, 547.408, 588.626, 525.42, 606.823]] 
[[559.905, 416.375, 465.146, 474.155, 592.436, 447.568, 492.41, 613.172, 530.428, 459.252, 499.185, 672.217, 527.08, 536.601, 464.278, 602.604, 537.45, 597.393, 550.214, 664.207, 620.567, 700.067, 539.757, 649.319, 730.807, 487.249, 445.527, 557.46, 505.27, 586.125, 839.023, 538.885, 781.517, 633.814, 709.468, 591.432, 823.11, 956.617, 776.562, 679.932, 708.571, 830.516, 863.194, 594.164, 655.848, 516.569, 437.245, 574.804, 1309.176, 652.063, 678.393, 913.391, 869.431, 946.577, 705.295, 576.215, 612.122, 718.362, 645.214, 683.576, 940.347, 980.517, 650.006, 725.771, 1003.414, 692.438]] 
[[391.5, 406.011, 395.601, 424.317, 455.201, 493.496, 416.405, 524.704, 407.768, 448.99, 435.957, 396.847, 1146.175, 463.289, 523.107, 558.061, 515.769, 486.559, 587.309, 519.066, 427.69, 643.153, 519.4, 689.773, 534.845, 549.315, 618.994, 426.474, 702.865, 461.666, 765.47, 645.981, 685.802, 478.518, 533.857, 585.252, 764.369, 624.796, 789.893, 662.098, 532.929, 471.644, 686.518, 564.973, 795.316, 826.693, 709.98, 581.435, 611.726, 675.473, 828.768, 640.335, 593.562, 853.628, 622.438, 878.898, 667.181, 1446.1309999999999, 660.321, 891.756, 938.144, 670.351, 579.14, 948.728, 603.873, 617.603]] 
[[433.927, 506.433, 414.271, 478.151, 470.284, 404.204, 490.877, 440.033, 430.389, 450.218, 503.082, 507.253, 545.078, 478.014, 516.917, 424.664, 497.869, 535.237, 565.028, 605.043, 442.487, 511.679, 517.898, 468.115, 622.087, 539.418, 516.759, 516.574, 549.215, 628.742, 1263.834, 537.161, 527.694, 633.608, 561.509, 604.11, 538.791, 570.67, 686.604, 600.766, 648.741, 703.953, 702.905, 513.012, 544.586, 725.068, 653.863, 697.169, 578.477, 731.943, 546.064, 769.167, 597.738, 741.544, 624.818, 665.519, 769.9, 701.82, 743.531, 606.625, 713.814, 755.898, 735.23, 731.79, 753.533, 748.626]] 
[[450.74, 417.055, 459.461, 462.937, 485.127, 442.319, 468.522, 443.144, 592.223, 503.885, 539.23, 471.8, 612.433, 466.395, 412.169, 627.702, 497.389, 418.597, 487.023, 454.201, 493.378, 507.225, 756.328, 498.943, 512.059, 603.026, 537.372, 633.645, 763.571, 504.419, 554.294, 589.231, 774.675, 907.42, 518.875, 851.709, 796.578, 624.021, 432.256, 522.641, 463.553, 644.04, 540.728, 859.819, 481.8, 888.097, 507.497, 918.9, 951.504, 531.459, 983.468, 528.696, 601.035, 1017.475, 554.758, 1101.689, 518.812, 599.697, 541.864, 554.404, 612.396, 1089.973, 566.275, 642.185, 1090.6970000000001, 1128.46]] 
[[431.313, 386.486, 401.367, 391.793, 426.715, 400.849, 448.487, 526.235, 415.48, 420.074, 459.135, 452.181, 484.711, 403.453, 400.934, 511.617, 457.484, 516.876, 485.323, 525.115, 406.476, 441.828, 626.343, 544.085, 474.287, 509.026, 480.41, 518.771, 666.483, 521.06, 575.823, 543.841, 740.014, 696.011, 624.145, 575.69, 719.261, 673.043, 739.92, 821.268, 775.68, 454.916, 489.112, 570.838, 520.998, 495.154, 804.585, 577.837, 518.867, 627.667, 571.785, 597.755, 650.011, 626.144, 678.959, 648.599, 766.858, 676.725, 789.509, 569.88, 785.247, 838.528, 673.89, 797.114, 572.405, 607.016]] 
[[457.866, 449.301, 518.704, 541.408, 479.642, 448.145, 560.445, 597.102, 679.817, 633.107, 428.634, 465.186, 502.873, 687.321, 483.865, 515.03, 515.438, 704.051, 552.138, 874.642, 776.695, 931.435, 507.197, 451.76, 398.247, 493.869, 524.641, 539.016, 570.515, 544.854, 593.943, 532.914, 597.022, 484.265, 614.668, 873.529, 615.744, 904.294, 623.624, 628.096, 528.725, 650.703, 653.815, 696.32, 893.868, 929.691, 614.263, 966.865, 629.169, 1040.508, 658.431, 974.952, 696.554, 679.925, 619.993, 717.415, 1084.952, 1027.505, 696.265, 820.248, 1153.93, 664.425, 717.644, 1083.527, 691.715, 848.171]] 
[[441.709, 439.354, 491.245, 414.711, 464.076, 503.719, 490.523, 440.549, 452.703, 509.362, 465.408, 454.679, 530.126, 479.245, 493.746, 508.972, 537.493, 461.155, 535.385, 572.917, 516.947, 551.638, 606.227, 465.501, 635.469, 524.681, 550.551, 587.629, 624.014, 534.533, 490.474, 570.409, 607.174, 621.616, 663.606, 705.668, 623.481, 541.024, 644.58, 723.359, 468.467, 758.656, 634.308, 555.96, 773.308, 654.942, 694.347, 797.662, 581.09, 894.452, 834.26, 588.014, 633.945, 899.546, 665.284, 697.155, 707.718, 657.146, 904.571, 713.516, 532.856, 963.382, 916.993, 727.81, 995.862, 1034.793, 518.579]] 
[[423.125, 451.228, 435.637, 454.41, 430.414, 451.062, 469.856, 504.624, 471.756, 437.223, 529.93, 461.02, 487.33, 552.639, 597.807, 473.314, 651.273, 430.947, 469.548, 487.82, 501.286, 719.687, 464.005, 565.977, 507.835, 636.702, 612.255, 566.595, 509.621, 590.658, 699.878, 736.612, 445.013, 488.002, 600.411, 748.497, 580.215, 622.425, 512.509, 612.061, 764.74, 795.648, 676.48, 613.714, 813.277, 495.255, 635.733, 677.291, 877.331, 823.938, 502.752, 540.518, 695.848, 561.057, 645.862, 590.1, 862.977, 689.686, 641.516, 896.573, 1449.319, 663.553, 914.275, 720.043, 817.795, 959.651, 901.072]] 
[[441.552, 494.942, 449.184, 501.806, 435.743, 546.85, 425.378, 458.612, 447.722, 584.374, 462.398, 449.078, 522.103, 448.05, 484.425, 465.873, 508.552, 552.912, 571.552, 503.737, 638.56, 594.121, 568.824, 528.88, 494.278, 558.829, 526.355, 569.236, 723.101, 657.903, 765.874, 553.727, 578.483, 794.157, 828.176, 572.586, 489.255, 619.013, 593.634, 514.957, 827.969, 640.619, 537.842, 571.435, 841.424, 918.566, 866.535, 597.953, 950.003, 986.138, 640.703, 614.813, 581.803, 523.286, 760.007, 700.521, 680.21, 596.965, 967.511, 611.619, 992.178, 608.503, 741.894, 1010.629, 774.416, 817.043, 643.251]] 
[[388.758, 442.522, 393.055, 431.2, 535.096, 492.317, 391.548, 527.699, 549.038, 451.782, 593.581, 562.544, 564.798, 404.411, 447.557, 522.305, 587.145, 597.025, 596.772, 644.395, 557.9, 608.362, 614.37, 669.011, 633.514, 705.813, 665.971, 550.595, 737.768, 668.051, 581.986, 603.198, 609.508, 665.959, 650.598, 709.244, 690.402, 716.949, 631.694, 696.564, 725.559, 664.331, 682.795, 719.164, 740.262, 675.171, 768.055, 699.989, 744.255, 666.296, 705.936, 780.621, 735.128, 783.044, 742.888, 802.623, 785.718, 823.272, 855.702, 740.641, 777.108, 614.901, 778.485, 802.127, 804.137, 846.332, 627.804]] 
[[449.498, 459.896, 441.41, 481.347, 441.364, 470.73, 456.546, 469.387, 476.97, 469.253, 495.641, 524.771, 440.845, 494.665, 567.898, 466.635, 612.23, 502.044, 541.288, 572.672, 496.729, 670.542, 526.925, 532.993, 562.349, 594.818, 564.897, 565.147, 619.835, 723.357, 670.337, 583.621, 747.706, 588.421, 671.653, 618.149, 664.992, 661.841, 605.314, 776.14, 735.116, 571.707, 685.074, 785.558, 654.009, 818.492, 717.879, 614.304, 850.212, 706.934, 727.317, 861.631, 790.812, 894.102, 833.055, 764.789, 700.607, 797.127, 620.393, 572.013, 815.718, 798.421, 860.89, 686.619, 604.657, 884.385, 919.302]] 
[[408.28, 433.876, 394.71, 494.169, 416.624, 429.611, 442.376, 427.201, 484.259, 469.581, 420.02, 432.657, 609.535, 458.319, 419.478, 593.036, 582.921, 572.509, 576.041, 549.241, 546.758, 567.977, 546.79, 535.025, 604.776, 526.614, 525.607, 567.66, 625.645, 1473.808, 666.515, 586.111, 756.291, 613.413, 510.271, 693.617, 643.546, 528.855, 526.428, 761.42, 554.511, 800.448, 836.496, 658.353, 762.732, 558.291, 555.188, 494.737, 667.646, 600.002, 564.687, 599.365, 743.461, 791.14, 679.326, 878.645, 787.148, 952.002, 571.087, 883.995, 785.019, 771.138, 776.947, 676.573, 569.561, 602.34, 652.951]] 
[[408.25, 406.783, 439.808, 465.601, 430.479, 493.774, 467.863, 417.58, 493.466, 406.949, 445.773, 496.235, 506.046, 536.653, 470.477, 508.407, 509.346, 556.85, 610.768, 541.042, 646.763, 513.585, 558.259, 596.541, 671.701, 631.508, 702.829, 693.674, 511.011, 728.556, 544.127, 761.273, 798.948, 407.556, 840.951, 697.788, 873.511, 425.414, 469.973, 892.928, 528.621, 502.703, 706.171, 741.836, 576.623, 627.098, 668.704, 804.717, 909.313, 742.009, 697.743, 981.814, 803.744, 465.086, 720.589, 1001.114, 1091.518, 781.113, 1016.3, 719.464, 1330.747, 778.126, 773.782, 1079.328, 843.334, 415.476, 1096.851]] 
[[427.526, 443.312, 446.919, 418.309, 443.792, 482.097, 475.284, 524.526, 412.488, 499.524, 447.598, 444.93, 445.702, 514.387, 475.673, 515.106, 434.139, 472.865, 540.196, 502.375, 476.457, 516.062, 522.738, 486.048, 548.382, 524.548, 545.632, 553.491, 572.477, 501.525, 564.276, 636.452, 593.129, 555.072, 591.517, 506.694, 619.14, 542.411, 633.773, 621.758, 563.863, 648.723, 558.678, 632.137, 682.442, 769.592, 721.676, 653.41, 574.355, 576.64, 528.295, 610.618, 801.551, 649.72, 743.455, 830.636, 623.098, 536.152, 914.838, 1007.624, 565.978, 595.701, 1022.726, 1065.727, 622.979, 613.236, 1089.659]] 
[[421.746, 386.625, 436.028, 410.715, 403.765, 477.542, 450.873, 458.988, 452.121, 480.021, 384.98, 439.882, 507.028, 414.155, 440.313, 460.406, 558.031, 492.485, 465.446, 607.71, 496.139, 631.718, 502.439, 539.191, 429.493, 462.369, 559.93, 543.632, 488.81, 475.709, 570.125, 570.505, 598.63, 628.215, 670.159, 625.064, 582.449, 619.539, 685.609, 628.519, 721.164, 667.852, 617.622, 409.31, 449.794, 748.281, 631.98, 722.57, 670.081, 808.655, 757.206, 739.535, 655.556, 768.958, 817.986, 422.42, 676.97, 778.145, 833.852, 429.725, 458.14, 791.011, 830.179, 476.2, 831.783, 643.803, 842.89]] 
[[411.112, 415.643, 435.328, 486.722, 469.739, 428.462, 435.284, 497.663, 542.409, 665.118, 462.598, 520.886, 488.353, 528.703, 674.468, 603.727, 427.402, 470.403, 535.488, 497.102, 489.022, 697.772, 740.732, 769.449, 797.971, 511.787, 832.739, 922.191, 868.377, 485.121, 513.532, 503.335, 570.826, 916.642, 506.539, 567.882, 571.718, 608.928, 918.21, 663.425, 555.612, 578.629, 935.983, 681.644, 725.696, 559.801, 568.441, 581.04, 621.507, 782.37, 731.328, 919.494, 559.82, 918.952, 791.665, 620.174, 817.746, 552.561, 962.477, 578.248, 877.037, 918.491, 604.985, 581.707, 1018.974, 924.081, 628.186]] 
[[474.783, 474.221, 442.18, 491.73, 480.303, 479.785, 507.867, 517.614, 1228.758, 536.915, 489.187, 545.204, 511.27, 455.147, 553.202, 561.239, 510.42, 602.815, 545.259, 506.469, 562.819, 564.449, 710.305, 611.27, 582.275, 651.62, 635.701, 496.306, 560.195, 697.562, 664.967, 581.931, 511.593, 623.637, 673.862, 693.979, 736.984, 696.779, 622.583, 651.777, 719.321, 489.218, 880.729, 731.686, 816.109, 761.32, 644.065, 895.684, 932.648, 694.743, 732.078, 644.816, 767.168, 806.768, 670.026, 706.503, 747.878, 908.615, 985.01, 856.791, 803.848, 1033.88, 1073.323, 1478.2350000000001, 1113.064, 1193.33, 451.013, 834.238]] 
[[460.569, 511.429, 523.195, 503.231, 459.006, 433.816, 486.975, 845.6, 461.585, 511.515, 571.17, 505.351, 628.767, 602.724, 507.691, 453.525, 622.584, 560.854, 1276.201, 646.797, 500.878, 576.818, 611.813, 651.79, 690.497, 511.721, 688.553, 542.192, 776.195, 725.491, 811.374, 601.01, 848.17, 675.095, 882.221, 704.921, 603.628, 535.68, 573.958, 722.019, 927.817, 871.011, 749.485, 633.41, 713.835, 576.425, 596.611, 992.706, 933.236, 753.251, 615.857, 841.269, 781.324, 932.04, 650.055, 862.517, 961.386, 720.756, 666.909, 754.832, 1503.495, 935.482, 966.106, 682.329, 716.626, 970.078, 926.289, 724.048]] 
[[471.015, 466.176, 495.767, 499.526, 539.893, 493.22, 475.132, 526.452, 1322.843, 545.919, 589.037, 512.363, 547.89, 593.948, 518.14, 472.633, 507.122, 546.165, 633.751, 642.821, 576.568, 684.481, 586.315, 654.113, 666.244, 688.138, 692.562, 730.761, 747.974, 824.366, 775.568, 505.147, 741.578, 827.362, 768.117, 561.458, 850.48, 888.596, 578.074, 616.063, 545.843, 905.018, 1005.732, 937.78, 732.789, 760.517, 621.046, 531.313, 780.708, 1012.29, 811.74, 630.683, 840.656, 541.366, 873.795, 1011.378, 923.706, 631.125, 1039.773, 1521.866, 532.004, 942.468, 557.239, 1047.605, 1080.486, 1124.735, 590.402, 586.68]] 
[[507.208, 500.902, 541.691, 497.185, 532.753, 559.402, 523.29, 548.367, 497.857, 571.107, 533.282, 531.644, 599.998, 561.264, 543.218, 626.423, 576.369, 540.545, 576.368, 634.06, 559.224, 631.939, 648.946, 1534.5349999999999, 614.128, 657.929, 674.758, 637.707, 672.818, 661.018, 702.95, 552.189, 676.702, 562.144, 720.072, 670.027, 583.88, 745.856, 611.498, 670.152, 843.641, 677.64, 689.784, 889.065, 924.757, 723.341, 669.72, 677.159, 751.38, 714.587, 690.388, 1675.037, 909.844, 758.481, 720.284, 988.923, 924.862, 804.187, 779.777, 730.454, 826.309, 998.459, 761.506, 852.76, 888.629, 930.227, 990.738, 998.469]] 
[[531.412, 543.085, 542.749, 551.937, 568.715, 553.598, 626.465, 572.473, 695.414, 576.476, 710.998, 560.416, 572.865, 597.4, 711.549, 650.351, 751.409, 667.165, 595.668, 687.682, 762.494, 768.712, 800.796, 834.752, 1306.507, 828.234, 1339.7, 1373.854, 750.773, 2664.4120000000003, 844.686, 1480.467, 1424.388, 861.498, 926.147, 538.981, 945.119, 793.386, 540.206, 1558.879, 962.485, 1449.141, 804.041, 550.082, 596.019, 1466.161, 981.549, 1559.241, 1597.288, 1493.714, 1759.167, 1913.295, 1664.455, 573.071, 1767.835, 604.069, 639.039, 756.19, 668.088, 765.874, 1767.164, 1809.172, 906.796, 954.786, 993.643, 1831.653, 1025.797, 750.103]] 
[[531.819, 533.97, 537.164, 557.113, 560.745, 581.279, 621.062, 586.997, 632.739, 654.346, 542.349, 525.228, 659.94, 566.144, 553.046, 653.244, 730.299, 803.934, 720.477, 840.9, 604.529, 613.188, 560.62, 672.553, 635.018, 840.885, 694.606, 714.371, 689.316, 775.367, 631.437, 719.563, 699.216, 1627.721, 824.307, 764.073, 714.782, 767.969, 791.05, 747.52, 824.39, 788.72, 785.09, 928.722, 1739.902, 786.931, 1843.844, 905.337, 898.147, 901.138, 1220.187, 953.669, 922.197, 962.147, 986.39, 844.748, 832.937, 1008.046, 824.128, 1029.684, 807.46, 1071.839, 1116.377, 1154.23, 777.671, 922.234, 1180.071, 1217.399]] 
[[537.535, 569.315, 531.32, 543.977, 598.303, 670.906, 535.344, 702.43, 556.798, 594.473, 724.337, 629.007, 555.763, 533.422, 570.951, 642.637, 723.438, 592.675, 765.898, 627.9, 584.92, 781.418, 671.641, 718.479, 803.069, 645.503, 681.127, 583.125, 616.823, 810.572, 699.489, 836.011, 702.24, 734.714, 732.419, 764.856, 842.775, 806.383, 589.486, 634.269, 822.716, 699.137, 743.434, 837.617, 757.892, 716.748, 789.429, 849.069, 738.345, 771.971, 879.579, 807.555, 824.992, 785.186, 827.7, 1541.976, 923.95, 877.169, 812.808, 947.029, 825.751, 864.004, 966.962, 1005.892, 834.233, 1032.009, 835.646, 870.325]] 
[[516.123, 540.604, 541.773, 578.38, 563.841, 532.696, 555.976, 554.164, 587.463, 609.825, 573.343, 559.972, 634.34, 613.611, 524.822, 703.546, 655.95, 736.874, 561.816, 534.307, 603.615, 566.624, 597.066, 634.337, 592.591, 730.926, 765.113, 650.109, 592.16, 682.787, 852.729, 769.966, 754.392, 709.428, 646.061, 815.798, 769.502, 580.152, 660.009, 832.068, 688.074, 527.326, 662.244, 840.307, 699.029, 601.669, 789.079, 910.459, 850.388, 951.291, 707.312, 806.067, 988.269, 835.568, 1030.455, 712.646, 749.852, 687.658, 600.166, 635.47, 768.903, 837.634, 851.279, 792.021, 682.874, 872.947, 991.162, 918.523]] 
[[579.99, 615.69, 619.747, 679.045, 602.04, 656.099, 575.635, 653.135, 661.326, 664.645, 668.474, 733.482, 650.852, 710.786, 676.254, 702.594, 754.278, 589.783, 655.345, 786.689, 685.828, 699.509, 706.019, 713.859, 804.538, 743.838, 869.505, 775.324, 810.243, 728.807, 810.828, 878.933, 838.395, 878.19, 958.383, 908.931, 662.621, 713.748, 904.038, 741.261, 965.012, 774.893, 965.848, 914.886, 974.932, 793.742, 840.212, 636.209, 667.703, 882.565, 972.277, 693.197, 937.543, 929.216, 990.513, 701.704, 953.452, 739.817, 1038.029, 912.531, 955.064, 987.184, 1095.94, 740.685, 1149.702, 1190.615, 801.504, 928.412]] 
[[545.062, 497.925, 513.98, 521.485, 568.619, 615.721, 544.871, 674.951, 721.24, 518.882, 757.315, 493.475, 558.039, 822.575, 779.187, 672.496, 578.914, 500.125, 544.736, 828.275, 613.954, 587.204, 509.962, 650.75, 549.127, 524.152, 676.659, 551.098, 819.554, 627.46, 693.451, 567.69, 616.324, 677.941, 706.539, 710.023, 635.944, 736.491, 774.507, 780.716, 835.597, 894.268, 925.889, 700.237, 774.271, 943.453, 716.911, 799.69, 969.679, 848.502, 603.489, 880.017, 988.134, 639.507, 943.856, 893.464, 665.416, 717.637, 680.767, 723.603, 980.888, 972.245, 925.689, 733.169, 989.827, 737.955, 985.327, 756.593]] 
[[525.038, 575.687, 546.167, 488.43, 516.885, 647.128, 537.363, 554.896, 576.309, 654.663, 512.276, 607.495, 570.898, 673.336, 627.094, 535.027, 588.586, 568.357, 646.824, 692.497, 596.643, 603.312, 715.192, 631.471, 654.412, 686.595, 724.756, 765.117, 721.324, 583.919, 630.419, 746.807, 595.132, 743.372, 627.556, 786.569, 738.025, 655.698, 690.856, 727.03, 764.999, 804.307, 779.658, 556.737, 804.058, 697.313, 767.818, 834.528, 602.772, 550.209, 784.484, 850.201, 616.196, 917.246, 862.999, 750.701, 811.09, 935.201, 1008.724, 637.458, 757.975, 733.054, 678.257, 1051.949, 1095.717, 825.935, 1160.95, 1205.181, 1271.013]] 
[[482.295, 488.387, 515.03, 555.772, 484.989, 540.419, 485.298, 476.081, 504.214, 543.747, 553.142, 569.786, 569.823, 472.897, 574.152, 585.418, 631.886, 508.445, 546.409, 567.613, 585.274, 560.266, 641.204, 592.382, 596.39, 558.453, 750.769, 624.719, 650.301, 655.285, 681.569, 685.601, 604.079, 634.579, 592.268, 538.382, 624.915, 697.521, 1542.642, 749.978, 762.934, 782.454, 809.415, 594.428, 834.564, 767.25, 646.42, 861.557, 1450.896, 671.003, 708.509, 737.914, 763.523, 804.528, 735.015, 811.427, 756.813, 819.572, 899.795, 836.767, 939.257, 817.997, 555.186, 886.545, 957.112, 920.955, 864.837, 806.447, 546.491]] 
[[517.034, 560.895, 546.619, 629.701, 771.387, 666.869, 719.365, 540.113, 578.204, 515.444, 533.65, 571.848, 579.335, 539.524, 594.757, 567.332, 603.085, 779.598, 723.356, 863.558, 632.95, 796.15, 549.89, 978.041, 928.972, 875.817, 994.256, 557.166, 585.982, 634.673, 719.75, 598.898, 597.217, 509.024, 537.498, 620.927, 964.51, 725.01, 600.404, 997.172, 643.51, 733.839, 1005.733, 662.088, 600.731, 712.168, 676.866, 623.637, 1009.806, 706.684, 748.867, 690.022, 729.737, 786.177, 778.27, 726.457, 814.15, 667.519, 790.015, 829.355, 789.885, 740.652, 818.151, 822.429, 856.036, 831.578, 926.566, 879.621, 920.577]] 
[[534.695, 517.581, 565.904, 634.794, 543.211, 739.243, 662.692, 543.691, 734.323, 902.326, 765.635, 797.475, 837.391, 644.83, 520.369, 565.908, 652.225, 670.307, 707.696, 492.582, 863.952, 909.096, 942.012, 719.714, 503.566, 588.506, 589.773, 624.457, 947.266, 712.187, 637.75, 725.601, 729.553, 1009.543, 666.851, 733.247, 772.402, 770.61, 1011.783, 514.235, 1044.022, 816.741, 1066.658, 522.99, 1098.171, 543.923, 704.226, 547.315, 765.509, 578.954, 799.438, 638.395, 1025.764, 660.922, 682.072]] 
[[467.691, 466.203, 515.76, 462.801, 515.264, 464.947, 472.908, 520.032, 472.178, 528.801, 464.383, 458.297, 591.238, 488.436, 529.424, 547.672, 598.612, 634.703, 450.872, 456.098, 664.967, 728.693, 469.485, 446.877, 493.345, 1251.915, 717.804, 478.236, 569.197, 451.26, 498.859, 704.445, 485.881, 521.253, 715.077, 431.935, 557.023, 593.839, 737.253, 760.702, 809.064, 845.469, 458.862, 506.905, 580.397, 627.547, 521.104]] 
[[500.602, 504.592, 505.608, 549.053, 491.482, 532.591, 563.609, 587.8, 494.398, 536.047, 566.359, 595.957, 519.098, 474.933, 524.776, 482.093, 562.449, 548.707, 588.716, 570.29, 570.203, 609.148, 582.375, 650.999, 1436.121, 646.096, 468.154, 670.858, 721.286, 499.355, 640.595, 514.516, 660.027, 807.03, 491.054, 523.217, 505.395, 543.566, 531.042, 569.17, 720.311, 560.749, 692.118, 689.931, 677.378, 665.118, 635.86, 634.243, 642.811, 614.026, 600.758]] 
[[416.791, 464.607, 562.042, 738.328, 488.822, 584.726, 553.539, 514.775, 575.427, 507.87, 482.719, 469.709, 599.426, 540.086, 479.501, 657.936, 481.593, 556.011, 665.379, 477.36, 450.508, 600.176, 539.34, 463.166, 429.427, 2512.025, 461.706, 645.179, 586.771, 602.67, 453.455, 595.773, 415.329, 629.313, 1235.282, 430.496, 1910.8429999999998, 427.501, 492.498, 439.109, 684.855, 493.637, 446.79, 474.085, 523.7]] 
[[465.753, 476.943, 546.121, 472.49, 570.804, 526.714, 511.819, 563.127, 687.546, 712.384, 698.336, 721.761, 2581.063, 1560.767, 2435.7, 2626.235, 1529.35, 1530.844, 1548.1889999999999, 1536.31, 1539.606, 1516.362, 1545.1680000000001, 624.917, 747.645, 656.523, 3813.911, 632.083, 1909.9769999999999, 604.015, 590.88, 625.597, 628.876, 557.747, 564.161, 548.813, 2456.575, 2509.698, 2549.824, 2493.177, 2098.859, 703.024, 675.918, 699.782, 644.977, 631.58, 640.919, 672.417, 611.133, 648.332]] 
[[452.51, 410.33, 408.85, 403.95, 423.444, 427.813, 402.443, 451.067, 489.412, 407.363, 420.022, 459.278, 496.567, 401.464, 449.72, 448.58, 537.191, 468.857, 406.227, 456.948, 434.606, 492.789, 458.075, 457.84, 481.16, 477.392, 445.229, 467.646, 518.442, 470.634, 435.681, 475.325, 508.783, 402.272, 518.675, 426.251, 468.898, 438.64, 566.745, 435.478, 494.855, 450.236, 439.027, 422.628, 466.723, 470.699, 547.662, 591.139]] 
[[475.205, 404.295, 454.246, 457.764, 407.928, 393.033, 436.639, 492.144, 554.615, 501.429, 443.599, 418.691, 440.181, 418.885, 520.455, 415.768, 442.291, 513.538, 437.338, 493.826, 513.039, 441.003, 510.399, 537.855, 533.846, 576.425, 612.482, 461.811, 477.124, 501.935, 542.472, 583.479, 614.609, 560.124, 458.503, 579.195, 473.66, 406.988, 611.384, 427.813, 579.521, 452.818, 607.374, 560.467, 599.22, 429.146, 394.733]] 
[[420.36, 408.549, 449.859, 484.341, 492.212, 450.21, 433.908, 565.805, 514.633, 478.952, 640.848, 582.697, 403.524, 661.362, 458.173, 696.55, 495.299, 411.958, 537.411, 584.568, 669.512, 429.406, 623.761, 445.632, 477.028, 513.308, 435.342, 533.459, 453.129, 588.78, 526.175, 515.975, 461.254, 583.892, 522.027, 528.075, 597.754, 640.134, 525.167, 573.056, 604.542, 635.143, 669.469, 454.528, 618.17, 797.489, 709.679, 632.934, 813.44, 465.308]] 
[[448.479, 439.976, 477.669, 471.714, 548.566, 491.602, 459.99, 492.686, 450.117, 519.952, 476.275, 586.503, 491.465, 490.354, 496.784, 439.852, 558.467, 478.303, 584.034, 451.454, 491.782, 470.79, 511.759, 478.911, 520.347, 441.334, 496.004, 530.274, 540.724, 567.997, 531.527, 599.467, 602.246, 476.05, 537.626, 498.407, 456.852, 605.123, 615.093, 610.253, 652.172, 650.649, 689.34, 576.199, 439.425, 597.579, 682.582]] 
[[406.552, 417.771, 428.855, 459.417, 504.005, 403.22, 531.249, 476.149, 531.479, 391.182, 560.953, 461.05, 395.564, 579.749, 411.716, 462.21, 499.744, 430.695, 601.029, 452.705, 515.211, 448.249, 476.669, 531.998, 565.608, 625.713, 589.565, 478.844, 510.896, 435.935, 608.138, 641.957, 652.025, 559.581, 455.038, 576.125, 478.58, 651.44, 678.051, 425.425, 594.583, 452.406, 560.093, 673.765, 721.064, 693.978, 440.125, 713.44, 750.536, 449.1, 794.532]] 
[[415.107, 413.956, 449.464, 517.822, 422.784, 490.129, 479.622, 453.393, 464.218, 462.886, 528.924, 421.22, 480.008, 504.194, 398.973, 533.036, 400.673, 534.755, 415.127, 548.734, 493.834, 442.219, 646.529, 413.515, 456.777, 566.26, 664.366, 492.435, 517.662, 660.938, 557.533, 603.577, 739.03, 685.113, 434.576, 388.349, 598.439, 467.509, 721.746, 410.546, 487.678, 603.14, 503.583, 470.723, 698.254, 403.384, 513.76, 583.233]] 
[[435.598, 397.362, 495.244, 409.346, 392.872, 423.607, 413.773, 446.501, 438.978, 527.168, 429.693, 461.051, 416.936, 561.149, 479.491, 452.869, 463.839, 536.387, 457.731, 424.001, 564.637, 453.616, 486.045, 495.95, 460.373, 556.114, 501.697, 459.602, 510.453, 539.636, 497.91, 551.509, 440.47, 602.053, 561.232, 509.101, 556.435, 597.912, 419.362, 416.122, 460.994, 493.415, 559.999, 552.885, 614.361]] 
[[423.185, 426.268, 448.604, 499.943, 540.267, 489.117, 439.736, 474.154, 488.537, 462.795, 508.17, 487.373, 449.097, 475.639, 474.45, 494.143, 457.238, 605.118, 476.065, 506.338, 504.862, 528.28, 513.48, 594.019, 574.835, 436.907, 516.505, 426.333, 452.903, 601.611, 458.341, 488.479, 533.434, 517.658, 557.729, 588.857, 532.84, 424.706, 552.115, 578.342, 462.104, 413.997, 494.52, 461.085, 551.282, 487.878, 597.921]] 
[[419.119, 470.003, 408.013, 454.668, 486.554, 463.807, 508.398, 417.807, 386.204, 421.097, 458.491, 492.276, 452.263, 504.009, 486.638, 539.738, 666.084, 597.025, 682.407, 407.964, 473.571, 703.631, 719.945, 421.466, 538.673, 488.697, 560.939, 655.801, 400.928, 534.991, 395.991, 653.323, 472.816, 424.119, 396.059, 519.469, 530.391, 629.91, 650.571, 690.961, 713.596, 502.53, 516.812]] 
[[411.829, 456.938, 520.7, 550.146, 419.006, 420.503, 464.418, 451.423, 505.309, 538.497, 470.986, 411.014, 474.105, 534.422, 415.597, 508.434, 420.592, 457.17, 533.768, 505.953, 536.957, 458.918, 415.002, 440.672, 550.481, 470.873, 509.367, 514.293, 559.351, 578.502, 539.507, 490.002, 587.646, 431.907, 497.795, 587.408, 436.959, 485.577, 607.882, 506.251, 454.082, 614.92, 531.295, 629.007, 446.379, 521.279]] 
[[423.873, 451.126, 503.045, 463.174, 404.416, 463.409, 414.246, 486.801, 475.021, 522.813, 558.706, 590.897, 422.483, 467.124, 455.342, 530.797, 493.505, 650.097, 595.792, 565.069, 599.068, 664.088, 473.493, 718.989, 769.767, 594.81, 528.06, 475.57, 791.616, 397.582, 615.856, 525.262, 840.475, 794.672, 465.488, 406.956, 636.613, 684.247, 488.145, 513.85, 590.626, 510.885, 764.141, 669.715, 705.656, 679.477, 569.091, 617.33, 697.561, 756.104, 516.804, 715.194, 685.724, 769.483, 749.154]] 
[[440.643, 483.372, 528.394, 496.606, 450.909, 504.995, 523.345, 441.928, 529.032, 536.778, 544.175, 552.677, 549.898, 450.235, 489.148, 528.6, 670.297, 662.919, 526.42, 504.86, 641.655, 625.32, 656.172, 612.482, 676.622, 699.789, 618.32, 570.345, 564.306, 639.502, 708.327, 669.61, 535.801, 528.156, 672.555, 727.594, 806.888, 804.737, 714.984, 835.299, 441.616, 438.253, 476.201, 793.042, 853.95, 496.588, 521.084, 784.967, 843.592, 432.623, 543.556, 792.515, 816.141]] 
average response time [0]388.868
average response time [1]402.767
average response time [2]399.866
average response time [3]397.529
average response time [4]427.416
average response time [5]387.56
average response time [6]407.196
average response time [7]408.374
average response time [8]444.373
average response time [9]448.606
TOTAL AVERAGE RESPONSE TIME ====================: 411.25550000000004
NUMBER OF THREADS ==============================: 1
average response time [10]439.823
average response time [11]442.37800000000004
average response time [12]465.428
average response time [13]408.17449999999997
average response time [14]419.8945
average response time [15]2100.6385
average response time [16]1346.3105
average response time [17]420.8775
average response time [18]422.6905
average response time [19]425.1335
TOTAL AVERAGE RESPONSE TIME ====================: 689.1348499999998
NUMBER OF THREADS ==============================: 2
average response time [20]440.795
average response time [21]463.967
average response time [22]418.7823333333333
average response time [23]1
average response time [24]406.915
average response time [25]1
average response time [26]1
average response time [27]1
average response time [28]416.51300000000003
average response time [29]1
TOTAL AVERAGE RESPONSE TIME ====================: 215.19723333333332
NUMBER OF THREADS ==============================: 4
average response time [30]377.335
average response time [31]389.361
average response time [32]438.80150000000003
average response time [33]395.11
average response time [34]427.0156666666667
average response time [35]420.9943333333333
average response time [36]411.241
average response time [37]405.0685
average response time [38]480.5024
average response time [39]410.4285
TOTAL AVERAGE RESPONSE TIME ====================: 415.58579
NUMBER OF THREADS ==============================: 8
average response time [40]482.4888
average response time [41]448.9896
average response time [42]426.16975
average response time [43]460.50975
average response time [44]465.85883333333334
average response time [45]409.60799999999995
average response time [46]401.211
average response time [47]442.3588
average response time [48]498.09540000000004
average response time [49]439.9772
TOTAL AVERAGE RESPONSE TIME ====================: 447.52671333333336
NUMBER OF THREADS ==============================: 16
average response time [50]437.26733333333334
average response time [51]412.0666
average response time [52]624.0746
average response time [53]566.1885454545454
average response time [54]465.3451428571429
average response time [55]588.2055
average response time [56]659.5825384615384
average response time [57]470.23571428571427
average response time [58]439.2926
average response time [59]502.92125
TOTAL AVERAGE RESPONSE TIME ====================: 516.5179824392275
NUMBER OF THREADS ==============================: 32
average response time [60]559.5088571428571
average response time [61]485.33425
average response time [62]470.748
average response time [63]559.6534444444444
average response time [64]438.278
average response time [65]404.35
average response time [66]659.55695
average response time [67]417.975375
average response time [68]667.1092631578947
average response time [69]587.4812777777778
TOTAL AVERAGE RESPONSE TIME ====================: 524.9995417522974
NUMBER OF THREADS ==============================: 64
average response time [70]473.06446666666665
average response time [71]616.2095283018868
average response time [72]639.5370615384616
average response time [73]640.52
average response time [74]581.5675384615384
average response time [75]587.7466000000001
average response time [76]623.1438615384616
average response time [77]586.0178769230769
average response time [78]639.2376923076923
average response time [79]593.7382461538461
TOTAL AVERAGE RESPONSE TIME ====================: 598.0782871891631
NUMBER OF THREADS ==============================: 65
average response time [80]602.0332272727272
average response time [81]622.1713181818182
average response time [82]618.083
average response time [83]644.0005909090909
average response time [84]656.6333787878788
average response time [85]621.2710151515151
average response time [86]594.5458636363636
average response time [87]621.4136212121213
average response time [88]568.6286666666666
average response time [89]667.2821515151516
TOTAL AVERAGE RESPONSE TIME ====================: 621.6062833333333
NUMBER OF THREADS ==============================: 66
average response time [90]616.1235820895522
average response time [91]621.1524029850747
average response time [92]625.8004179104478
average response time [93]644.5275970149254
average response time [94]635.1041641791045
average response time [95]614.8561194029851
average response time [96]656.4622388059702
average response time [97]592.2662537313433
average response time [98]576.9965970149253
average response time [99]642.5292089552239
TOTAL AVERAGE RESPONSE TIME ====================: 622.5818582089553
NUMBER OF THREADS ==============================: 67
average response time [100]688.4863088235294
average response time [101]702.4381470588236
average response time [102]713.0076617647059
average response time [103]714.4384264705882
average response time [104]973.8490588235294
average response time [105]819.3311911764706
average response time [106]744.6304705882353
average response time [107]698.1401617647059
average response time [108]797.0893235294118
average response time [109]713.1396911764706
TOTAL AVERAGE RESPONSE TIME ====================: 756.4550441176472
NUMBER OF THREADS ==============================: 68
average response time [110]715.7375507246377
average response time [111]689.4491449275362
average response time [112]714.8856086956522
average response time [113]718.1833090909091
average response time [114]568.8024255319149
average response time [115]597.5033333333333
average response time [116]616.8951333333333
average response time [117]1148.8950399999999
average response time [118]460.1159583333333
average response time [119]492.96372340425535
TOTAL AVERAGE RESPONSE TIME ====================: 672.3431227374906
NUMBER OF THREADS ==============================: 69
average response time [120]544.29574
average response time [121]526.0585957446808
average response time [122]532.4306666666666
average response time [123]511.6611041666667
average response time [124]487.23286666666667
average response time [125]499.516170212766
average response time [126]519.0175581395349
average response time [127]497.24178260869564
average response time [128]580.3506909090909
average response time [129]602.9777924528302
TOTAL AVERAGE RESPONSE TIME ====================: 530.0782967567599
NUMBER OF THREADS ==============================: 70
NUMBER OF THREADS: [1, 2, 4, 8, 16, 32, 64, 65, 66, 67, 68, 69, 70]
WORKLOAD: HFU_LV;  
TOTAL EXECUTION TIME (Concurrent Parallel Requests): 146603.786
NUMBER OF REPLICAS USED: 6

