[[432.681, 343.314, 344.305, 344.971, 357.043, 336.91, 340.71, 341.089, 342.54, 357.329, 342.877, 352.977, 359.203, 355.217, 332.622, 341.625, 351.449, 384.785, 374.895, 374.469, 368.594, 400.351, 351.112, 351.585, 355.339, 351.488, 365.904, 360.66, 348.023, 347.706, 356.738, 349.296, 338.706, 341.24, 339.175, 352.286, 393.719, 349.343, 363.011, 367.18, 364.247, 393.378, 379.792, 380.902, 362.803, 343.166, 372.369, 366.868, 365.153, 351.732, 359.128, 350.82, 349.526, 345.011, 354.227, 363.89, 344.483, 370.155, 367.668, 379.437, 355.817, 343.755, 333.948, 353.638, 354.214, 380.173, 370.476, 378.378, 353.435, 381.616, 364.466, 354.254, 463.092, 389.307, 355.967, 403.352, 395.606, 417.447, 406.281, 359.742, 365.968, 349.342, 362.168, 391.175, 367.963, 345.15, 416.658, 394.231, 361.949, 371.06, 392.39, 390.883, 353.084, 385.332, 361.871, 382.608, 363.822, 352.669, 335.543, 358.41, 359.453, 358.155, 349.382, 374.735, 350.798, 393.689, 365.528, 349.209, 346.219, 346.594, 362.599, 355.622, 352.453, 395.247, 377.383, 363.481, 353.293, 349.732, 338.255, 394.212, 371.019, 433.777, 381.385, 386.615, 364.897, 371.071, 398.982, 384.159, 363.69, 345.245, 362.048, 342.56, 356.216, 368.539, 381.203, 355.663, 355.263, 341.747, 370.006, 325.528, 348.081, 358.219, 342.304, 343.876, 341.546, 376.378, 341.791, 364.224, 345.592, 351.482]] 
AVERAGE RESPONSE TIME: 363.69071333333335
NUMBER OF THREADS: [150]
WORKLOAD: LV_HF; PAL CONFIG: cache; NUMBER OF REPLICAS: 1 
TOTAL EXECUTION TIME (Concurrent Parallel Requests): 2256.719


[[471.577, 408.494, 458.751, 393.403, 369.794, 445.643, 527.54, 405.223, 449.31, 371.831, 383.433, 370.689, 389.398, 357.779, 352.353, 350.424, 365.423, 353.694, 343.47, 361.956, 356.956, 363.12, 367.009, 357.295, 386.723, 351.417, 360.037, 355.951, 358.565, 390.451, 365.814, 372.496, 356.925, 380.733, 385.848, 376.028, 372.888, 391.825, 373.363, 398.481, 389.248, 366.916, 408.454, 453.586, 377.902, 407.513, 392.801, 342.877, 364.827, 407.159, 395.241, 335.597, 398.385, 390.982, 358.062, 358.905, 347.002, 347.565, 341.012, 339.98, 360.716, 343.28, 376.02, 369.413, 389.281, 350.827, 343.326, 345.377, 354.847, 346.437, 339.86, 370.304, 350.902, 336.996, 357.92, 349.015, 382.338, 357.879, 356.486, 342.801, 347.104, 375.458, 363.624, 358.449, 348.902, 370.162, 342.275, 372.613, 350.181, 390.704, 360.196, 348.518, 371.173, 366.033, 364.491, 348.585, 356.546, 388.876, 364.625, 347.777, 345.124, 341.969, 350.551, 354.637, 342.795, 365.713, 341.897, 359.835, 389.605, 381.019, 394.971, 438.492, 476.853, 406.743, 385.586, 389.919, 399.241, 359.965, 406.568, 411.418, 389.823, 375.906, 398.564, 398.912, 384.565, 361.356, 366.134, 350.97, 397.706, 382.458, 365.756, 366.765, 379.567, 368.539, 399.345, 380.535, 377.321, 358.029, 379.796, 437.164, 375.135, 359.836, 373.682, 387.92, 349.523, 360.027, 414.295, 411.717, 338.228, 360.244]] 
AVERAGE RESPONSE TIME: 374.86106666666666
NUMBER OF THREADS: [150]
WORKLOAD: LV_HF; PAL CONFIG: cache; NUMBER OF REPLICAS: 1 
TOTAL EXECUTION TIME (Concurrent Parallel Requests): 2329.756


[[362.65, 342.045, 339.258, 360.845, 330.081, 349.159, 344.046, 347.339, 381.992, 376.241, 372.203, 365.437, 360.829, 354.583, 347.529, 340.538, 385.632, 400.29, 377.223, 393.66, 356.93, 394.967, 360.353, 379.828, 368.189, 360.205, 366.704, 374.805, 371.871, 373.333, 383.708, 389.281, 392.337, 360.941, 358.47, 358.049, 368.84, 350.856, 346.528, 384.558, 368.331, 364.219, 350.295, 370.243, 415.98, 357.911, 355.305, 384.081, 352.547, 383.761, 359.455, 366.483, 339.155, 366.215, 374.38, 355.163, 366.287, 347.393, 391.629, 370.774, 352.458, 357.312, 353.931, 369.849, 399.998, 350.017, 394.569, 340.404, 342.736, 389.602, 350.246, 393.317, 389.389, 376.162, 349.353, 365.079, 368.022, 355.953, 350.208, 387.979, 343.677, 334.983, 343.337, 353.983, 382.823, 384.223, 358.831, 366.02, 416.647, 399.247, 372.675, 363.466, 351.673, 359.223, 353.866, 356.246, 457.434, 361.981, 402.092, 359.294, 407.567, 381.343, 364.101, 354.617, 356.402, 344.209, 385.156, 367.726, 356.457, 419.305, 407.92, 392.594, 378.077, 360.557, 356.905, 368.618, 360.653, 379.471, 357.003, 352.848, 353.81, 355.914, 344.273, 356.239, 358.402, 347.851, 396.182, 354.156, 437.891, 369.229, 344.477, 379.309, 358.16, 358.768, 382.781, 387.069, 362.356, 341.705, 379.557, 399.028, 360.627, 377.962, 382.011, 352.748, 354.853, 349.768, 357.731, 360.141, 354.425, 361.297]] 
AVERAGE RESPONSE TIME: 367.73662666666667
NUMBER OF THREADS: [150]
WORKLOAD: LV_HF; PAL CONFIG: cache; NUMBER OF REPLICAS: 1 
TOTAL EXECUTION TIME (Concurrent Parallel Requests): 2392.688


[[412.01, 361.729, 413.014, 379.178, 402.793, 363.23, 361.233, 375.505, 348.594, 364.047, 362.504, 360.216, 365.135, 359.344, 367.361, 353.09, 360.023, 351.665, 353.491, 371.215, 384.472, 362.489, 370.098, 405.252, 400.979, 381.278, 391.436, 387.95, 361.259, 359.287, 363.121, 355.417, 398.357, 357.297, 377.255, 376.113, 348.84, 465.824, 414.27, 375.718, 375.096, 399.862, 449.442, 397.35, 382.74, 377.734, 394.276, 376.629, 377.717, 387.799, 379.814, 374.261, 350.749, 366.948, 347.222, 375.169, 361.932, 366.292, 363.041, 349.102, 363.58, 331.366, 395.012, 395.019, 380.21, 368.437, 368.405, 392.285, 387.432, 376.772, 363.577, 342.81, 388.545, 361.186, 358.926, 410.041, 390.378, 391.012, 349.038, 345.879, 355.271, 366.919, 357.126, 355.043, 357.325, 379.202, 348.104, 401.926, 373.979, 358.33, 386.72, 348.75, 342.037, 350.543, 358.894, 355.559, 346.285, 332.625, 432.874, 378.909, 363.153, 368.507, 397.097, 346.829, 348.72, 357.725, 355.329, 358.589, 385.16, 361.35, 378.591, 372.567, 421.22, 395.394, 363.609, 405.961, 346.402, 349.209, 412.304, 360.951, 400.431, 440.685, 389.895, 373.154, 374.517, 394.003, 359.135, 354.772, 374.526, 384.787, 353.75, 364.065, 452.595, 347.674, 380.632, 371.24, 377.132, 380.136, 375.354, 362.609, 354.868, 353.047, 403.588, 344.906, 349.364, 347.039, 334.283, 367.307, 349.041, 366.431]] 
AVERAGE RESPONSE TIME: 373.0081866666667
NUMBER OF THREADS: [150]
WORKLOAD: LV_HF; PAL CONFIG: cache; NUMBER OF REPLICAS: 1 
TOTAL EXECUTION TIME (Concurrent Parallel Requests): 2549.866


[[419.625, 420.8, 398.651, 393.54, 379.612, 379.441, 378.046, 354.833, 366.248, 361.491, 358.225, 367.539, 359.048, 380.023, 360.104, 356.741, 360.718, 370.841, 377.933, 382.462, 377.716, 372.65, 366.037, 360.205, 354.316, 365.922, 345.53, 350.034, 351.012, 349.479, 348.277, 361.971, 366.473, 386.704, 368.2, 348.43, 342.599, 379.849, 335.728, 353.987, 349.275, 392.959, 376.561, 358.726, 395.48, 371.623, 345.869, 349.994, 373.421, 373.711, 350.188, 375.147, 364.815, 369.251, 397.392, 348.374, 353.711, 369.772, 363.732, 350.249, 353.061, 346.674, 356.601, 357.779, 338.965, 335.18, 348.761, 391.57, 354.05, 362.003, 382.712, 378.717, 344.674, 365.869, 348.435, 367.828, 380.08, 375.295, 425.805, 425.1, 363.746, 357.618, 412.006, 401.946, 391.772, 360.53, 376.772, 347.285, 401.032, 368.286, 385.72, 353.25, 424.914, 378.274, 374.061, 368.161, 359.229, 364.132, 342.984, 417.899, 369.343, 356.158, 372.487, 377.827, 379.125, 362.767, 353.151, 343.112, 337.406, 351.978, 361.473, 385.425, 377.242, 366.004, 387.258, 353.401, 385.96, 409.09, 400.303, 374.499, 340.72, 354.495, 377.532, 430.6, 354.945, 389.736, 364.625, 371.465, 366.567, 373.991, 366.455, 355.254, 367.087, 345.477, 391.253, 356.076, 375.976, 355.502, 387.93, 340.627, 339.418, 343.067, 384.259, 343.437, 373.955, 374.153, 339.973, 381.797, 352.91, 356.621]] 
AVERAGE RESPONSE TIME: 368.59985333333333
NUMBER OF THREADS: [150]
WORKLOAD: LV_HF; PAL CONFIG: cache; NUMBER OF REPLICAS: 1 
TOTAL EXECUTION TIME (Concurrent Parallel Requests): 2442.2110000000002


[[424.244, 392.497, 407.235, 370.123, 360.302, 366.989, 356.638, 344.092, 356.772, 350.802, 353.57, 350.916, 360.843, 352.517, 356.627, 361.852, 350.779, 355.889, 347.86, 368.471, 352.366, 344.219, 365.932, 358.287, 347.402, 381.93, 375.88, 370.033, 426.667, 412.867, 399.779, 394.784, 401.695, 386.894, 374.499, 387.609, 399.051, 356.603, 371.231, 354.722, 414.511, 380.537, 342.472, 333.485, 395.053, 377.218, 363.491, 352.003, 344.515, 357.516, 356.502, 344.86, 345.872, 342.038, 338.552, 341.589, 334.852, 344.604, 374.591, 351.443, 348.652, 347.729, 392.602, 378.145, 485.047, 361.291, 360.45, 383.551, 394.71, 355.941, 393.488, 337.146, 419.678, 410.746, 370.326, 392.885, 406.071, 391.748, 360.5, 366.598, 377.302, 370.016, 350.113, 377.568, 364.351, 356.95, 393.495, 346.651, 338.518, 377.76, 417.051, 347.641, 378.793, 370.581, 352.374, 363.721, 362.419, 392.952, 404.339, 376.563, 366.946, 347.328, 358.093, 385.367, 348.932, 371.096, 356.099, 431.686, 414.559, 447.989, 389.642, 421.134, 370.719, 379.752, 401.856, 388.821, 367.016, 369.823, 373.207, 374.421, 361.275, 383.954, 401.959, 371.186, 368.324, 349.465, 344.043, 350.13, 370.098, 353.871, 344.678, 377.722, 362.815, 389.802, 384.354, 348.48, 341.319, 367.85, 349.526, 347.62, 350.822, 387.69, 376.106, 374.933, 352.904, 341.122, 336.123, 366.29, 343.974, 345.809]] 
AVERAGE RESPONSE TIME: 370.48242666666664
NUMBER OF THREADS: [150]
WORKLOAD: LV_HF; PAL CONFIG: cache; NUMBER OF REPLICAS: 1 
TOTAL EXECUTION TIME (Concurrent Parallel Requests): 2358.945


