[[485.757]] 
[[346.856]] 
[[356.561]] 
[[344.428]] 
[[343.715]] 
[[340.042]] 
[[353.044]] 
[[343.734]] 
[[346.039]] 
[[346.471]] 
[[363.854, 369.417]] 
[[356.447, 343.87]] 
[[362.667, 342.439]] 
[[356.001, 341.993]] 
[[362.593, 353.422]] 
[[354.871, 352.331]] 
[[364.857, 349.348]] 
[[354.881, 339.487]] 
[[356.627, 342.845]] 
[[342.317, 338.949]] 
[[365.543, 351.916, 339.556, 349.369]] 
[[350.532, 352.894, 349.084, 346.339]] 
[[349.545, 353.563, 355.394, 357.244]] 
[[358.832, 362.03, 358.916, 342.0]] 
[[341.935, 350.096, 355.836, 343.145]] 
[[343.599, 348.059, 341.029, 344.699]] 
[[399.571, 379.177, 384.938, 354.39]] 
[[363.13, 364.511, 352.515, 352.934]] 
[[388.636, 384.609, 386.442, 390.693]] 
[[341.921, 351.319, 352.14, 352.424]] 
[[343.534, 355.637, 343.598, 356.992, 343.913, 362.447, 348.269, 352.014]] 
[[342.781, 343.163, 343.232, 352.73, 360.418, 356.315, 339.213, 347.537]] 
[[351.513, 356.749, 376.879, 360.312, 345.531, 359.78, 378.431, 381.156]] 
[[342.647, 346.311, 348.123, 344.157, 364.52, 342.222, 342.982, 339.194]] 
[[472.62, 431.158, 459.238, 450.949, 429.138, 407.349, 420.326, 377.351]] 
[[629.796, 1732.409, 617.594, 606.285, 607.454, 601.688, 591.707, 586.054]] 
[[1375.005, 1879.134, 1868.325, 1450.2939999999999, 1448.184, 1440.3319999999999, 1431.879, 400.162]] 
[[351.299, 360.43, 346.308, 351.524, 347.464, 353.919, 363.108, 342.862]] 
[[356.572, 360.041, 360.956, 343.421, 350.691, 357.534, 355.117, 352.842]] 
[[350.935, 362.826, 351.147, 351.423, 361.526, 360.714, 355.125, 354.987]] 
[[369.366, 350.59, 358.324, 341.688, 356.88, 355.377, 366.017, 425.749, 352.287, 382.152, 368.921, 349.543, 346.005, 358.958, 355.913, 358.478]] 
[[345.165, 355.535, 357.768, 357.967, 382.431, 365.449, 353.274, 362.909, 365.404, 351.741, 360.867, 388.43, 366.767, 371.375, 359.895, 364.228]] 
[[361.432, 359.085, 361.065, 366.888, 357.971, 358.878, 373.064, 367.161, 348.64, 364.235, 359.873, 369.339, 370.762, 349.782, 367.186, 358.736]] 
[[350.819, 352.455, 349.503, 353.584, 349.633, 356.388, 352.113, 365.448, 341.623, 368.499, 355.345, 348.16, 381.705, 371.116, 370.984, 353.594]] 
[[340.897, 378.651, 381.298, 374.85, 372.423, 356.614, 376.487, 373.889, 377.868, 375.305, 356.858, 350.891, 380.757, 373.049, 350.155, 358.239]] 
[[385.25, 384.038, 419.384, 368.278, 366.504, 370.168, 370.112, 896.589, 919.768, 891.618, 888.8, 913.156, 876.538, 868.063, 871.566, 866.092]] 
[[355.359, 360.211, 347.348, 373.06, 342.686, 344.211, 360.126, 366.594, 364.34, 2424.4049999999997, 358.304, 369.621, 367.151, 348.5, 358.645, 360.099]] 
[[347.667, 362.35, 362.185, 350.288, 366.543, 357.383, 343.092, 353.855, 363.973, 347.302, 368.739, 354.43, 347.462, 359.022, 348.522, 342.124]] 
[[386.968, 386.72, 382.536, 371.674, 363.081, 364.854, 357.574, 356.702, 377.909, 379.919, 375.081, 417.139, 413.36, 404.06, 399.658, 389.539]] 
[[366.915, 368.951, 374.19, 378.13, 386.694, 383.22, 388.067, 407.129, 394.914, 425.652, 451.069, 387.677, 392.895, 410.28, 418.979, 401.228]] 
[[352.133, 367.664, 361.236, 356.32, 360.905, 358.284, 356.792, 362.651, 352.585, 352.128, 353.518, 355.044, 388.074, 356.494, 361.528, 374.772, 353.358, 364.555, 361.718, 365.635, 351.905, 372.108, 360.724, 367.721, 364.958, 367.856, 360.57, 371.327, 375.285, 374.582, 347.258, 350.97]] 
[[349.454, 345.948, 372.738, 354.317, 366.471, 359.847, 362.291, 350.02, 360.814, 346.203, 356.389, 357.526, 371.637, 350.608, 374.182, 355.513, 367.163, 361.124, 374.163, 353.413, 368.603, 366.158, 350.255, 356.257, 352.353, 353.528, 353.674, 369.818, 352.093, 365.299, 360.828, 343.013]] 
[[347.927, 348.718, 354.735, 357.51, 356.72, 359.271, 367.319, 362.734, 341.391, 349.628, 374.62, 358.996, 364.67, 355.457, 395.405, 356.013, 377.785, 386.946, 361.518, 376.403, 358.919, 370.248, 368.516, 353.343, 360.705, 360.917, 359.057, 361.276, 348.906, 356.09, 354.112, 354.914]] 
[[349.262, 357.411, 354.592, 349.109, 345.412, 347.733, 352.086, 352.866, 350.063, 349.649, 347.586, 359.642, 361.869, 350.119, 356.973, 353.943, 350.226, 347.562, 352.454, 338.968, 348.066, 351.619, 359.794, 365.685, 350.961, 358.814, 352.208, 354.262, 369.415, 356.387, 368.927, 359.599]] 
[[366.905, 355.45, 358.203, 355.969, 352.869, 383.817, 370.735, 376.046, 373.569, 371.971, 372.753, 394.676, 386.367, 358.912, 363.106, 355.408, 361.273, 354.062, 374.727, 357.258, 342.699, 368.933, 357.227, 350.429, 364.808, 354.023, 414.839, 349.718, 375.166, 376.601, 399.098, 352.277]] 
[[384.133, 362.003, 354.295, 373.244, 377.433, 370.445, 368.91, 371.565, 368.723, 351.228, 349.364, 351.435, 350.327, 350.855, 358.643, 341.161, 343.894, 369.312, 360.219, 365.794, 353.333, 354.062, 351.635, 354.403, 351.625, 355.386, 346.334, 347.316, 353.484, 371.53, 361.687, 347.906]] 
[[344.791, 348.807, 354.573, 347.274, 349.72, 347.473, 347.527, 351.654, 363.964, 354.408, 356.927, 350.515, 349.407, 349.985, 352.691, 359.362, 406.783, 388.649, 355.696, 369.183, 384.354, 343.12, 381.382, 373.43, 366.031, 375.924, 352.976, 359.688, 361.465, 347.945, 355.062, 348.887]] 
[[354.051, 370.183, 353.135, 355.423, 363.033, 352.488, 352.047, 348.461, 363.42, 380.554, 363.242, 347.751, 360.539, 342.551, 353.184, 357.284, 343.344, 358.443, 349.504, 339.055, 347.952, 359.845, 363.821, 369.639, 369.643, 376.395, 360.495, 347.05, 373.016, 359.134, 350.269, 352.574]] 
[[354.214, 341.813, 351.881, 349.371, 366.981, 351.524, 351.456, 357.498, 348.621, 358.507, 346.755, 360.982, 358.444, 355.57, 351.715, 351.17, 355.066, 348.456, 367.347, 348.648, 355.094, 361.289, 356.841, 347.747, 355.572, 343.008, 359.711, 359.642, 339.84, 366.142, 362.687, 350.83]] 
[[351.879, 357.752, 367.606, 365.787, 356.318, 377.083, 387.228, 352.964, 377.944, 368.335, 371.829, 371.415, 373.96, 374.616, 370.116, 362.817, 362.147, 357.381, 420.245, 341.159, 407.348, 399.706, 415.229, 404.038, 392.176, 407.655, 394.679, 373.752, 380.347, 380.952, 377.215, 373.973]] 
[[366.798, 359.466, 369.575, 404.64, 367.1, 370.849, 372.919, 356.434, 394.602, 381.463, 365.426, 373.015, 356.358, 389.857, 386.35, 371.546, 367.761, 365.207, 387.443, 379.617, 362.54, 377.59, 371.219, 362.713, 366.36, 355.254, 362.671, 358.666, 355.863, 359.241, 362.518, 357.927, 345.121, 349.724, 367.324, 345.88, 357.345, 374.106, 348.438, 353.382, 369.816, 361.085, 362.116, 375.897, 374.259, 376.164, 369.931, 369.713, 381.405, 372.054, 347.241, 362.086, 361.306, 359.611, 373.553, 382.786, 361.595, 357.239, 351.035, 357.603, 370.387, 379.84, 360.79, 360.469]] 
[[341.747, 379.182, 372.812, 404.697, 368.115, 396.125, 381.296, 378.407, 375.79, 412.82, 377.816, 385.029, 382.926, 377.683, 403.083, 384.652, 391.84, 390.34, 379.06, 389.523, 364.751, 368.198, 363.228, 357.199, 364.297, 366.166, 363.056, 359.34, 373.667, 353.591, 407.415, 358.018, 355.882, 355.107, 368.27, 364.598, 359.578, 386.568, 386.042, 357.864, 375.645, 391.346, 373.843, 363.021, 375.151, 362.957, 368.625, 358.508, 359.039, 353.185, 352.363, 371.163, 354.815, 342.91, 371.706, 370.255, 351.323, 386.699, 414.327, 342.363, 359.672, 347.872, 363.199, 368.275]] 
[[352.024, 361.115, 357.567, 362.328, 363.513, 391.34, 380.196, 376.891, 381.623, 368.314, 395.219, 384.487, 367.277, 403.781, 369.11, 371.053, 374.009, 363.809, 372.276, 372.422, 372.642, 371.544, 356.882, 367.643, 356.742, 357.349, 363.892, 359.449, 358.47, 356.843, 361.283, 376.978, 349.411, 362.696, 361.617, 364.411, 388.119, 367.008, 365.801, 377.802, 388.53, 389.562, 388.367, 393.858, 399.354, 394.423, 396.512, 397.737, 392.383, 386.6, 392.566, 376.423, 377.219, 369.976, 378.359, 358.741, 353.605, 365.373, 357.301, 349.862, 343.562, 354.714, 350.702, 355.094]] 
[[385.243, 387.272, 359.515, 378.403, 365.45, 373.945, 393.428, 370.738, 369.694, 373.614, 385.578, 375.573, 368.36, 418.103, 386.082, 376.303, 362.535, 393.075, 403.736, 396.204, 388.829, 389.758, 373.914, 389.309, 367.979, 370.174, 375.677, 383.053, 365.982, 373.787, 377.562, 368.313, 370.018, 382.461, 366.177, 378.535, 391.192, 379.454, 407.495, 375.818, 391.37, 366.632, 359.063, 374.149, 370.924, 365.037, 364.81, 363.568, 367.488, 362.511, 365.351, 378.571, 373.535, 374.603, 370.395, 358.626, 360.482, 377.821, 365.487, 359.03, 882.035, 862.271, 856.482, 846.121]] 
[[367.435, 379.506, 399.306, 391.931, 381.922, 385.168, 397.793, 388.197, 428.938, 397.634, 403.29, 405.653, 389.87, 392.468, 369.259, 378.996, 371.886, 383.086, 385.084, 381.115, 371.793, 366.68, 371.446, 367.087, 368.584, 393.063, 363.63, 358.85, 365.675, 380.391, 417.472, 369.84, 371.246, 366.895, 379.905, 416.018, 348.682, 362.839, 363.919, 389.143, 381.448, 369.256, 411.177, 357.807, 381.222, 371.048, 373.472, 379.618, 363.334, 362.355, 394.882, 387.678, 382.717, 345.815, 345.024, 396.322, 342.076, 375.762, 398.235, 376.257, 374.722, 380.923, 365.077, 380.446]] 
[[370.731, 379.964, 359.819, 365.515, 356.929, 375.104, 362.913, 363.219, 376.203, 374.86, 375.021, 376.726, 369.292, 376.216, 354.904, 418.881, 368.773, 388.349, 392.929, 391.94, 380.207, 369.088, 393.526, 363.284, 385.855, 371.43, 374.96, 376.21, 385.49, 393.42, 359.599, 357.925, 370.26, 374.532, 371.715, 363.313, 365.616, 353.412, 390.98, 383.617, 380.306, 395.979, 346.338, 399.528, 376.197, 373.016, 383.61, 371.148, 362.453, 360.956, 361.117, 355.784, 360.594, 374.471, 351.587, 359.782, 360.607, 352.897, 349.743, 354.685, 347.024, 386.485, 373.442, 360.433]] 
[[364.826, 391.188, 384.595, 375.646, 385.632, 378.918, 355.936, 364.765, 363.765, 355.309, 364.771, 367.046, 369.289, 347.302, 360.434, 363.095, 376.932, 392.569, 363.885, 359.75, 381.35, 371.696, 365.781, 361.512, 362.199, 365.213, 398.72, 365.042, 369.884, 355.984, 360.383, 361.798, 358.844, 356.102, 355.019, 352.867, 351.897, 353.556, 361.698, 341.934, 344.532, 385.865, 347.422, 361.42, 367.47, 365.847, 361.092, 347.545, 355.53, 353.363, 350.062, 352.735, 347.581, 348.645, 363.998, 342.835, 383.377, 360.494, 371.378, 384.772, 364.266, 361.175, 359.577, 360.246]] 
[[355.562, 347.805, 372.627, 363.583, 346.331, 367.488, 387.216, 352.722, 354.517, 389.928, 392.362, 394.349, 383.865, 376.453, 363.869, 366.859, 395.117, 385.055, 398.394, 391.349, 370.066, 376.084, 379.521, 368.625, 378.563, 362.533, 356.454, 380.432, 356.361, 369.822, 366.391, 361.431, 364.081, 356.536, 360.362, 383.529, 380.352, 364.893, 376.168, 396.439, 350.715, 365.898, 383.218, 373.811, 362.6, 374.057, 370.692, 361.176, 358.184, 378.204, 373.146, 349.923, 356.113, 350.025, 345.349, 376.751, 354.406, 341.989, 359.522, 356.204, 364.402, 380.878, 379.164, 358.708]] 
[[375.154, 371.308, 376.912, 380.142, 373.06, 366.402, 393.203, 372.056, 392.812, 360.037, 359.034, 383.626, 356.224, 401.777, 366.984, 370.181, 350.412, 370.256, 359.653, 368.625, 356.158, 377.34, 376.489, 364.014, 363.804, 364.771, 369.534, 359.317, 369.37, 375.006, 374.306, 370.189, 370.613, 384.564, 365.559, 363.508, 365.964, 366.03, 371.149, 354.083, 354.843, 356.636, 359.223, 383.908, 348.705, 380.765, 366.608, 377.181, 352.251, 361.763, 360.603, 376.242, 372.899, 349.952, 358.174, 357.761, 357.723, 355.301, 344.03, 373.083, 355.808, 357.61, 358.786, 362.678]] 
[[377.568, 387.448, 390.258, 401.994, 372.457, 376.684, 378.076, 386.255, 380.871, 370.16, 379.208, 361.357, 420.944, 405.429, 384.44, 377.416, 391.662, 389.253, 381.118, 369.575, 370.024, 371.276, 372.37, 366.746, 368.838, 365.62, 378.498, 379.543, 412.716, 384.534, 389.457, 377.001, 399.16, 388.802, 388.344, 377.428, 392.465, 368.601, 368.418, 376.869, 370.438, 378.488, 374.149, 364.086, 369.583, 367.092, 364.724, 383.484, 352.699, 348.608, 359.961, 355.314, 353.508, 376.65, 375.807, 387.212, 382.468, 364.565, 360.357, 396.645, 349.353, 341.44, 357.088, 339.001]] 
[[357.275, 371.563, 354.483, 371.755, 355.215, 356.682, 371.908, 377.735, 403.882, 435.134, 378.415, 405.977, 362.462, 364.839, 382.371, 352.639, 385.161, 394.176, 387.611, 382.769, 381.89, 358.799, 374.426, 366.757, 367.294, 377.364, 352.087, 355.937, 420.198, 420.59, 386.689, 403.895, 392.261, 382.196, 416.296, 377.937, 380.615, 393.974, 389.229, 380.21, 369.385, 371.896, 368.275, 397.699, 367.347, 355.415, 387.951, 365.985, 349.22, 367.771, 369.381, 376.406, 397.519, 382.294, 357.438, 380.871, 350.026, 357.34, 351.384, 393.017, 382.034, 366.763, 377.576, 352.391, 362.816]] 
[[401.512, 410.835, 411.493, 391.758, 376.6, 383.968, 383.053, 379.123, 393.768, 394.033, 384.064, 378.168, 384.772, 363.342, 362.552, 370.127, 363.261, 416.352, 376.658, 366.353, 398.106, 360.786, 383.721, 380.051, 371.037, 376.724, 366.031, 373.103, 358.488, 370.379, 355.274, 353.759, 364.347, 363.044, 373.253, 383.324, 353.142, 377.11, 357.336, 360.021, 366.538, 388.884, 347.489, 355.508, 380.061, 368.478, 369.19, 365.438, 380.248, 366.114, 367.667, 369.396, 352.25, 357.191, 344.737, 358.315, 351.764, 349.672, 366.739, 353.045, 360.77, 382.414, 360.014, 349.722, 344.601]] 
[[370.421, 373.825, 369.098, 366.241, 377.219, 367.564, 353.179, 351.356, 354.293, 383.687, 388.026, 365.354, 344.236, 390.483, 385.749, 383.9, 414.389, 370.887, 378.458, 360.104, 384.795, 373.197, 370.591, 369.969, 384.981, 378.514, 365.098, 374.534, 375.813, 358.263, 364.233, 353.313, 365.768, 367.971, 382.642, 352.361, 372.67, 351.201, 361.635, 374.488, 375.582, 373.965, 370.875, 369.356, 394.761, 386.72, 377.991, 369.159, 369.955, 384.551, 351.273, 365.835, 344.952, 355.317, 352.716, 370.359, 368.075, 364.438, 356.074, 359.363, 357.037, 353.532, 402.291, 353.364, 390.529]] 
[[353.899, 349.92, 366.134, 384.577, 359.502, 375.291, 355.791, 379.944, 375.745, 368.06, 371.066, 373.561, 362.996, 380.322, 385.925, 410.686, 405.223, 398.901, 400.826, 390.41, 431.823, 400.041, 403.51, 401.087, 417.015, 419.959, 418.39, 424.709, 416.147, 419.433, 414.115, 417.18, 408.971, 419.968, 408.212, 410.178, 399.217, 396.969, 393.318, 394.916, 393.159, 386.661, 393.253, 384.992, 386.21, 379.732, 379.081, 369.698, 367.403, 374.076, 371.639, 382.886, 355.47, 357.173, 347.936, 353.205, 369.535, 358.031, 343.196, 364.805, 345.004, 349.17, 370.883, 354.776, 355.021]] 
[[340.983, 349.804, 357.653, 415.229, 384.891, 409.202, 458.154, 379.25, 369.582, 424.967, 390.906, 374.14, 415.859, 411.313, 403.181, 397.635, 411.928, 402.066, 364.733, 373.335, 387.376, 380.808, 373.564, 365.107, 372.553, 371.041, 375.797, 360.579, 366.117, 386.39, 375.318, 373.562, 369.686, 387.379, 376.888, 380.43, 364.406, 386.042, 382.861, 395.206, 385.45, 393.001, 403.685, 381.287, 387.45, 388.317, 391.815, 358.997, 390.249, 360.395, 367.06, 363.715, 360.394, 382.179, 370.654, 365.626, 373.639, 347.244, 398.147, 352.148, 379.971, 390.539, 402.021, 382.498, 363.324]] 
[[368.818, 361.588, 373.189, 398.484, 419.065, 402.012, 383.555, 378.157, 389.0, 368.477, 414.714, 385.768, 398.84, 402.53, 389.159, 385.393, 388.665, 393.961, 380.712, 377.891, 379.151, 381.623, 371.706, 382.374, 366.36, 373.494, 370.493, 450.549, 405.492, 390.582, 396.095, 405.656, 383.759, 382.87, 363.62, 382.75, 386.977, 386.811, 401.986, 376.603, 376.671, 377.31, 371.872, 374.27, 377.062, 375.949, 369.988, 370.694, 373.666, 362.112, 415.091, 410.251, 355.888, 347.809, 379.122, 375.103, 358.758, 364.98, 400.322, 356.415, 367.625, 394.858, 379.625, 353.889, 362.12]] 
[[365.053, 384.13, 361.394, 375.308, 361.816, 384.212, 377.088, 356.895, 376.364, 365.701, 372.713, 374.097, 384.677, 375.352, 376.702, 367.732, 379.301, 357.496, 387.538, 369.276, 372.469, 377.268, 365.478, 363.282, 368.189, 359.801, 361.428, 362.028, 392.342, 365.016, 356.45, 387.095, 389.546, 372.084, 355.353, 378.159, 362.487, 368.525, 366.841, 364.967, 366.612, 363.533, 373.058, 364.679, 368.858, 374.398, 360.853, 346.693, 360.681, 355.505, 363.086, 369.543, 366.492, 373.665, 366.752, 382.69, 389.876, 369.836, 359.625, 358.919, 388.591, 361.167, 353.449, 369.294, 370.846]] 
[[372.174, 378.524, 359.022, 411.464, 384.919, 408.334, 382.34, 397.241, 389.679, 391.407, 409.741, 379.706, 394.103, 404.305, 377.606, 374.11, 391.214, 394.389, 356.991, 415.854, 352.256, 416.468, 400.881, 396.161, 397.82, 395.085, 397.079, 401.661, 391.846, 386.61, 386.887, 384.671, 396.359, 381.942, 372.304, 385.971, 370.266, 376.373, 398.276, 375.059, 399.734, 374.537, 359.26, 381.847, 405.426, 408.573, 367.84, 377.454, 348.18, 401.241, 355.487, 371.134, 356.889, 353.029, 373.927, 369.387, 345.696, 353.664, 364.011, 365.506, 364.318, 360.982, 344.562, 370.652, 351.941]] 
[[397.236, 391.458, 374.584, 379.497, 398.752, 380.705, 373.574, 404.581, 380.756, 371.902, 394.489, 362.848, 394.648, 391.954, 378.461, 380.428, 389.166, 364.836, 369.594, 365.943, 366.637, 437.321, 375.615, 402.705, 392.387, 374.994, 385.331, 385.409, 387.226, 388.759, 375.599, 365.098, 380.789, 377.069, 362.188, 367.753, 369.765, 372.404, 357.386, 354.579, 390.195, 366.419, 359.955, 359.415, 389.044, 374.145, 379.002, 365.772, 372.545, 387.795, 360.932, 364.393, 376.631, 361.698, 365.317, 374.138, 366.824, 372.421, 373.856, 386.75, 366.174, 359.313, 354.057, 350.823, 343.916]] 
[[379.876, 374.131, 360.384, 376.942, 366.88, 379.685, 381.049, 364.33, 372.993, 362.763, 413.686, 384.419, 365.449, 373.834, 389.528, 390.725, 373.145, 378.187, 377.676, 389.495, 362.302, 373.353, 377.395, 386.075, 391.378, 373.75, 372.944, 372.301, 364.091, 372.372, 368.511, 350.177, 368.387, 353.68, 360.472, 378.638, 354.097, 373.473, 357.029, 400.153, 376.563, 390.48, 368.407, 369.629, 385.841, 359.543, 363.212, 387.347, 360.772, 370.234, 381.861, 372.208, 370.972, 377.306, 351.564, 362.59, 342.667, 359.566, 346.604, 342.423, 348.944, 354.828, 362.787, 360.092, 355.678]] 
[[366.689, 376.872, 412.671, 377.865, 388.076, 388.875, 380.827, 375.188, 376.312, 373.248, 369.176, 370.035, 402.553, 367.879, 361.34, 387.447, 375.956, 360.059, 384.945, 374.149, 356.264, 360.493, 365.632, 361.447, 359.878, 354.2, 357.889, 356.464, 376.137, 355.46, 354.625, 381.25, 362.689, 376.808, 348.946, 366.397, 369.969, 375.302, 392.085, 363.382, 369.203, 395.381, 374.266, 362.694, 387.072, 392.009, 378.783, 393.505, 377.774, 382.613, 383.324, 376.342, 377.043, 375.617, 369.434, 384.878, 362.95, 351.812, 352.091, 357.613, 363.01, 350.6, 343.986, 342.094, 373.325, 380.195]] 
[[378.884, 370.273, 363.191, 361.475, 379.735, 375.56, 368.29, 392.3, 390.518, 411.652, 376.235, 394.367, 369.398, 382.306, 380.944, 385.893, 393.988, 370.321, 377.687, 374.74, 407.988, 397.001, 397.363, 387.896, 384.061, 385.003, 378.601, 370.29, 385.405, 392.23, 375.207, 386.326, 369.914, 382.96, 386.168, 363.524, 375.679, 381.454, 366.47, 386.277, 388.814, 356.018, 356.756, 356.249, 405.258, 417.478, 386.582, 404.781, 384.604, 387.847, 381.318, 416.214, 396.199, 388.16, 369.068, 364.983, 356.803, 353.113, 355.256, 382.911, 365.864, 361.121, 363.601, 373.976, 378.057, 371.811]] 
[[351.222, 362.215, 357.669, 355.29, 389.018, 365.72, 376.711, 373.61, 354.238, 351.963, 356.897, 389.26, 357.39, 368.016, 385.309, 382.306, 355.725, 385.256, 379.205, 360.109, 388.243, 396.233, 378.149, 374.91, 378.441, 397.013, 368.317, 387.141, 362.809, 367.784, 361.8, 362.84, 354.221, 391.262, 380.737, 386.31, 380.413, 376.199, 374.552, 361.816, 358.479, 388.338, 377.882, 352.703, 372.485, 365.094, 371.46, 355.313, 372.607, 351.227, 357.76, 372.268, 349.54, 381.412, 368.002, 348.034, 355.918, 355.089, 360.429, 395.781, 367.911, 346.605, 367.471, 357.68, 360.442, 353.528]] 
[[404.161, 375.517, 376.037, 365.237, 406.424, 380.91, 365.646, 370.085, 380.41, 376.398, 400.857, 372.728, 392.918, 367.188, 381.809, 384.5, 417.828, 394.32, 404.898, 364.681, 367.421, 369.308, 361.692, 351.385, 376.349, 357.941, 393.915, 397.086, 377.906, 381.319, 382.514, 368.601, 370.75, 360.133, 377.673, 364.429, 352.371, 355.236, 354.213, 362.521, 377.691, 362.435, 361.004, 367.109, 362.371, 359.081, 357.63, 358.406, 353.632, 392.974, 353.394, 350.765, 382.193, 391.059, 364.055, 385.469, 358.719, 390.376, 390.196, 424.143, 363.147, 356.012, 359.554, 358.659, 353.365, 344.136]] 
[[367.738, 369.349, 363.809, 373.777, 406.244, 405.469, 376.591, 362.359, 387.664, 384.366, 372.821, 359.075, 357.885, 372.136, 418.526, 412.047, 375.562, 381.208, 392.449, 411.17, 373.201, 388.955, 363.566, 394.721, 363.781, 370.251, 374.626, 365.971, 364.857, 377.151, 364.541, 355.509, 355.955, 381.708, 367.297, 382.526, 380.539, 366.985, 360.744, 376.137, 360.56, 367.761, 385.346, 367.21, 357.398, 357.775, 359.327, 348.002, 360.933, 378.512, 365.771, 357.394, 354.562, 357.159, 375.961, 370.148, 372.055, 356.702, 344.556, 362.892, 371.491, 379.899, 361.76, 351.265, 363.72, 359.963]] 
[[360.295, 390.912, 380.728, 358.624, 349.603, 348.003, 363.317, 386.121, 392.65, 381.746, 391.456, 397.902, 373.937, 380.535, 378.098, 369.932, 359.308, 397.73, 399.605, 368.574, 373.239, 375.467, 380.791, 375.032, 395.33, 377.95, 380.249, 368.247, 370.606, 369.769, 358.114, 371.502, 369.208, 345.502, 379.233, 353.496, 368.185, 362.288, 383.35, 361.328, 370.957, 360.104, 356.514, 351.974, 347.318, 368.504, 363.365, 362.421, 374.839, 401.539, 358.594, 381.325, 342.249, 359.274, 351.591, 362.116, 377.172, 362.334, 363.087, 349.883, 342.594, 343.387, 360.412, 356.381, 338.832, 343.383]] 
[[354.274, 357.959, 350.436, 379.151, 392.339, 369.036, 369.449, 362.597, 364.544, 350.394, 376.379, 380.22, 368.108, 372.746, 366.318, 351.881, 369.539, 385.658, 366.759, 372.512, 361.674, 360.097, 387.697, 377.911, 366.262, 372.558, 356.785, 358.898, 349.796, 360.401, 356.308, 354.271, 396.375, 367.605, 356.352, 374.754, 364.771, 365.981, 355.939, 381.549, 364.701, 373.836, 361.156, 365.219, 356.072, 366.317, 368.058, 348.856, 358.762, 364.914, 341.887, 371.742, 370.297, 345.034, 356.395, 346.145, 360.737, 355.784, 368.044, 365.297, 351.113, 365.499, 363.831, 353.407, 359.295, 357.001]] 
[[366.828, 372.788, 383.073, 379.127, 358.999, 374.473, 411.064, 375.938, 396.499, 365.262, 397.272, 377.136, 384.829, 398.458, 381.7, 381.12, 391.791, 399.208, 394.971, 411.904, 394.904, 387.575, 360.312, 395.604, 363.25, 402.52, 388.028, 379.558, 356.716, 378.548, 387.873, 376.287, 391.594, 379.099, 393.553, 377.394, 375.324, 396.932, 395.944, 368.919, 368.015, 382.515, 384.17, 371.082, 379.608, 388.863, 369.75, 368.531, 379.638, 367.332, 370.548, 396.602, 363.003, 355.143, 347.108, 386.968, 361.082, 361.431, 363.693, 380.612, 357.567, 366.917, 351.995, 381.088, 358.584, 357.677]] 
[[385.719, 401.452, 392.966, 397.129, 367.557, 389.252, 382.206, 369.876, 426.093, 421.309, 408.678, 402.747, 389.375, 375.194, 421.933, 395.598, 399.52, 361.163, 372.057, 368.358, 376.644, 376.882, 379.9, 420.408, 368.142, 409.906, 375.446, 382.197, 396.606, 399.064, 394.542, 393.054, 400.4, 385.567, 392.767, 389.929, 401.206, 385.953, 397.686, 379.771, 419.953, 443.9, 453.753, 473.791, 491.845, 510.713, 552.175, 631.944, 599.029, 507.104, 533.984, 605.965, 630.942, 629.406, 728.198, 669.229, 637.26, 684.855, 721.714, 735.514, 739.846, 753.868, 771.345, 785.555, 832.076, 800.432]] 
[[394.367, 454.758, 399.468, 469.726, 470.48, 484.028, 508.887, 526.85, 546.569, 566.371, 620.612, 585.893, 655.455, 626.068, 698.939, 663.37, 705.687, 726.073, 745.787, 764.006, 840.046, 781.053, 800.377, 872.017, 840.401, 949.281, 893.327, 962.498, 1035.862, 1006.486, 972.473, 1068.225, 1110.612, 1027.696, 1071.598, 1120.493, 1158.857, 1126.999, 1189.046, 1284.421, 1247.257, 1355.508, 1195.661, 1316.338, 1375.166, 1273.603, 1369.001, 1387.068, 1478.145, 1529.692, 1392.6970000000001, 1421.054, 1549.161, 1461.771, 1504.657, 1548.88, 1583.237, 1587.04, 1609.3429999999998, 1838.438, 1721.6770000000001, 1649.723, 1760.588, 1857.749, 1772.066, 1811.1509999999998]] 
[[427.584, 399.748, 463.655, 427.698, 490.734, 511.309, 526.767, 445.259, 540.461, 561.754, 581.956, 601.541, 677.146, 622.064, 693.274, 710.115, 730.681, 803.028, 781.517, 743.527, 840.399, 800.135, 849.615, 897.218, 864.738, 907.629, 955.637, 921.424, 965.393, 992.831, 1017.165, 1087.33, 1026.237, 1044.96, 1086.658, 1113.439, 1207.41, 1120.907, 1137.513, 1155.69, 1201.035, 1273.738, 1292.328, 1233.675, 1304.184, 1191.823, 1381.516, 1308.74, 1328.849, 1416.161, 1561.233, 1498.651, 1450.705, 1505.295, 1571.9279999999999, 1619.1689999999999, 1657.152, 1695.089, 1734.463, 1791.693, 1836.527, 1931.1019999999999, 1869.025, 2011.701, 1949.129, 2048.0, 2086.735]] 
[[394.356, 438.838, 486.613, 528.107, 571.688, 617.002, 661.244, 707.512, 745.42, 792.226, 833.431, 950.462, 899.845, 942.961, 942.076, 932.567, 940.27, 927.825, 929.069, 927.977, 917.535, 920.686, 909.308, 910.989, 898.141, 889.65, 892.01, 894.584, 880.974, 864.245, 859.88, 880.035, 890.911, 859.016, 864.431, 911.089, 878.691, 881.855, 878.585, 894.96, 870.901, 876.378, 881.852, 885.818, 881.22, 887.757, 874.911, 879.107, 882.019, 892.223, 886.321, 865.79, 866.207, 875.153, 874.138, 868.529, 868.55, 873.653, 861.972, 863.931, 858.293, 851.825, 860.167, 845.686, 839.094, 829.5, 824.169]] 
[[351.53, 418.499, 354.426, 366.339, 415.466, 350.047, 366.424, 372.376, 367.422, 360.377, 393.037, 371.826, 371.418, 369.487, 382.919, 368.992, 363.187, 358.175, 386.23, 378.082, 358.035, 381.311, 367.07, 376.326, 362.256, 352.263, 357.641, 368.693, 360.774, 358.402, 395.057, 355.085, 353.41, 377.072, 372.849, 369.506, 364.435, 366.331, 356.063, 360.647, 356.691, 371.761, 356.963, 347.634, 358.892, 355.228, 355.577, 349.89, 361.501, 359.306, 355.075, 363.75, 358.131, 405.606, 349.488, 386.952, 397.904, 370.151, 422.778, 360.607, 387.691, 398.729, 372.088, 358.322, 355.329, 340.89, 362.362]] 
[[374.831, 355.413, 384.833, 379.224, 362.742, 387.884, 378.594, 348.294, 355.787, 369.046, 379.465, 353.353, 385.937, 383.332, 396.766, 364.73, 362.593, 372.134, 387.916, 379.298, 368.243, 368.426, 377.471, 351.708, 363.721, 376.444, 381.668, 373.749, 371.454, 361.017, 381.453, 380.388, 365.413, 354.027, 354.745, 354.176, 359.699, 361.21, 366.278, 371.12, 352.977, 350.007, 349.473, 354.805, 350.137, 349.95, 361.168, 358.638, 372.066, 352.219, 404.139, 401.937, 373.736, 354.306, 351.609, 350.915, 341.388, 359.878, 353.68, 359.944, 350.987, 359.788, 356.71, 341.991, 344.29, 355.733, 350.046]] 
[[365.616, 406.488, 354.517, 346.76, 385.785, 374.632, 373.045, 364.675, 383.061, 379.713, 376.785, 370.027, 384.906, 367.62, 364.136, 367.906, 361.005, 383.446, 365.892, 389.728, 370.035, 369.128, 372.002, 391.362, 381.714, 379.728, 370.199, 365.683, 362.486, 357.66, 355.869, 375.398, 374.616, 371.754, 359.709, 363.761, 369.921, 365.934, 361.243, 383.415, 385.954, 387.917, 367.146, 364.871, 364.125, 368.996, 365.125, 364.025, 368.024, 357.572, 346.417, 355.702, 379.834, 384.708, 380.888, 345.23, 355.626, 355.283, 377.584, 389.986, 347.258, 373.656, 355.643, 355.606, 357.253, 354.988, 362.052]] 
[[363.324, 350.648, 372.768, 373.156, 360.817, 369.851, 361.334, 355.733, 365.185, 358.166, 370.693, 353.99, 377.322, 386.093, 390.619, 374.275, 380.72, 380.34, 382.411, 381.319, 396.378, 374.153, 380.474, 376.238, 360.803, 357.161, 385.067, 371.299, 347.118, 395.581, 350.872, 348.841, 371.289, 370.004, 393.529, 366.941, 361.305, 352.494, 391.325, 367.859, 365.308, 359.969, 366.256, 359.876, 385.822, 366.275, 372.797, 362.447, 361.391, 358.727, 342.513, 370.713, 353.993, 345.623, 340.215, 385.609, 342.896, 355.63, 349.363, 349.48, 346.02, 376.582, 348.397, 370.135, 359.029, 367.268, 347.542]] 
[[351.191, 367.518, 354.7, 395.829, 353.845, 364.703, 371.949, 353.149, 347.225, 395.772, 375.378, 390.419, 382.695, 383.355, 379.626, 365.234, 364.758, 346.777, 353.036, 354.445, 375.079, 388.615, 367.995, 370.566, 363.687, 367.719, 362.79, 356.273, 354.426, 369.468, 356.422, 350.471, 362.853, 352.006, 352.666, 359.62, 357.708, 346.157, 382.92, 370.073, 366.231, 363.496, 364.93, 361.683, 362.464, 382.893, 378.147, 373.158, 367.639, 362.781, 359.183, 372.794, 351.763, 346.791, 377.273, 366.748, 359.661, 348.191, 362.713, 349.041, 357.412, 351.358, 348.567, 344.503, 363.132, 355.6, 344.003]] 
[[355.986, 372.625, 386.403, 390.692, 384.519, 374.681, 371.114, 372.864, 381.34, 372.363, 370.743, 386.614, 369.478, 384.209, 378.759, 356.656, 374.313, 388.751, 370.603, 387.441, 363.901, 408.306, 370.358, 391.099, 372.007, 393.69, 376.368, 377.917, 386.038, 365.491, 383.33, 360.68, 377.626, 359.416, 370.498, 371.43, 374.724, 360.216, 373.948, 361.572, 367.863, 419.743, 392.405, 359.118, 374.036, 359.392, 382.734, 362.929, 374.932, 395.658, 374.888, 357.258, 378.986, 360.517, 359.935, 369.148, 375.391, 362.543, 355.159, 359.322, 351.181, 357.63, 354.758, 349.3, 367.17, 348.24, 351.816]] 
[[405.987, 387.962, 429.176, 503.019, 435.893, 469.047, 507.938, 487.21, 514.075, 527.317, 594.508, 564.759, 531.968, 642.965, 618.633, 582.022, 725.068, 679.593, 632.391, 681.778, 729.702, 748.063, 772.076, 782.306, 824.23, 794.799, 883.002, 850.852, 916.653, 819.312, 874.103, 916.857, 930.769, 970.668, 989.253, 934.73, 994.603, 1080.647, 1029.136, 998.256, 1110.94, 1222.326, 1164.964, 1240.149, 1254.751, 1269.319, 1292.558, 1268.8809999999999, 1350.2440000000001, 1326.275, 1297.26, 1402.944, 1342.895, 1409.091, 1347.629, 1417.585, 1440.7440000000001, 1481.341, 1453.319, 1484.632, 1500.314, 1587.109, 1510.877, 1529.449, 1581.326, 1530.24, 1589.2530000000002]] 
[[393.553, 406.533, 424.154, 439.44, 450.287, 442.434, 444.852, 449.641, 450.467, 441.152, 459.584, 422.914, 463.795, 485.546, 501.713, 516.874, 531.541, 524.222, 489.712, 526.676, 523.431, 506.894, 466.041, 522.876, 492.803, 535.466, 543.621, 512.535]] 
[[414.514, 420.054, 430.143, 443.098, 476.451, 474.592, 477.249, 487.977, 525.6, 488.848, 526.568, 499.333, 497.348, 502.191, 533.088, 499.234, 573.464, 595.72, 543.931, 647.445, 582.184, 569.19, 612.615, 631.698, 676.062, 642.341, 697.428, 739.156, 749.288, 765.105, 782.151, 785.504, 797.644]] 
[[375.848, 388.161, 425.298, 442.009, 447.877, 461.118, 517.915, 465.734, 527.047, 553.478, 587.691, 732.562, 628.808, 688.944, 757.094, 730.346, 768.74, 810.707, 741.65, 777.162, 808.387, 844.149, 766.892, 802.199, 846.791, 886.062, 848.072, 904.885, 932.068, 938.068, 954.249, 960.934, 1008.301, 969.986, 1034.582, 1005.765, 983.39]] 
[[425.358, 456.478, 471.837, 461.783, 485.585, 443.717, 441.499, 480.207, 444.308, 454.562, 481.266, 451.572, 495.759, 499.655, 519.404, 487.341, 516.576, 473.123, 549.932, 501.699, 514.999, 576.944, 546.417, 588.532, 599.84, 589.922, 592.309, 619.833, 585.03, 631.645]] 
[[376.977, 392.303, 425.373, 419.377, 457.444, 422.753, 455.904, 461.23, 547.285, 476.247, 509.719, 480.022, 521.749, 546.439, 549.703, 539.48, 555.035, 557.254, 566.425, 573.825, 604.898, 561.554, 593.38, 615.295, 591.089, 608.691, 617.194, 629.193, 665.192, 583.204, 676.876, 695.594]] 
[[409.621, 406.118, 416.788, 433.39, 408.097, 426.032, 397.436, 418.096, 417.778, 445.717, 437.053, 451.808, 490.986, 457.691, 501.447, 519.443, 524.009, 579.612, 534.345, 598.608, 619.196, 619.87, 626.831, 667.328, 755.875, 633.471, 674.058, 713.277, 669.141, 719.405, 723.541, 761.044, 731.073, 773.758]] 
[[373.887, 404.054, 445.629, 404.85, 459.504, 421.344, 484.768, 447.815, 469.261, 507.572, 572.923, 609.523, 668.805, 616.295, 698.691, 759.714, 754.877, 701.709, 766.939, 768.723, 771.429, 769.678, 794.676, 756.157, 789.593, 806.698, 797.294, 816.814, 840.369, 860.828, 832.739, 859.306, 872.533, 889.014, 908.097, 918.645, 935.564, 935.911]] 
[[373.108, 408.923, 395.936, 400.182, 417.412, 451.128, 469.251, 416.687, 484.102, 491.904, 523.014, 494.433, 522.905, 569.31, 520.382, 562.432, 576.876, 582.475, 602.293, 630.277, 598.826, 628.366, 628.899, 643.247, 650.88, 661.181, 672.612, 672.137, 701.09, 750.887, 762.953, 790.403, 814.759]] 
[[434.273, 447.927, 419.792, 429.188, 465.109, 484.177, 420.858, 479.769, 491.57, 493.507, 467.214, 481.344, 500.809, 504.222, 525.763, 533.158, 558.924, 550.327, 554.851, 528.921, 501.881, 492.377, 503.298, 540.242, 504.21, 542.498, 534.497, 537.754, 561.2, 525.046]] 
[[402.576, 433.562, 433.45, 446.924, 468.076, 468.726, 483.249, 505.966, 521.474, 552.559, 608.445, 731.313, 651.825, 689.4, 714.896, 726.609, 744.829, 736.278, 706.287, 736.784, 797.41, 747.708, 765.217, 760.268, 769.41, 767.992, 774.488, 796.279, 789.437, 803.079, 812.844, 823.684, 854.637, 815.101, 853.432, 861.554]] 
[[396.19, 450.314, 463.302, 465.407, 466.005, 500.514, 505.05, 517.369, 548.224, 577.528, 605.005, 620.861, 617.667, 639.315, 608.865, 657.358, 664.694, 678.891, 717.511, 691.058, 656.171, 658.784, 666.231, 687.229, 699.245, 707.866, 712.074, 721.517, 778.241]] 
[[381.501, 382.701, 404.443, 425.04, 468.798, 406.365, 420.264, 454.141, 460.049, 483.337, 484.42, 485.926, 495.111, 484.498, 506.128, 578.677, 519.88, 541.196, 569.174, 579.732, 637.513, 592.658, 675.348, 699.334, 664.983, 630.955, 682.899, 670.752, 673.377, 737.289, 678.867, 688.723, 717.374, 718.065]] 
[[393.811, 436.365, 390.018, 443.829, 485.691, 431.637, 449.835, 493.506, 525.319, 479.621, 516.377, 607.715, 548.839, 634.303, 660.497, 727.666, 674.821, 693.994, 725.443, 754.665, 720.663, 749.822, 768.287, 781.56, 812.678, 781.953, 795.338, 812.255, 834.063, 828.97, 849.798, 857.172, 861.671, 867.399, 876.151, 905.031, 879.695, 901.323, 913.29]] 
[[422.393, 381.508, 425.578, 474.665, 412.734, 488.909, 427.41, 490.862, 553.694, 499.296, 563.134, 510.409, 589.622, 588.792, 615.389, 623.282, 640.331, 650.217, 668.803, 705.939, 671.802, 767.39, 736.892, 709.188, 770.692, 783.37, 780.212, 801.594, 811.075, 826.679, 819.444, 810.612, 793.316, 886.182, 832.84, 945.322, 888.671, 886.663, 917.111, 980.388, 923.274, 939.657, 980.61, 996.892, 1014.689]] 
[[386.193, 437.451, 398.256, 427.252, 436.404, 465.097, 474.256, 433.16, 484.132, 501.001, 536.905, 565.022, 608.315, 577.094, 545.529, 608.182, 608.165, 583.059, 557.986, 575.686, 575.111, 562.652, 580.626, 580.573, 582.43, 591.938, 687.106, 608.632, 618.49, 630.284, 670.731]] 
[[369.014, 405.392, 391.794, 409.775, 458.352, 462.458, 474.934, 487.411, 492.265, 491.883, 497.313, 512.857, 503.556, 519.819, 514.91, 515.606, 524.684, 519.045, 537.638, 531.066, 603.372, 536.79, 558.015, 583.288, 595.295, 572.53, 579.969, 596.919, 615.446]] 
[[368.447, 392.072, 411.037, 428.943, 485.262, 476.538, 475.706, 489.263, 493.628, 495.39, 508.916, 517.702, 476.71, 494.646, 519.053, 489.231, 507.85, 503.212, 515.719, 535.356, 553.676, 596.563, 567.927, 589.488, 596.909, 601.551, 616.993, 666.962, 700.382, 659.996, 604.48, 660.584, 685.29, 652.652, 677.486]] 
[[378.262, 426.108, 393.746, 473.588, 476.091, 471.167, 461.744, 484.209, 486.135, 519.682, 486.652, 515.776, 538.515, 556.775, 501.904, 562.74, 547.932, 546.748, 593.054, 562.667, 593.505, 602.757, 579.215, 610.553, 613.55, 633.234, 500.173, 522.256, 541.302, 538.066, 584.786]] 
[[403.101, 408.086, 416.66, 453.824, 404.965, 482.476, 432.781, 389.335, 473.852, 419.061, 487.74, 508.262, 525.8, 565.565, 603.013, 644.636, 692.537, 764.859, 786.336, 799.138, 839.485, 787.513, 866.817, 910.31, 947.235, 1015.516, 961.916, 1048.601, 1064.459, 1064.235, 1088.214, 1125.306, 1214.088, 1160.462]] 
[[373.024, 373.151, 371.701, 356.856, 355.979, 396.215, 350.853, 366.712, 359.639, 355.359, 359.848, 359.346, 351.21, 353.103, 382.727, 359.056, 354.52, 368.605, 349.774, 345.506, 349.162, 361.436, 362.601, 359.465, 341.402, 346.964, 346.847, 357.589, 340.84, 347.914, 377.848, 345.616, 361.174]] 
[[350.343, 359.663, 351.807, 363.834, 380.771, 402.067, 379.249, 351.594, 398.177, 353.761, 371.092, 387.709, 374.002, 362.764, 362.537, 394.608, 405.271, 390.451, 387.172, 368.378, 345.135, 369.74, 354.53, 346.159, 345.021, 347.067, 398.198, 370.493, 354.406, 350.322, 367.775, 348.963]] 
[[372.012, 375.563, 356.215, 384.438, 377.306, 360.755, 370.618, 356.9, 359.876, 384.367, 360.344, 371.54, 370.315, 357.206, 374.204, 357.978, 359.176, 356.944, 352.327, 352.095, 357.733, 348.397, 356.907, 364.538, 355.739, 358.692, 352.814, 355.073, 344.443, 352.441, 365.369, 347.183, 353.921, 351.949, 345.61]] 
[[357.754, 369.464, 364.404, 381.392, 379.346, 376.029, 405.425, 413.011, 367.687, 380.843, 391.873, 351.308, 377.012, 355.989, 390.107, 368.975, 360.176, 351.519, 369.014, 365.433, 371.186, 361.41, 353.118, 362.162, 355.398, 361.515, 360.945, 349.296, 351.994]] 
[[364.939, 354.815, 396.425, 374.501, 366.905, 359.194, 379.474, 371.438, 365.579, 357.837, 361.093, 355.062, 363.798, 389.243, 389.045, 367.755, 351.137, 348.174, 347.847, 349.02, 349.115, 354.374, 351.747, 372.875, 359.446, 378.098, 365.867, 343.089, 350.894, 369.55, 355.611, 345.348, 355.842, 348.395]] 
[[352.415, 351.69, 349.185, 389.452, 355.005, 348.448, 369.566, 364.943, 402.944, 384.183, 394.279, 376.671, 373.218, 372.531, 354.883, 372.074, 366.965, 376.524, 364.668, 359.317, 354.07, 364.005, 375.411, 353.695, 351.675, 344.878, 364.897, 359.692, 358.409, 376.121, 357.445, 343.152]] 
[[363.537, 352.745, 386.731, 381.649, 372.605, 371.951, 376.67, 408.884, 362.285, 407.38, 405.804, 374.608, 373.695, 381.089, 370.423, 360.972, 390.113, 396.933, 377.596, 356.574, 355.846, 381.077, 358.952, 344.452, 352.14, 355.009, 339.786, 349.765, 356.065, 364.309]] 
[[362.495, 374.347, 366.977, 353.965, 364.891, 355.052, 347.828, 357.739, 370.883, 359.86, 384.336, 364.657, 366.776, 347.975, 378.526, 348.16, 341.347, 373.929, 405.442, 391.046, 381.676, 381.041, 359.477, 372.802, 362.53, 357.789, 378.103, 356.575, 352.13, 363.534, 344.755, 373.941, 355.393, 384.875, 373.071, 354.254, 361.153, 379.251]] 
[[431.027, 400.709, 414.153, 375.755, 378.969, 383.11, 358.727, 352.939, 374.72, 365.626, 366.419, 380.95, 349.845, 365.905, 355.162, 351.799, 360.625, 345.076, 343.544, 356.228, 363.458, 357.852, 347.634, 357.441, 369.479, 346.947, 354.46, 349.436, 361.688, 357.58, 356.004, 364.175, 363.698]] 
[[351.399, 409.716, 410.235, 380.914, 382.83, 389.663, 374.618, 365.556, 356.454, 382.206, 352.667, 427.989, 355.981, 392.923, 364.824, 370.282, 355.67, 351.2, 359.274, 366.206, 355.039, 372.729, 367.536, 365.872, 352.567, 362.882, 356.225, 353.006, 405.138, 349.639, 373.372, 355.971, 366.482, 343.014, 355.443, 368.082, 351.715, 386.459, 370.253, 393.752, 378.266, 381.199]] 
[[355.404, 378.326, 372.001, 362.579, 359.449, 396.488, 354.665, 369.604, 372.222, 357.757, 351.976, 354.518, 356.388, 362.807, 357.048, 347.275, 346.276, 383.737, 370.497, 346.406, 367.325, 357.493, 342.106, 351.358, 347.161, 344.465, 340.819, 361.24, 363.72, 368.349, 366.228, 364.512, 352.421, 351.111]] 
[[372.108, 362.085, 401.472, 372.3, 367.526, 371.2, 370.481, 362.457, 358.264, 391.766, 353.606, 375.916, 355.371, 357.61, 356.147, 366.683, 363.875, 347.409, 353.397, 348.29, 376.424, 343.928, 354.58, 351.823, 344.326, 343.208, 339.832, 360.56, 353.927, 340.984, 359.103, 349.894, 346.435, 348.588, 344.143]] 
average response time [0]485.757
average response time [1]346.856
average response time [2]356.561
average response time [3]344.428
average response time [4]343.715
average response time [5]340.042
average response time [6]353.044
average response time [7]343.734
average response time [8]346.039
average response time [9]346.471
TOTAL AVERAGE RESPONSE TIME ====================: 360.6646999999999
NUMBER OF THREADS ==============================: 1
average response time [10]366.6355
average response time [11]350.1585
average response time [12]352.553
average response time [13]348.99699999999996
average response time [14]358.00750000000005
average response time [15]353.601
average response time [16]357.1025
average response time [17]347.18399999999997
average response time [18]349.736
average response time [19]340.63300000000004
TOTAL AVERAGE RESPONSE TIME ====================: 352.4608
NUMBER OF THREADS ==============================: 2
average response time [20]351.596
average response time [21]349.71225
average response time [22]353.9365
average response time [23]355.4445
average response time [24]347.753
average response time [25]344.3465
average response time [26]379.519
average response time [27]358.27250000000004
average response time [28]387.595
average response time [29]349.451
TOTAL AVERAGE RESPONSE TIME ====================: 357.762625
NUMBER OF THREADS ==============================: 4
average response time [30]350.8005
average response time [31]348.173625
average response time [32]363.793875
average response time [33]346.2695
average response time [34]431.016125
average response time [35]746.623375
average response time [36]1411.664375
average response time [37]352.11424999999997
average response time [38]354.64675
average response time [39]356.085375
TOTAL AVERAGE RESPONSE TIME ====================: 506.1187749999999
NUMBER OF THREADS ==============================: 8
average response time [40]362.2655
average response time [41]363.0753125
average response time [42]362.1310625
average response time [43]357.5605625
average response time [44]367.3894375
average response time [45]665.99525
average response time [46]487.54125
average response time [47]354.6835625
average response time [48]382.923375
average response time [49]395.999375
TOTAL AVERAGE RESPONSE TIME ====================: 409.95646875
NUMBER OF THREADS ==============================: 16
average response time [50]361.8955625
average response time [51]358.803125
average response time [52]361.27403125
average response time [53]353.8519375
average response time [54]367.1841875
average response time [55]358.490125
average response time [56]359.36415625
average response time [57]357.42265625
average response time [58]354.2006875
average response time [59]377.36409375
TOTAL AVERAGE RESPONSE TIME ====================: 360.98505625
NUMBER OF THREADS ==============================: 32
average response time [60]366.848265625
average response time [61]371.625625
average response time [62]371.49623437500003
average response time [63]406.4796875
average response time [64]379.19325
average response time [65]371.576703125
average response time [66]363.724359375
average response time [67]369.050453125
average response time [68]367.064984375
average response time [69]375.806296875
TOTAL AVERAGE RESPONSE TIME ====================: 374.2865859375
NUMBER OF THREADS ==============================: 64
average response time [70]376.75224615384616
average response time [71]371.18573846153845
average response time [72]369.9780923076923
average response time [73]383.9528
average response time [74]381.62655384615385
average response time [75]382.3135230769231
average response time [76]369.5439076923077
average response time [77]380.9596153846154
average response time [78]376.0916307692308
average response time [79]370.58266153846154
TOTAL AVERAGE RESPONSE TIME ====================: 376.298676923077
NUMBER OF THREADS ==============================: 65
average response time [80]371.56201515151514
average response time [81]380.006303030303
average response time [82]368.93601515151516
average response time [83]373.3771212121212
average response time [84]371.6270909090909
average response time [85]368.153196969697
average response time [86]364.32851515151515
average response time [87]378.3620606060606
average response time [88]484.5249696969697
average response time [89]1080.6338333333333
TOTAL AVERAGE RESPONSE TIME ====================: 454.1511121212121
NUMBER OF THREADS ==============================: 66
average response time [90]1111.6685373134328
average response time [91]841.3765373134329
average response time [92]368.6385223880597
average response time [93]365.1805820895522
average response time [94]369.2362537313433
average response time [95]366.22941791044775
average response time [96]363.6010895522388
average response time [97]372.40031343283584
average response time [98]987.578223880597
average response time [99]477.45560714285716
TOTAL AVERAGE RESPONSE TIME ====================: 562.3365084754797
NUMBER OF THREADS ==============================: 67
average response time [100]578.4004242424243
average response time [101]738.4586216216217
average response time [102]512.9044
average response time [103]539.897
average response time [104]557.7042058823529
average response time [105]697.163894736842
average response time [106]571.7960606060606
average response time [107]500.4902
average response time [108]682.1046666666666
average response time [109]609.6029655172414
TOTAL AVERAGE RESPONSE TIME ====================: 598.852243927321
NUMBER OF THREADS ==============================: 68
average response time [110]558.8093529411765
average response time [111]689.0018205128205
average response time [112]711.2784888888889
average response time [113]545.0876774193548
average response time [114]512.4619310344827
average response time [115]543.3034285714285
average response time [116]525.8997419354839
average response time [117]728.1230588235294
average response time [118]358.84975757575756
average response time [119]368.53309375
TOTAL AVERAGE RESPONSE TIME ====================: 554.1348351452923
NUMBER OF THREADS ==============================: 69
average response time [120]360.59965714285715
average response time [121]369.0960344827586
average response time [122]362.16270588235295
average response time [123]365.07534375
average response time [124]370.98816666666664
average response time [125]366.0152894736842
average response time [126]365.4890909090909
average response time [127]370.60114285714286
average response time [128]359.81561764705884
average response time [129]359.0205142857143
TOTAL AVERAGE RESPONSE TIME ====================: 364.88635630973266
NUMBER OF THREADS ==============================: 70
average response time sent to Stackdriver [0]379.519
average response time sent to Stackdriver [1]367.3894375
average response time sent to Stackdriver [2]354.2006875
average response time sent to Stackdriver [3]375.806296875
average response time sent to Stackdriver [4]380.006303030303
average response time sent to Stackdriver [5]1080.6338333333333
average response time sent to Stackdriver [6]987.578223880597
average response time sent to Stackdriver [7]571.7960606060606
average response time sent to Stackdriver [8]512.4619310344827
average response time sent to Stackdriver [9]370.98816666666664
NUMBER OF THREADS: [1, 2, 4, 8, 16, 32, 64, 65, 66, 67, 68, 69, 70]
WORKLOAD: HFU_LV;  
TOTAL EXECUTION TIME (Concurrent Parallel Requests): 107802.924
NUMBER OF REPLICAS USED: 2

