[[387.085]] 
RATE (RPS) =====================================: 1

[[347.448]] 
RATE (RPS) =====================================: 1

[[348.525]] 
RATE (RPS) =====================================: 1

[[385.26]] 
RATE (RPS) =====================================: 1

[[376.794]] 
RATE (RPS) =====================================: 1

[[387.543]] 
RATE (RPS) =====================================: 1

[[349.055]] 
RATE (RPS) =====================================: 1

[[391.913]] 
RATE (RPS) =====================================: 1

[[345.486]] 
RATE (RPS) =====================================: 1

[[375.747]] 
RATE (RPS) =====================================: 1

[[397.974, 412.19]] 
RATE (RPS) =====================================: 2

[[406.364, 368.691]] 
RATE (RPS) =====================================: 2

[[369.777, 395.104]] 
RATE (RPS) =====================================: 2

[[371.198, 392.396]] 
RATE (RPS) =====================================: 2

[[409.915, 376.433]] 
RATE (RPS) =====================================: 2

[[378.179, 400.338]] 
RATE (RPS) =====================================: 2

[[402.919, 369.189]] 
RATE (RPS) =====================================: 2

[[408.152, 374.78]] 
RATE (RPS) =====================================: 2

[[420.489, 398.033]] 
RATE (RPS) =====================================: 2

[[434.785, 400.904]] 
RATE (RPS) =====================================: 2

[[480.199, 390.571, 413.676, 434.19]] 
RATE (RPS) =====================================: 4

[[412.405, 460.249, 549.031, 486.806]] 
RATE (RPS) =====================================: 4

[[456.904, 399.94, 485.943, 528.115]] 
RATE (RPS) =====================================: 4

[[374.594, 378.296, 366.002, 362.274]] 
RATE (RPS) =====================================: 4

[[369.194, 359.965, 366.592, 348.966]] 
RATE (RPS) =====================================: 4

[[363.717, 347.662, 348.071, 349.685]] 
RATE (RPS) =====================================: 4

[[379.303, 368.696, 365.285, 364.421]] 
RATE (RPS) =====================================: 4

[[388.011, 369.696, 365.867, 365.226]] 
RATE (RPS) =====================================: 4

[[360.002, 392.981, 357.825, 350.592]] 
RATE (RPS) =====================================: 4

[[360.36, 357.283, 353.737, 359.855]] 
RATE (RPS) =====================================: 4

[[375.875, 370.894, 367.99, 364.944, 359.88, 356.44, 368.941, 367.147]] 
RATE (RPS) =====================================: 8

[[349.077, 360.913, 350.126, 352.186, 353.148, 355.565, 358.336, 347.96]] 
RATE (RPS) =====================================: 8

[[347.475, 354.78, 364.203, 361.317, 352.262, 385.89, 376.535, 372.732]] 
RATE (RPS) =====================================: 8

[[390.019, 395.755, 386.648, 380.985, 373.92, 384.276, 363.653, 369.101]] 
RATE (RPS) =====================================: 8

[[355.566, 349.672, 357.109, 350.834, 352.514, 366.387, 345.642, 345.896]] 
RATE (RPS) =====================================: 8

[[360.52, 363.009, 371.221, 360.812, 364.37, 350.734, 357.894, 357.452]] 
RATE (RPS) =====================================: 8

[[417.192, 401.006, 393.184, 397.519, 397.674, 401.284, 398.465, 400.679]] 
RATE (RPS) =====================================: 8

[[494.264, 472.157, 398.989, 499.399, 408.897, 510.992, 525.634, 541.847]] 
RATE (RPS) =====================================: 8

[[403.946, 368.128, 422.56, 440.52, 460.067, 496.456, 468.851, 508.366]] 
RATE (RPS) =====================================: 8

[[382.383, 422.298, 393.777, 430.651, 522.684, 448.67, 467.674, 483.751]] 
RATE (RPS) =====================================: 8

[[372.544, 386.657, 425.142, 394.133, 432.921, 450.101, 473.626, 489.015, 593.233, 501.537, 570.481, 601.544, 528.721, 629.297, 592.993, 650.837]] 
RATE (RPS) =====================================: 16

[[425.382, 371.536, 387.213, 427.301, 445.426, 461.518, 587.525, 477.106, 551.966, 507.788, 709.586, 584.46, 603.947, 620.349, 657.752, 631.254]] 
RATE (RPS) =====================================: 16

[[366.65, 404.186, 378.747, 415.69, 428.876, 446.067, 464.368, 479.034, 495.819, 587.742, 506.043, 526.027, 542.994, 634.509, 584.526, 608.071]] 
RATE (RPS) =====================================: 16

[[362.358, 383.696, 399.342, 458.79, 413.176, 470.945, 486.6, 528.098, 495.32, 563.948, 535.454, 601.889, 569.054, 608.791, 626.639, 641.918]] 
RATE (RPS) =====================================: 16

[[372.271, 405.238, 446.57, 569.219, 513.653, 465.608, 578.936, 593.537, 690.129, 607.026, 653.237, 622.134, 691.567, 757.488, 722.707, 690.132]] 
RATE (RPS) =====================================: 16

[[373.927, 391.363, 432.256, 471.941, 490.457, 505.886, 573.579, 519.321, 537.702, 605.484, 575.24, 637.829, 686.624, 609.301, 653.907, 676.799]] 
RATE (RPS) =====================================: 16

[[365.148, 381.668, 399.487, 423.061, 497.918, 473.493, 433.284, 496.58, 518.562, 570.336, 609.307, 520.628, 664.439, 612.105, 632.553, 669.363]] 
RATE (RPS) =====================================: 16

[[364.409, 409.921, 373.13, 446.895, 416.28, 480.34, 451.791, 492.237, 558.046, 500.841, 520.608, 557.017, 620.305, 567.716, 587.301, 624.892]] 
RATE (RPS) =====================================: 16

[[408.101, 378.615, 418.565, 479.774, 450.237, 526.68, 415.577, 480.084, 532.69, 550.207, 618.766, 586.261, 554.947, 637.896, 612.744, 648.16]] 
RATE (RPS) =====================================: 16

[[391.688, 429.41, 403.515, 437.687, 457.274, 1392.3690000000001, 558.38, 476.196, 444.034, 511.396, 480.258, 551.243, 568.359, 585.706, 624.981, 597.933]] 
RATE (RPS) =====================================: 15

[[459.945, 595.054, 498.629, 614.04, 539.912, 638.043, 608.851, 668.621, 637.539, 793.548, 702.93, 738.097, 667.908, 697.407, 736.13, 797.076, 765.265, 813.932, 848.68, 883.328, 928.949, 895.274, 941.709, 957.07, 978.65, 994.223, 1018.83, 1037.367, 1055.187, 1096.753, 1112.091, 1067.271]] 
RATE (RPS) =====================================: 26

[[408.235, 426.035, 474.882, 375.403, 512.135, 431.308, 465.251, 508.835, 536.873, 652.806, 604.245, 669.0, 558.082, 604.508, 718.323, 737.763, 651.74, 671.957, 742.244, 803.405, 755.007, 815.739, 767.661, 827.519, 852.015, 944.34, 919.805, 864.231, 970.292, 940.846, 979.636, 996.407]] 
RATE (RPS) =====================================: 32

[[444.846, 405.108, 452.938, 493.646, 461.766, 528.87, 545.273, 488.19, 585.209, 549.764, 595.703, 613.547, 631.409, 675.982, 649.423, 733.138, 776.078, 743.083, 663.553, 677.587, 766.033, 783.635, 897.459, 847.324, 792.47, 806.983, 928.564, 840.362, 939.927, 973.768, 866.166, 934.915]] 
RATE (RPS) =====================================: 32

[[410.513, 430.855, 446.968, 498.441, 564.228, 539.809, 515.862, 495.445, 574.669, 624.474, 635.631, 691.086, 587.334, 690.423, 704.323, 641.094, 713.28, 732.566, 761.468, 772.056, 820.853, 782.052, 1389.612, 822.409, 840.199, 858.396, 892.615, 981.076, 863.654, 893.323, 917.957, 936.881]] 
RATE (RPS) =====================================: 31

[[471.627, 407.348, 434.44, 473.575, 491.662, 714.248, 526.482, 498.825, 572.956, 541.255, 665.717, 607.815, 701.588, 718.895, 740.054, 764.457, 815.538, 831.72, 774.849, 832.361, 849.533, 866.295, 915.985, 858.889, 928.453, 968.365, 1025.207, 970.485, 1012.187, 1044.464, 1016.24, 1052.651]] 
RATE (RPS) =====================================: 27

[[382.156, 400.341, 418.711, 437.132, 448.864, 468.615, 483.726, 558.676, 493.569, 515.149, 607.566, 555.88, 569.155, 614.347, 650.783, 620.945, 739.259, 682.469, 697.651, 644.525, 744.658, 870.242, 844.698, 763.89, 786.82, 871.398, 884.908, 785.92, 928.148, 884.153, 887.995, 925.313]] 
RATE (RPS) =====================================: 32

[[400.387, 444.076, 414.912, 451.542, 470.632, 509.291, 523.962, 538.623, 466.377, 555.392, 572.501, 598.558, 664.603, 608.132, 624.426, 710.053, 655.453, 714.923, 665.194, 728.384, 763.987, 766.201, 804.518, 772.427, 832.684, 924.321, 844.423, 792.756, 859.285, 870.977, 933.719, 908.342]] 
RATE (RPS) =====================================: 32

[[373.688, 391.615, 438.099, 403.37, 446.473, 464.489, 480.7, 549.051, 520.33, 490.893, 558.049, 625.958, 569.105, 589.517, 642.511, 659.836, 711.331, 671.007, 758.557, 728.236, 699.929, 756.176, 778.253, 797.717, 815.107, 859.099, 823.778, 890.402, 922.895, 982.436, 955.904, 918.905]] 
RATE (RPS) =====================================: 32

[[427.523, 452.473, 471.476, 492.903, 513.223, 525.593, 540.524, 556.653, 599.505, 647.143, 559.445, 672.153, 707.425, 762.874, 920.977, 826.59, 879.709, 918.877, 927.257, 947.007, 979.125, 989.37, 1001.557, 1015.909, 1152.0, 1091.467, 1018.531, 1033.153, 1208.69, 1152.4850000000001, 1235.594, 1164.1779999999999]] 
RATE (RPS) =====================================: 22

[[365.425, 454.254, 400.459, 472.063, 482.287, 527.566, 497.451, 535.143, 619.056, 571.377, 540.215, 605.474, 702.27, 619.863, 765.965, 660.154, 623.01, 710.47, 779.489, 668.804, 871.27, 806.614, 817.66, 795.575, 859.117, 882.596, 937.069, 1008.537, 892.413, 1038.551, 935.93, 954.909]] 
RATE (RPS) =====================================: 30

[[377.359, 425.914, 550.376, 445.02, 459.065, 474.175, 492.372, 555.284, 593.163, 637.733, 557.956, 644.337, 663.925, 582.762, 756.542, 722.739, 663.039, 684.654, 751.26, 784.605, 795.497, 748.419, 831.389, 794.803, 839.671, 861.244, 878.101, 891.918, 989.221, 928.723, 902.187, 1042.426, 1006.629]] 
RATE (RPS) =====================================: 31

[[448.74, 410.21, 417.774, 444.959, 451.772, 465.559, 468.911, 479.375, 496.316, 489.677, 499.176, 502.538, 504.089, 542.954, 510.509, 553.801, 569.089, 595.788, 558.96]] 
RATE (RPS) =====================================: 33

[[373.327, 408.056, 428.134, 396.988, 425.348, 391.7, 403.701, 417.061, 426.583, 433.741, 440.844, 448.543]] 
RATE (RPS) =====================================: 33

[[419.647, 473.904, 497.097, 465.095, 505.126, 553.9, 560.159, 597.825, 606.026, 617.109, 644.951, 685.05, 733.08, 757.766]] 
RATE (RPS) =====================================: 33

[[456.579, 435.222, 515.277, 462.131, 536.492, 570.141, 644.376, 594.819, 672.704, 717.785, 662.228, 722.586, 766.638, 831.46, 776.243, 852.579, 888.582]] 
RATE (RPS) =====================================: 33

[[376.706, 385.753, 385.497, 368.751, 366.524, 368.433, 359.896, 361.368, 348.161, 376.549, 375.855, 371.835, 381.604, 373.77, 365.334, 353.7, 348.669, 362.752, 368.332, 359.325, 352.117]] 
RATE (RPS) =====================================: 33

[[360.321, 363.364, 378.543, 356.371, 376.123, 356.47, 384.368, 394.875, 380.328, 387.023, 365.678, 358.277]] 
RATE (RPS) =====================================: 33

[[387.151, 388.558, 383.693, 360.402, 375.657, 399.193, 352.731, 380.314, 371.621, 386.781, 353.858, 367.231, 351.007, 389.578, 391.839, 380.138, 369.957, 363.522]] 
RATE (RPS) =====================================: 33

[[354.345, 375.871, 379.357, 367.711, 360.201, 391.655, 362.342, 365.524, 372.002, 372.4, 355.466, 348.895, 356.519, 350.693, 370.336, 364.173, 351.521, 361.406]] 
RATE (RPS) =====================================: 33

[[345.677, 347.664, 362.366, 364.688, 357.567, 388.898, 370.956, 369.597, 381.484, 402.693, 381.395, 383.63, 375.669, 357.876, 375.814, 383.572, 382.63, 379.632]] 
RATE (RPS) =====================================: 33

[[361.386, 366.8, 364.266, 362.512, 375.326, 364.091, 347.94, 359.217, 368.545, 349.779, 379.586, 362.946, 385.243, 349.758, 366.2, 377.165, 347.708, 361.769, 386.272, 367.128, 354.274]] 
RATE (RPS) =====================================: 34

[[346.436, 370.55, 345.625, 352.085, 381.003, 373.307, 384.466, 367.678, 350.718, 366.081, 351.512, 359.859, 354.884, 352.756, 357.004, 360.887, 346.247, 353.127, 366.364, 360.507]] 
RATE (RPS) =====================================: 34

[[373.847, 372.005, 365.482, 354.915, 352.652, 364.489, 366.579, 348.807, 382.553, 362.947, 362.664, 354.685]] 
RATE (RPS) =====================================: 34

[[358.505, 357.663, 357.67, 366.358, 383.84, 372.83, 361.608, 356.397, 372.935, 351.644, 349.194, 362.388, 359.22, 353.2, 361.782, 348.517, 350.167, 390.761, 359.711, 356.453]] 
RATE (RPS) =====================================: 34

[[368.01, 360.576, 359.095, 374.64, 379.798, 354.944, 358.624, 358.593, 359.659, 375.793, 360.695, 394.005, 365.425, 364.811, 388.529, 377.945, 357.449, 381.219, 374.943]] 
RATE (RPS) =====================================: 34

[[362.784, 397.974, 396.378, 376.415, 403.36, 361.133, 381.892, 358.639, 381.529, 381.894, 389.14, 392.395, 359.794, 361.675, 375.41, 349.748, 362.13, 359.322]] 
RATE (RPS) =====================================: 34

[[349.256, 346.627, 349.559, 382.767, 363.292, 347.325, 351.705, 364.532, 350.834, 346.894, 376.518, 370.726, 350.821, 352.41, 350.976, 358.768, 354.773, 352.285, 347.732]] 
RATE (RPS) =====================================: 34

[[351.51, 377.96, 379.029, 360.262, 357.012, 384.684, 381.304, 360.913, 359.12, 348.804, 361.952, 347.378]] 
RATE (RPS) =====================================: 34

[[361.726, 364.903, 378.059, 364.131, 356.763, 362.658, 360.817, 364.239, 369.168, 362.835, 355.838, 353.88, 345.32, 358.634, 372.209, 349.527, 345.604, 361.725, 360.583, 360.494, 358.628, 352.223, 349.942]] 
RATE (RPS) =====================================: 34

[[360.918, 351.219, 388.9, 355.678, 360.62, 359.044, 354.435, 350.152, 351.16, 364.771, 373.153, 356.373, 400.832, 366.421, 405.209, 354.44, 383.784, 369.317]] 
RATE (RPS) =====================================: 34

[[363.614, 357.675, 394.895, 387.158, 381.034, 353.683, 381.439, 367.666, 369.915, 349.259, 346.16, 387.585, 377.482, 367.746, 351.882, 376.973, 362.635, 353.943]] 
RATE (RPS) =====================================: 35

[[400.686, 358.919, 353.717, 450.059, 441.195, 435.438, 448.099, 436.997, 425.784, 424.784, 426.134, 395.087, 399.303, 391.512]] 
RATE (RPS) =====================================: 35

[[421.013, 406.682, 414.428, 393.014, 398.631, 379.854, 459.157, 448.722, 437.176, 453.643, 450.659, 466.981, 442.827, 404.421, 396.466, 390.856, 381.282, 380.253, 377.664, 453.412, 438.335]] 
RATE (RPS) =====================================: 35

[[504.32, 482.123, 448.603, 447.014, 434.492, 409.642, 395.485, 388.738, 446.809, 1521.5810000000001, 1502.993, 574.484, 615.76, 594.279, 604.835, 562.095, 549.228, 572.577, 537.705, 523.398]] 
RATE (RPS) =====================================: 33

[[450.624, 546.758, 536.628, 553.38, 524.554, 526.184, 492.268, 518.903, 505.824, 832.843, 503.112, 528.38, 528.69, 1043.763, 520.74, 485.791, 454.588, 497.178, 468.554, 711.187, 404.566]] 
RATE (RPS) =====================================: 34

[[391.833, 415.087, 396.806, 413.557, 395.457, 435.018, 410.411, 394.813, 372.619, 377.951, 387.094, 396.279, 412.33, 385.315, 366.664]] 
RATE (RPS) =====================================: 35

[[353.575, 380.121, 356.136, 362.773, 353.959, 359.346, 371.583, 359.044, 387.933, 379.299, 358.616, 429.443, 407.81, 384.882, 386.504, 373.532, 366.402]] 
RATE (RPS) =====================================: 35

[[357.598, 384.338, 373.141, 388.387, 374.4, 408.708, 397.507, 386.495, 357.616, 369.157]] 
RATE (RPS) =====================================: 35

[[380.081, 364.894, 395.332, 358.121, 378.539, 355.013, 367.546, 364.789, 372.001, 365.427, 367.679, 369.477, 386.54, 413.456, 380.5, 376.471, 384.183]] 
RATE (RPS) =====================================: 35

[[389.943, 372.307, 363.189, 370.283, 369.558, 374.614, 391.497, 382.172, 373.504, 402.63, 373.075, 371.724, 357.744, 389.537, 377.793, 366.829]] 
RATE (RPS) =====================================: 35

[[360.038, 366.776, 387.768, 379.147, 372.95, 385.75, 362.339, 429.394, 384.981, 349.093, 358.885, 368.312, 388.319, 375.015, 397.637, 378.603, 377.586, 384.067, 364.494, 353.829]] 
RATE (RPS) =====================================: 36

[[351.342, 375.742, 379.84, 364.14, 359.282, 363.996, 365.014, 358.902, 359.53, 394.897, 360.154, 346.607, 345.252, 345.278, 359.329]] 
RATE (RPS) =====================================: 36

[[392.875, 373.909, 371.059, 368.33, 365.308, 359.251, 379.126, 342.573, 363.171, 370.421, 357.276, 367.268, 358.207, 384.932, 355.268, 370.392]] 
RATE (RPS) =====================================: 36

[[361.7, 364.814, 363.797, 362.727, 351.269, 354.88, 351.516, 352.391, 356.524, 368.158, 353.545, 373.532, 358.361, 367.767, 369.507, 377.763, 367.938, 355.364, 361.986, 357.345, 357.674, 348.673]] 
RATE (RPS) =====================================: 36

[[389.015, 403.319, 394.674, 397.124, 410.215, 399.738, 392.904, 390.733, 384.084, 384.249, 379.504, 382.809, 373.711, 383.397, 358.683, 376.776, 363.959, 366.518]] 
RATE (RPS) =====================================: 36

[[363.197, 368.905, 351.542, 355.806, 366.416, 354.015, 360.589, 366.518, 361.054, 362.825, 370.547, 363.729, 358.863, 356.337, 348.372, 371.491, 387.062, 388.013, 341.968, 374.672, 369.481]] 
RATE (RPS) =====================================: 36

[[395.57, 387.693, 384.509, 372.173, 358.083, 373.801, 363.297, 345.649, 351.321, 369.194, 385.771, 383.979, 366.829, 363.994, 374.412, 352.253, 361.309, 360.234]] 
RATE (RPS) =====================================: 36

[[369.651, 369.598, 363.51, 386.462, 364.564, 360.592, 349.578, 372.034, 364.337, 350.981, 351.973, 359.619, 354.154, 353.547, 358.687]] 
RATE (RPS) =====================================: 36

[[352.831, 351.734, 350.065, 370.971, 361.564, 376.902, 363.387, 372.526, 354.791, 359.58, 349.77, 355.358, 383.497, 351.025, 358.69, 341.633, 351.967, 351.191, 349.671]] 
RATE (RPS) =====================================: 36

[[340.743, 347.753, 379.973, 375.569, 364.723, 371.437, 385.869, 361.868, 376.305, 359.995, 367.048, 358.448, 357.337, 355.303, 368.107, 349.042, 369.723, 358.928]] 
RATE (RPS) =====================================: 36

[[400.23, 372.002, 370.51, 371.237, 369.641, 407.532, 356.533, 389.434, 380.995, 367.847, 383.218, 356.294, 363.276, 344.707, 387.821, 386.729, 365.482, 399.064, 359.648, 353.74, 368.302, 357.914]] 
RATE (RPS) =====================================: 37

[[384.921, 380.106, 392.592, 394.892, 381.947, 368.222, 387.079, 412.039, 397.552, 392.676, 366.98, 385.422, 365.997, 383.932, 380.579, 383.062, 354.45, 1092.481, 367.004, 355.194, 372.688, 357.261]] 
RATE (RPS) =====================================: 36

[[406.675, 398.996, 388.931, 388.322, 382.985, 381.438, 378.933, 379.195, 382.754, 357.6, 366.87, 359.744, 357.689, 355.796, 374.661, 359.668, 353.031, 400.095, 352.708, 366.561]] 
RATE (RPS) =====================================: 37

[[375.532, 366.725, 377.176, 373.101, 414.461, 365.589, 402.449, 394.453, 392.888, 377.296, 386.874, 370.106, 375.146, 365.225, 388.331, 368.712, 391.511, 365.705, 382.897, 371.021]] 
RATE (RPS) =====================================: 37

[[351.138, 362.582, 366.296, 378.644, 383.095, 386.224, 377.38, 382.108, 362.86, 364.583, 359.493, 384.11, 351.891, 369.449, 367.111, 378.621, 364.849, 361.39, 364.52, 359.176, 363.1, 360.134, 368.26, 347.297, 374.319]] 
RATE (RPS) =====================================: 37

[[355.318, 358.517, 352.763, 376.759, 373.489, 360.669, 386.101, 375.88, 354.218, 363.11, 376.444, 376.915, 389.662, 375.523, 396.887, 383.396, 384.698, 378.089]] 
RATE (RPS) =====================================: 37

[[363.6, 373.205, 358.31, 385.12, 364.09, 364.092, 354.98, 356.459, 362.067, 365.969, 365.094, 365.175, 371.475, 367.482, 359.13, 371.81]] 
RATE (RPS) =====================================: 37

[[349.058, 459.334, 400.11, 386.281, 376.491, 376.346, 374.701, 370.713, 365.236, 365.392, 375.943, 355.563, 353.86, 382.193, 366.999, 370.126, 356.457, 371.111, 368.879, 355.283]] 
RATE (RPS) =====================================: 37

[[372.806, 352.085, 357.998, 366.46, 364.168, 376.848, 355.338, 371.094, 350.439, 346.52, 349.953, 345.471, 343.019, 343.807]] 
RATE (RPS) =====================================: 37

[[379.772, 356.533, 385.545, 375.959, 363.806, 350.966, 379.141, 359.796, 359.075, 365.698, 363.244, 364.542, 410.545, 343.517, 376.842, 371.792, 371.016, 374.891, 363.771, 369.878, 358.431, 346.212]] 
RATE (RPS) =====================================: 37

[[395.285, 364.585, 380.569, 372.735, 378.861, 382.629, 401.784, 364.794, 384.938, 369.933, 354.284, 359.68, 353.937, 391.534, 380.098, 368.807, 373.815, 377.434, 355.248, 367.59, 355.905, 353.85]] 
RATE (RPS) =====================================: 38

[[388.093, 385.104, 391.208, 363.735, 360.153, 367.139, 359.49, 357.134, 354.134, 357.203, 349.689, 370.122, 353.576, 366.421]] 
RATE (RPS) =====================================: 38

[[379.937, 377.433, 375.599, 371.928, 371.527, 371.758, 362.069, 380.605, 372.635, 359.747, 370.367, 356.217, 346.685, 376.265, 347.481, 397.488, 369.271, 377.355, 379.145, 374.565, 367.368, 353.61, 370.655, 370.176, 381.223, 355.084, 390.389, 362.339]] 
RATE (RPS) =====================================: 38

[[367.008, 366.43, 352.493, 363.96, 369.359, 344.153, 357.709, 369.029, 368.055, 358.431, 360.17, 346.988, 350.482, 340.364]] 
RATE (RPS) =====================================: 38

[[372.821, 371.183, 375.123, 359.262, 349.413, 364.409, 378.172, 368.583, 378.098, 354.214, 371.109, 360.642, 342.244, 348.481, 385.126, 388.855, 352.385, 371.201, 348.825, 351.944, 356.259, 357.977, 346.799, 359.495, 345.491, 369.841, 348.801, 347.878]] 
RATE (RPS) =====================================: 38

[[364.353, 365.096, 370.179, 367.743, 359.539, 363.08, 368.51, 354.414, 357.89, 359.282, 351.777, 360.415, 358.72, 373.752, 370.501, 360.876, 371.624]] 
RATE (RPS) =====================================: 38

[[393.481, 394.489, 387.437, 385.486, 378.297, 385.071, 383.727, 386.812, 381.024, 352.791, 371.085, 362.39]] 
RATE (RPS) =====================================: 38

[[354.802, 355.982, 363.102, 360.229, 358.447, 359.964, 375.631, 368.524, 371.254, 350.236, 365.921, 364.077, 360.82, 349.598, 362.375, 378.118, 369.356, 354.731, 343.114]] 
RATE (RPS) =====================================: 38

[[372.345, 371.291, 368.425, 370.723, 386.26, 361.087, 373.722, 363.921, 352.816, 387.528, 373.401, 346.572, 356.198, 352.257, 368.784, 346.403, 375.532, 356.484, 388.905, 371.945, 383.146, 358.774, 345.926, 349.366, 351.261, 343.979, 358.722, 342.724]] 
RATE (RPS) =====================================: 38

[[365.599, 364.792, 352.726, 360.207, 358.691, 356.264, 361.737, 364.189, 371.322, 361.908, 363.84, 378.721, 356.555, 387.091, 365.172, 348.969, 377.066, 370.858, 352.372, 348.662, 346.703, 346.613, 368.868, 361.399, 364.777]] 
RATE (RPS) =====================================: 38

[[391.853, 357.068, 383.548, 353.306, 365.802, 361.981, 364.8, 370.371, 347.865, 352.573, 374.983, 366.331, 360.502, 385.624, 355.354, 347.922, 359.476]] 
RATE (RPS) =====================================: 39

[[345.565, 367.096, 355.567, 354.615, 355.666, 353.57, 375.526, 374.648, 349.085, 352.944, 367.393, 349.919, 377.721, 347.2, 344.844, 364.135, 347.099, 373.571, 365.315]] 
RATE (RPS) =====================================: 39

[[388.332, 376.642, 370.334, 403.034, 386.839, 377.815, 371.652, 375.888, 365.69, 360.03, 354.911, 352.477, 353.984, 428.9, 364.287, 370.754, 371.656, 369.778, 375.551]] 
RATE (RPS) =====================================: 39

[[349.38, 360.275, 357.733, 395.857, 393.757, 367.407, 359.546, 355.59, 377.613, 364.043, 356.326]] 
RATE (RPS) =====================================: 39

[[359.303, 373.327, 350.369, 375.357, 370.135, 354.041, 390.543, 381.614, 364.906, 361.754, 367.466, 355.525, 353.282, 347.329, 370.922, 346.319, 369.027, 359.018, 363.82, 368.22, 347.527, 361.597, 361.609, 344.251, 359.199, 361.515, 363.228]] 
RATE (RPS) =====================================: 39

[[406.356, 386.667, 385.816, 370.125, 408.307, 402.239, 405.259, 399.337, 378.967, 368.108, 354.77, 386.499, 353.22, 371.748, 368.881, 367.395, 347.2]] 
RATE (RPS) =====================================: 39

[[375.56, 373.863, 366.88, 393.403, 362.682, 362.375, 357.516, 376.114, 350.659, 360.965, 347.22]] 
RATE (RPS) =====================================: 39

[[358.502, 350.517, 370.292, 351.803, 360.495, 364.237, 354.61, 352.617, 353.703, 376.512, 360.051, 359.299, 350.227, 353.358, 377.865, 350.221, 358.226, 369.259, 372.064]] 
RATE (RPS) =====================================: 39

[[349.965, 357.485, 367.772, 357.544, 365.876, 367.98, 364.484, 397.882, 389.535, 381.298, 372.983, 381.795, 365.408, 354.722, 364.581, 348.933, 354.352, 362.181, 360.892, 360.058, 364.104, 365.837, 351.287, 365.998, 363.764]] 
RATE (RPS) =====================================: 39

[[374.557, 359.82, 362.009, 372.138, 371.758, 361.262, 364.652, 376.39, 369.854, 375.399, 361.057, 366.174, 381.999, 354.552, 376.224, 375.964, 375.025, 378.389, 347.658, 371.492, 356.422, 357.797, 374.902]] 
RATE (RPS) =====================================: 39

[[451.791, 464.313, 436.815, 441.619, 443.436, 431.425, 425.616, 410.18, 402.839, 397.358, 395.288, 397.811, 355.842, 433.055, 424.267, 408.65, 413.185, 399.474, 351.319, 378.8]] 
RATE (RPS) =====================================: 40

[[365.033, 351.941, 349.03, 359.538, 390.397, 381.774, 373.997, 353.613, 357.848, 373.838, 359.18, 376.351, 367.153, 362.915, 370.22, 381.082, 380.096, 369.443, 359.04]] 
RATE (RPS) =====================================: 40

[[369.475, 361.467, 361.901, 369.658, 348.976, 366.066, 391.77, 380.907, 366.615, 375.676, 376.136, 394.243, 376.975, 445.161, 431.871, 432.592, 428.893, 431.42, 433.354, 409.182, 398.818, 395.764]] 
RATE (RPS) =====================================: 40

[[366.531, 402.148, 388.039, 362.86, 378.974, 382.233, 372.816, 366.415, 410.118, 362.287, 351.141, 382.191, 370.115, 359.586, 363.613, 348.291, 375.335]] 
RATE (RPS) =====================================: 40

[[356.611, 353.397, 357.69, 359.607, 358.67, 353.954, 361.115, 357.519, 373.756, 378.059, 364.006, 351.162, 360.565, 381.786, 357.551, 421.995, 431.958, 412.305, 411.971, 403.265, 386.547]] 
RATE (RPS) =====================================: 40

[[348.298, 352.118, 387.447, 389.603, 382.511, 364.794, 379.283, 366.759, 362.996, 359.108, 372.004, 367.613, 346.157, 350.112, 360.48, 349.166, 351.716, 351.464, 348.194, 347.094]] 
RATE (RPS) =====================================: 40

[[364.978, 360.176, 346.067, 344.117, 365.11, 373.295, 364.204, 356.793, 355.074, 395.643, 389.358, 384.082, 347.863, 376.951, 370.122, 377.693, 393.894, 373.342, 348.109, 348.631, 345.694, 351.112, 352.047, 359.447]] 
RATE (RPS) =====================================: 40

[[346.541, 366.397, 363.042, 359.264, 374.046, 354.016, 370.083, 366.176, 348.888, 346.046, 374.094, 350.427, 374.372, 361.11, 369.719, 366.857, 355.242, 385.149, 364.517, 360.042, 372.054, 346.837, 346.513, 347.735]] 
RATE (RPS) =====================================: 40

[[374.851, 363.143, 381.24, 420.305, 449.348, 362.286, 356.889, 357.49, 366.886, 358.002, 362.553, 368.928, 369.675, 362.991, 345.295, 346.722, 357.915, 361.903, 376.805, 368.761, 384.591, 389.681, 352.82, 375.625, 373.759]] 
RATE (RPS) =====================================: 40

[[383.73, 382.239, 382.269, 375.495, 349.194, 356.202, 362.02, 360.671, 382.871, 384.035, 365.435, 368.371, 364.528, 356.41, 345.492, 341.289, 372.711, 361.267, 363.088, 354.719, 356.735, 357.121, 345.596, 356.627, 362.304, 345.111]] 
RATE (RPS) =====================================: 40

[[418.837, 407.345, 402.187, 389.538, 386.001, 381.549, 369.651, 378.383, 373.997, 401.67, 387.019, 377.752, 389.726, 381.682, 359.6, 362.031, 387.902, 364.771, 372.395, 365.987, 352.533, 349.63, 365.282, 350.405, 352.963, 349.969, 374.573, 376.715, 356.709, 365.202]] 
RATE (RPS) =====================================: 45

[[368.641, 371.308, 363.34, 368.743, 364.901, 382.962, 381.617, 370.078, 355.789, 380.332, 374.466, 361.713, 367.743, 364.793, 353.049, 353.719, 375.32, 373.813, 352.535]] 
RATE (RPS) =====================================: 45

[[412.604, 410.255, 400.573, 395.209, 386.603, 383.739, 377.677, 369.056, 364.485, 354.766, 354.406, 347.714, 365.476, 360.926, 349.622, 364.036, 356.261, 359.593, 349.026, 396.472, 347.526, 368.841, 356.905]] 
RATE (RPS) =====================================: 45

[[372.135, 369.357, 388.667, 389.624, 377.653, 369.909, 372.964, 396.767, 394.633, 370.505, 399.057, 382.475, 365.935, 396.63, 394.014, 366.794, 386.361, 370.838, 422.114, 398.695, 382.881, 367.37, 361.796, 351.591, 350.455]] 
RATE (RPS) =====================================: 45

[[371.029, 428.804, 423.269, 392.396, 398.611, 388.192, 384.355, 393.462, 373.338, 360.372, 365.065, 366.997, 381.237, 361.6, 374.722, 378.889, 360.595, 347.89, 371.106, 358.041, 363.059, 362.376, 380.218, 389.71, 359.267, 364.922, 360.142]] 
RATE (RPS) =====================================: 45

[[360.193, 373.255, 391.2, 394.536, 372.36, 391.925, 354.696, 369.763, 372.2, 360.86, 352.981, 369.222, 343.521, 355.387, 352.418, 374.888, 359.243, 345.542, 366.182, 350.609, 366.016, 354.842]] 
RATE (RPS) =====================================: 45

[[356.341, 372.586, 365.293, 351.659, 383.065, 366.595, 378.474, 353.614, 360.127, 354.812, 347.659, 378.383, 394.852, 372.575, 361.472, 377.205, 359.519, 370.177, 350.123]] 
RATE (RPS) =====================================: 45

[[352.955, 349.353, 355.959, 363.019, 363.076, 357.028, 383.128, 358.563, 368.007, 366.575, 364.12, 356.757, 353.169, 371.456, 364.631, 351.488, 358.149, 370.838, 359.371, 374.254, 378.103, 369.945, 353.436, 381.639]] 
RATE (RPS) =====================================: 45

[[367.655, 370.047, 350.933, 365.731, 383.187, 374.225, 349.211, 391.36, 357.49, 361.893, 375.302, 357.126, 364.327, 361.635, 364.514, 364.072, 373.943, 346.474, 352.728, 350.226, 345.792]] 
RATE (RPS) =====================================: 45

[[417.653, 405.525, 891.419, 870.325, 885.502, 893.114, 886.157, 905.814, 2070.826, 883.482, 1625.295, 982.598, 1816.3229999999999, 1626.1509999999998, 1945.617, 1610.8139999999999, 1532.476, 1534.85, 2191.343, 1538.513, 2294.443, 1494.098, 1970.853, 1466.901]] 
RATE (RPS) =====================================: 31

[[434.033, 439.578, 431.507, 454.413, 437.392, 448.787, 425.718, 404.156, 411.989, 397.727, 1065.03, 376.045, 359.605, 385.399, 363.872, 383.67, 495.985, 517.527, 541.958, 1382.894, 509.06, 504.323, 505.189, 505.955]] 
RATE (RPS) =====================================: 48

[[432.147, 427.414, 413.063, 401.468, 440.58, 479.01, 397.595, 377.879, 376.922, 1882.8139999999999, 353.731, 1662.35, 388.524, 988.106, 1143.2069999999999, 394.65, 1844.016, 1841.577, 965.798, 393.906, 1724.252, 2027.002, 1164.085, 395.089, 2012.941, 1801.424, 1428.816, 1141.952, 775.05, 1463.627, 944.672, 1780.7179999999998, 1837.779, 1709.412, 448.574, 444.124, 1827.279, 1438.592, 472.178, 1369.172, 397.381, 1466.46, 1685.301, 386.488, 1390.176, 424.804, 1029.675, 1484.686, 1539.1390000000001, 1188.784]] 
RATE (RPS) =====================================: 24

[[442.226, 500.404, 504.527, 478.64, 496.472, 539.498, 497.057, 484.617, 570.167, 735.459, 667.66, 488.761, 592.474, 771.825, 903.13, 955.9, 810.514, 2025.866, 987.217, 448.544, 428.907, 1293.2930000000001, 976.392, 1027.061, 1084.732, 1803.536, 1425.874, 1118.419, 1853.5900000000001, 1662.127, 1136.502, 1159.554, 1218.103, 1745.78, 977.681, 1254.601, 1311.708, 385.971, 1363.507, 951.386, 1398.472, 1456.219, 1088.025, 1226.87, 1500.679, 1619.717, 1547.938, 364.457, 371.417, 1593.033]] 
RATE (RPS) =====================================: 26

[[413.317, 461.461, 458.685, 449.612, 454.517, 1214.737, 446.2, 446.401, 529.287, 440.281, 445.117, 756.403, 673.658, 1328.33, 835.846, 524.578, 521.859, 769.068, 825.141, 1133.512, 872.015, 1061.755, 989.271, 921.573, 1155.562, 1209.0720000000001, 470.378, 466.127, 475.896, 1373.062, 1242.2359999999999, 465.34, 1285.601, 1476.453, 480.098, 1396.12, 467.549, 1526.405, 1590.5520000000001, 1798.7820000000002, 1860.729, 1643.248, 1705.624, 1832.991, 408.237, 1994.442, 1963.596, 2019.324, 1869.106, 543.089]] 
RATE (RPS) =====================================: 28

[[409.624, 360.443, 418.311, 412.181, 413.438, 356.908, 387.197, 400.402, 387.464, 386.312, 352.072, 371.328, 376.934, 367.791, 359.031, 354.852, 361.222, 366.953, 360.044, 355.098, 393.437, 369.49, 377.269, 371.504, 365.284, 362.917, 363.088, 367.644, 362.159, 360.811, 363.526, 369.956, 353.67, 404.462, 398.151, 355.831, 429.153, 404.718, 401.418, 415.606, 402.245, 410.699, 399.288, 403.392, 395.022, 384.302, 373.123, 381.392, 364.031, 365.573]] 
RATE (RPS) =====================================: 50

[[372.786, 409.294, 389.859, 353.739, 381.106, 368.205, 373.884, 367.513, 387.492, 375.837, 355.828, 365.534, 365.334, 397.258, 354.362, 379.701, 349.401, 373.759, 369.719, 386.245, 373.521, 388.303, 362.72, 359.51, 396.558, 376.295, 359.975, 370.547, 367.679, 377.402, 363.976, 391.726, 380.361, 385.471, 380.8, 383.646, 379.531, 379.831, 364.563, 366.097, 367.245, 375.164, 352.439, 390.647, 383.493, 381.469, 366.122, 363.336, 364.237, 358.638]] 
RATE (RPS) =====================================: 50

[[436.871, 376.263, 370.754, 360.934, 373.266, 383.812, 364.319, 363.464, 390.254, 393.275, 388.87, 379.96, 390.159, 376.952, 376.367, 360.796, 376.427, 361.358, 380.303, 402.917, 370.316, 373.46, 384.34, 1777.004, 384.965, 400.813, 381.245, 380.429, 385.927, 370.99, 384.501, 389.084, 379.04, 375.966, 380.441, 364.159, 356.368, 383.856, 374.857, 1785.774, 1947.962, 1775.951, 1084.104, 1552.818, 398.827, 387.152, 387.465, 376.092, 1973.897, 1351.5140000000001]] 
RATE (RPS) =====================================: 42

[[423.299, 420.038, 364.011, 364.974, 394.668, 379.173, 373.157, 357.333, 376.926, 356.526, 395.167, 389.441, 381.663, 367.589, 361.928, 364.567, 345.37, 345.707, 374.348, 351.701, 403.519, 364.085, 357.355, 356.854, 357.559, 367.802, 380.357, 377.441, 363.91, 354.613]] 
RATE (RPS) =====================================: 50

[[371.34, 356.062, 419.098, 349.288, 374.196, 407.425, 389.057, 367.118, 361.824, 393.432, 370.361, 359.231, 410.065, 389.256, 411.419, 381.383, 380.259, 380.999, 369.837, 361.928, 396.986, 366.438, 357.225, 400.657, 375.915, 391.087, 383.845, 353.063, 367.013, 393.101]] 
RATE (RPS) =====================================: 50

[[390.342, 386.076, 371.751, 353.635, 353.018, 364.525, 367.464, 361.14, 354.904, 367.434, 357.374, 349.41, 400.459, 386.06, 381.407, 379.341, 365.506, 361.497, 361.403, 355.395, 352.883, 362.386, 348.245, 362.16, 350.107, 394.831]] 
RATE (RPS) =====================================: 50

[[370.98, 364.1, 389.271, 370.47, 407.042, 375.454, 367.636, 374.748, 366.586, 408.983, 389.534, 386.116, 369.555, 463.147, 349.147, 458.823, 381.701, 394.442, 480.881, 388.322, 397.924, 385.511, 364.005, 376.386, 457.558, 363.877, 503.002, 532.083, 402.603]] 
RATE (RPS) =====================================: 55

[[398.307, 389.288, 387.696, 397.36, 387.391, 395.666, 432.57, 480.75, 367.173, 529.888, 358.927, 430.666, 556.434, 596.038, 627.938, 385.107, 379.754, 387.831, 391.691, 403.521, 638.495, 376.579, 389.985, 577.446, 642.34, 674.122, 368.779, 1790.7, 396.605, 664.849]] 
RATE (RPS) =====================================: 54

[[427.27, 354.575, 412.833, 421.91, 372.473, 431.423, 370.99, 477.056, 552.971, 547.777, 365.791, 537.482, 592.844, 418.948, 592.967, 644.997, 680.104, 356.421, 720.543, 837.634, 775.856, 877.982, 928.763, 349.688, 962.702, 354.537]] 
RATE (RPS) =====================================: 55

[[439.812, 427.476, 410.405, 405.94, 405.075, 438.825, 564.532, 493.046, 613.313, 357.565, 361.741, 657.962, 375.849, 701.113, 821.501, 748.438, 858.527, 901.866, 374.988, 965.421, 390.762, 993.469, 997.375, 1047.842, 395.615, 1070.615, 1158.741, 1099.955, 358.272]] 
RATE (RPS) =====================================: 51

[[448.226, 490.938, 628.6, 531.419, 417.055, 396.44, 617.322, 630.615, 360.119, 714.304, 614.577, 391.954, 733.973, 369.176, 393.463, 703.187, 751.464, 868.927, 791.374, 383.521, 360.868, 869.47, 901.757, 1074.621, 958.468, 997.332]] 
RATE (RPS) =====================================: 54

[[452.846, 376.86, 363.584, 406.921, 420.496, 461.228, 429.068, 440.16, 562.916, 491.434, 385.802, 615.639, 869.825, 676.475, 730.602, 623.466, 959.831, 521.833, 737.805, 463.428, 833.331, 490.815, 971.894, 463.866, 993.326, 999.807, 1079.91, 616.918, 1197.157, 607.205]] 
RATE (RPS) =====================================: 53

[[549.703, 396.01, 363.921, 576.93, 752.214, 365.985, 364.004, 767.179, 571.37, 767.569, 411.358, 815.956, 358.413, 884.244, 924.943, 998.283, 1135.398, 369.738, 385.446, 1442.455, 1314.123, 1568.4969999999998, 379.957, 351.723, 1784.797, 1669.499, 378.177, 389.651, 400.397, 462.82, 481.008, 458.198]] 
RATE (RPS) =====================================: 49

[[426.689, 401.309, 465.352, 367.146, 492.854, 385.534, 383.072, 395.065, 440.116, 399.725, 416.699, 393.862, 540.017, 473.623, 391.796, 393.936, 448.472, 409.262, 380.142, 428.768]] 
RATE (RPS) =====================================: 55

[[423.333, 384.581, 384.126, 382.848, 385.617, 390.439, 394.647, 659.215, 510.995, 447.22, 554.459, 676.996, 701.462, 732.259, 765.246, 397.175]] 
RATE (RPS) =====================================: 55

[[389.758, 390.578, 390.746, 412.692, 408.005, 492.788, 393.297, 517.055, 373.466, 406.161, 412.677, 590.116, 398.592, 445.002, 442.895, 562.236, 504.118, 409.692, 456.639, 479.206, 544.295, 511.932, 549.044, 666.338, 456.961, 554.027, 674.3]] 
RATE (RPS) =====================================: 55

[[440.881, 378.476, 382.164, 525.61, 395.93, 450.162, 513.156, 583.373, 402.386, 392.244, 598.562, 394.78, 632.794, 404.032, 379.343, 635.423, 408.19, 426.008, 664.055, 414.849, 646.817, 409.967, 389.81, 395.824]] 
RATE (RPS) =====================================: 60

[[426.591, 434.938, 410.231, 437.555, 501.931, 583.221, 507.121, 649.808, 414.999, 646.417, 382.278, 643.751, 695.317, 734.439, 783.681, 390.162, 824.284, 379.014, 383.044, 379.095, 355.655, 379.365, 821.791, 416.939, 392.285, 881.307, 812.5, 924.097]] 
RATE (RPS) =====================================: 60

[[388.557, 512.764, 403.546, 391.222, 436.475, 420.987, 510.459, 564.07, 380.74, 378.706, 553.23, 457.056, 418.11, 385.065, 463.592, 499.203, 411.023, 377.75, 453.622]] 
RATE (RPS) =====================================: 60

[[456.588, 358.54, 481.87, 510.263, 390.205, 539.462, 642.377, 406.372, 479.921, 470.529, 594.117, 653.114, 585.266, 404.721, 643.781, 390.882, 679.456, 362.93, 361.82, 675.992, 383.666, 358.291]] 
RATE (RPS) =====================================: 60

[[371.34, 379.394, 440.225, 458.017, 373.939, 407.947, 482.677, 559.788, 539.693, 380.06, 355.26, 390.124, 591.744, 523.261, 620.945, 673.737, 382.406, 691.274, 354.685, 380.806, 371.697, 363.006, 671.887, 705.003]] 
RATE (RPS) =====================================: 60

[[430.722, 581.727, 454.351, 470.809, 526.763, 476.834, 569.788, 618.308, 665.202, 413.099, 408.527, 670.563, 387.687, 664.917, 676.336, 497.143, 506.596, 467.442, 427.368]] 
RATE (RPS) =====================================: 60

[[468.053, 465.17, 380.695, 418.482, 487.892, 505.806, 390.193, 377.507, 384.003, 469.886, 570.679, 473.507, 372.671, 368.121, 550.647, 363.933, 595.459, 371.097, 558.688]] 
RATE (RPS) =====================================: 60

[[383.129, 453.444, 372.547, 445.906, 390.586, 472.55, 524.372, 363.852, 559.45, 374.725, 598.8, 384.988, 571.261, 610.609, 360.814, 610.308, 658.799, 718.134, 757.417, 364.604, 348.61]] 
RATE (RPS) =====================================: 60

[[422.986, 485.42, 421.783, 525.608, 373.702, 350.898, 1158.561, 504.268, 488.914, 470.114, 460.028, 464.796, 454.305, 377.63, 1280.321, 372.915, 1563.027, 426.663, 384.927, 1392.487, 438.541, 485.345, 360.783]] 
RATE (RPS) =====================================: 56

[[373.04, 415.53, 360.12, 382.367, 375.39, 467.088, 515.241, 377.964, 383.117, 505.008, 381.806, 573.787, 616.251, 664.874, 376.622, 384.503, 668.126, 391.359, 709.992, 371.299, 400.473, 378.554, 400.16, 381.658, 647.846, 369.366, 625.29, 660.159]] 
RATE (RPS) =====================================: 60

[[352.855, 441.225, 361.612, 363.044, 524.673, 461.267, 396.434, 370.667, 361.735, 430.462, 481.739, 399.384, 449.339, 374.485, 369.353, 359.603, 378.164, 349.843, 402.657, 378.227, 361.155]] 
RATE (RPS) =====================================: 65

[[367.068, 377.264, 403.137, 380.117, 378.411, 403.875, 376.574, 389.724, 369.219, 365.878, 398.548, 374.984, 374.08, 414.872, 402.464, 371.759, 356.575, 393.523, 384.805, 372.886, 364.308, 371.046, 428.33, 407.823, 391.391, 363.617, 378.097, 382.362, 367.648, 357.195]] 
RATE (RPS) =====================================: 65

[[358.682, 373.105, 409.315, 423.732, 412.513, 401.156, 383.092, 361.895, 367.025, 382.098, 392.783, 386.114, 432.908, 365.275, 378.045, 406.773, 373.817, 390.992, 364.622, 383.838, 366.763, 371.215, 373.164, 392.931, 367.989, 369.284, 375.318]] 
RATE (RPS) =====================================: 65

[[370.095, 350.49, 400.413, 359.118, 395.271, 431.799, 453.902, 411.798, 415.61, 377.183, 370.0, 390.256, 363.678, 377.11, 363.975, 361.81, 362.166, 404.126, 397.844, 385.292, 373.965, 429.322, 352.37, 409.089, 405.65, 424.24, 367.84, 413.649, 363.11, 395.361]] 
RATE (RPS) =====================================: 65

[[410.713, 427.004, 414.092, 400.794, 374.75, 367.667, 380.961, 398.705, 363.239, 378.996, 384.283, 363.818, 356.249, 360.491, 388.685, 373.384, 352.742, 359.37, 384.938, 370.703, 381.295, 455.193, 358.935, 443.547, 431.822, 387.541, 363.131]] 
RATE (RPS) =====================================: 65

[[385.56, 379.597, 376.645, 358.744, 397.275, 378.982, 372.025, 372.038, 362.264, 359.012, 356.619, 374.236, 381.321, 421.335, 365.289, 355.136, 365.08, 382.853, 374.839, 361.721, 400.629, 389.668, 393.14, 388.05, 378.645]] 
RATE (RPS) =====================================: 65

[[356.062, 383.298, 410.909, 394.05, 391.874, 391.777, 390.223, 387.851, 394.335, 382.566, 389.362, 376.838, 399.642, 387.017, 375.596, 367.093, 423.892, 390.181, 420.18, 379.872, 382.323, 370.717, 377.733]] 
RATE (RPS) =====================================: 65

[[377.899, 383.676, 374.602, 396.45, 391.289, 354.354, 377.312, 357.632, 364.757, 363.923, 379.754, 374.483, 364.38, 374.817, 351.734, 347.229, 367.831, 384.37, 363.962, 404.005, 358.238, 372.102, 382.355, 381.04, 354.152, 364.578]] 
RATE (RPS) =====================================: 65

[[384.458, 383.012, 365.738, 361.5, 389.973, 390.088, 372.387, 377.444, 375.093, 374.144, 383.661, 388.68, 382.442, 352.887, 380.155, 390.365, 365.477, 370.185, 395.007, 353.703, 397.224, 371.163, 366.696, 363.882, 359.259, 349.313]] 
RATE (RPS) =====================================: 65

[[420.221, 394.53, 385.502, 382.145, 379.423, 379.746, 364.504, 368.638, 383.885, 373.12, 375.464, 383.169, 374.67, 356.344, 378.037, 398.594, 388.106, 379.862, 358.358, 349.446, 353.568, 367.017, 368.455, 359.423, 374.098]] 
RATE (RPS) =====================================: 65

average response time [0]387.085
average response time [1]347.448
average response time [2]348.525
average response time [3]385.26
average response time [4]376.794
average response time [5]387.543
average response time [6]349.055
average response time [7]391.913
average response time [8]345.486
average response time [9]375.747
TOTAL AVERAGE RESPONSE TIME ====================: 369.4856
NUMBER OF THREADS ==============================: 1
TOTAL AVERAGE RATE (RPS) =====================================: 1.0
average response time [10]405.082
average response time [11]387.5275
average response time [12]382.4405
average response time [13]381.797
average response time [14]393.174
average response time [15]389.2585
average response time [16]386.054
average response time [17]391.466
average response time [18]409.26099999999997
average response time [19]417.84450000000004
TOTAL AVERAGE RESPONSE TIME ====================: 394.39050000000003
NUMBER OF THREADS ==============================: 2
TOTAL AVERAGE RATE (RPS) =====================================: 2.0
average response time [20]429.659
average response time [21]477.12275
average response time [22]467.7255
average response time [23]370.2915
average response time [24]361.17925
average response time [25]352.28375
average response time [26]369.42625
average response time [27]372.20000000000005
average response time [28]365.35
average response time [29]357.80875000000003
TOTAL AVERAGE RESPONSE TIME ====================: 392.304675
NUMBER OF THREADS ==============================: 4
TOTAL AVERAGE RATE (RPS) =====================================: 4.0
average response time [30]366.513875
average response time [31]353.413875
average response time [32]364.39925
average response time [33]380.544625
average response time [34]352.9525
average response time [35]360.7515
average response time [36]400.87537499999996
average response time [37]481.522375
average response time [38]446.11175000000003
average response time [39]443.986
TOTAL AVERAGE RESPONSE TIME ====================: 395.10711249999997
NUMBER OF THREADS ==============================: 8
TOTAL AVERAGE RATE (RPS) =====================================: 8.0
average response time [40]505.798875
average response time [41]528.1318125
average response time [42]491.8343125
average response time [43]509.126125
average response time [44]586.21575
average response time [45]546.351
average response time [46]516.74575
average response time [47]498.2330625
average response time [48]518.7065
average response time [49]556.9018125
TOTAL AVERAGE RESPONSE TIME ====================: 525.8045000000001
NUMBER OF THREADS ==============================: 16
TOTAL AVERAGE RATE (RPS) =====================================: 15.9
average response time [50]805.88465625
average response time [51]693.329
average response time [52]690.39746875
average response time [53]719.6735
average response time [54]752.9426875
average response time [55]661.4894375
average response time [56]668.47065625
average response time [57]664.79425
average response time [58]824.73090625
average response time [59]700.032375
TOTAL AVERAGE RESPONSE TIME ====================: 718.1744937499999
NUMBER OF THREADS ==============================: 32
TOTAL AVERAGE RATE (RPS) =====================================: 29.6
average response time [60]707.045696969697
average response time [61]495.27352631578947
average response time [62]416.16883333333334
average response time [63]579.7667857142857
average response time [64]653.2848235294117
average response time [65]367.1871904761905
average response time [66]371.81175
average response time [67]375.1795
average response time [68]364.4676111111111
average response time [69]372.87822222222223
TOTAL AVERAGE RESPONSE TIME ====================: 470.30639396720414
NUMBER OF THREADS ==============================: 33
TOTAL AVERAGE RATE (RPS) =====================================: 32.8
average response time [70]364.66242857142856
average response time [71]360.0548
average response time [72]363.46875
average response time [73]361.54215
average response time [74]369.1975263157895
average response time [75]375.08955555555553
average response time [76]356.2
average response time [77]364.16066666666666
average response time [78]359.5611304347826
average response time [79]367.02366666666666
TOTAL AVERAGE RESPONSE TIME ====================: 364.0960674210889
NUMBER OF THREADS ==============================: 34
TOTAL AVERAGE RATE (RPS) =====================================: 34.0
average response time [80]368.37466666666666
average response time [81]413.4081428571429
average response time [82]418.8321904761905
average response time [83]605.80805
average response time [84]554.0245238095238
average response time [85]396.74893333333335
average response time [86]374.76223529411766
average response time [87]379.7347
average response time [88]375.29699999999997
average response time [89]376.6499375
TOTAL AVERAGE RESPONSE TIME ====================: 426.3640379936975
NUMBER OF THREADS ==============================: 35
TOTAL AVERAGE RATE (RPS) =====================================: 34.7
average response time [90]376.24915
average response time [91]361.95366666666666
average response time [92]367.460375
average response time [93]360.7832272727273
average response time [94]385.0784444444445
average response time [95]363.8762857142857
average response time [96]369.44838888888887
average response time [97]361.9524666666667
average response time [98]358.27121052631577
average response time [99]363.7872777777778
TOTAL AVERAGE RESPONSE TIME ====================: 366.8860492957773
NUMBER OF THREADS ==============================: 36
TOTAL AVERAGE RATE (RPS) =====================================: 36.0
average response time [100]373.2798181818182
average response time [101]411.6852727272727
average response time [102]374.6326
average response time [103]380.2599
average response time [104]367.5452
average response time [105]373.2465555555556
average response time [106]365.503625
average response time [107]374.0038
average response time [108]356.8575714285714
average response time [109]367.77145454545456
TOTAL AVERAGE RESPONSE TIME ====================: 374.4785797438673
NUMBER OF THREADS ==============================: 37
TOTAL AVERAGE RATE (RPS) =====================================: 36.9
average response time [110]372.19522727272727
average response time [111]365.9429285714286
average response time [112]370.31860714285716
average response time [113]358.1879285714286
average response time [114]361.59396428571426
average response time [115]363.3971176470588
average response time [116]380.1741666666667
average response time [117]361.3832105263158
average response time [118]363.51775
average response time [119]362.20404
TOTAL AVERAGE RESPONSE TIME ====================: 365.8914940684197
NUMBER OF THREADS ==============================: 38
TOTAL AVERAGE RATE (RPS) =====================================: 38.0
average response time [120]364.66817647058826
average response time [121]359.0252105263158
average response time [122]374.6607368421053
average response time [123]367.0479090909091
average response time [124]362.2667777777778
average response time [125]380.05258823529414
average response time [126]366.11245454545457
average response time [127]360.20305263157894
average response time [128]365.46864
average response time [129]368.06495652173913
TOTAL AVERAGE RESPONSE TIME ====================: 366.7570502641763
NUMBER OF THREADS ==============================: 39
TOTAL AVERAGE RATE (RPS) =====================================: 39.0
average response time [130]413.15415
average response time [131]367.4994210526316
average response time [132]393.0418181818182
average response time [133]373.0995882352941
average response time [134]375.8804285714286
average response time [135]361.84585
average response time [136]364.32508333333334
average response time [137]361.21529166666664
average response time [138]371.53856
average response time [139]362.905
TOTAL AVERAGE RESPONSE TIME ====================: 374.45051910411723
NUMBER OF THREADS ==============================: 40
TOTAL AVERAGE RATE (RPS) =====================================: 40.0
average response time [140]375.0668
average response time [141]367.62431578947366
average response time [142]370.9465652173913
average response time [143]379.9688
average response time [144]376.28385185185186
average response time [145]365.0835909090909
average response time [146]366.02794736842105
average response time [147]363.54245833333334
average response time [148]363.2319523809524
average response time [149]1364.1705
TOTAL AVERAGE RESPONSE TIME ====================: 469.19467818505143
NUMBER OF THREADS ==============================: 45
TOTAL AVERAGE RATE (RPS) =====================================: 43.6
average response time [150]507.5755
average response time [151]1056.08778
average response time [152]1004.9301800000001
average response time [153]993.84486
average response time [154]380.53532
average response time [155]373.76316
average response time [156]584.5327599999999
average response time [157]372.3693666666667
average response time [158]379.63026666666667
average response time [159]366.8751153846154
TOTAL AVERAGE RESPONSE TIME ====================: 602.014430871795
NUMBER OF THREADS ==============================: 50
TOTAL AVERAGE RATE (RPS) =====================================: 41.8
average response time [160]401.37541379310346
average response time [161]506.79653333333334
average response time [162]552.5591153846154
average response time [163]649.5186551724138
average response time [164]630.7373076923077
average response time [165]641.4816
average response time [166]713.7489375
average response time [167]421.67195
average response time [168]511.913625
average response time [169]475.28207407407405
TOTAL AVERAGE RESPONSE TIME ====================: 550.5085211949848
NUMBER OF THREADS ==============================: 55
TOTAL AVERAGE RATE (RPS) =====================================: 53.6
average response time [170]469.36816666666664
average response time [171]556.8505714285715
average response time [172]442.43036842105266
average response time [173]492.28013636363636
average response time [174]477.87145833333335
average response time [175]521.799052631579
average response time [176]451.18363157894737
average response time [177]491.66214285714284
average response time [178]594.0879130434782
average response time [179]469.8925
TOTAL AVERAGE RESPONSE TIME ====================: 496.7425941324408
NUMBER OF THREADS ==============================: 60
TOTAL AVERAGE RATE (RPS) =====================================: 59.6
average response time [180]398.4725238095238
average response time [181]382.25266666666664
average response time [182]383.8682962962963
average response time [183]389.21773333333334
average response time [184]386.4091851851852
average response time [185]377.22812
average response time [186]387.97352173913043
average response time [187]371.80476923076924
average response time [188]374.7667692307692
average response time [189]375.853
TOTAL AVERAGE RESPONSE TIME ====================: 382.7846585491674
NUMBER OF THREADS ==============================: 65
TOTAL AVERAGE RATE (RPS) =====================================: 65.0
average response time sent to Stackdriver [0]370.2915
average response time sent to Stackdriver [1]509.126125
average response time sent to Stackdriver [2]719.6735
average response time sent to Stackdriver [3]416.16883333333334
average response time sent to Stackdriver [4]359.5611304347826
average response time sent to Stackdriver [5]367.460375
average response time sent to Stackdriver [6]374.0038
average response time sent to Stackdriver [7]362.2667777777778
average response time sent to Stackdriver [8]362.905
average response time sent to Stackdriver [9]1364.1705
average response time sent to Stackdriver [10]373.76316
average response time sent to Stackdriver [11]630.7373076923077
average response time sent to Stackdriver [12]442.43036842105266
average response time sent to Stackdriver [13]382.25266666666664
NUMBER OF THREADS: [1, 2, 4, 8, 16, 32, 33, 34, 35, 36, 37, 38, 39, 40, 45, 50, 55, 60, 65]
WORKLOAD: HFU_LV AND HFU_HV;  
TOTAL EXECUTION TIME (Concurrent Parallel Requests): 151587.463
TOTAL NUMBER OF REPLICAS USED: 5

