[[390.757]] 
RATE (RPS) =====================================: 1

[[334.303]] 
RATE (RPS) =====================================: 1

[[332.676]] 
RATE (RPS) =====================================: 1

[[370.177]] 
RATE (RPS) =====================================: 1

[[333.554]] 
RATE (RPS) =====================================: 1

[[333.693]] 
RATE (RPS) =====================================: 1

[[334.603]] 
RATE (RPS) =====================================: 1

[[374.01]] 
RATE (RPS) =====================================: 1

[[329.068]] 
RATE (RPS) =====================================: 1

[[333.418]] 
RATE (RPS) =====================================: 1

[[338.947, 338.402]] 
RATE (RPS) =====================================: 2

[[373.97, 368.757]] 
RATE (RPS) =====================================: 2

[[346.164, 334.799]] 
RATE (RPS) =====================================: 2

[[340.835, 336.014]] 
RATE (RPS) =====================================: 2

[[340.317, 336.446]] 
RATE (RPS) =====================================: 2

[[381.885, 387.354]] 
RATE (RPS) =====================================: 2

[[342.461, 335.543]] 
RATE (RPS) =====================================: 2

[[334.623, 332.165]] 
RATE (RPS) =====================================: 2

[[333.37, 330.648]] 
RATE (RPS) =====================================: 2

[[370.689, 366.248]] 
RATE (RPS) =====================================: 2

[[339.056, 350.74, 332.874, 338.174]] 
RATE (RPS) =====================================: 4

[[338.758, 348.845, 328.089, 343.914]] 
RATE (RPS) =====================================: 4

[[371.815, 368.038, 361.837, 360.308]] 
RATE (RPS) =====================================: 4

[[347.732, 335.266, 342.326, 334.979]] 
RATE (RPS) =====================================: 4

[[330.945, 334.471, 333.531, 330.503]] 
RATE (RPS) =====================================: 4

[[332.528, 332.58, 340.349, 331.621]] 
RATE (RPS) =====================================: 4

[[375.136, 375.521, 370.582, 371.374]] 
RATE (RPS) =====================================: 4

[[332.892, 345.055, 328.013, 331.802]] 
RATE (RPS) =====================================: 4

[[329.655, 354.882, 357.761, 344.32]] 
RATE (RPS) =====================================: 4

[[337.686, 344.864, 334.097, 333.849]] 
RATE (RPS) =====================================: 4

[[365.41, 363.42, 357.841, 362.333, 358.953, 361.054, 350.451, 347.616]] 
RATE (RPS) =====================================: 8

[[342.368, 332.701, 350.53, 342.802, 346.259, 337.866, 336.435, 337.931]] 
RATE (RPS) =====================================: 8

[[375.483, 335.242, 331.385, 339.937, 334.137, 336.302, 344.121, 331.583]] 
RATE (RPS) =====================================: 8

[[375.189, 391.733, 370.992, 368.736, 368.749, 372.19, 367.038, 363.517]] 
RATE (RPS) =====================================: 8

[[329.104, 339.055, 339.033, 333.716, 346.655, 333.514, 337.328, 340.471]] 
RATE (RPS) =====================================: 8

[[361.373, 339.831, 343.273, 334.004, 343.044, 338.983, 336.901, 339.706]] 
RATE (RPS) =====================================: 8

[[344.077, 333.669, 337.559, 334.74, 343.797, 391.005, 385.226, 381.147]] 
RATE (RPS) =====================================: 8

[[341.732, 343.203, 334.356, 337.668, 334.963, 334.773, 340.323, 339.776]] 
RATE (RPS) =====================================: 8

[[354.769, 345.494, 355.278, 340.781, 348.204, 348.275, 346.457, 346.17]] 
RATE (RPS) =====================================: 8

[[349.634, 336.196, 345.982, 340.574, 341.73, 344.669, 333.063, 340.616]] 
RATE (RPS) =====================================: 8

[[352.575, 368.802, 348.222, 342.694, 356.618, 349.763, 338.161, 356.974, 356.997, 346.93, 346.638, 369.977, 338.169, 338.545, 339.948, 337.176]] 
RATE (RPS) =====================================: 16

[[342.939, 333.109, 340.099, 330.435, 337.298, 349.976, 337.542, 347.653, 356.741, 352.856, 336.545, 365.971, 335.694, 345.297, 342.617, 339.767]] 
RATE (RPS) =====================================: 16

[[332.318, 345.961, 340.292, 342.5, 356.756, 360.481, 350.701, 354.16, 345.084, 347.194, 345.441, 367.183, 341.698, 343.515, 346.328, 336.666]] 
RATE (RPS) =====================================: 16

[[354.79, 350.296, 347.802, 347.533, 337.605, 335.392, 343.744, 339.362, 360.385, 350.241, 335.405, 352.123, 340.269, 336.341, 343.967, 336.852]] 
RATE (RPS) =====================================: 16

[[336.978, 334.961, 338.787, 333.37, 330.335, 334.46, 351.672, 368.835, 358.77, 341.759, 347.79, 342.876, 359.764, 336.227, 357.269, 343.391]] 
RATE (RPS) =====================================: 16

[[342.671, 338.905, 340.87, 353.894, 347.988, 343.327, 344.753, 333.751, 369.226, 363.226, 359.847, 345.465, 354.228, 340.919, 345.632, 334.727]] 
RATE (RPS) =====================================: 16

[[392.911, 379.755, 385.114, 384.492, 386.983, 387.83, 386.137, 380.912, 383.799, 384.444, 389.573, 389.766, 378.321, 377.483, 370.55, 367.067]] 
RATE (RPS) =====================================: 16

[[341.398, 344.4, 332.013, 331.888, 340.04, 350.063, 347.858, 343.307, 339.274, 341.51, 339.885, 335.766, 339.221, 348.315, 347.196, 344.915]] 
RATE (RPS) =====================================: 16

[[337.634, 345.369, 335.972, 339.434, 351.271, 344.615, 377.365, 364.541, 366.334, 362.021, 341.178, 347.33, 341.612, 359.47, 358.219, 344.289]] 
RATE (RPS) =====================================: 16

[[365.21, 359.025, 352.464, 351.584, 354.716, 343.841, 340.794, 355.146, 357.927, 357.538, 354.416, 341.923, 340.247, 364.594, 364.241, 347.435]] 
RATE (RPS) =====================================: 16

[[339.503, 345.044, 341.769, 376.714, 352.73, 341.228, 361.841, 350.109, 348.56, 344.689, 344.536, 356.012, 358.738, 354.784, 371.725, 364.627, 342.32, 339.825, 345.059, 382.565, 370.069, 351.705, 348.656, 372.731, 359.353, 353.617, 361.807, 354.71, 358.264, 348.369, 360.721, 349.772]] 
RATE (RPS) =====================================: 32

[[348.113, 340.088, 357.493, 356.481, 369.028, 348.305, 345.359, 359.212, 344.869, 405.824, 411.497, 407.588, 405.331, 408.794, 405.078, 404.885, 406.853, 407.25, 410.545, 402.141, 403.211, 408.872, 393.493, 398.228, 406.603, 393.996, 387.396, 396.816, 393.122, 400.236, 393.394, 387.243]] 
RATE (RPS) =====================================: 32

[[361.629, 388.728, 405.945, 478.903, 411.582, 430.548, 477.202, 493.94, 511.338, 530.463, 574.908, 550.198, 612.95, 580.975, 656.917, 616.789, 718.267, 661.716, 856.473, 827.83, 671.295, 782.098, 723.963, 845.336, 929.181, 885.336, 852.785, 927.845, 986.888, 958.734, 932.522, 1003.143]] 
RATE (RPS) =====================================: 31

[[375.462, 386.084, 410.449, 437.172, 461.331, 517.171, 483.386, 535.328, 562.435, 667.068, 629.899, 592.763, 666.287, 686.371, 706.481, 724.084, 742.986, 866.905, 756.934, 776.934, 795.603, 865.736, 808.482, 880.062, 900.443, 945.941, 912.406, 961.647, 1003.865, 972.123, 1016.33, 1032.998]] 
RATE (RPS) =====================================: 29

[[371.087, 423.353, 442.596, 461.265, 482.43, 549.809, 493.666, 511.241, 581.305, 659.714, 543.375, 588.532, 607.697, 683.162, 654.838, 720.528, 692.834, 755.358, 723.187, 794.301, 756.064, 857.73, 829.222, 795.018, 868.906, 844.095, 913.873, 876.251, 924.903, 941.945, 988.294, 955.413]] 
RATE (RPS) =====================================: 32

[[417.704, 362.814, 379.799, 422.936, 443.572, 462.258, 479.367, 499.437, 517.464, 1382.383, 584.611, 526.493, 543.076, 588.897, 634.771, 654.702, 597.327, 667.518, 689.643, 707.26, 753.963, 719.481, 767.314, 785.386, 805.313, 851.972, 823.606, 863.027, 884.481, 967.179, 1013.13, 896.547]] 
RATE (RPS) =====================================: 30

[[444.921, 383.336, 475.75, 519.691, 612.121, 556.756, 673.451, 717.471, 808.221, 751.316, 891.723, 845.134, 979.091, 924.403, 1016.299, 1161.241, 1055.888, 1097.085, 1295.451, 1184.864, 1328.191, 1218.114, 1358.088, 1403.4569999999999, 1449.742, 1495.859, 1535.774, 1531.789, 1528.9099999999999, 1519.63, 1518.685, 1513.3690000000001]] 
RATE (RPS) =====================================: 14

[[385.372, 378.259, 374.974, 371.673, 367.723, 371.581, 358.507, 354.498, 351.39, 344.956, 345.788, 335.546, 348.761, 345.626, 344.841, 352.65, 349.792, 351.998, 363.786, 343.684, 342.09, 375.374, 373.751, 353.774, 368.563, 335.336, 359.801, 385.14, 348.126, 360.175, 365.273, 349.764]] 
RATE (RPS) =====================================: 32

[[349.757, 339.192, 352.747, 353.156, 343.647, 342.417, 347.315, 346.627, 342.885, 341.412, 337.258, 340.624, 347.248, 345.224, 334.101, 334.267, 358.156, 332.29, 337.705, 335.134, 338.191, 358.863, 367.763, 375.077, 347.609, 339.708, 343.401, 339.263, 340.82, 336.037, 336.309, 332.959]] 
RATE (RPS) =====================================: 32

[[360.984, 358.139, 357.837, 359.747, 348.74, 340.2, 349.265, 354.634, 335.174, 361.006, 345.07, 345.632, 350.2, 345.593, 339.47, 334.088, 335.557, 334.465, 347.168, 347.547, 344.203, 343.064, 368.83, 334.206, 341.424, 341.319, 338.043, 336.103, 343.576, 337.782, 344.934, 338.475]] 
RATE (RPS) =====================================: 32

[[338.122, 363.689, 356.696, 354.327, 348.341, 338.5, 347.414, 343.736, 350.695, 334.245, 332.481, 343.63, 351.299, 340.025, 331.584, 350.215, 352.375, 339.692, 334.789, 337.881, 329.741, 354.881, 378.021, 332.904, 338.503, 339.855, 349.0, 336.392, 336.605, 333.056, 345.008, 343.41, 343.1]] 
RATE (RPS) =====================================: 33

[[403.148, 399.836, 437.857, 437.879, 476.68, 421.979, 429.615, 414.495, 414.759, 397.868, 386.717, 432.317, 383.933, 343.237, 404.982, 408.743, 399.522, 399.977, 399.545, 403.498, 393.275, 446.771, 433.168, 420.055, 436.271, 422.681, 411.49, 419.632, 397.933, 397.354, 402.786, 399.881, 394.639]] 
RATE (RPS) =====================================: 33

[[415.089, 417.874, 407.831, 419.799, 404.867, 384.735, 393.075, 375.941, 382.507, 381.057, 365.439, 366.165, 367.713, 363.015, 360.17, 470.284, 342.622, 426.946, 1502.058, 1504.091, 1496.9850000000001, 430.151, 1496.408, 1488.191, 398.497, 382.689, 1469.44, 388.215, 375.817, 368.895, 364.307, 359.735, 356.219]] 
RATE (RPS) =====================================: 27

[[2379.946, 1619.4389999999999, 1412.344, 374.862, 389.755, 354.615, 359.066, 370.135, 1374.029, 1368.47, 925.354, 1413.691, 548.583, 569.525, 540.137, 534.014, 552.995, 542.21, 531.082, 538.379, 504.89, 526.896, 510.166, 489.898, 498.993, 492.114, 487.183, 469.28, 474.096, 476.658, 470.806, 453.991, 442.018]] 
RATE (RPS) =====================================: 27

[[351.879, 365.772, 383.544, 427.998, 390.521, 459.181, 496.471, 467.065, 414.038, 548.513, 495.586, 514.028, 554.353, 570.952, 619.193, 581.929, 625.525, 641.218, 657.772, 675.403, 714.424, 683.821, 818.936, 714.807, 755.193, 722.941, 862.211, 948.662, 889.825, 908.565, 945.639, 987.63, 957.738]] 
RATE (RPS) =====================================: 33

[[358.244, 376.592, 393.94, 433.089, 490.041, 459.354, 497.83, 516.161, 577.045, 526.637, 543.077, 581.595, 683.756, 632.863, 729.273, 578.182, 906.711, 683.894, 759.938, 720.69, 789.782, 901.216, 824.444, 911.573, 983.246, 930.483, 999.101, 939.278, 1003.775, 1057.152, 1020.574, 1081.328, 1050.734]] 
RATE (RPS) =====================================: 28

[[358.673, 408.468, 370.814, 438.865, 464.212, 480.172, 503.599, 532.517, 550.585, 604.957, 575.471, 615.049, 636.502, 656.79, 678.635, 771.773, 688.039, 703.973, 723.116, 847.91, 763.11, 783.962, 802.319, 846.508, 864.44, 887.008, 923.477, 975.274, 1014.742, 1132.0, 1040.271, 1076.603, 1189.7069999999999]] 
RATE (RPS) =====================================: 28

[[404.537, 426.673, 371.457, 430.652, 503.218, 440.976, 460.294, 522.914, 492.779, 536.116, 558.018, 597.742, 565.869, 630.997, 605.678, 637.738, 702.462, 649.127, 665.172, 705.031, 745.507, 714.889, 798.811, 767.655, 738.77, 801.16, 909.796, 878.529, 825.01, 912.544, 928.524, 968.306, 944.447]] 
RATE (RPS) =====================================: 33

[[353.857, 371.792, 388.28, 409.132, 424.563, 440.283, 455.058, 470.357, 488.665, 506.656, 522.883, 565.231, 533.904, 571.249, 614.328, 630.643, 678.527, 641.611, 564.195, 745.725, 787.161, 760.55, 673.106, 795.706, 857.233, 805.483, 819.559, 923.728, 850.64, 863.648, 882.504, 920.404, 935.928]] 
RATE (RPS) =====================================: 33

[[366.581, 385.929, 402.887, 418.92, 435.563, 452.216, 471.549, 485.987, 513.366, 524.888, 588.962, 536.277, 672.994, 616.695, 686.73, 703.981, 622.607, 713.265, 727.211, 742.024, 758.473, 776.113, 814.047, 784.166, 834.452, 847.76, 888.495, 902.11, 848.658, 933.115, 904.19, 967.614, 941.256]] 
RATE (RPS) =====================================: 33

[[387.143, 362.041, 398.641, 437.213, 505.12, 466.032, 514.681, 539.402, 556.353, 664.303, 635.356, 559.506, 575.762, 592.071, 703.223, 652.556, 664.124, 707.22, 723.947, 740.559, 757.506, 775.09, 798.08, 813.63, 879.023, 847.592, 814.269, 925.357, 896.921, 938.627, 860.632, 947.461, 964.409, 980.314]] 
RATE (RPS) =====================================: 34

[[385.111, 414.25, 431.154, 446.9, 463.516, 475.848, 492.795, 518.722, 537.594, 554.703, 576.338, 586.509, 603.749, 627.41, 639.531, 679.015, 700.775, 642.303, 728.477, 697.939, 740.1, 756.227, 797.49, 812.349, 758.19, 820.12, 836.281, 853.311, 869.697, 886.376, 903.478, 916.125, 956.145, 924.396]] 
RATE (RPS) =====================================: 34

[[352.573, 366.743, 383.12, 402.044, 419.935, 437.677, 458.703, 468.093, 536.211, 486.403, 547.821, 498.298, 556.659, 641.201, 571.647, 582.764, 598.515, 635.766, 655.089, 668.13, 685.791, 725.084, 696.751, 735.634, 752.995, 809.633, 761.003, 772.438, 930.461, 816.911, 897.0, 963.633, 837.549, 922.015]] 
RATE (RPS) =====================================: 34

[[371.514, 414.102, 388.136, 428.819, 439.81, 457.435, 486.403, 454.249, 495.31, 512.129, 529.037, 545.907, 562.794, 579.335, 696.096, 660.896, 589.148, 608.813, 699.703, 618.193, 772.863, 724.368, 785.955, 811.697, 850.554, 816.066, 880.516, 849.691, 887.342, 922.152, 894.852, 932.753, 950.324, 964.15]] 
RATE (RPS) =====================================: 34

[[356.415, 375.637, 393.731, 411.949, 427.823, 444.697, 461.287, 477.331, 494.324, 510.367, 637.883, 520.807, 598.765, 541.4, 655.906, 625.228, 686.146, 656.884, 700.641, 763.529, 714.22, 726.297, 811.591, 763.375, 772.234, 888.77, 814.959, 829.424, 840.455, 880.19, 963.326, 890.935, 928.461, 902.528]] 
RATE (RPS) =====================================: 34

[[351.978, 368.284, 386.141, 409.965, 446.436, 473.532, 493.639, 515.289, 559.939, 525.792, 710.097, 572.836, 655.573, 601.75, 798.369, 717.204, 752.188, 832.816, 789.015, 890.538, 904.975, 851.81, 820.268, 931.793, 899.156, 940.208, 1001.604, 973.266, 940.668, 1003.144, 1014.866, 1031.901, 1071.71, 1044.506]] 
RATE (RPS) =====================================: 28

[[365.362, 411.031, 425.852, 442.121, 372.311, 486.319, 460.015, 517.276, 489.132, 531.716, 556.203, 562.239, 576.524, 594.353, 609.51, 627.696, 667.166, 637.004, 722.943, 740.899, 686.137, 657.746, 742.551, 764.951, 779.201, 817.215, 787.595, 822.054, 837.579, 854.085, 936.703, 867.071, 876.795, 964.679]] 
RATE (RPS) =====================================: 34

[[363.102, 400.258, 371.916, 407.84, 493.28, 422.999, 463.027, 432.896, 511.667, 482.229, 544.216, 515.537, 550.854, 567.424, 582.96, 598.642, 637.021, 608.351, 646.986, 665.541, 769.292, 680.856, 697.637, 717.973, 905.49, 777.146, 839.788, 810.942, 844.047, 887.067, 908.791, 970.89, 916.61, 935.497]] 
RATE (RPS) =====================================: 34

[[418.431, 388.859, 359.553, 425.995, 442.318, 481.916, 445.01, 488.347, 495.895, 548.416, 599.596, 502.412, 563.552, 622.658, 659.786, 704.619, 673.434, 735.63, 710.171, 776.672, 740.54, 781.893, 798.169, 813.209, 881.918, 849.839, 816.937, 901.37, 870.266, 911.065, 927.698, 946.223, 958.313, 974.684]] 
RATE (RPS) =====================================: 34

[[384.179, 358.719, 396.201, 437.222, 403.034, 466.599, 526.499, 494.976, 536.624, 560.163, 576.689, 610.479, 579.099, 640.543, 681.865, 651.652, 690.561, 716.167, 734.074, 750.568, 805.817, 757.988, 836.837, 869.544, 907.044, 979.973, 934.586, 991.537, 1057.269, 1020.613, 989.82, 1079.676, 1047.359, 1089.008]] 
RATE (RPS) =====================================: 29

[[369.033, 419.786, 395.687, 421.284, 438.039, 480.657, 450.214, 490.004, 553.656, 499.05, 514.721, 554.882, 577.15, 593.5, 635.032, 605.295, 674.778, 643.607, 683.492, 721.788, 691.669, 778.154, 747.345, 788.15, 711.293, 796.797, 812.899, 829.83, 867.282, 836.572, 876.519, 891.95, 1011.393, 914.731, 958.5]] 
RATE (RPS) =====================================: 34

[[425.227, 399.151, 364.367, 428.273, 446.19, 467.219, 511.15, 477.34, 521.382, 607.828, 534.691, 574.341, 534.939, 636.127, 599.926, 692.192, 707.738, 632.267, 647.474, 730.765, 701.02, 807.144, 750.496, 876.53, 830.495, 883.418, 902.311, 914.594, 930.502, 951.023, 966.856, 1031.446, 978.575, 995.504, 1033.425]] 
RATE (RPS) =====================================: 33

[[412.359, 364.022, 379.036, 443.021, 414.771, 455.911, 466.894, 529.284, 476.083, 490.487, 543.993, 653.156, 669.604, 573.517, 600.159, 669.378, 691.678, 710.808, 723.124, 743.738, 806.93, 756.375, 769.647, 819.586, 861.16, 832.853, 893.796, 867.313, 903.287, 917.613, 981.586, 926.864, 1017.293, 991.227, 936.384]] 
RATE (RPS) =====================================: 34

[[381.547, 419.073, 475.799, 440.693, 502.356, 470.223, 512.796, 553.967, 523.705, 591.27, 609.754, 557.068, 662.704, 608.842, 671.454, 624.445, 683.29, 699.445, 796.535, 713.37, 735.171, 751.26, 790.348, 854.362, 800.87, 819.45, 858.573, 894.116, 932.016, 976.911, 1005.269, 1077.432, 1026.254, 1109.751, 1195.202]] 
RATE (RPS) =====================================: 30

[[449.047, 399.035, 472.22, 507.776, 634.151, 546.788, 579.149, 699.448, 647.468, 729.538, 799.909, 812.53, 809.17, 756.728, 786.087, 771.415, 776.639, 785.799, 793.65, 780.82, 764.31, 780.443, 779.046, 792.088, 771.964, 776.804, 760.37, 761.97, 759.486, 751.735, 749.583, 750.988, 741.484, 739.999, 731.592]] 
RATE (RPS) =====================================: 35

[[338.47, 335.852, 350.728, 351.583, 400.018, 346.259, 333.886, 376.478, 372.414, 374.802, 364.292, 354.383, 356.915, 354.852, 350.704, 352.269, 345.03, 352.967, 357.111, 353.405, 334.807, 332.457, 353.877, 331.831, 343.426, 358.539, 344.872, 342.226, 338.913, 335.174, 343.357, 333.946, 336.008, 337.955, 335.657]] 
RATE (RPS) =====================================: 35

[[340.893, 350.825, 338.019, 368.821, 358.889, 344.809, 343.419, 368.282, 365.991, 353.031, 350.652, 346.163, 345.801, 335.702, 341.408, 376.145, 352.724, 343.402, 361.415, 359.544, 344.489, 339.621, 341.973, 341.842, 331.18, 348.755, 346.002, 332.232, 342.332, 335.216, 340.566, 340.589, 350.849, 345.557, 344.439]] 
RATE (RPS) =====================================: 35

[[335.718, 342.59, 341.472, 366.78, 367.432, 376.577, 373.996, 371.561, 359.406, 351.134, 358.398, 357.177, 348.298, 344.319, 348.63, 360.201, 337.806, 342.777, 359.909, 339.124, 338.296, 341.562, 351.013, 346.593, 329.808, 339.048, 348.092, 347.711, 348.46, 359.041, 349.029, 352.14, 364.649, 337.572, 367.426]] 
RATE (RPS) =====================================: 35

[[335.479, 343.051, 340.11, 359.534, 351.842, 342.059, 337.326, 337.254, 334.132, 363.628, 362.863, 346.516, 334.586, 336.806, 339.063, 340.213, 342.472, 332.707, 349.208, 339.466, 347.358, 339.811, 341.053, 340.266, 349.535, 348.094, 366.808, 350.025, 350.512, 338.979, 345.563, 340.362, 334.08, 341.458, 335.143]] 
RATE (RPS) =====================================: 35

[[345.066, 336.6, 335.07, 338.594, 339.751, 340.243, 349.941, 349.349, 334.532, 372.139, 354.334, 344.012, 348.163, 348.788, 347.85, 341.748, 353.673, 338.113, 333.997, 347.328, 338.381, 357.454, 353.034, 361.943, 341.973, 339.404, 335.381, 362.946, 341.076, 347.594, 336.591, 353.183, 333.571, 344.218, 335.808]] 
RATE (RPS) =====================================: 35

[[355.261, 352.933, 350.255, 348.229, 345.268, 362.095, 351.184, 353.203, 347.205, 358.271, 364.936, 353.784, 350.023, 345.202, 341.578, 353.267, 342.447, 332.174, 356.183, 341.996, 333.968, 355.805, 339.168, 350.329, 359.064, 359.81, 347.587, 357.44, 342.801, 341.021, 334.889, 342.144, 343.003, 338.402, 335.111, 333.421]] 
RATE (RPS) =====================================: 36

[[332.885, 344.075, 364.802, 357.636, 370.587, 360.659, 347.038, 339.75, 341.03, 390.444, 354.837, 359.47, 362.917, 350.124, 353.737, 337.754, 341.798, 342.967, 346.475, 367.004, 360.083, 343.623, 362.574, 338.061, 345.604, 343.73, 338.719, 353.462, 352.024, 349.533, 339.642, 332.549, 341.398, 334.942, 350.444, 345.883]] 
RATE (RPS) =====================================: 36

[[392.582, 386.878, 372.141, 366.816, 367.524, 358.755, 358.255, 354.34, 379.432, 358.185, 347.728, 371.821, 361.507, 340.519, 340.803, 344.016, 341.439, 339.682, 344.182, 332.169, 339.332, 344.957, 341.359, 339.216, 355.647, 342.126, 338.902, 337.043, 345.517, 335.224, 338.135, 338.846, 356.889, 351.472, 351.707, 349.089]] 
RATE (RPS) =====================================: 36

[[336.187, 333.393, 349.255, 345.28, 342.674, 344.794, 346.366, 372.321, 360.826, 330.072, 353.078, 352.461, 343.565, 343.537, 357.675, 341.621, 337.574, 347.516, 350.316, 340.163, 351.374, 364.629, 362.813, 353.941, 336.614, 342.729, 340.11, 346.101, 336.509, 332.771, 350.731, 339.236, 343.816, 350.874, 344.954, 338.029]] 
RATE (RPS) =====================================: 36

[[380.109, 371.151, 377.238, 371.039, 372.243, 369.315, 355.533, 357.561, 351.91, 348.654, 345.793, 391.637, 386.476, 387.552, 379.45, 368.818, 360.268, 356.395, 352.172, 348.219, 382.804, 343.558, 346.525, 364.298, 344.21, 330.113, 358.214, 348.38, 360.689, 339.08, 341.636, 335.08, 352.727, 340.966, 347.019, 340.65]] 
RATE (RPS) =====================================: 36

[[355.235, 346.118, 349.289, 340.832, 348.848, 343.294, 341.798, 353.204, 343.987, 354.152, 358.726, 333.231, 345.573, 332.828, 343.097, 334.189, 330.016, 341.288, 341.164, 343.936, 338.559, 332.517, 340.084, 344.662, 362.439, 349.211, 352.105, 332.662, 338.141, 341.261, 336.859, 337.617, 357.01, 337.882, 341.789, 338.549]] 
RATE (RPS) =====================================: 36

[[349.889, 348.354, 362.867, 352.993, 346.012, 342.141, 339.792, 388.281, 340.563, 373.149, 353.492, 367.306, 360.276, 358.067, 351.68, 342.503, 341.965, 350.682, 351.134, 360.34, 367.683, 336.987, 365.399, 349.784, 348.375, 338.532, 337.422, 335.688, 349.455, 336.62, 344.282, 332.028, 349.97, 335.698, 348.053, 343.922]] 
RATE (RPS) =====================================: 36

[[356.349, 353.857, 350.862, 348.03, 343.598, 367.684, 340.289, 359.812, 345.824, 347.301, 362.36, 361.726, 354.818, 343.539, 340.091, 344.26, 339.269, 335.907, 350.028, 336.55, 363.909, 361.257, 356.185, 344.709, 344.86, 364.378, 356.23, 363.389, 353.285, 351.563, 335.197, 348.704, 331.867, 343.483, 342.542, 343.545]] 
RATE (RPS) =====================================: 36

[[348.701, 340.532, 344.911, 350.02, 339.012, 367.206, 372.112, 358.105, 346.519, 362.05, 358.516, 344.368, 345.931, 352.252, 354.618, 337.236, 343.294, 348.607, 352.242, 336.406, 343.463, 341.506, 331.619, 356.54, 343.989, 351.477, 342.662, 339.038, 341.074, 331.981, 340.619, 356.436, 344.442, 349.254, 346.861, 332.721]] 
RATE (RPS) =====================================: 36

[[353.607, 352.415, 355.468, 346.842, 342.149, 359.119, 345.219, 345.134, 362.232, 345.186, 344.198, 354.747, 351.126, 342.756, 351.096, 348.498, 331.019, 338.488, 347.399, 332.001, 346.786, 352.33, 338.568, 337.923, 338.817, 341.057, 331.116, 337.708, 333.962, 347.887, 349.178, 345.042, 340.224, 359.471, 350.456, 344.746]] 
RATE (RPS) =====================================: 36

[[362.471, 369.46, 351.354, 339.933, 379.949, 363.455, 362.824, 350.821, 350.875, 348.764, 338.678, 367.332, 354.726, 345.255, 340.447, 337.833, 343.904, 348.697, 338.24, 351.803, 347.868, 337.01, 352.135, 342.047, 344.905, 332.991, 372.452, 339.798, 339.129, 339.657, 351.04, 362.046, 353.628, 340.507, 345.026, 344.888, 332.672]] 
RATE (RPS) =====================================: 37

[[362.029, 359.147, 358.74, 356.042, 343.749, 344.51, 339.074, 339.367, 339.866, 336.394, 372.897, 342.375, 347.605, 357.072, 351.562, 335.238, 345.852, 342.425, 337.714, 342.261, 330.941, 342.025, 332.311, 333.014, 354.23, 348.38, 349.387, 345.589, 333.273, 343.066, 334.38, 339.744, 342.962, 338.041, 341.182, 341.71, 332.15]] 
RATE (RPS) =====================================: 37

[[339.415, 346.608, 358.928, 342.905, 334.074, 346.621, 359.303, 385.274, 347.713, 350.269, 349.38, 345.789, 349.081, 352.509, 342.516, 343.012, 334.261, 354.164, 365.778, 344.212, 365.007, 345.8, 344.275, 345.722, 334.879, 359.902, 341.241, 335.414, 337.032, 348.357, 338.273, 345.283, 333.846, 346.196, 351.142, 339.562, 335.236]] 
RATE (RPS) =====================================: 37

[[341.7, 333.018, 333.984, 349.036, 337.265, 338.973, 342.237, 368.889, 375.651, 348.229, 355.613, 352.941, 363.766, 368.75, 350.484, 391.611, 350.951, 374.595, 370.773, 367.068, 367.172, 362.42, 362.073, 354.731, 359.058, 347.315, 345.482, 337.138, 354.032, 339.616, 336.084, 345.264, 342.22, 344.91, 344.302, 341.492, 337.048]] 
RATE (RPS) =====================================: 37

[[362.124, 354.726, 354.772, 348.077, 345.973, 341.56, 343.63, 337.502, 361.438, 340.064, 344.218, 357.861, 353.797, 341.61, 351.832, 338.259, 352.391, 339.008, 350.23, 355.183, 358.249, 336.98, 347.519, 369.947, 356.428, 362.901, 354.312, 345.775, 344.506, 335.143, 343.436, 338.149, 333.896, 343.204, 347.056, 345.416, 341.105]] 
RATE (RPS) =====================================: 37

[[344.64, 335.619, 343.786, 335.366, 343.718, 337.007, 337.568, 335.788, 335.865, 334.751, 352.588, 349.158, 342.461, 354.977, 345.199, 347.533, 368.912, 346.063, 348.925, 353.72, 336.8, 341.675, 338.527, 359.355, 342.568, 342.006, 340.212, 336.081, 342.512, 347.728, 333.076, 338.324, 352.792, 407.411, 336.183, 377.742, 374.074]] 
RATE (RPS) =====================================: 37

[[364.618, 349.785, 336.87, 339.255, 341.288, 338.667, 335.611, 375.307, 365.201, 358.721, 341.514, 349.616, 345.96, 344.175, 338.766, 344.48, 333.503, 345.815, 337.527, 334.68, 353.425, 333.851, 348.587, 368.177, 349.686, 352.354, 340.026, 341.446, 349.752, 335.548, 339.878, 341.668, 343.048, 337.92, 353.915, 334.561, 336.631]] 
RATE (RPS) =====================================: 37

[[342.188, 332.923, 335.565, 338.221, 350.526, 339.029, 366.912, 349.577, 371.796, 357.89, 354.013, 347.032, 348.597, 338.936, 351.123, 355.821, 327.314, 343.46, 341.352, 341.761, 335.407, 331.861, 348.175, 339.213, 341.717, 346.589, 340.437, 347.901, 347.899, 336.921, 345.752, 345.927, 340.715, 340.983, 363.39, 355.747, 343.358]] 
RATE (RPS) =====================================: 37

[[376.708, 378.24, 363.625, 371.902, 366.67, 349.151, 364.122, 354.433, 350.866, 354.242, 349.784, 346.144, 353.143, 347.285, 351.037, 336.635, 333.033, 332.836, 330.027, 335.201, 332.36, 356.71, 341.549, 338.328, 344.148, 334.143, 341.037, 331.917, 342.336, 358.277, 357.509, 354.298, 337.685, 334.702, 355.072, 350.27, 338.472]] 
RATE (RPS) =====================================: 37

[[343.918, 339.126, 347.914, 357.738, 354.816, 350.385, 345.349, 371.06, 355.939, 372.282, 341.85, 357.698, 363.324, 372.676, 350.533, 355.017, 352.837, 345.228, 345.092, 340.946, 346.939, 364.919, 348.176, 332.988, 340.487, 339.797, 335.833, 1194.239, 343.328, 975.1, 1167.575, 1155.977, 464.603, 456.825, 451.932, 444.678, 434.219]] 
RATE (RPS) =====================================: 34

[[391.487, 377.782, 379.951, 370.217, 368.236, 377.517, 369.062, 360.805, 358.557, 357.869, 355.451, 356.143, 345.659, 338.874, 345.102, 346.092, 336.132, 339.625, 336.248, 352.388, 343.751, 333.495, 362.645, 344.226, 347.05, 338.057, 355.464, 371.486, 354.507, 347.387, 337.796, 341.372, 353.646, 341.326, 338.132, 339.756, 333.675, 336.303]] 
RATE (RPS) =====================================: 38

[[371.238, 369.142, 366.443, 368.247, 370.468, 350.874, 349.604, 369.985, 345.593, 342.284, 345.003, 344.208, 344.69, 334.115, 340.9, 339.231, 377.121, 345.679, 361.644, 348.948, 360.64, 345.729, 335.661, 365.58, 335.774, 370.558, 347.433, 333.365, 345.475, 347.528, 349.946, 341.047, 338.754, 366.847, 361.787, 350.481, 341.52, 338.539]] 
RATE (RPS) =====================================: 38

[[341.874, 348.484, 338.395, 336.669, 357.042, 348.291, 336.638, 352.009, 346.808, 343.616, 345.076, 353.541, 353.697, 344.242, 343.562, 339.351, 352.129, 358.838, 357.603, 344.06, 342.464, 348.762, 348.283, 330.346, 337.237, 378.544, 346.003, 361.428, 343.676, 349.434, 345.391, 347.695, 351.038, 355.183, 360.963, 343.032, 342.116, 340.071]] 
RATE (RPS) =====================================: 38

[[349.257, 398.199, 345.311, 386.948, 380.131, 370.356, 370.851, 367.672, 371.129, 368.641, 352.769, 362.284, 351.892, 342.961, 342.87, 349.987, 346.165, 331.953, 345.43, 340.826, 338.85, 335.613, 333.413, 351.048, 340.535, 342.374, 369.861, 348.256, 334.962, 337.18, 346.746, 350.815, 337.894, 348.843, 354.288, 345.857, 342.604, 341.284]] 
RATE (RPS) =====================================: 38

[[339.046, 340.716, 342.737, 333.697, 344.684, 347.59, 344.058, 338.377, 339.974, 343.666, 340.411, 360.754, 347.731, 337.128, 344.394, 347.205, 339.186, 355.209, 351.935, 339.625, 344.472, 336.457, 332.334, 340.95, 342.219, 330.921, 351.507, 349.027, 338.017, 337.112, 340.353, 335.57, 335.994, 346.047, 342.049, 330.804, 344.685, 334.987]] 
RATE (RPS) =====================================: 38

[[351.992, 342.993, 360.427, 368.38, 349.516, 351.961, 337.723, 344.315, 369.598, 367.482, 353.771, 357.434, 355.119, 351.617, 346.996, 344.132, 361.779, 342.993, 339.006, 339.922, 333.369, 373.833, 372.68, 363.725, 361.231, 356.641, 351.83, 353.106, 349.411, 339.969, 336.971, 348.004, 344.376, 331.553, 358.797, 349.099, 331.768, 339.225]] 
RATE (RPS) =====================================: 38

[[363.727, 365.721, 364.706, 358.63, 356.449, 350.57, 352.97, 374.402, 383.983, 366.376, 348.827, 369.592, 358.631, 361.797, 359.358, 343.857, 340.773, 341.955, 348.949, 344.979, 337.198, 339.963, 344.114, 328.539, 334.345, 343.719, 355.055, 343.173, 338.47, 340.465, 342.074, 334.646, 332.11, 332.904, 357.568, 350.059, 347.675, 337.658]] 
RATE (RPS) =====================================: 38

[[344.169, 336.352, 336.836, 342.47, 339.456, 333.457, 347.873, 342.399, 345.76, 340.376, 340.738, 359.746, 346.424, 348.417, 343.625, 339.264, 341.565, 341.335, 347.134, 343.275, 339.267, 335.396, 365.03, 331.019, 346.091, 356.238, 341.993, 338.411, 366.784, 354.464, 341.294, 337.326, 356.113, 346.752, 353.956, 356.484, 342.298, 337.073]] 
RATE (RPS) =====================================: 38

[[373.754, 365.011, 352.047, 353.055, 354.828, 350.293, 367.485, 370.88, 360.956, 348.633, 347.454, 342.626, 340.61, 345.069, 348.782, 356.523, 340.077, 337.218, 346.171, 341.755, 370.347, 336.573, 348.584, 355.402, 355.08, 345.064, 339.448, 333.736, 338.192, 334.747, 339.986, 338.368, 350.541, 347.463, 340.454, 346.836, 335.045, 334.669]] 
RATE (RPS) =====================================: 38

[[404.437, 386.144, 387.305, 371.814, 378.508, 367.659, 363.44, 375.609, 349.276, 409.95, 408.569, 399.138, 400.665, 385.154, 380.615, 394.402, 390.741, 369.633, 364.821, 361.326, 362.11, 356.019, 350.879, 357.127, 357.705, 354.342, 389.486, 346.397, 366.49, 375.515, 340.403, 406.238, 354.053, 362.084, 391.499, 406.093, 385.627, 382.656]] 
RATE (RPS) =====================================: 38

[[362.231, 362.782, 350.221, 353.375, 349.469, 350.006, 339.862, 335.711, 349.763, 343.749, 352.205, 346.566, 333.428, 359.829, 348.232, 346.045, 336.757, 351.556, 334.884, 342.759, 336.729, 339.811, 350.693, 342.665, 345.69, 341.455, 331.247, 345.101, 333.173, 337.325, 339.396, 340.077, 337.21, 333.923, 330.032, 345.872, 338.348, 359.91, 346.523]] 
RATE (RPS) =====================================: 39

[[860.989, 854.456, 856.039, 843.812, 855.202, 839.936, 833.135, 831.165, 821.681, 825.089, 813.752, 810.601, 812.987, 808.651, 799.484, 771.2, 784.819, 779.819, 760.311, 762.192, 750.109, 753.969, 763.95, 755.59, 746.436, 737.624, 733.107, 726.183, 722.383, 716.806, 711.199, 706.708, 701.436, 698.648, 698.389, 688.194, 691.734, 687.081, 671.988]] 
RATE (RPS) =====================================: 39

[[366.111, 368.108, 361.696, 350.092, 347.844, 347.014, 359.402, 359.685, 348.626, 366.694, 343.135, 355.396, 335.888, 361.161, 345.466, 355.793, 346.599, 339.152, 365.264, 336.472, 336.511, 340.17, 341.836, 338.249, 346.361, 341.088, 336.217, 365.293, 339.813, 353.267, 332.706, 339.512, 335.207, 341.254, 356.426, 348.052, 348.799, 339.137, 336.281]] 
RATE (RPS) =====================================: 39

[[337.471, 346.786, 353.233, 350.413, 346.86, 342.142, 345.345, 342.218, 338.246, 352.236, 339.983, 347.948, 354.967, 346.186, 348.903, 344.694, 339.457, 339.163, 335.46, 343.46, 333.848, 347.469, 343.665, 349.504, 341.087, 339.934, 346.438, 342.075, 342.94, 353.903, 344.305, 338.632, 349.709, 357.046, 331.944, 343.501, 339.829, 339.667, 331.136]] 
RATE (RPS) =====================================: 39

[[376.411, 372.27, 354.796, 358.418, 363.547, 372.476, 355.546, 355.14, 355.831, 376.723, 345.23, 340.567, 363.119, 350.293, 354.219, 348.249, 341.018, 338.726, 334.566, 337.818, 350.875, 346.971, 346.942, 344.812, 339.435, 337.455, 339.769, 341.607, 331.246, 336.147, 339.327, 340.755, 346.722, 344.414, 342.191, 341.556, 346.844, 345.593, 336.529]] 
RATE (RPS) =====================================: 39

[[345.569, 343.507, 356.0, 351.238, 341.835, 340.021, 342.102, 349.832, 336.575, 352.525, 340.48, 373.259, 371.984, 372.183, 360.701, 361.911, 359.537, 347.649, 346.286, 367.686, 344.325, 365.382, 354.419, 343.216, 345.101, 344.192, 350.332, 357.035, 338.942, 352.896, 343.068, 357.313, 348.534, 343.626, 367.076, 362.24, 361.896, 344.097, 348.811]] 
RATE (RPS) =====================================: 39

[[357.179, 354.68, 353.149, 349.64, 357.611, 357.171, 344.769, 347.595, 367.49, 367.388, 362.434, 350.683, 355.462, 355.412, 338.826, 348.585, 337.754, 339.301, 349.15, 345.233, 331.496, 337.707, 332.196, 340.576, 361.228, 346.405, 349.557, 339.501, 358.063, 336.631, 342.118, 368.335, 352.508, 351.043, 348.435, 345.374, 342.794, 336.919, 334.257]] 
RATE (RPS) =====================================: 39

[[335.683, 353.933, 340.484, 342.856, 336.144, 366.125, 345.468, 342.614, 341.932, 343.896, 356.198, 375.326, 362.285, 352.358, 369.192, 348.907, 365.003, 365.0, 356.561, 335.193, 354.876, 344.152, 331.122, 340.316, 362.757, 342.968, 348.806, 340.053, 335.468, 343.558, 340.52, 337.415, 359.669, 339.68, 378.977, 343.646, 369.144, 362.155, 357.477]] 
RATE (RPS) =====================================: 39

[[367.14, 366.558, 360.526, 358.339, 354.611, 356.147, 341.217, 350.048, 352.567, 349.184, 356.039, 350.075, 367.254, 352.108, 354.119, 345.647, 343.732, 338.774, 348.54, 374.654, 354.617, 367.81, 374.522, 360.117, 367.416, 372.927, 359.56, 365.338, 363.045, 365.154, 368.926, 354.014, 363.832, 382.987, 360.779, 347.152, 351.392, 351.82, 345.408]] 
RATE (RPS) =====================================: 39

[[335.647, 356.965, 335.503, 351.328, 349.197, 353.104, 344.522, 341.828, 349.007, 359.555, 354.56, 350.684, 366.43, 360.59, 357.531, 352.226, 345.718, 346.368, 345.108, 340.893, 342.729, 341.79, 339.089, 331.724, 343.661, 347.952, 342.613, 342.152, 361.598, 351.458, 338.96, 333.0, 336.931, 332.593, 360.921, 331.026, 347.023, 342.891, 339.829]] 
RATE (RPS) =====================================: 39

[[427.502, 401.743, 387.486, 406.227, 407.012, 391.234, 388.626, 1851.554, 1201.619, 431.438, 432.739, 414.967, 963.769, 423.66, 1118.351, 1106.868, 1743.981, 1525.171, 928.16, 1084.167, 1386.959, 1089.101, 1696.5639999999999, 1698.422, 1074.873, 1068.012, 907.493, 1511.396, 1048.061, 1068.603, 1066.258, 883.239, 890.247, 1804.862, 1015.454, 1868.274, 1033.429, 1346.936, 357.262, 1667.316]] 
RATE (RPS) =====================================: 17

[[395.737, 395.252, 389.037, 386.791, 384.212, 390.311, 376.547, 902.067, 1068.329, 1055.246, 1055.941, 1501.51, 1038.684, 1019.391, 1838.243, 1829.375, 1498.776, 905.643, 883.059, 1055.007, 358.029, 1831.4, 1343.545, 881.537, 1038.977, 1049.573, 1332.578, 1486.382, 1330.262, 359.081, 1820.437, 877.925, 1475.976, 1468.56, 1892.269, 369.537, 1407.123, 1395.471, 359.194, 360.398]] 
RATE (RPS) =====================================: 17

[[410.444, 412.431, 400.836, 396.832, 394.458, 398.345, 1706.1599999999999, 386.533, 712.106, 1509.446, 1066.448, 1504.18, 1496.21, 912.118, 1677.559, 1041.285, 1052.638, 1044.386, 1041.18, 1043.551, 573.109, 1042.476, 1476.384, 1482.792, 1485.718, 1817.1680000000001, 342.868, 872.013, 1502.7359999999999, 1672.047, 1510.158, 1671.336, 1810.801, 832.744, 1643.783, 1024.531, 379.42, 1891.885, 1880.779, 340.175]] 
RATE (RPS) =====================================: 15

[[335.991, 335.468, 352.182, 332.878, 348.483, 358.307, 355.494, 351.417, 392.544, 372.208, 372.376, 387.656, 955.163, 592.991, 912.444, 915.362, 1675.255, 1354.728, 875.745, 1528.952, 1361.853, 912.032, 1850.008, 904.233, 1703.972, 1706.351, 872.159, 1046.403, 1487.362, 1039.272, 1054.54, 1040.919, 1643.3429999999998, 1346.58, 1026.399, 1490.721, 353.751, 887.262, 1029.969, 864.818]] 
RATE (RPS) =====================================: 23

[[402.821, 393.85, 359.919, 344.327, 341.797, 357.974, 365.174, 352.439, 339.851, 335.837, 344.064, 332.957, 328.822, 338.96, 332.238, 331.423]] 
RATE (RPS) =====================================: 40

[[336.152, 339.396, 337.42, 341.342, 377.167, 348.891, 367.392, 367.598, 336.781, 359.03, 340.368, 344.813, 330.102, 361.28, 340.034, 331.179, 1316.431, 1156.513, 343.835, 356.722, 338.21, 341.381]] 
RATE (RPS) =====================================: 38

[[415.751, 399.51, 347.534, 379.015, 345.086, 352.511, 345.296, 343.02, 330.831, 355.186, 339.62, 342.18, 342.661, 357.323, 334.601]] 
RATE (RPS) =====================================: 40

[[339.756, 346.062, 358.166, 337.249, 353.655, 361.21, 344.881, 349.028, 355.197, 341.581, 349.561, 344.529, 342.479, 335.832, 336.923, 337.841, 339.63]] 
RATE (RPS) =====================================: 40

[[347.831, 343.517, 346.978, 346.651, 375.696, 353.007, 337.025, 343.74, 351.378, 391.074, 400.554, 384.518, 395.268, 386.954, 368.835, 352.687]] 
RATE (RPS) =====================================: 40

[[341.148, 341.981, 371.936, 335.39, 361.764, 343.262, 349.682, 362.975, 337.589, 340.672, 331.208, 347.011, 348.057, 331.737, 334.337]] 
RATE (RPS) =====================================: 40

[[358.435, 335.208, 338.677, 335.614, 352.524, 349.676, 361.508, 339.926, 339.664, 342.513, 353.152, 360.114, 344.358, 383.686, 349.031, 427.284, 409.643, 405.67, 394.555, 377.396]] 
RATE (RPS) =====================================: 45

[[355.662, 359.558, 354.617, 348.516, 354.73, 354.084, 347.23, 345.49, 350.252, 1006.203, 368.006, 1672.031, 870.017, 343.39, 352.251, 1165.811, 364.291, 357.417, 368.914, 356.193, 350.324, 346.24]] 
RATE (RPS) =====================================: 42

[[402.398, 391.442, 380.366, 360.405, 359.092, 361.511, 345.193, 1099.083, 349.122, 352.066, 355.183, 366.873, 876.955, 1343.304, 1815.516, 1497.9180000000001, 357.419, 1816.788, 1021.84, 351.702, 354.622, 1030.665, 888.244, 559.046, 346.737, 343.689, 354.483, 359.909, 1692.0900000000001]] 
RATE (RPS) =====================================: 37

[[388.072, 485.166, 418.346, 535.264, 589.111, 641.88, 696.346, 742.829, 796.383, 916.547, 848.201, 907.338, 1009.689, 941.003, 1047.721, 1092.219, 1145.859, 1187.813, 1194.695, 1243.276]] 
RATE (RPS) =====================================: 38

[[425.123, 480.817, 536.331, 578.529, 694.151, 620.011, 733.177, 775.073, 886.81, 813.944, 936.535, 979.082, 1097.173, 1025.42, 1142.787, 1175.608, 1230.871, 1278.618, 1320.4859999999999, 1367.561, 1469.6, 1408.228, 1506.221, 1536.726, 1587.745]] 
RATE (RPS) =====================================: 32

[[399.608, 452.477, 483.521, 611.429, 530.134, 628.349, 678.498, 716.435, 774.416, 816.887, 867.854, 915.519, 1025.754, 957.18, 1064.391, 1103.783, 1154.149, 1209.228, 1231.07]] 
RATE (RPS) =====================================: 39

[[406.226, 459.535, 501.121, 533.311, 581.989, 639.835, 653.531, 706.644, 764.609, 829.732, 964.145, 889.91, 1025.795, 1073.901, 1128.605, 1136.877]] 
RATE (RPS) =====================================: 41

[[422.989, 405.898, 391.94, 378.02, 389.897, 356.45, 341.034, 338.107, 359.988, 362.655, 346.932, 369.824, 354.652, 339.654, 342.021, 342.475, 347.665, 337.335, 336.602, 335.014, 342.873, 343.25]] 
RATE (RPS) =====================================: 45

[[351.935, 359.428, 345.044, 340.44, 330.783, 342.947, 335.396, 345.53, 338.375, 333.2, 355.744, 364.548, 353.706, 354.957, 342.638, 345.35, 336.834, 333.441, 339.131, 342.265, 338.188, 348.283, 346.799, 354.971, 336.036]] 
RATE (RPS) =====================================: 45

[[401.503, 413.881, 402.816, 388.36, 384.796, 382.132, 376.491, 400.084, 396.418, 388.032, 385.522, 385.039, 384.652, 380.144, 356.893, 346.903, 368.547, 345.213, 349.7, 341.53, 356.235, 342.598, 400.55, 336.929, 353.319]] 
RATE (RPS) =====================================: 45

[[347.464, 360.717, 333.155, 336.497, 335.938, 347.504, 338.972, 342.882, 339.18, 348.383, 337.239, 344.435, 333.492, 339.849, 346.393, 333.528, 345.023, 348.774, 352.878, 337.899]] 
RATE (RPS) =====================================: 50

[[362.047, 357.569, 331.95, 350.13, 342.806, 357.723, 348.017, 345.46, 370.094, 374.871, 354.17, 349.503, 333.735, 338.422, 338.754, 332.82, 334.512, 342.623, 355.806, 343.025, 345.391, 340.631, 341.146, 329.907]] 
RATE (RPS) =====================================: 50

[[334.837, 354.385, 397.832, 400.745, 392.068, 367.562, 346.878, 347.509, 352.421, 357.758, 335.142, 335.686, 344.992, 364.689, 334.028, 335.919, 343.97, 344.296, 333.281, 337.115, 335.652, 340.064]] 
RATE (RPS) =====================================: 50

[[330.11, 335.904, 341.997, 349.022, 356.913, 353.47, 345.525, 342.794, 372.594, 357.277, 345.753, 351.992, 360.183, 339.334, 337.075, 343.225, 354.991, 342.08, 346.369, 333.861, 347.56, 331.325, 331.6, 329.559, 340.444]] 
RATE (RPS) =====================================: 50

[[416.766, 415.647, 404.052, 403.364, 398.53, 383.928, 389.336, 377.621, 387.261, 378.121, 391.947, 373.96, 371.825, 382.255, 357.224, 342.666, 369.198, 352.106, 338.648, 336.071, 330.877, 332.769, 349.85, 349.515, 350.168]] 
RATE (RPS) =====================================: 50

[[393.764, 447.285, 494.974, 548.473, 594.038, 622.651, 903.862, 667.048, 769.39, 821.479, 698.469, 924.475, 979.666, 1084.077, 1013.934, 1119.156, 1168.456, 1213.545, 1210.851, 1248.834, 1291.607, 1335.713, 1374.042, 1413.171]] 
RATE (RPS) =====================================: 39

[[395.568, 441.776, 469.448, 491.304, 542.633, 599.487, 698.936, 632.52, 742.234, 794.41, 844.87, 889.65, 937.312, 970.289, 1014.73, 1070.451, 1103.487, 1139.462, 1172.385, 1207.574, 1245.726, 1293.901, 1343.367, 1395.49, 1444.685]] 
RATE (RPS) =====================================: 39

[[396.549, 426.009, 483.115, 535.018, 586.205, 631.636, 798.969, 676.379, 725.195, 834.489, 880.35, 934.904, 964.904, 1006.928, 1057.867, 1099.818, 1185.386, 1118.93, 1251.026, 1308.657, 1431.696, 1361.261, 1477.459, 1517.545, 1559.5529999999999, 1615.604, 1643.4769999999999, 1695.05]] 
RATE (RPS) =====================================: 35

[[402.378, 491.294, 419.15, 517.297, 536.45, 580.682, 633.37, 800.639, 680.446, 717.619, 817.273, 918.296, 854.35, 989.224, 926.946, 1076.015, 1004.038, 1096.823, 1142.917, 1190.91, 1292.181, 1233.074, 1343.2649999999999]] 
RATE (RPS) =====================================: 42

[[454.68, 388.985, 500.47, 543.44, 645.335, 580.943, 696.653, 734.739, 834.64, 764.332, 941.254, 862.049, 976.491, 1028.711, 1136.786, 1057.06, 1163.297, 1327.666, 1203.752, 1249.1970000000001, 1409.228, 1336.834, 1436.987, 1478.476, 1589.345, 1524.813, 1626.365, 1680.013, 1733.133]] 
RATE (RPS) =====================================: 34

[[416.456, 518.038, 541.62, 573.474, 679.458, 616.161, 694.91, 752.395, 824.829, 866.834, 918.83, 965.023, 1070.135, 1003.389, 1085.929, 1140.058, 1346.85, 1208.723, 1152.345, 1246.426, 1344.4769999999999, 1394.041, 1442.013, 1487.143, 1524.435]] 
RATE (RPS) =====================================: 42

[[521.997, 396.051, 451.257, 550.101, 663.486, 596.304, 743.101, 679.0, 782.869, 790.875, 833.275, 881.599, 932.097, 978.434, 1029.283, 1072.943, 1074.73, 1122.353, 1173.952, 1215.336, 1257.753, 1309.779, 1363.288, 1417.865, 1435.75]] 
RATE (RPS) =====================================: 44

[[398.805, 436.655, 534.129, 462.742, 562.043, 611.006, 618.923, 654.434, 701.697, 733.014, 780.295, 948.708, 817.554, 872.385, 982.58, 1030.779, 1069.304, 1176.069, 1114.988, 1213.3600000000001, 1254.6100000000001, 1280.445, 1329.132, 1451.435, 1356.146]] 
RATE (RPS) =====================================: 45

[[423.269, 456.069, 510.144, 548.867, 657.433, 595.177, 717.748, 833.06, 763.027, 869.532, 933.324, 970.499, 998.888, 1034.268, 1147.891, 1189.0140000000001, 1066.456, 1222.19, 1271.9270000000001, 1319.76, 1354.834, 1397.363, 1415.186, 1466.05, 1576.2060000000001, 1623.2359999999999, 1495.115, 1704.5549999999998, 1633.913]] 
RATE (RPS) =====================================: 39

[[397.237, 446.285, 479.407, 529.02, 710.357, 575.645, 635.335, 734.394, 784.486, 841.221, 873.842, 925.87, 968.198, 1003.849, 1064.04, 1115.285, 1154.596, 1173.69, 1205.476, 1313.966, 1235.133, 1399.065, 1339.596, 1436.644, 1485.257, 1506.914, 1613.6860000000001, 1525.083]] 
RATE (RPS) =====================================: 40

[[411.001, 449.031, 493.192, 549.007, 547.174, 662.025, 589.454, 753.417, 794.84, 867.159, 894.074, 921.599, 972.177, 1021.634, 1049.385, 1089.529, 1138.665, 1313.584, 1182.597, 1212.222, 1321.268, 1352.422, 1519.478, 1392.923, 1429.239]] 
RATE (RPS) =====================================: 43

[[406.361, 452.478, 495.427, 541.156, 589.472, 640.145, 694.907, 741.526, 784.817, 835.249, 870.609, 913.871, 915.436, 939.904, 1038.23, 970.272, 1071.773, 1089.888, 1130.955, 1151.12]] 
RATE (RPS) =====================================: 50

[[415.994, 422.462, 469.849, 508.787, 549.056, 640.765, 580.294, 622.294, 736.837, 780.123, 660.446, 876.6, 797.759, 877.229, 922.137, 970.049, 1018.084, 1071.389, 1112.812, 1166.427, 1196.145]] 
RATE (RPS) =====================================: 50

[[391.754, 446.4, 501.74, 551.518, 594.625, 648.729, 685.148, 795.257, 718.433, 838.205, 878.583, 934.478, 979.092, 990.519, 1018.632, 1067.379, 1117.152, 1107.433, 1120.216]] 
RATE (RPS) =====================================: 50

[[401.912, 437.973, 497.375, 547.875, 610.409, 641.531, 697.022, 761.894, 816.738, 874.816, 894.097, 940.085, 1009.807, 932.804, 964.947, 947.562, 901.373, 897.525, 887.038, 875.806]] 
RATE (RPS) =====================================: 54

[[338.561, 338.674, 369.61, 343.778, 365.177, 362.271, 338.01, 357.301, 357.697, 368.127, 341.432, 350.176, 330.387, 361.157, 345.745, 341.33, 332.868, 333.482]] 
RATE (RPS) =====================================: 60

[[339.22, 381.867, 364.54, 367.384, 348.355, 345.827, 438.718, 346.234, 377.489, 374.856, 359.501, 338.16, 357.19, 340.546, 342.89, 340.416, 331.369, 346.897, 339.425, 355.439, 340.788, 353.625, 351.02, 356.269, 333.801, 350.982, 335.741, 336.165, 339.956]] 
RATE (RPS) =====================================: 60

[[340.579, 398.712, 360.491, 402.346, 381.668, 365.346, 406.225, 343.104, 369.795, 363.397, 344.738, 341.783, 345.932, 346.403, 340.471, 336.597, 341.259, 337.358, 346.768, 332.922, 350.855, 331.835]] 
RATE (RPS) =====================================: 60

[[358.889, 337.293, 364.333, 354.081, 349.983, 361.287, 366.322, 345.747, 336.245, 351.092, 340.872, 351.664, 355.711, 357.329, 347.874, 336.936, 337.137, 344.323, 349.844, 360.552]] 
RATE (RPS) =====================================: 60

[[347.739, 362.194, 901.513, 349.347, 498.999, 511.188, 459.578, 441.912, 421.425, 420.98, 1341.407, 1910.8319999999999, 2324.226, 486.56, 493.7, 474.076, 462.18, 443.926, 429.341, 431.607, 397.927, 399.62, 380.251]] 
RATE (RPS) =====================================: 57

[[2421.4610000000002, 2222.532, 2249.878, 1483.681, 1641.107, 1470.319, 1447.524, 1661.5, 1096.121, 430.666, 439.423, 390.327, 382.885, 378.842, 369.841, 369.861, 351.22, 346.087, 1365.013, 1353.064, 398.174, 365.863, 353.431]] 
RATE (RPS) =====================================: 49

[[499.081, 481.511, 471.446, 423.506, 419.734, 380.404, 369.17, 344.686, 339.256, 336.587, 375.51, 373.095, 371.319, 344.719, 356.15, 360.45, 354.029, 338.833, 343.843, 355.281, 340.657]] 
RATE (RPS) =====================================: 60

[[355.151, 348.723, 362.15, 354.371, 351.897, 368.015, 372.201, 342.767, 337.377, 338.075, 348.14, 361.269, 351.805, 340.598, 443.277, 432.097, 428.09, 379.116, 331.597, 339.133, 338.012, 339.068]] 
RATE (RPS) =====================================: 60

[[353.573, 350.494, 353.496, 358.765, 357.924, 345.125, 337.516, 336.166, 354.775, 342.079, 337.868, 348.946, 360.599, 336.965, 338.161, 333.237, 329.683, 335.159, 333.61, 338.81, 334.276]] 
RATE (RPS) =====================================: 60

[[355.522, 355.088, 345.291, 336.268, 344.607, 348.674, 338.587, 334.601]] 
RATE (RPS) =====================================: 60

[[339.735, 357.113, 342.903, 368.83, 355.48, 367.148, 342.057, 356.784, 343.105, 344.409, 359.044, 348.537, 333.588, 339.575, 329.077, 447.695]] 
RATE (RPS) =====================================: 65

[[346.362, 349.819, 365.569, 344.227, 354.0, 368.586, 337.444, 342.659, 337.921, 333.668, 345.259]] 
RATE (RPS) =====================================: 65

[[385.825, 356.84, 381.986, 370.342, 451.703, 333.697, 332.634, 339.231, 335.029]] 
RATE (RPS) =====================================: 65

[[337.08, 351.706, 345.517, 377.375, 348.952, 340.331, 365.105, 354.394, 357.484, 338.575, 343.274, 332.982, 334.599, 332.229, 335.698, 346.189, 346.572, 331.967]] 
RATE (RPS) =====================================: 65

[[342.039, 358.125, 357.964, 438.927, 431.631, 407.351, 357.479, 349.047, 371.818, 330.563, 347.531, 366.459, 348.132, 347.509, 332.294, 334.935, 347.603, 342.518, 341.013, 343.924, 334.962, 332.11, 328.395, 352.616]] 
RATE (RPS) =====================================: 65

[[350.87, 350.465, 360.362, 359.017, 351.922, 346.058, 365.268, 389.999, 369.164, 360.632, 352.256, 353.369, 340.0, 343.196, 334.226, 334.27, 351.482, 340.968, 343.092, 344.841, 331.023, 334.405]] 
RATE (RPS) =====================================: 65

[[379.627, 367.809, 353.453, 379.895, 366.076, 353.045, 354.03, 362.373, 357.999, 348.128, 336.831, 338.054, 359.498, 352.031, 355.165, 344.773, 338.001, 332.578, 347.243, 340.467, 347.764, 333.257, 339.748, 358.568, 333.441]] 
RATE (RPS) =====================================: 65

[[370.268, 352.176, 341.076, 367.263, 375.765, 350.225, 353.753, 387.834, 349.986, 361.196, 364.863, 385.513, 361.195, 351.649, 355.505, 342.432, 347.994, 367.816, 341.302, 359.374, 371.753, 349.314, 347.576, 347.149, 344.637, 363.069, 347.996, 345.993, 334.153, 333.072]] 
RATE (RPS) =====================================: 65

[[369.904, 370.194, 416.689, 393.127, 402.742, 414.836, 379.384, 336.638, 339.788, 342.408, 344.69, 343.908, 349.856, 353.985, 359.838, 344.884, 355.191, 347.623, 340.694, 333.38, 352.542, 366.243, 367.404, 338.339]] 
RATE (RPS) =====================================: 65

[[358.7, 351.328, 365.443, 351.214, 379.009, 361.857, 366.375, 346.655, 348.127, 351.516, 345.674, 377.766, 339.733, 361.097, 346.319, 348.394, 431.648, 335.026, 338.242, 335.549, 336.614, 339.287, 348.619, 353.724, 336.554, 345.122]] 
RATE (RPS) =====================================: 65

average response time [0]390.757
average response time [1]334.303
average response time [2]332.676
average response time [3]370.177
average response time [4]333.554
average response time [5]333.693
average response time [6]334.603
average response time [7]374.01
average response time [8]329.068
average response time [9]333.418
TOTAL AVERAGE RESPONSE TIME ====================: 346.62590000000006
NUMBER OF THREADS ==============================: 1
TOTAL AVERAGE RATE (RPS) =====================================: 1.0
average response time [10]338.67449999999997
average response time [11]371.36350000000004
average response time [12]340.4815
average response time [13]338.42449999999997
average response time [14]338.3815
average response time [15]384.6195
average response time [16]339.002
average response time [17]333.394
average response time [18]332.009
average response time [19]368.4685
TOTAL AVERAGE RESPONSE TIME ====================: 348.48184999999995
NUMBER OF THREADS ==============================: 2
TOTAL AVERAGE RATE (RPS) =====================================: 2.0
average response time [20]340.211
average response time [21]339.9015
average response time [22]365.4995
average response time [23]340.07575
average response time [24]332.3625
average response time [25]334.2695
average response time [26]373.15325
average response time [27]334.4405
average response time [28]346.6545
average response time [29]337.62399999999997
TOTAL AVERAGE RESPONSE TIME ====================: 344.4192
NUMBER OF THREADS ==============================: 4
TOTAL AVERAGE RATE (RPS) =====================================: 4.0
average response time [30]358.38475
average response time [31]340.8615
average response time [32]341.02375
average response time [33]372.26800000000003
average response time [34]337.3595
average response time [35]342.13937500000003
average response time [36]356.40250000000003
average response time [37]338.34925
average response time [38]348.1785
average response time [39]341.558
TOTAL AVERAGE RESPONSE TIME ====================: 347.6525125
NUMBER OF THREADS ==============================: 8
TOTAL AVERAGE RATE (RPS) =====================================: 8.0
average response time [40]349.2618125
average response time [41]343.4086875
average response time [42]347.267375
average response time [43]344.5066875
average response time [44]344.82775
average response time [45]347.4643125
average response time [46]382.8210625
average response time [47]341.6905625
average response time [48]351.040875
average response time [49]353.1938125
TOTAL AVERAGE RESPONSE TIME ====================: 350.54829375
NUMBER OF THREADS ==============================: 16
TOTAL AVERAGE RATE (RPS) =====================================: 16.0
average response time [50]354.75475
average response time [51]387.72950000000003
average response time [52]676.45084375
average response time [53]721.2864375
average response time [54]696.62475
average response time [55]677.91971875
average response time [56]1056.1194062499999
average response time [57]358.080375
average response time [58]344.2863125
average response time [59]345.70234375
TOTAL AVERAGE RESPONSE TIME ====================: 561.8954437499999
NUMBER OF THREADS ==============================: 32
TOTAL AVERAGE RATE (RPS) =====================================: 29.6
average response time [60]343.9458181818182
average response time [61]411.28857575757576
average response time [62]588.6917272727272
average response time [63]696.8369696969697
average response time [64]640.9494848484849
average response time [65]725.5029696969697
average response time [66]724.5315454545455
average response time [67]661.8605454545454
average response time [68]644.0178484848485
average response time [69]674.8206363636364
TOTAL AVERAGE RESPONSE TIME ====================: 611.2446121212122
NUMBER OF THREADS ==============================: 33
TOTAL AVERAGE RATE (RPS) =====================================: 30.8
average response time [70]693.6518823529411
average response time [71]677.4389411764706
average response time [72]634.5379411764706
average response time [73]664.1503529411765
average response time [74]660.8092647058824
average response time [75]743.5663529411764
average response time [76]652.6480588235294
average response time [77]644.9638823529411
average response time [78]682.805705882353
average response time [79]722.440705882353
TOTAL AVERAGE RESPONSE TIME ====================: 677.7013088235294
NUMBER OF THREADS ==============================: 34
TOTAL AVERAGE RATE (RPS) =====================================: 32.9
average response time [80]663.8496857142857
average response time [81]699.7693142857142
average response time [82]694.0839142857143
average response time [83]723.5806
average response time [84]712.8351142857143
average response time [85]349.29894285714283
average response time [86]347.7593428571429
average response time [87]351.5355714285714
average response time [88]343.92462857142857
average response time [89]345.19565714285716
TOTAL AVERAGE RESPONSE TIME ====================: 523.1832771428572
NUMBER OF THREADS ==============================: 35
TOTAL AVERAGE RATE (RPS) =====================================: 34.1
average response time [90]347.76269444444443
average response time [91]349.95166666666665
average response time [92]351.78430555555553
average response time [93]346.21958333333333
average response time [94]358.54116666666664
average response time [95]343.3931111111111
average response time [96]350.03844444444445
average response time [97]349.64602777777776
average response time [98]347.12
average response time [99]345.66583333333335
TOTAL AVERAGE RESPONSE TIME ====================: 349.01228333333336
NUMBER OF THREADS ==============================: 36
TOTAL AVERAGE RATE (RPS) =====================================: 36.0
average response time [100]349.31405405405405
average response time [101]344.2244324324324
average response time [102]346.99943243243246
average response time [103]352.32137837837837
average response time [104]348.06154054054053
average response time [105]347.04621621621624
average response time [106]345.4549189189189
average response time [107]345.5683243243243
average response time [108]348.4837027027027
average response time [109]447.6038648648649
TOTAL AVERAGE RESPONSE TIME ====================: 357.5077864864865
NUMBER OF THREADS ==============================: 37
TOTAL AVERAGE RATE (RPS) =====================================: 36.7
average response time [110]352.1913421052632
average response time [111]351.6337105263158
average response time [112]347.7260789473684
average response time [113]352.00144736842105
average response time [114]341.8849473684211
average response time [115]350.86168421052633
average response time [116]349.8943947368421
average response time [117]344.9121052631579
average response time [118]348.2568947368421
average response time [119]376.15602631578946
TOTAL AVERAGE RESPONSE TIME ====================: 351.5518631578948
NUMBER OF THREADS ==============================: 38
TOTAL AVERAGE RATE (RPS) =====================================: 38.0
average response time [120]344.22076923076924
average response time [121]768.8936923076923
average response time [122]348.0968461538462
average response time [123]343.89238461538463
average response time [124]348.56802564102566
average response time [125]352.13797435897436
average response time [126]348.58089743589744
average response time [127]350.45941025641025
average response time [128]358.053717948718
average response time [129]346.27446153846154
TOTAL AVERAGE RESPONSE TIME ====================: 390.91781794871787
NUMBER OF THREADS ==============================: 39
TOTAL AVERAGE RATE (RPS) =====================================: 39.0
average response time [130]1012.975875
average response time [131]1020.1853
average response time [132]1096.501725
average response time [133]918.189775
average response time [134]350.1533125
average response time [135]427.8198636363636
average response time [136]355.34166666666664
average response time [137]345.50470588235294
average response time [138]364.1070625
average response time [139]345.24993333333333
TOTAL AVERAGE RESPONSE TIME ====================: 623.6029219518716
NUMBER OF THREADS ==============================: 40
TOTAL AVERAGE RATE (RPS) =====================================: 31.0
average response time [140]362.9317
average response time [141]504.14668181818183
average response time [142]694.2641724137932
average response time [143]841.3879000000001
average response time [144]1024.26508
average response time [145]822.1411578947368
average response time [146]768.485375
average response time [147]358.4215909090909
average response time [148]344.63876
average response time [149]374.73148
TOTAL AVERAGE RESPONSE TIME ====================: 609.5413898035804
NUMBER OF THREADS ==============================: 45
TOTAL AVERAGE RATE (RPS) =====================================: 40.9
average response time [150]342.5101
average response time [151]346.713
average response time [152]351.6740454545455
average response time [153]344.83828
average response time [154]371.3482
average response time [155]930.79
average response time [156]915.2678
average response time [157]1042.99925
average response time [158]854.9842173913044
average response time [159]1065.7128965517243
TOTAL AVERAGE RESPONSE TIME ====================: 656.6837789397574
NUMBER OF THREADS ==============================: 50
TOTAL AVERAGE RATE (RPS) =====================================: 43.9
average response time [160]992.55968
average response time [161]930.93912
average response time [162]895.64952
average response time [163]1075.6896896551725
average response time [164]1016.9134642857143
average response time [165]957.08384
average response time [166]813.6798
average response time [167]780.7399047619048
average response time [168]809.7522631578947
average response time [169]776.92945
TOTAL AVERAGE RESPONSE TIME ====================: 904.9936731860686
NUMBER OF THREADS ==============================: 55
TOTAL AVERAGE RATE (RPS) =====================================: 45.7
average response time [170]348.65461111111114
average response time [171]352.9196551724138
average response time [172]355.84472727272725
average response time [173]350.3757
average response time [174]638.7186086956522
average response time [175]999.5139130434783
average response time [176]379.9650952380952
average response time [177]361.9513181818182
average response time [178]343.67747619047617
average response time [179]344.82975
TOTAL AVERAGE RESPONSE TIME ====================: 447.6450854905772
NUMBER OF THREADS ==============================: 60
TOTAL AVERAGE RATE (RPS) =====================================: 58.6
average response time [180]354.6925
average response time [181]347.774
average response time [182]365.2541111111111
average response time [183]345.55716666666666
average response time [184]356.039375
average response time [185]350.31295454545455
average response time [186]351.19416
average response time [187]355.7299
average response time [188]361.0119583333333
average response time [189]353.8304615384615
TOTAL AVERAGE RESPONSE TIME ====================: 354.13965871950273
NUMBER OF THREADS ==============================: 65
TOTAL AVERAGE RATE (RPS) =====================================: 65.0
average response time sent to Stackdriver [0]334.4405
average response time sent to Stackdriver [1]387.72950000000003
average response time sent to Stackdriver [2]411.28857575757576
average response time sent to Stackdriver [3]644.0178484848485
average response time sent to Stackdriver [4]644.9638823529411
average response time sent to Stackdriver [5]347.7593428571429
average response time sent to Stackdriver [6]348.06154054054053
average response time sent to Stackdriver [7]376.15602631578946
average response time sent to Stackdriver [8]1012.975875
average response time sent to Stackdriver [9]362.9317
average response time sent to Stackdriver [10]358.4215909090909
average response time sent to Stackdriver [11]915.2678
average response time sent to Stackdriver [12]895.64952
average response time sent to Stackdriver [13]809.7522631578947
average response time sent to Stackdriver [14]999.5139130434783
average response time sent to Stackdriver [15]361.0119583333333
NUMBER OF THREADS: [1, 2, 4, 8, 16, 32, 33, 34, 35, 36, 37, 38, 39, 40, 45, 50, 55, 60, 65]
WORKLOAD: HFU_LV AND HFU_HV;  
TOTAL EXECUTION TIME (Concurrent Parallel Requests): 166944.57
TOTAL NUMBER OF REPLICAS USED: 5

