[[459.564]] 
RATE (RPS) =====================================: 1

[[364.113]] 
RATE (RPS) =====================================: 1

[[370.117]] 
RATE (RPS) =====================================: 1

[[375.671]] 
RATE (RPS) =====================================: 1

[[345.011]] 
RATE (RPS) =====================================: 1

[[340.619]] 
RATE (RPS) =====================================: 1

[[364.029]] 
RATE (RPS) =====================================: 1

[[374.054]] 
RATE (RPS) =====================================: 1

[[346.058]] 
RATE (RPS) =====================================: 1

[[352.486]] 
RATE (RPS) =====================================: 1

[[381.945, 383.28]] 
RATE (RPS) =====================================: 2

[[396.288, 395.631]] 
RATE (RPS) =====================================: 2

[[392.326, 392.002]] 
RATE (RPS) =====================================: 2

[[366.222, 358.859]] 
RATE (RPS) =====================================: 2

[[375.501, 373.805]] 
RATE (RPS) =====================================: 2

[[351.847, 359.763]] 
RATE (RPS) =====================================: 2

[[347.315, 345.818]] 
RATE (RPS) =====================================: 2

[[356.675, 339.52]] 
RATE (RPS) =====================================: 2

[[391.282, 416.952]] 
RATE (RPS) =====================================: 2

[[366.683, 383.8]] 
RATE (RPS) =====================================: 2

[[410.946, 372.721, 417.817, 441.376]] 
RATE (RPS) =====================================: 4

[[363.322, 384.502, 398.851, 418.295]] 
RATE (RPS) =====================================: 4

[[403.241, 368.162, 436.219, 402.817]] 
RATE (RPS) =====================================: 4

[[397.579, 450.095, 408.3, 453.533]] 
RATE (RPS) =====================================: 4

[[369.596, 390.353, 410.194, 430.274]] 
RATE (RPS) =====================================: 4

[[367.249, 412.974, 386.69, 434.893]] 
RATE (RPS) =====================================: 4

[[370.769, 394.193, 437.723, 403.716]] 
RATE (RPS) =====================================: 4

[[458.852, 373.15, 390.946, 404.14]] 
RATE (RPS) =====================================: 4

[[379.195, 405.245, 441.956, 412.357]] 
RATE (RPS) =====================================: 4

[[509.399, 401.341, 445.154, 529.8]] 
RATE (RPS) =====================================: 4

[[417.061, 562.252, 493.365, 434.596, 572.236, 605.537, 701.44, 644.872]] 
RATE (RPS) =====================================: 8

[[388.802, 394.177, 372.747, 362.859, 364.772, 353.967, 355.563, 354.206]] 
RATE (RPS) =====================================: 8

[[371.649, 371.644, 370.483, 358.996, 362.582, 351.528, 343.393, 351.948]] 
RATE (RPS) =====================================: 8

[[346.586, 347.101, 384.93, 350.778, 385.46, 346.748, 347.338, 342.959]] 
RATE (RPS) =====================================: 8

[[379.38, 353.841, 349.093, 347.661, 352.502, 353.32, 362.515, 357.452]] 
RATE (RPS) =====================================: 8

[[376.931, 372.049, 360.388, 350.608, 349.615, 353.506, 355.374, 347.019]] 
RATE (RPS) =====================================: 8

[[349.101, 341.544, 345.355, 349.616, 360.144, 344.582, 351.017, 338.964]] 
RATE (RPS) =====================================: 8

[[354.953, 358.48, 349.998, 357.415, 357.858, 341.179, 367.488, 349.107]] 
RATE (RPS) =====================================: 8

[[355.062, 346.376, 344.436, 339.389, 381.516, 354.941, 360.844, 365.084]] 
RATE (RPS) =====================================: 8

[[390.892, 381.747, 383.237, 380.254, 376.105, 372.404, 353.178, 349.737]] 
RATE (RPS) =====================================: 8

[[369.781, 363.645, 366.774, 351.025, 352.92, 353.532, 365.277, 358.102, 356.927, 367.239, 367.455, 349.629, 345.473, 347.395, 346.006, 358.236]] 
RATE (RPS) =====================================: 16

[[406.163, 355.351, 382.975, 379.764, 352.426, 361.416, 353.252, 346.524, 346.52, 355.17, 345.46, 348.06, 352.425, 359.415, 350.722, 344.637]] 
RATE (RPS) =====================================: 16

[[368.834, 362.099, 357.703, 356.882, 342.35, 350.537, 359.313, 343.175, 339.731, 343.398, 345.248, 343.013, 355.364, 360.421, 352.104, 343.125]] 
RATE (RPS) =====================================: 16

[[378.735, 369.646, 370.99, 370.081, 391.219, 363.871, 366.162, 355.258, 368.621, 360.973, 379.514, 357.342, 352.176, 360.186, 358.959, 355.137]] 
RATE (RPS) =====================================: 16

[[390.83, 414.006, 450.925, 416.09, 447.795, 576.395, 461.864, 478.551, 486.025, 514.517, 616.082, 557.082, 574.687, 622.734, 636.646, 662.299]] 
RATE (RPS) =====================================: 16

[[399.452, 362.613, 454.569, 403.748, 421.706, 517.868, 475.742, 453.294, 635.491, 511.737, 548.359, 588.304, 638.967, 655.676, 674.313, 691.014]] 
RATE (RPS) =====================================: 16

[[371.459, 415.648, 381.377, 415.159, 448.083, 418.506, 443.946, 460.18, 475.778, 521.648, 482.809, 571.824, 506.433, 531.58, 558.723, 574.463]] 
RATE (RPS) =====================================: 16

[[393.569, 468.452, 399.719, 413.023, 462.468, 471.777, 534.905, 477.718, 635.927, 530.405, 473.865, 532.454, 551.515, 572.588, 634.093, 607.899]] 
RATE (RPS) =====================================: 16

[[392.496, 366.153, 421.366, 431.21, 462.2, 429.369, 494.579, 465.27, 502.648, 544.098, 504.677, 545.007, 560.186, 601.282, 566.185, 603.263]] 
RATE (RPS) =====================================: 16

[[369.84, 386.717, 422.483, 394.211, 434.214, 446.006, 527.819, 457.56, 475.781, 730.923, 1091.73, 707.057, 702.881, 710.992, 692.911, 708.186]] 
RATE (RPS) =====================================: 15

[[1458.746, 540.088, 521.249, 682.331, 555.957, 693.786, 474.68, 458.266, 480.59, 488.473, 681.057, 1793.354, 1397.574, 604.676, 1563.046, 3156.493, 1511.798, 1573.2440000000001, 1587.738, 1606.02, 1500.315, 981.426, 748.977, 719.762, 963.149, 636.777, 2473.084, 595.81, 668.013, 930.614, 620.056, 907.179]] 
RATE (RPS) =====================================: 21

[[387.408, 424.418, 387.418, 430.316, 444.628, 458.275, 466.415, 512.117, 483.52, 572.991, 539.426, 514.643, 572.412, 599.135, 562.046, 601.641, 651.878, 616.599, 738.426, 645.368, 669.581, 643.329, 676.177, 712.428, 736.134, 748.419, 760.559, 769.187, 806.395, 840.395, 870.505, 879.737]] 
RATE (RPS) =====================================: 32

[[369.966, 399.807, 408.622, 457.11, 411.88, 476.58, 445.676, 486.21, 496.044, 518.548, 531.448, 553.243, 563.074, 563.988, 588.017, 602.739, 619.912, 629.116, 640.555, 655.259, 768.615, 697.468, 797.412, 828.865, 873.356, 1047.212, 968.187, 904.001, 929.759, 996.822, 965.264, 1030.311]] 
RATE (RPS) =====================================: 30

[[399.946, 365.117, 434.968, 403.644, 428.008, 445.048, 454.431, 474.924, 513.674, 567.561, 613.183, 517.831, 560.651, 630.867, 597.083, 674.976, 642.674, 720.134, 686.359, 728.873, 756.854, 731.512, 769.422, 855.667, 767.767, 785.274, 796.175, 845.437, 882.687, 831.896, 874.611, 892.205]] 
RATE (RPS) =====================================: 32

[[525.357, 411.61, 431.678, 473.054, 438.719, 525.285, 555.168, 488.715, 555.945, 645.672, 591.216, 562.888, 603.571, 618.624, 689.19, 639.732, 660.572, 675.593, 711.552, 681.299, 750.126, 719.882, 811.196, 739.983, 829.08, 738.164, 776.948, 817.384, 832.551, 849.078, 894.929, 863.058]] 
RATE (RPS) =====================================: 32

[[384.257, 402.411, 430.857, 396.118, 435.398, 454.535, 469.677, 480.888, 521.129, 485.594, 547.668, 525.046, 578.054, 548.139, 634.173, 603.616, 569.807, 630.305, 635.718, 654.839, 664.997, 721.277, 672.765, 721.313, 675.039, 757.373, 719.657, 760.111, 828.445, 796.23, 823.179, 738.254]] 
RATE (RPS) =====================================: 32

[[413.427, 373.352, 463.691, 411.1, 429.261, 469.408, 486.987, 562.033, 501.736, 519.553, 569.086, 584.192, 595.63, 604.414, 616.364, 634.308, 646.626, 661.4, 686.292, 716.032, 689.374, 726.371, 739.218, 758.106, 769.433, 792.219, 834.228, 899.793, 936.862, 850.801, 945.911, 893.245]] 
RATE (RPS) =====================================: 32

[[387.075, 436.631, 381.545, 463.568, 501.866, 422.905, 533.786, 447.191, 557.489, 587.067, 595.921, 633.473, 598.252, 636.543, 706.309, 653.963, 732.081, 760.112, 773.948, 814.71, 787.901, 813.75, 865.184, 839.677, 862.116, 868.061, 880.704, 901.026, 914.09, 926.298, 974.841, 922.075]] 
RATE (RPS) =====================================: 32

[[382.59, 406.664, 437.612, 468.826, 483.18, 500.903, 536.701, 600.742, 546.315, 631.912, 556.343, 592.982, 631.361, 643.011, 707.113, 730.324, 648.123, 652.883, 710.602, 721.386, 738.852, 752.949, 775.764, 803.471, 775.897, 838.295, 801.238, 837.813, 882.934, 897.904, 832.871, 905.292]] 
RATE (RPS) =====================================: 32

[[455.942, 393.211, 414.76, 519.684, 472.352, 447.503, 503.65, 525.797, 534.176, 550.347, 596.695, 562.802, 603.565, 615.116, 629.144, 643.488, 672.077, 649.212, 679.208, 923.256, 963.965, 1016.947, 981.304, 951.226, 1003.184, 1008.369, 1016.241, 1063.999, 1122.384, 1093.569, 1154.527, 1120.6779999999999]] 
RATE (RPS) =====================================: 23

[[395.342, 414.593, 442.166, 399.299, 423.048, 432.149, 444.314, 486.324, 449.041, 489.139, 524.462, 503.898, 536.136, 562.814, 559.922, 577.732, 662.956, 593.859, 606.353, 682.407, 702.668, 748.22, 715.794, 760.909, 779.403, 805.253, 831.865, 844.296, 872.285, 941.23, 897.967, 939.362, 953.727]] 
RATE (RPS) =====================================: 33

[[432.311, 381.365, 391.313, 457.489, 429.455, 470.484, 484.647, 515.688, 559.418, 584.808, 660.913, 599.681, 623.272, 696.018, 727.66, 652.867, 683.086, 723.004, 739.674, 759.244, 778.782, 797.208, 818.763, 841.274, 853.616, 865.259, 881.836, 899.325, 916.689, 956.764, 974.335, 919.735, 985.195]] 
RATE (RPS) =====================================: 33

[[429.546, 391.675, 447.084, 469.434, 483.76, 493.015, 494.119, 520.842, 544.426, 553.296, 576.05, 585.589, 608.902, 624.184, 665.842, 635.593, 676.181, 691.026, 733.588, 708.165, 743.515, 759.634, 777.536, 870.707, 840.08, 812.705, 780.264, 868.396, 882.435, 895.994, 913.931, 927.646, 950.272]] 
RATE (RPS) =====================================: 33

[[396.218, 369.414, 416.606, 423.473, 437.02, 456.893, 476.672, 492.042, 509.861, 533.381, 551.429, 558.085, 579.933, 597.538, 614.501, 656.959, 626.609, 685.55, 707.208, 743.04, 645.073, 705.621, 746.062, 779.889, 833.613, 782.527, 794.233, 841.769, 859.443, 876.436, 894.837, 955.422, 902.391]] 
RATE (RPS) =====================================: 33

[[416.506, 445.805, 376.428, 463.923, 436.064, 477.944, 545.771, 488.896, 508.324, 571.159, 546.16, 583.366, 622.666, 600.052, 639.323, 644.43, 659.368, 723.418, 664.962, 689.054, 729.979, 753.063, 769.874, 781.681, 863.722, 820.965, 877.798, 975.755, 892.546, 938.01, 905.427, 993.46, 969.791]] 
RATE (RPS) =====================================: 33

[[436.61, 394.121, 463.605, 509.438, 611.244, 738.214, 532.198, 661.733, 769.52, 866.696, 811.891, 971.791, 892.133, 996.438, 1083.656, 1123.107, 1155.15, 1199.597, 1228.632, 1264.815, 1309.05, 1338.999, 1373.926, 1458.91, 1405.69, 1516.567, 1467.903, 1634.4769999999999, 1539.437, 1667.2559999999999, 1702.183, 1739.1190000000001, 1780.259]] 
RATE (RPS) =====================================: 14

[[379.262, 376.65, 362.417, 362.664, 354.615, 356.136, 345.663, 364.823, 347.142, 348.288, 360.385, 346.406, 341.85, 362.174, 341.974, 343.113, 347.279, 345.372, 346.823, 357.309, 345.639, 347.509, 345.237, 343.839, 350.703, 346.274, 345.208, 363.118, 347.428, 345.291, 355.322, 350.736, 353.634]] 
RATE (RPS) =====================================: 33

[[352.597, 346.497, 350.36, 370.129, 346.0, 345.856, 354.552, 352.058, 349.714, 351.615, 352.909, 352.443, 360.898, 354.303, 359.967, 364.178, 362.121, 360.739, 357.776, 350.05, 362.543, 376.792, 351.324, 347.736, 349.25, 347.971, 358.002, 343.252, 360.597, 345.043, 367.562, 363.525, 350.235]] 
RATE (RPS) =====================================: 33

[[388.039, 390.249, 375.266, 379.755, 362.697, 365.585, 374.773, 368.743, 363.929, 370.435, 351.459, 358.074, 352.438, 377.869, 358.581, 348.302, 348.33, 346.741, 352.059, 353.434, 387.386, 355.643, 357.777, 368.097, 361.905, 371.131, 345.897, 358.477, 360.467, 354.354, 354.927, 352.909, 347.464]] 
RATE (RPS) =====================================: 33

[[350.716, 364.387, 360.037, 360.624, 383.093, 364.609, 355.293, 364.988, 347.266, 358.047, 365.763, 339.757, 345.991, 347.242, 358.991, 358.309, 366.088, 348.102, 344.617, 347.931, 347.718, 348.084, 353.718, 353.126, 345.964, 352.063, 368.621, 344.01, 349.201, 345.104, 360.622, 351.895, 363.083]] 
RATE (RPS) =====================================: 33

[[409.345, 404.074, 406.049, 391.803, 386.204, 393.004, 396.073, 382.074, 385.997, 376.492, 381.365, 369.43, 381.343, 375.181, 366.266, 364.117, 368.261, 352.599, 359.498, 356.496, 358.465, 349.559, 353.534, 362.979, 366.153, 354.774, 353.798, 356.621, 349.517, 352.308, 354.157, 362.607, 359.054, 368.544]] 
RATE (RPS) =====================================: 34

[[366.617, 363.733, 354.557, 383.917, 372.845, 369.416, 369.473, 364.546, 370.323, 375.826, 359.605, 348.141, 340.483, 365.368, 343.928, 342.383, 344.248, 342.875, 356.936, 344.2, 360.025, 346.694, 344.256, 345.136, 346.027, 343.913, 343.635, 355.076, 346.359, 376.935, 361.691, 348.584, 353.115, 349.446]] 
RATE (RPS) =====================================: 34

[[344.938, 361.68, 353.629, 348.3, 347.349, 394.215, 380.945, 378.092, 366.634, 362.089, 379.475, 378.353, 347.417, 361.686, 358.447, 353.96, 359.082, 348.66, 362.514, 344.845, 351.566, 364.767, 347.149, 354.999, 361.785, 384.179, 372.657, 373.521, 375.037, 379.928, 352.47, 349.278, 372.804, 362.119]] 
RATE (RPS) =====================================: 34

[[354.289, 352.376, 350.113, 352.261, 351.21, 363.9, 342.716, 345.293, 346.285, 348.178, 351.81, 356.163, 361.401, 345.793, 372.678, 352.207, 402.261, 364.607, 379.438, 361.66, 368.28, 352.337, 354.636, 352.263, 360.021, 347.181, 346.641, 350.004, 348.036, 344.78, 347.354, 349.617, 362.546, 366.675]] 
RATE (RPS) =====================================: 34

[[348.236, 386.286, 367.613, 353.391, 351.759, 349.716, 360.902, 357.519, 353.729, 351.667, 369.536, 370.9, 357.083, 358.279, 360.952, 348.363, 347.733, 350.816, 346.555, 360.982, 376.24, 358.309, 372.534, 354.011, 353.127, 355.819, 368.161, 370.296, 359.376, 376.346, 340.002, 370.782, 363.973, 354.055]] 
RATE (RPS) =====================================: 34

[[384.192, 374.013, 397.633, 369.196, 389.048, 368.731, 385.632, 377.099, 358.997, 342.527, 359.09, 347.432, 363.625, 368.532, 366.378, 372.68, 358.04, 339.906, 351.755, 363.103, 342.198, 366.631, 363.136, 348.577, 344.867, 350.205, 362.426, 345.402, 347.587, 347.942, 346.893, 342.411, 341.891, 347.703]] 
RATE (RPS) =====================================: 34

[[346.517, 357.497, 354.047, 366.399, 361.3, 401.104, 341.661, 387.754, 396.738, 380.69, 369.005, 376.506, 352.063, 350.404, 363.35, 341.52, 348.138, 360.779, 347.93, 367.547, 348.374, 345.335, 348.931, 351.539, 347.551, 341.617, 349.437, 356.427, 349.832, 358.471, 376.795, 381.635, 364.728, 358.642]] 
RATE (RPS) =====================================: 34

[[404.808, 389.062, 386.663, 382.048, 366.642, 359.307, 397.289, 371.16, 363.183, 347.613, 356.556, 356.66, 355.35, 353.872, 351.522, 369.859, 348.581, 393.575, 378.451, 372.592, 353.947, 359.149, 360.393, 359.887, 349.436, 344.779, 351.273, 359.439, 356.284, 356.083, 352.84, 358.982, 369.272, 359.649]] 
RATE (RPS) =====================================: 34

[[349.987, 385.803, 384.335, 383.611, 361.133, 350.735, 367.792, 395.041, 359.881, 392.226, 364.855, 372.198, 359.797, 354.236, 380.443, 346.942, 384.184, 349.049, 379.42, 358.559, 357.845, 353.631, 351.744, 372.721, 370.655, 357.777, 361.744, 357.505, 354.444, 348.046, 368.806, 343.326, 352.504, 349.749]] 
RATE (RPS) =====================================: 34

[[401.272, 393.175, 374.511, 380.111, 383.333, 377.78, 349.116, 350.388, 369.72, 357.952, 1359.191, 364.88, 351.334, 357.325, 356.063, 359.521, 347.545, 351.064, 350.671, 373.969, 355.001, 354.515, 363.159, 351.499, 363.086, 356.336, 372.131, 348.011, 363.359, 371.667, 358.682, 373.04, 361.186, 354.272]] 
RATE (RPS) =====================================: 33

[[379.639, 370.012, 378.864, 374.411, 357.865, 378.404, 378.12, 394.94, 354.318, 352.257, 381.135, 382.418, 368.504, 396.251, 371.042, 401.845, 362.078, 376.383, 370.531, 366.318, 365.86, 346.839, 346.138, 358.308, 358.938, 341.873, 354.766, 362.222, 354.91, 370.896, 374.32, 368.257, 381.083, 373.035, 366.783]] 
RATE (RPS) =====================================: 35

[[401.616, 363.873, 394.117, 389.254, 376.448, 393.371, 377.449, 367.662, 375.794, 392.393, 386.169, 395.048, 382.991, 375.855, 375.412, 404.46, 389.412, 394.291, 1201.056, 396.968, 423.064, 391.47, 394.187, 1159.349, 390.332, 395.457, 396.117, 394.995, 391.977, 397.69, 395.374, 385.664, 390.157, 389.964, 386.383]] 
RATE (RPS) =====================================: 33

[[394.715, 422.778, 423.436, 372.915, 366.785, 375.981, 355.899, 359.702, 362.374, 366.48, 363.245, 354.597, 359.64, 369.413, 385.004, 387.492, 374.599, 365.831, 360.228, 363.108, 351.136, 353.686, 357.159, 353.817, 366.685, 348.471, 375.273, 350.289, 358.994, 357.846, 356.972, 355.805, 351.641, 368.755, 371.42]] 
RATE (RPS) =====================================: 35

[[413.491, 401.268, 392.216, 392.974, 385.187, 391.117, 410.033, 368.634, 358.842, 384.132, 386.695, 400.652, 373.538, 387.258, 375.451, 377.572, 369.031, 357.579, 375.236, 372.712, 372.886, 383.347, 368.189, 357.607, 357.606, 350.647, 367.642, 367.202, 343.355, 355.162, 373.185, 359.489, 367.159, 367.418, 362.862]] 
RATE (RPS) =====================================: 35

[[355.718, 381.987, 356.622, 359.039, 356.675, 379.268, 352.511, 362.034, 374.414, 357.131, 352.748, 356.325, 360.085, 355.8, 351.053, 354.604, 355.031, 353.841, 360.503, 347.887, 380.237, 356.679, 352.767, 346.681, 357.614, 354.267, 352.359, 369.077, 360.767, 352.144, 375.95, 360.638, 363.046, 363.27, 346.521]] 
RATE (RPS) =====================================: 35

[[382.683, 388.54, 380.736, 366.247, 369.096, 359.263, 374.747, 375.527, 371.956, 364.788, 372.69, 366.094, 360.456, 354.003, 375.341, 347.974, 351.472, 357.987, 355.71, 366.917, 349.291, 371.336, 358.86, 359.741, 362.219, 387.452, 354.611, 375.536, 376.924, 369.047, 363.492, 361.267, 359.447, 360.88, 362.042]] 
RATE (RPS) =====================================: 35

[[350.094, 367.757, 358.454, 1087.549, 361.785, 361.196, 360.864, 370.339, 357.801, 376.181, 367.885, 367.748, 368.385, 364.408, 363.799, 359.27, 360.016, 356.512, 352.429, 348.931, 344.952, 375.275, 361.335, 356.067, 354.012, 354.49, 352.046, 352.601, 369.982, 357.227, 368.391, 370.815, 366.671, 378.327, 361.438]] 
RATE (RPS) =====================================: 34

[[386.028, 378.189, 378.806, 368.221, 368.648, 400.845, 395.529, 382.482, 361.308, 368.611, 371.305, 367.135, 364.909, 386.363, 371.927, 369.081, 372.025, 361.731, 358.616, 355.667, 358.358, 351.186, 364.494, 351.063, 373.401, 406.854, 393.934, 351.448, 346.619, 341.492, 360.574, 387.539, 400.197, 381.809, 383.457]] 
RATE (RPS) =====================================: 35

[[384.46, 384.681, 375.838, 381.739, 360.475, 382.152, 369.581, 377.052, 360.413, 351.662, 352.561, 352.267, 361.02, 369.296, 377.471, 361.138, 366.096, 361.003, 356.044, 362.676, 352.671, 346.812, 351.948, 347.793, 353.924, 355.02, 352.415, 349.046, 346.499, 357.763, 354.388, 390.359, 362.602, 360.873, 357.225]] 
RATE (RPS) =====================================: 35

[[366.406, 355.584, 364.383, 355.141, 363.17, 375.554, 367.285, 355.409, 358.536, 365.767, 368.498, 374.686, 397.613, 393.566, 380.957, 380.538, 370.692, 378.886, 374.127, 358.45, 360.138, 383.093, 354.279, 371.065, 363.197, 354.704, 376.173, 367.212, 372.356, 349.891, 349.154, 348.869, 345.067, 343.123, 374.59]] 
RATE (RPS) =====================================: 35

[[423.888, 414.156, 405.176, 394.802, 384.345, 396.393, 379.15, 370.663, 363.855, 382.558, 393.634, 372.163, 374.323, 374.018, 348.608, 351.747, 356.417, 380.769, 372.258, 367.137, 368.249, 350.803, 380.272, 375.81, 403.973, 380.143, 366.878, 380.08, 391.051, 376.828, 366.181, 351.681, 363.258, 356.069, 361.338, 344.274]] 
RATE (RPS) =====================================: 36

[[376.845, 405.719, 376.5, 374.989, 370.825, 364.384, 368.796, 367.079, 360.843, 368.606, 357.491, 390.127, 386.885, 388.657, 367.375, 374.459, 366.017, 367.787, 358.572, 357.138, 350.247, 350.613, 351.037, 349.636, 349.193, 346.572, 350.781, 353.952, 352.006, 357.05, 359.311, 373.94, 378.643, 370.962, 355.369, 357.359]] 
RATE (RPS) =====================================: 36

[[387.097, 387.309, 385.945, 366.162, 374.289, 352.227, 360.095, 358.454, 353.708, 351.649, 351.135, 378.108, 374.528, 368.359, 360.986, 363.541, 359.696, 362.203, 363.391, 357.251, 362.193, 374.536, 371.077, 365.947, 364.473, 358.346, 374.838, 365.03, 373.639, 358.859, 365.682, 368.305, 375.932, 394.423, 390.042, 376.362]] 
RATE (RPS) =====================================: 36

[[371.669, 363.24, 359.958, 367.918, 366.877, 357.473, 358.942, 359.573, 409.591, 361.548, 361.522, 381.311, 381.631, 377.728, 380.036, 379.718, 372.806, 370.351, 367.812, 364.965, 358.183, 373.957, 348.119, 348.932, 354.394, 354.392, 359.268, 374.54, 354.034, 359.161, 375.725, 393.154, 360.204, 363.313, 388.15, 371.666]] 
RATE (RPS) =====================================: 36

[[387.086, 383.808, 370.882, 366.403, 357.151, 355.16, 362.598, 357.247, 360.131, 390.594, 378.26, 366.966, 370.761, 363.978, 369.383, 364.765, 355.247, 372.988, 353.736, 367.178, 377.918, 376.855, 349.811, 369.333, 363.133, 360.293, 365.81, 399.57, 372.1, 377.706, 360.504, 345.176, 383.272, 358.04, 371.951, 368.639]] 
RATE (RPS) =====================================: 36

[[364.401, 353.825, 371.217, 355.217, 351.835, 385.057, 367.274, 360.777, 368.196, 370.697, 366.42, 361.566, 369.387, 370.0, 366.226, 364.746, 357.05, 361.906, 346.573, 348.036, 359.6, 340.122, 353.965, 354.554, 343.244, 378.057, 363.171, 369.437, 371.236, 370.875, 388.217, 354.835, 352.843, 352.642, 349.746, 343.451]] 
RATE (RPS) =====================================: 36

[[400.79, 396.119, 387.01, 376.425, 361.559, 381.442, 364.616, 365.978, 379.351, 359.786, 391.409, 364.759, 362.016, 359.826, 365.904, 348.535, 379.065, 358.691, 358.311, 371.883, 359.803, 357.641, 348.188, 396.155, 356.31, 372.08, 378.941, 390.375, 370.654, 385.827, 371.097, 403.838, 390.762, 367.065, 363.307, 351.194]] 
RATE (RPS) =====================================: 36

[[399.874, 397.05, 375.704, 377.081, 370.852, 399.371, 352.583, 359.942, 375.745, 379.081, 381.411, 388.155, 370.56, 377.604, 368.187, 368.429, 355.345, 352.406, 379.251, 360.25, 381.432, 345.235, 349.913, 362.744, 363.853, 372.888, 376.885, 359.95, 353.223, 353.367, 367.037, 357.027, 369.193, 360.489, 375.327, 366.496]] 
RATE (RPS) =====================================: 36

[[409.31, 390.677, 385.579, 371.073, 363.664, 371.711, 351.73, 354.187, 356.007, 354.618, 350.743, 349.234, 355.027, 357.039, 360.478, 342.553, 405.513, 368.444, 378.044, 368.123, 370.565, 364.293, 357.662, 352.892, 351.464, 385.573, 387.723, 377.802, 348.084, 353.731, 345.331, 352.806, 348.489, 356.699, 352.402, 344.702]] 
RATE (RPS) =====================================: 36

[[361.794, 375.126, 360.798, 355.792, 398.769, 385.088, 352.517, 401.018, 364.455, 376.623, 368.034, 369.651, 366.76, 355.486, 358.864, 367.814, 382.567, 356.452, 366.868, 354.126, 369.146, 346.322, 387.481, 344.076, 373.722, 368.502, 357.599, 359.69, 347.457, 348.053, 376.336, 381.408, 353.381, 380.743, 362.197, 364.493]] 
RATE (RPS) =====================================: 36

[[386.719, 381.314, 380.63, 371.619, 376.326, 370.3, 362.358, 367.543, 348.394, 357.775, 346.004, 357.293, 384.139, 370.373, 392.802, 377.256, 374.089, 362.358, 359.796, 361.819, 357.721, 348.961, 381.464, 395.019, 376.407, 373.575, 377.595, 370.176, 353.52, 359.51, 359.264, 359.144, 348.225, 350.818, 347.604, 355.799, 351.332]] 
RATE (RPS) =====================================: 37

[[371.083, 355.465, 358.366, 353.807, 384.2, 367.641, 368.368, 373.878, 384.989, 416.112, 372.045, 385.446, 370.69, 367.182, 361.402, 365.305, 373.036, 364.479, 410.728, 376.489, 373.694, 387.868, 370.832, 378.345, 368.785, 380.229, 376.987, 392.99, 370.754, 363.379, 361.105, 354.998, 363.935, 361.998, 388.801, 366.725, 363.726]] 
RATE (RPS) =====================================: 37

[[386.652, 370.675, 419.773, 387.657, 350.469, 353.836, 371.786, 365.697, 387.964, 380.636, 349.344, 358.542, 354.667, 357.115, 355.594, 371.936, 358.06, 367.01, 362.368, 350.802, 366.972, 349.607, 344.206, 344.958, 345.72, 353.094, 346.012, 345.362, 347.392, 351.07, 344.036, 377.375, 365.065, 354.089, 366.593, 369.028, 346.01]] 
RATE (RPS) =====================================: 37

[[361.85, 371.421, 384.562, 366.348, 359.92, 362.427, 370.108, 376.609, 387.798, 350.663, 367.612, 379.512, 382.042, 392.441, 387.929, 366.955, 367.03, 384.965, 377.823, 379.005, 389.76, 360.277, 371.42, 370.897, 360.311, 354.343, 365.375, 399.122, 355.255, 372.84, 380.736, 373.891, 382.354, 372.498, 382.084, 371.89, 365.092]] 
RATE (RPS) =====================================: 37

[[384.056, 374.273, 370.942, 365.864, 354.583, 370.534, 366.436, 358.84, 359.927, 361.822, 356.556, 355.595, 353.95, 349.135, 346.022, 366.477, 365.09, 377.901, 356.214, 380.896, 363.347, 374.037, 376.189, 380.929, 365.995, 405.42, 361.108, 377.53, 357.537, 363.911, 401.929, 388.289, 393.805, 369.966, 360.743, 392.444, 349.504]] 
RATE (RPS) =====================================: 37

[[377.584, 353.16, 358.445, 367.781, 357.012, 370.997, 386.405, 407.761, 392.348, 379.234, 374.526, 363.766, 368.072, 378.357, 352.648, 368.598, 364.939, 372.119, 364.341, 368.585, 346.623, 344.321, 344.654, 345.101, 363.533, 352.515, 367.585, 370.421, 352.421, 364.837, 367.5, 359.586, 362.03, 369.21, 378.987, 367.209, 375.697]] 
RATE (RPS) =====================================: 37

[[388.848, 382.42, 377.286, 400.974, 375.457, 397.932, 386.789, 373.594, 368.769, 359.381, 416.675, 404.649, 424.873, 389.734, 378.762, 383.141, 407.524, 365.95, 377.604, 374.046, 386.169, 379.287, 372.092, 375.371, 357.8, 342.735, 369.301, 348.311, 374.866, 354.354, 382.332, 369.637, 395.064, 402.275, 414.469, 397.953, 369.132]] 
RATE (RPS) =====================================: 37

[[395.659, 402.178, 377.233, 364.816, 372.372, 392.494, 382.985, 383.07, 374.217, 386.064, 360.984, 364.555, 360.544, 361.885, 353.282, 372.724, 366.958, 363.516, 364.136, 371.331, 365.454, 354.514, 353.786, 434.431, 364.144, 366.883, 368.506, 386.731, 384.2, 376.996, 375.093, 373.851, 354.353, 352.187, 371.607, 355.003, 358.213]] 
RATE (RPS) =====================================: 37

[[366.227, 377.523, 387.361, 362.014, 366.564, 359.374, 362.232, 393.464, 356.565, 371.145, 367.673, 359.534, 353.992, 358.531, 352.024, 359.959, 361.508, 345.174, 365.941, 353.525, 354.415, 393.326, 395.062, 382.268, 389.786, 359.835, 348.07, 349.277, 359.082, 358.422, 360.793, 351.502, 350.945, 348.774, 345.999, 346.214, 366.525]] 
RATE (RPS) =====================================: 37

[[349.557, 399.082, 404.644, 383.152, 382.442, 363.396, 368.189, 362.526, 356.31, 377.384, 389.347, 358.948, 382.137, 361.218, 373.091, 353.655, 378.013, 397.425, 452.498, 453.554, 419.921, 409.095, 392.056, 393.272, 390.339, 378.255, 401.74, 379.763, 368.523, 357.738, 356.807, 368.955, 365.869, 458.628, 371.751, 383.647, 349.35]] 
RATE (RPS) =====================================: 37

[[366.95, 418.445, 366.362, 358.023, 398.387, 393.661, 391.001, 380.163, 380.498, 386.092, 370.302, 364.072, 393.422, 391.377, 366.757, 381.458, 357.693, 386.416, 379.876, 352.605, 354.691, 365.831, 353.629, 367.015, 362.05, 347.123, 347.931, 354.979, 355.891, 377.202, 349.234, 360.859, 346.734, 374.386, 385.582, 350.875, 373.175, 350.979]] 
RATE (RPS) =====================================: 38

[[364.952, 377.257, 403.271, 406.045, 365.729, 423.854, 390.954, 401.266, 382.598, 383.344, 382.398, 386.079, 369.517, 369.863, 387.969, 385.064, 379.405, 370.664, 365.401, 370.259, 364.82, 360.863, 355.557, 359.89, 351.358, 349.826, 421.13, 374.315, 366.984, 352.469, 373.689, 374.864, 367.253, 361.815, 363.973, 361.813, 364.005, 351.514]] 
RATE (RPS) =====================================: 38

[[395.276, 359.345, 371.153, 362.759, 351.992, 369.611, 377.746, 355.687, 369.178, 357.642, 385.41, 368.192, 370.804, 366.901, 370.224, 352.928, 353.745, 361.815, 355.405, 348.019, 373.873, 343.801, 343.601, 356.202, 365.615, 338.263, 354.498, 357.017, 355.013, 351.701, 361.02, 358.549, 355.823, 357.583, 349.127, 371.211, 359.822, 363.763]] 
RATE (RPS) =====================================: 38

[[368.12, 354.138, 350.283, 351.416, 364.301, 374.203, 359.659, 347.949, 382.21, 374.082, 375.621, 369.059, 368.254, 372.821, 351.051, 393.849, 361.298, 363.986, 370.772, 356.171, 351.96, 348.502, 356.921, 357.096, 353.663, 346.882, 342.317, 357.108, 345.905, 364.399, 375.276, 353.637, 367.005, 351.725, 360.448, 354.736, 356.204, 364.399]] 
RATE (RPS) =====================================: 38

[[364.774, 362.068, 375.507, 388.762, 389.071, 355.65, 351.821, 398.682, 390.391, 374.054, 371.281, 371.026, 369.567, 390.659, 373.284, 386.207, 376.363, 371.363, 367.298, 365.415, 361.175, 375.9, 366.031, 350.678, 374.416, 374.879, 384.793, 358.551, 346.232, 346.903, 356.679, 391.35, 381.374, 401.961, 387.512, 395.154, 361.239, 356.294]] 
RATE (RPS) =====================================: 38

[[411.736, 365.198, 387.84, 348.627, 370.984, 364.438, 373.174, 353.873, 376.985, 361.355, 351.729, 351.597, 350.979, 356.715, 359.299, 356.818, 350.312, 359.722, 346.444, 340.561, 346.278, 390.373, 391.535, 364.69, 360.722, 365.177, 355.394, 356.08, 354.272, 350.864, 367.114, 362.098, 342.067, 364.015, 342.913, 344.095, 367.467, 343.444]] 
RATE (RPS) =====================================: 38

[[347.584, 356.452, 361.853, 346.918, 370.799, 352.642, 358.33, 354.552, 359.342, 357.245, 363.048, 366.647, 351.163, 359.751, 351.008, 383.035, 349.503, 369.893, 365.631, 374.126, 355.329, 361.534, 356.744, 347.294, 375.854, 345.656, 365.446, 353.272, 351.089, 355.146, 357.93, 350.526, 368.262, 356.722, 361.066, 380.449, 366.959, 361.893]] 
RATE (RPS) =====================================: 38

[[379.442, 386.375, 432.587, 370.439, 380.476, 409.332, 370.341, 347.588, 349.923, 364.425, 353.993, 364.897, 354.078, 350.814, 359.047, 363.362, 353.672, 359.953, 360.542, 351.634, 344.866, 350.125, 344.804, 361.004, 359.318, 384.851, 352.25, 358.44, 358.406, 353.411, 348.629, 347.703, 351.499, 368.306, 357.624, 379.477, 360.407, 355.935]] 
RATE (RPS) =====================================: 38

[[348.71, 376.188, 353.682, 371.107, 361.287, 394.958, 350.013, 379.171, 380.132, 377.185, 384.347, 368.383, 366.358, 371.014, 362.249, 362.821, 351.75, 358.781, 355.226, 353.65, 353.803, 350.401, 349.557, 354.538, 353.856, 361.337, 362.589, 356.914, 362.263, 358.961, 366.239, 355.432, 359.691, 400.348, 351.507, 353.934, 354.865, 341.838]] 
RATE (RPS) =====================================: 38

[[361.094, 359.076, 355.858, 387.163, 383.538, 372.163, 383.295, 370.199, 374.342, 377.559, 369.6, 371.371, 372.942, 377.489, 360.817, 360.653, 362.038, 358.086, 352.545, 352.285, 391.371, 360.521, 357.402, 397.545, 388.717, 361.872, 364.286, 348.021, 350.901, 355.695, 384.307, 357.065, 361.949, 355.173, 355.172, 359.812, 354.5, 366.46]] 
RATE (RPS) =====================================: 38

[[373.498, 359.651, 358.461, 365.397, 356.486, 388.986, 348.817, 386.439, 370.62, 374.035, 380.263, 357.678, 368.322, 356.062, 367.87, 411.302, 356.357, 346.965, 362.25, 360.283, 365.928, 355.667, 353.101, 365.872, 366.053, 363.657, 359.1, 359.216, 379.415, 369.132, 368.933, 374.121, 346.443, 375.707, 360.642, 366.064, 353.72, 363.758, 354.872]] 
RATE (RPS) =====================================: 39

[[362.981, 360.97, 376.432, 351.373, 361.538, 394.723, 367.425, 383.566, 389.952, 386.865, 419.781, 401.164, 402.602, 405.168, 391.059, 388.289, 387.664, 384.111, 384.338, 378.659, 382.756, 374.175, 368.079, 368.185, 370.446, 357.073, 365.867, 366.56, 359.851, 373.219, 367.863, 360.896, 387.378, 374.889, 370.526, 366.277, 366.254, 363.128, 358.407]] 
RATE (RPS) =====================================: 39

[[357.731, 358.436, 354.384, 355.362, 380.269, 385.353, 367.564, 379.22, 361.345, 354.382, 362.271, 377.997, 379.211, 369.16, 363.825, 376.411, 355.835, 359.15, 354.946, 361.454, 371.013, 357.418, 347.868, 359.202, 354.864, 351.55, 387.713, 380.178, 349.747, 393.85, 376.158, 371.597, 386.119, 359.376, 368.446, 372.562, 355.748, 356.535, 384.997]] 
RATE (RPS) =====================================: 39

[[370.31, 393.514, 382.138, 366.444, 361.59, 365.925, 371.058, 359.699, 383.656, 359.995, 375.462, 379.618, 364.84, 370.613, 382.581, 371.891, 358.601, 367.6, 350.295, 364.893, 366.292, 354.786, 388.771, 379.284, 381.247, 373.03, 368.534, 365.073, 364.843, 354.018, 363.55, 363.691, 366.256, 365.19, 372.769, 353.847, 375.399, 343.006, 348.521]] 
RATE (RPS) =====================================: 39

[[356.007, 356.552, 348.724, 355.551, 367.413, 364.649, 353.851, 358.505, 347.658, 355.449, 361.414, 352.323, 359.466, 352.777, 371.932, 351.199, 351.258, 355.103, 353.759, 349.989, 362.115, 368.309, 361.321, 373.998, 374.083, 359.059, 368.689, 350.082, 358.332, 359.953, 349.654, 361.51, 359.553, 342.679, 340.75, 345.709, 342.366, 359.331, 350.925]] 
RATE (RPS) =====================================: 39

[[370.442, 346.914, 348.328, 350.934, 347.457, 348.875, 344.059, 350.472, 351.253, 347.836, 347.92, 362.03, 349.35, 347.846, 348.599, 344.862, 348.176, 348.58, 348.484, 345.371, 367.406, 375.467, 351.799, 349.394, 351.136, 363.007, 361.98, 360.039, 365.422, 367.3, 360.65, 355.653, 349.336, 354.527, 361.275, 351.951, 369.381, 362.254, 361.075]] 
RATE (RPS) =====================================: 39

[[385.77, 395.562, 375.027, 371.336, 360.499, 373.761, 352.967, 357.685, 368.2, 347.482, 348.513, 352.747, 353.83, 348.049, 347.385, 356.76, 352.243, 344.862, 364.499, 344.606, 355.831, 366.076, 359.155, 345.682, 344.991, 348.117, 350.967, 350.992, 353.123, 347.812, 344.192, 360.79, 346.32, 345.698, 349.943, 352.314, 363.375, 374.217, 365.206]] 
RATE (RPS) =====================================: 39

[[359.88, 385.166, 350.459, 398.316, 391.294, 382.372, 399.31, 381.113, 403.942, 368.364, 403.211, 389.149, 410.5, 385.786, 388.963, 393.207, 373.053, 373.34, 368.807, 363.891, 357.103, 364.548, 385.746, 403.213, 352.0, 374.026, 372.799, 364.68, 368.097, 359.306, 373.563, 352.162, 355.05, 362.523, 362.471, 365.117, 358.365, 359.423, 353.257]] 
RATE (RPS) =====================================: 39

[[385.229, 397.549, 381.122, 366.583, 414.557, 373.531, 366.721, 359.048, 372.67, 372.204, 362.819, 367.879, 365.261, 368.356, 379.131, 379.785, 369.076, 368.33, 373.599, 375.886, 387.448, 388.705, 374.566, 374.018, 389.615, 378.931, 363.686, 369.47, 352.994, 356.694, 374.903, 358.757, 363.356, 344.308, 361.27, 372.503, 359.066, 352.703, 357.435]] 
RATE (RPS) =====================================: 39

[[431.335, 372.728, 365.973, 407.68, 390.782, 378.195, 365.781, 363.432, 368.566, 354.95, 352.939, 367.544, 388.152, 356.877, 359.516, 371.24, 399.623, 365.374, 355.399, 371.084, 379.112, 387.644, 366.094, 1356.874, 367.753, 355.603, 361.253, 378.461, 353.501, 353.429, 393.778, 383.308, 364.52, 411.611, 383.071, 382.045, 388.114, 365.009, 356.939]] 
RATE (RPS) =====================================: 38

[[423.714, 426.435, 417.307, 403.321, 399.888, 392.846, 395.964, 387.273, 381.876, 370.146, 366.419, 446.299, 359.715, 348.275, 414.583, 413.928, 406.536, 410.695, 407.44, 400.708, 403.466, 400.421, 397.07, 394.709, 393.007, 394.446, 370.441, 371.109, 372.149, 376.691, 376.086, 378.136, 359.899, 365.269, 355.642, 362.212, 368.331, 355.624, 349.559, 359.968]] 
RATE (RPS) =====================================: 40

[[361.593, 376.144, 378.394, 383.914, 374.162, 380.65, 368.152, 369.636, 394.478, 377.979, 365.092, 363.124, 393.54, 390.108, 381.504, 394.218, 373.584, 387.988, 380.733, 382.126, 389.18, 390.896, 380.265, 372.856, 367.724, 354.109, 367.736, 375.048, 389.645, 385.805, 381.511, 370.343, 366.918, 392.598, 375.917, 375.766, 380.275, 358.802, 386.639, 369.946]] 
RATE (RPS) =====================================: 40

[[485.829, 519.53, 481.168, 473.516, 486.262, 486.886, 474.606, 464.088, 457.948, 458.769, 455.753, 451.41, 450.909, 459.761, 453.103, 446.981, 441.131, 449.441, 437.914, 431.566, 431.535, 427.534, 426.615, 417.283, 409.395, 419.455, 409.133, 385.976, 382.843, 375.666, 362.798, 362.63, 349.316, 373.439, 404.121, 367.162, 403.214, 438.902, 409.724, 408.842]] 
RATE (RPS) =====================================: 40

[[354.459, 370.015, 394.746, 369.244, 365.457, 373.89, 385.853, 382.607, 381.953, 373.895, 373.073, 391.908, 384.383, 374.325, 377.282, 382.474, 361.718, 373.736, 355.959, 358.774, 392.409, 396.66, 399.999, 396.857, 383.203, 383.304, 385.682, 373.367, 374.088, 373.547, 367.88, 352.006, 357.006, 377.784, 359.523, 426.505, 370.416, 448.525, 396.758, 362.723]] 
RATE (RPS) =====================================: 40

[[421.898, 418.827, 416.211, 404.584, 407.609, 397.475, 397.071, 398.592, 385.424, 380.006, 380.821, 372.42, 373.841, 383.67, 384.171, 367.622, 401.824, 392.911, 389.424, 393.309, 432.281, 428.547, 407.844, 410.451, 408.754, 383.352, 379.877, 387.318, 380.358, 384.831, 373.638, 374.119, 370.451, 388.13, 383.077, 371.422, 371.965, 371.529, 386.121, 368.567]] 
RATE (RPS) =====================================: 40

[[371.412, 364.244, 404.31, 373.462, 375.216, 384.614, 387.226, 378.277, 371.946, 360.854, 359.535, 379.747, 355.252, 353.349, 368.162, 366.788, 363.564, 362.648, 364.863, 364.78, 370.259, 359.102, 365.639, 365.802, 362.914, 358.023, 372.473, 343.182, 354.553, 371.615, 390.938, 375.778, 382.094, 384.999, 398.495, 369.184, 353.938, 370.435, 366.965, 364.248]] 
RATE (RPS) =====================================: 40

[[429.23, 433.648, 422.84, 415.227, 416.673, 386.52, 385.781, 395.291, 385.705, 389.025, 366.292, 357.298, 356.442, 353.57, 364.614, 363.332, 361.53, 384.818, 373.811, 371.871, 358.201, 363.078, 358.16, 362.574, 377.012, 344.079, 346.45, 377.676, 357.028, 362.543, 393.095, 400.864, 372.979, 357.141, 418.609, 364.288, 358.285, 350.227, 354.615, 359.117]] 
RATE (RPS) =====================================: 40

[[357.574, 398.084, 351.812, 379.068, 371.3, 358.818, 380.013, 380.565, 371.499, 370.755, 388.806, 357.488, 380.134, 1360.726, 371.289, 380.258, 365.293, 389.925, 388.86, 406.317, 394.447, 399.363, 373.552, 378.707, 371.711, 354.043, 367.058, 360.175, 377.837, 394.555, 346.416, 374.517, 361.485, 369.834, 441.68, 438.616, 432.703, 385.844, 383.481, 347.683]] 
RATE (RPS) =====================================: 39

[[365.754, 357.867, 389.702, 372.512, 365.281, 358.72, 372.736, 364.076, 364.882, 396.633, 359.144, 373.463, 385.049, 382.755, 373.775, 367.675, 363.147, 371.221, 367.707, 367.547, 355.297, 359.839, 357.76, 365.562, 368.274, 354.878, 349.75, 346.853, 423.888, 412.897, 404.453, 396.416, 393.501, 391.614, 380.348, 418.636, 349.327, 351.56, 367.796, 350.395]] 
RATE (RPS) =====================================: 40

[[404.155, 367.55, 361.453, 383.674, 418.583, 406.532, 404.078, 387.869, 379.076, 374.52, 376.178, 368.969, 371.955, 359.179, 356.47, 383.705, 358.964, 366.661, 366.637, 354.993, 363.881, 376.811, 375.033, 375.365, 369.028, 383.982, 362.259, 389.86, 375.532, 355.699, 366.185, 375.122, 379.9, 359.543, 369.356, 409.999, 382.978, 395.034, 360.133, 350.309]] 
RATE (RPS) =====================================: 40

[[365.075, 401.706, 370.499, 379.592, 444.936, 433.832, 419.698, 419.577, 431.735, 460.754, 442.175, 431.376, 400.055, 399.651, 405.467, 397.814, 391.892, 381.923, 373.207, 382.778, 358.973, 353.579, 370.854, 420.243, 396.682, 387.869, 376.7, 375.294, 387.923, 362.989, 366.184, 388.557, 384.274, 384.433, 390.638, 381.934, 418.37, 379.801, 396.552, 399.03, 386.91, 392.161, 358.096, 376.55, 395.11]] 
RATE (RPS) =====================================: 45

[[346.727, 366.079, 380.179, 392.823, 382.049, 372.231, 380.603, 372.999, 374.547, 364.808, 352.506, 359.503, 369.686, 344.676, 351.665, 357.184, 405.613, 369.283, 370.964, 361.127, 372.9, 371.811, 385.786, 365.556, 361.194, 368.418, 349.116, 357.192, 367.537, 354.726, 360.953, 355.996, 366.896, 350.882, 353.237, 354.364, 349.126, 347.538, 365.149, 351.625, 353.945, 379.958, 370.258, 382.134, 359.342]] 
RATE (RPS) =====================================: 45

[[439.711, 436.12, 454.799, 436.671, 411.386, 416.722, 405.759, 407.098, 428.869, 424.527, 375.762, 382.007, 385.803, 362.3, 366.998, 367.528, 382.917, 380.63, 384.091, 379.897, 396.282, 377.347, 391.876, 398.764, 372.579, 376.112, 374.286, 393.618, 405.877, 391.084, 382.703, 371.789, 391.471, 386.003, 381.746, 377.645, 377.996, 369.406, 355.119, 355.409, 378.016, 407.758, 361.868, 421.942, 416.354]] 
RATE (RPS) =====================================: 45

[[379.245, 416.842, 370.222, 397.033, 380.529, 391.777, 394.17, 370.025, 374.593, 375.115, 366.034, 362.424, 362.983, 361.617, 367.445, 366.928, 369.187, 392.406, 365.982, 355.816, 372.199, 388.92, 377.253, 374.724, 461.45, 428.124, 411.142, 403.715, 396.844, 395.361, 392.755, 391.894, 369.553, 378.931, 397.949, 373.383, 394.202, 371.406, 360.628, 376.712, 351.406, 349.6, 429.649, 392.058, 359.483]] 
RATE (RPS) =====================================: 45

[[357.636, 358.367, 373.814, 379.252, 374.002, 367.614, 377.855, 394.227, 386.883, 365.728, 356.981, 367.682, 373.96, 360.379, 371.764, 356.906, 354.331, 354.445, 356.653, 360.427, 362.72, 365.289, 386.181, 374.177, 363.572, 352.488, 359.979, 371.416, 377.087, 368.506, 374.967, 372.81, 360.319, 355.539, 368.92, 374.451, 374.909, 349.548, 368.052, 430.541, 420.374, 434.69, 404.427, 373.506, 356.882]] 
RATE (RPS) =====================================: 45

[[426.998, 429.243, 415.783, 412.692, 432.19, 423.084, 410.907, 405.378, 404.696, 401.334, 418.81, 390.897, 390.138, 372.872, 367.99, 349.138, 392.541, 359.398, 367.481, 366.869, 384.117, 413.359, 396.023, 369.685, 364.543, 360.712, 366.537, 356.406, 371.792, 351.369, 363.346, 358.56, 355.106, 353.819, 365.867, 364.59, 359.545, 357.807, 359.629, 355.539, 357.542, 361.108, 351.548, 363.888, 346.336]] 
RATE (RPS) =====================================: 45

[[408.269, 381.38, 376.02, 379.841, 377.566, 380.719, 384.698, 389.65, 389.068, 395.723, 385.921, 390.041, 388.123, 385.535, 400.947, 375.413, 378.036, 395.903, 376.152, 376.547, 399.733, 394.621, 387.433, 383.654, 370.425, 375.738, 408.841, 367.861, 374.167, 371.589, 374.007, 381.002, 372.356, 364.757, 362.344, 364.389, 367.459, 366.595, 362.533, 363.414, 379.822, 381.187, 379.089, 361.827, 372.387]] 
RATE (RPS) =====================================: 45

[[432.861, 434.233, 443.755, 411.858, 415.342, 420.364, 411.129, 412.273, 415.577, 451.017, 413.622, 397.139, 403.736, 463.137, 410.831, 415.742, 419.233, 434.676, 409.975, 431.331, 426.529, 403.711, 419.355, 437.475, 409.121, 419.911, 429.177, 394.655, 397.59, 386.692, 393.914, 400.399, 390.447, 390.108, 379.041, 387.24, 373.113, 369.144, 379.38, 370.132, 366.699, 368.068, 368.839, 368.156, 370.914]] 
RATE (RPS) =====================================: 45

[[436.642, 449.62, 398.922, 437.464, 377.601, 405.521, 431.613, 1643.7730000000001, 1881.2269999999999, 1883.241, 895.317, 397.935, 392.366, 1397.95, 783.761, 966.485, 2076.472, 417.873, 1089.787, 1088.32, 612.23, 399.008, 410.715, 945.029, 636.893, 410.728, 1381.333, 414.732, 1702.621, 1781.4099999999999, 1902.681, 1901.2559999999999, 413.328, 1383.737, 2054.663, 400.98, 1928.0140000000001, 1898.598, 1572.1680000000001, 1139.794, 543.019, 528.404, 521.111, 472.467, 443.763]] 
RATE (RPS) =====================================: 27

[[423.611, 429.659, 408.236, 403.538, 389.009, 396.017, 380.009, 1106.688, 1755.7179999999998, 1935.23, 922.929, 1906.089, 1073.314, 370.763, 378.698, 1602.722, 1388.689, 1540.274, 933.484, 367.18, 1661.6219999999998, 377.238, 1390.28, 1098.913, 1734.357, 378.34, 396.031, 1410.9270000000001, 387.583, 1724.595, 1800.232, 1077.81, 1068.2, 1428.03, 370.701, 1589.563, 2043.618, 383.193, 1290.138, 1632.326, 1960.3110000000001, 1106.568, 1098.169, 1383.4189999999999, 1365.416]] 
RATE (RPS) =====================================: 18

[[413.692, 431.396, 433.825, 396.237, 407.336, 434.507, 413.719, 1744.692, 1099.938, 413.255, 1248.245, 408.506, 1443.362, 1124.897, 952.971, 1123.427, 953.095, 756.427, 1773.219, 630.739, 1555.04, 394.997, 394.765, 435.762, 420.752, 430.223, 435.292, 1689.792, 1902.655, 1832.94, 1467.491, 1125.605, 1803.739, 971.417, 1485.739, 1095.783, 420.093, 433.124, 805.448, 1864.9769999999999, 434.195, 994.962, 1823.5819999999999, 414.499, 458.767, 452.393, 454.657, 391.76, 1763.906, 364.427]] 
RATE (RPS) =====================================: 31

[[647.29, 460.745, 490.673, 551.814, 669.406, 779.436, 833.484, 1118.855, 848.178, 906.282, 962.713, 1022.654, 1232.292, 1142.591, 1960.275, 1281.621, 1336.915, 1395.866, 1584.358, 1451.933, 1511.286, 1646.65, 1782.702, 1719.162, 1840.1190000000001, 1944.855, 1998.392, 2054.648, 2177.868, 2107.654, 2457.02, 2286.377, 2348.021, 2524.987, 2393.745, 2438.012, 2560.868, 2619.082, 2654.282, 2767.436, 2698.157, 3033.603, 2877.468, 2802.203, 2935.089, 3042.656, 3092.202, 3216.92, 3141.261, 3251.313]] 
RATE (RPS) =====================================: 10

[[452.72, 660.837, 489.718, 781.024, 553.019, 689.701, 900.864, 816.164, 1031.876, 956.095, 1107.835, 1163.739, 1238.548, 1361.112, 1283.234, 1418.386, 1413.635, 1411.2939999999999, 1411.508, 1427.941, 1401.84, 1431.509, 1387.455, 1389.478, 1411.841, 1396.815, 1412.818, 1390.808, 1387.356, 1388.185, 1373.542, 1368.909, 1375.836, 1358.974, 1360.527, 1346.451, 1342.484, 1341.415, 1326.2640000000001, 1316.063, 1310.912, 1304.776, 1297.885, 1298.205, 1276.3519999999999, 1268.576, 1262.838, 1270.429, 1260.175, 1252.001]] 
RATE (RPS) =====================================: 9

[[450.507, 438.9, 446.24, 448.792, 429.578, 434.354, 426.895, 430.071, 432.594, 453.688, 422.512, 424.675, 436.733, 428.003, 413.362, 414.044, 402.041, 399.382, 427.15, 389.364, 401.002, 391.519, 350.331, 353.654, 351.338, 353.591, 363.107, 345.52, 356.111, 407.88, 403.672, 399.395, 397.802, 394.049, 380.227, 370.497]] 
RATE (RPS) =====================================: 50

[[388.813, 371.805, 576.684, 363.286, 373.515, 373.502, 354.584, 364.207, 351.705, 375.343, 368.88, 349.596, 371.421, 357.581, 348.859, 370.876, 381.814, 376.16, 347.322, 364.809, 359.883, 349.201, 352.971, 360.235, 352.803, 351.624, 352.859, 1012.599, 377.927]] 
RATE (RPS) =====================================: 49

[[364.303, 380.088, 378.14, 364.171, 396.096, 420.694, 357.34, 428.973, 422.734, 418.505, 407.115, 397.508, 396.199, 397.184, 386.946, 389.934, 378.815, 373.805, 356.354, 351.099, 348.575, 363.993, 384.617, 370.291, 356.168, 346.412]] 
RATE (RPS) =====================================: 50

[[374.414, 392.938, 365.302, 351.564, 374.141, 390.021, 388.059, 368.862, 381.134, 381.678, 380.353, 374.443, 348.543, 366.372, 360.575, 352.837, 361.182, 368.734, 380.292, 369.117, 360.499, 358.633, 358.663, 352.124, 378.836, 348.562, 345.735]] 
RATE (RPS) =====================================: 50

[[364.338, 370.456, 366.077, 392.689, 377.796, 369.587, 378.58, 369.496, 352.645, 372.047, 358.161, 382.525, 351.157, 404.498, 359.333, 365.407, 339.452, 372.51, 348.172, 369.046, 340.724, 343.272]] 
RATE (RPS) =====================================: 50

[[361.664, 347.723, 362.121, 358.561, 366.232, 358.063, 375.281, 361.285, 367.107, 373.472, 373.231, 377.442, 362.746, 364.786, 374.646, 468.028, 366.98, 442.101, 421.123, 410.448, 410.018]] 
RATE (RPS) =====================================: 50

[[424.978, 471.22, 537.289, 592.888, 637.145, 679.132, 737.817, 796.666, 852.137, 902.575, 938.329, 983.048, 1090.506, 1021.368, 1102.4, 1157.683, 1211.613, 1254.754, 1317.155, 1354.262, 1413.554, 1447.13, 1481.601, 1527.5700000000002, 1577.8049999999998, 1630.76, 1671.797]] 
RATE (RPS) =====================================: 35

[[524.246, 575.542, 748.065, 686.94, 613.728, 779.549, 794.436, 846.172, 890.368, 986.277, 903.985, 1029.118, 1055.284, 1082.903, 1200.211, 1106.2069999999999, 1294.396, 1374.088, 1384.728, 1447.224, 1533.596, 1444.02, 1555.094]] 
RATE (RPS) =====================================: 43

[[466.202, 513.15, 547.449, 743.405, 629.214, 768.716, 972.12, 1037.37, 798.918, 832.697, 1051.317, 1126.001, 1055.36, 1296.829, 1170.557, 1283.591, 1152.262, 1316.59, 1471.766, 1385.436, 1297.436, 1454.877, 2890.143, 1652.775, 1615.99, 1598.915]] 
RATE (RPS) =====================================: 38

[[420.515, 472.933, 540.809, 527.028, 562.636, 543.4, 533.432, 659.231, 553.436, 674.239, 696.895, 735.203, 773.836, 802.88, 805.005, 848.648, 881.822, 878.619, 927.959]] 
RATE (RPS) =====================================: 55

[[535.786, 485.257, 563.959, 566.55, 627.112, 684.229, 725.36, 774.241, 829.658, 873.025, 924.775, 1032.085, 952.4, 1089.263, 1148.215, 1350.024, 1090.492, 1125.369, 1175.126, 1217.309, 1320.911, 1367.358, 1380.938, 1419.901, 1457.541, 1489.568, 1530.7939999999999, 1582.2, 1626.74, 1621.6779999999999]] 
RATE (RPS) =====================================: 37

[[458.209, 465.245, 566.904, 498.475, 627.857, 678.465, 731.872, 929.192, 779.327, 851.866, 948.564, 991.63, 1031.722, 1079.312, 1108.227, 1166.943, 1205.874, 1248.554, 1291.711, 1322.218, 1335.459, 1358.74, 1373.393, 1372.843, 1439.005, 1480.455]] 
RATE (RPS) =====================================: 41

[[460.123, 557.539, 483.963, 593.795, 775.066, 641.573, 688.959, 868.511, 800.542, 908.324, 964.772, 1140.16, 1014.872, 1042.153, 1149.046, 1179.927, 1193.729, 1313.124, 1246.205, 1326.968, 1359.643, 1359.421, 1333.377, 1342.149, 1414.714, 1351.612]] 
RATE (RPS) =====================================: 40

[[441.93, 605.806, 517.951, 771.887, 631.366, 665.818, 775.611, 824.414, 855.51, 916.258, 851.577, 942.637, 911.767, 915.53, 1017.598, 940.783, 1055.469, 1082.485, 1006.335, 1131.063, 1181.38, 1623.138, 1272.9850000000001]] 
RATE (RPS) =====================================: 47

[[2213.683, 2268.526, 2136.476, 2071.976, 4067.915, 689.094, 1308.657, 1280.5529999999999, 582.057, 576.127, 804.306, 1090.419, 901.697, 729.045, 829.793, 1129.777, 1156.344, 1748.804, 1362.404, 1329.096, 1361.2930000000001, 2235.051, 2314.578, 2239.699, 3508.203, 2199.805, 1346.267, 1560.988, 1412.981, 1599.827, 1431.56, 1449.627]] 
RATE (RPS) =====================================: 30

[[458.092, 490.733, 593.365, 493.903, 669.852, 602.436, 679.837, 710.14, 751.342, 800.215, 847.688, 914.201, 955.653, 824.049, 1000.4, 1071.76, 964.515, 1110.738, 1094.649, 1189.814, 1172.8, 1153.581, 1229.838, 1201.607]] 
RATE (RPS) =====================================: 46

[[987.57, 1218.8029999999999, 1123.026, 984.812, 1039.28, 1219.891, 1268.222, 1317.21, 1372.099, 1423.782, 1478.857, 1496.446, 1657.9679999999998, 1510.466, 1548.557, 1672.491, 1840.156, 1725.137, 1952.7910000000002, 2078.7, 1866.797, 2003.105, 2111.917, 2188.966, 2316.732, 2225.685, 2274.421]] 
RATE (RPS) =====================================: 30

[[498.498, 459.597, 470.561, 454.412, 433.279, 382.128, 357.859, 357.26, 349.464, 354.688, 395.331, 381.793, 379.528, 360.75, 359.331, 415.568, 479.682]] 
RATE (RPS) =====================================: 60

[[386.969, 396.526, 389.324, 366.508, 361.099, 352.459, 368.188, 362.57, 352.304, 432.464, 390.265, 369.849, 352.009, 380.34, 374.889, 349.206, 372.513, 359.951, 356.121, 361.876, 378.908, 362.023, 349.115]] 
RATE (RPS) =====================================: 60

[[381.23, 356.848, 362.086, 361.982, 358.259, 377.985, 364.975, 374.197, 348.01, 364.621, 371.977, 355.024, 347.805, 375.496, 352.422, 361.564, 362.905, 369.0, 370.107, 352.664, 375.309, 372.086, 360.941, 371.665]] 
RATE (RPS) =====================================: 60

[[369.823, 362.61, 388.093, 382.881, 365.459, 368.6, 369.034, 472.033, 439.221, 423.085, 415.755, 381.203, 365.078, 363.474, 347.152, 353.584, 368.137, 376.949, 359.512, 381.669]] 
RATE (RPS) =====================================: 60

[[369.313, 363.774, 359.688, 393.266, 370.546, 415.505, 389.089, 374.9, 372.823, 375.636, 360.864, 357.372, 473.207, 456.979, 422.284]] 
RATE (RPS) =====================================: 60

[[382.902, 375.734, 386.329, 365.282, 364.565, 361.223, 369.919, 398.598, 367.535, 349.648, 376.622, 362.341, 373.482, 389.395, 364.629, 349.336, 353.619, 350.994]] 
RATE (RPS) =====================================: 60

[[391.322, 367.707, 368.062, 368.084, 375.993, 402.214, 431.96, 397.875, 398.185, 379.176, 379.789, 368.888, 363.902, 417.896, 351.501, 356.362, 345.472, 374.194, 358.481, 355.469, 356.223]] 
RATE (RPS) =====================================: 60

[[365.193, 377.48, 374.08, 362.588, 373.464, 366.662, 354.337, 373.949, 356.412, 366.63]] 
RATE (RPS) =====================================: 60

[[369.146, 367.818, 354.067, 360.342, 361.873, 344.461, 349.755, 345.968, 352.513, 356.44, 358.116, 350.801, 356.257, 361.174, 349.573, 342.368]] 
RATE (RPS) =====================================: 60

[[520.053, 473.157, 466.219, 469.616, 472.344, 396.708, 372.079, 354.937, 354.799, 343.877, 351.399, 354.549, 365.265, 357.665]] 
RATE (RPS) =====================================: 60

[[376.781, 362.292, 367.564, 365.161, 357.914, 357.974, 360.012, 382.6, 362.227, 376.965, 377.891, 397.654, 365.997, 365.931, 366.661, 349.476, 365.725, 356.632, 354.93, 352.704, 369.728]] 
RATE (RPS) =====================================: 65

[[362.197, 383.484, 381.71, 392.158, 364.28, 353.801, 372.328, 384.278, 394.323, 408.355, 387.872, 371.573, 353.39, 361.21, 391.131]] 
RATE (RPS) =====================================: 65

[[394.126, 352.607, 399.526, 375.623, 366.437, 442.504, 369.31, 354.469, 348.91, 381.255, 349.602, 348.101, 348.344, 354.662, 367.073, 347.952, 360.95]] 
RATE (RPS) =====================================: 65

[[396.212, 368.664, 377.779, 396.702, 429.874, 388.421, 385.61, 349.649, 369.641, 373.429, 411.897, 378.075, 391.232, 365.299, 366.255, 356.302]] 
RATE (RPS) =====================================: 65

[[358.793, 409.513, 406.455, 389.771, 368.486, 358.825, 353.019, 349.26, 345.091, 361.398, 386.856, 369.026]] 
RATE (RPS) =====================================: 65

[[355.193, 369.535, 366.156, 390.749, 371.692, 426.331, 378.04, 357.387, 370.826, 361.489, 421.635, 370.147, 379.796]] 
RATE (RPS) =====================================: 65

[[461.546, 433.138, 377.213, 372.316, 368.884, 358.007, 347.375, 388.889, 400.988, 354.145, 375.627, 361.799, 375.232, 400.723, 352.074, 351.454, 374.412, 359.381, 371.278]] 
RATE (RPS) =====================================: 65

[[356.388, 378.227, 355.118, 371.608, 366.201, 363.317, 349.221, 405.275, 366.114, 386.031, 398.835, 360.067, 373.859]] 
RATE (RPS) =====================================: 65

[[410.548, 398.871, 349.855, 370.055, 376.025, 412.583, 365.163, 351.042, 360.69, 346.012, 354.935]] 
RATE (RPS) =====================================: 65

[[375.166, 376.727, 362.545, 368.846, 365.489, 370.375, 374.601, 372.557, 359.08, 393.697, 363.708, 358.435, 394.712, 355.546, 342.846, 345.42, 358.239, 346.479]] 
RATE (RPS) =====================================: 65

average response time [0]459.564
average response time [1]364.113
average response time [2]370.117
average response time [3]375.671
average response time [4]345.011
average response time [5]340.619
average response time [6]364.029
average response time [7]374.054
average response time [8]346.058
average response time [9]352.486
TOTAL AVERAGE RESPONSE TIME ====================: 369.17220000000003
NUMBER OF THREADS ==============================: 1
TOTAL AVERAGE RATE (RPS) =====================================: 1.0
average response time [10]382.61249999999995
average response time [11]395.9595
average response time [12]392.164
average response time [13]362.54049999999995
average response time [14]374.653
average response time [15]355.80499999999995
average response time [16]346.5665
average response time [17]348.09749999999997
average response time [18]404.11699999999996
average response time [19]375.2415
TOTAL AVERAGE RESPONSE TIME ====================: 373.7757
NUMBER OF THREADS ==============================: 2
TOTAL AVERAGE RATE (RPS) =====================================: 2.0
average response time [20]410.71500000000003
average response time [21]391.2425
average response time [22]402.60974999999996
average response time [23]427.37675
average response time [24]400.10425
average response time [25]400.4515
average response time [26]401.60025
average response time [27]406.772
average response time [28]409.68825000000004
average response time [29]471.4235
TOTAL AVERAGE RESPONSE TIME ====================: 412.19837500000006
NUMBER OF THREADS ==============================: 4
TOTAL AVERAGE RATE (RPS) =====================================: 4.0
average response time [30]553.919875
average response time [31]368.386625
average response time [32]360.277875
average response time [33]356.4875
average response time [34]356.9705
average response time [35]358.18625
average response time [36]347.540375
average response time [37]354.55975
average response time [38]355.956
average response time [39]373.44425
TOTAL AVERAGE RESPONSE TIME ====================: 378.5729
NUMBER OF THREADS ==============================: 8
TOTAL AVERAGE RATE (RPS) =====================================: 8.0
average response time [40]357.4635
average response time [41]358.7675
average response time [42]351.4560625
average response time [43]366.179375
average response time [44]519.158
average response time [45]527.0533125000001
average response time [46]473.601
average response time [47]510.02356249999997
average response time [48]493.1243125
average response time [49]578.7069375
TOTAL AVERAGE RESPONSE TIME ====================: 453.55335625
NUMBER OF THREADS ==============================: 16
TOTAL AVERAGE RATE (RPS) =====================================: 15.9
average response time [50]1049.19775
average response time [51]616.3101875
average response time [52]663.2833125
average response time [53]645.29559375
average response time [54]659.61934375
average response time [55]602.08965625
average response time [56]649.38915625
average response time [57]693.1299375
average response time [58]669.77665625
average response time [59]746.5118125
TOTAL AVERAGE RESPONSE TIME ====================: 699.4603406250001
NUMBER OF THREADS ==============================: 32
TOTAL AVERAGE RATE (RPS) =====================================: 29.8
average response time [60]635.7252424242424
average response time [61]698.8235757575758
average response time [62]677.4373333333333
average response time [63]649.9923636363636
average response time [64]678.0512121212121
average response time [65]1110.435303030303
average response time [66]352.43281818181816
average response time [67]355.1089090909091
average response time [68]362.5209696969697
average response time [69]355.0018181818182
TOTAL AVERAGE RESPONSE TIME ====================: 587.5529545454544
NUMBER OF THREADS ==============================: 33
TOTAL AVERAGE RATE (RPS) =====================================: 31.1
average response time [70]370.8159117647059
average response time [71]355.8915294117647
average response time [72]362.7814411764706
average response time [73]356.0297058823529
average response time [74]359.56023529411766
average response time [75]359.867
average response time [76]360.3018529411765
average response time [77]364.59429411764705
average response time [78]364.1389411764706
average response time [79]392.79014705882355
TOTAL AVERAGE RESPONSE TIME ====================: 364.67710588235303
NUMBER OF THREADS ==============================: 34
TOTAL AVERAGE RATE (RPS) =====================================: 33.9
average response time [80]369.13037142857144
average response time [81]434.7376857142857
average response time [82]367.49060000000003
average response time [83]375.06782857142855
average response time [84]359.2940857142857
average response time [85]366.1249142857143
average response time [86]382.4294857142857
average response time [87]371.9957428571429
average response time [88]362.48465714285715
average response time [89]366.2331142857143
TOTAL AVERAGE RESPONSE TIME ====================: 375.49884857142854
NUMBER OF THREADS ==============================: 35
TOTAL AVERAGE RATE (RPS) =====================================: 34.7
average response time [90]375.63744444444444
average response time [91]365.43791666666664
average response time [92]368.2171388888889
average response time [93]368.10725
average response time [94]368.17869444444443
average response time [95]361.28891666666664
average response time [96]372.1308888888889
average response time [97]369.5538888888889
average response time [98]363.72144444444444
average response time [99]366.64466666666664
TOTAL AVERAGE RESPONSE TIME ====================: 367.8918249999999
NUMBER OF THREADS ==============================: 36
TOTAL AVERAGE RATE (RPS) =====================================: 36.0
average response time [100]366.35245945945945
average response time [101]373.1314054054054
average response time [102]361.5451891891892
average response time [103]373.11256756756757
average response time [104]369.1296216216216
average response time [105]366.45697297297295
average response time [106]381.7717837837838
average response time [107]372.0798648648649
average response time [108]363.26013513513516
average response time [109]383.5750540540541
TOTAL AVERAGE RESPONSE TIME ====================: 371.04150540540536
NUMBER OF THREADS ==============================: 37
TOTAL AVERAGE RATE (RPS) =====================================: 37.0
average response time [110]370.0454210526316
average response time [111]374.7901842105263
average response time [112]361.0608947368421
average response time [113]360.9848947368421
average response time [114]372.7464210526316
average response time [115]360.7101052631579
average response time [116]359.7550789473684
average response time [117]363.15723684210525
average response time [118]362.5022368421053
average response time [119]366.6547894736842
TOTAL AVERAGE RESPONSE TIME ====================: 365.24072631578946
NUMBER OF THREADS ==============================: 38
TOTAL AVERAGE RATE (RPS) =====================================: 38.0
average response time [120]365.4139230769231
average response time [121]376.42279487179485
average response time [122]366.647358974359
average response time [123]367.9187179487179
average response time [124]356.71787179487177
average response time [125]354.79076923076923
average response time [126]357.09189743589747
average response time [127]374.7069743589744
average response time [128]371.276
average response time [129]399.3663846153846
TOTAL AVERAGE RESPONSE TIME ====================: 369.0352692307692
NUMBER OF THREADS ==============================: 39
TOTAL AVERAGE RATE (RPS) =====================================: 38.9
average response time [130]386.940075
average response time [131]377.72745
average response time [132]430.80385
average response time [133]379.099825
average response time [134]390.75855
average response time [135]369.772125
average response time [136]376.238475
average response time [137]404.057275
average response time [138]372.96725
average response time [139]375.68025
TOTAL AVERAGE RESPONSE TIME ====================: 386.40451250000007
NUMBER OF THREADS ==============================: 40
TOTAL AVERAGE RATE (RPS) =====================================: 39.9
average response time [140]393.8544
average response time [141]365.1309111111111
average response time [142]392.0587777777778
average response time [143]382.6603111111111
average response time [144]372.2279111111111
average response time [145]378.82693333333333
average response time [146]380.06182222222225
average response time [147]405.5031333333333
average response time [148]970.0127111111111
average response time [149]1072.6541555555555
TOTAL AVERAGE RESPONSE TIME ====================: 511.29910666666666
NUMBER OF THREADS ==============================: 45
TOTAL AVERAGE RATE (RPS) =====================================: 40.5
average response time [150]902.44534
average response time [151]1892.02838
average response time [152]1217.59938
average response time [153]404.6827777777778
average response time [154]393.13324137931033
average response time [155]382.15611538461536
average response time [156]367.9115925925926
average response time [157]365.8167272727273
average response time [158]381.098
average response time [159]1067.154888888889
TOTAL AVERAGE RESPONSE TIME ====================: 737.4026443295912
NUMBER OF THREADS ==============================: 50
TOTAL AVERAGE RATE (RPS) =====================================: 38.4
average response time [160]1037.2250869565216
average response time [161]1158.811
average response time [162]675.711894736842
average response time [163]1085.5954666666667
average response time [164]1013.1562307692308
average response time [165]1019.6256538461538
average response time [166]910.4042608695652
average response time [167]1591.769625
average response time [168]874.217
average response time [169]1626.069888888889
TOTAL AVERAGE RESPONSE TIME ====================: 1099.258610773387
NUMBER OF THREADS ==============================: 55
TOTAL AVERAGE RATE (RPS) =====================================: 40.7
average response time [170]405.2781764705882
average response time [171]370.6728695652174
average response time [172]364.54825
average response time [173]382.6676
average response time [174]390.34973333333335
average response time [175]369.0085
average response time [176]376.60738095238094
average response time [177]367.0795
average response time [178]355.042
average response time [179]403.7619285714286
TOTAL AVERAGE RESPONSE TIME ====================: 378.50159388929484
NUMBER OF THREADS ==============================: 60
TOTAL AVERAGE RATE (RPS) =====================================: 60.0
average response time [180]366.32471428571426
average response time [181]377.47266666666667
average response time [182]368.3206470588235
average response time [183]381.5650625
average response time [184]371.37441666666666
average response time [185]378.3827692307692
average response time [186]378.1305789473684
average response time [187]371.55853846153843
average response time [188]372.34354545454545
average response time [189]365.8037777777778
TOTAL AVERAGE RESPONSE TIME ====================: 373.12767170498705
NUMBER OF THREADS ==============================: 65
TOTAL AVERAGE RATE (RPS) =====================================: 65.0
average response time sent to Stackdriver [0]400.10425
average response time sent to Stackdriver [1]527.0533125000001
average response time sent to Stackdriver [2]645.29559375
average response time sent to Stackdriver [3]698.8235757575758
average response time sent to Stackdriver [4]356.0297058823529
average response time sent to Stackdriver [5]382.4294857142857
average response time sent to Stackdriver [6]373.1314054054054
average response time sent to Stackdriver [7]360.7101052631579
average response time sent to Stackdriver [8]399.3663846153846
average response time sent to Stackdriver [9]392.0587777777778
average response time sent to Stackdriver [10]1072.6541555555555
average response time sent to Stackdriver [11]367.9115925925926
average response time sent to Stackdriver [12]675.711894736842
average response time sent to Stackdriver [13]910.4042608695652
average response time sent to Stackdriver [14]364.54825
average response time sent to Stackdriver [15]381.5650625
NUMBER OF THREADS: [1, 2, 4, 8, 16, 32, 33, 34, 35, 36, 37, 38, 39, 40, 45, 50, 55, 60, 65]
WORKLOAD: HFU_LV AND HFU_HV;  
TOTAL EXECUTION TIME (Concurrent Parallel Requests): 172149.675
TOTAL NUMBER OF REPLICAS USED: 4

