[[447.015]] 
RATE (RPS) =====================================: 1

[[343.842]] 
RATE (RPS) =====================================: 1

[[342.843]] 
RATE (RPS) =====================================: 1

[[367.981]] 
RATE (RPS) =====================================: 1

[[340.778]] 
RATE (RPS) =====================================: 1

[[340.838]] 
RATE (RPS) =====================================: 1

[[357.876]] 
RATE (RPS) =====================================: 1

[[366.989]] 
RATE (RPS) =====================================: 1

[[342.347]] 
RATE (RPS) =====================================: 1

[[351.141]] 
RATE (RPS) =====================================: 1

[[361.408, 343.031]] 
RATE (RPS) =====================================: 2

[[367.407, 363.465]] 
RATE (RPS) =====================================: 2

[[364.736, 354.113]] 
RATE (RPS) =====================================: 2

[[342.81, 340.982]] 
RATE (RPS) =====================================: 2

[[396.251, 381.782]] 
RATE (RPS) =====================================: 2

[[349.554, 353.03]] 
RATE (RPS) =====================================: 2

[[339.039, 343.396]] 
RATE (RPS) =====================================: 2

[[355.213, 374.169]] 
RATE (RPS) =====================================: 2

[[367.865, 361.586]] 
RATE (RPS) =====================================: 2

[[353.613, 343.244]] 
RATE (RPS) =====================================: 2

[[348.723, 352.229, 365.676, 352.511]] 
RATE (RPS) =====================================: 4

[[358.588, 361.51, 344.134, 341.86]] 
RATE (RPS) =====================================: 4

[[366.264, 364.178, 353.448, 351.292]] 
RATE (RPS) =====================================: 4

[[353.594, 372.735, 340.604, 355.891]] 
RATE (RPS) =====================================: 4

[[347.341, 347.424, 363.065, 345.757]] 
RATE (RPS) =====================================: 4

[[399.527, 382.986, 384.424, 380.433]] 
RATE (RPS) =====================================: 4

[[352.072, 346.537, 344.721, 352.995]] 
RATE (RPS) =====================================: 4

[[356.584, 342.547, 339.921, 342.225]] 
RATE (RPS) =====================================: 4

[[370.066, 343.139, 363.507, 353.416]] 
RATE (RPS) =====================================: 4

[[359.136, 358.65, 352.945, 354.286]] 
RATE (RPS) =====================================: 4

[[340.099, 364.044, 359.176, 348.261, 351.383, 370.6, 354.235, 378.376]] 
RATE (RPS) =====================================: 8

[[342.734, 363.362, 367.929, 356.733, 357.139, 357.443, 345.261, 343.057]] 
RATE (RPS) =====================================: 8

[[376.268, 380.24, 359.421, 366.374, 349.904, 345.709, 340.871, 351.075]] 
RATE (RPS) =====================================: 8

[[348.061, 354.769, 369.516, 360.738, 345.554, 344.309, 340.001, 342.083]] 
RATE (RPS) =====================================: 8

[[346.375, 348.596, 349.648, 354.416, 358.64, 344.163, 345.334, 345.824]] 
RATE (RPS) =====================================: 8

[[339.278, 349.321, 336.851, 343.208, 340.747, 408.298, 391.252, 393.683]] 
RATE (RPS) =====================================: 8

[[339.975, 341.701, 378.686, 341.912, 359.699, 361.633, 363.537, 356.142]] 
RATE (RPS) =====================================: 8

[[340.733, 344.431, 346.726, 340.567, 351.574, 340.911, 353.387, 342.969]] 
RATE (RPS) =====================================: 8

[[360.102, 346.687, 359.814, 354.642, 354.895, 360.571, 361.211, 350.599]] 
RATE (RPS) =====================================: 8

[[361.842, 357.638, 357.435, 353.994, 349.489, 342.401, 364.064, 343.606]] 
RATE (RPS) =====================================: 8

[[348.243, 350.871, 346.958, 355.905, 341.503, 339.677, 343.233, 342.77, 355.431, 351.857, 354.277, 345.304, 366.453, 349.686, 352.943, 344.448]] 
RATE (RPS) =====================================: 16

[[340.24, 373.291, 341.927, 349.666, 344.272, 346.952, 356.378, 361.025, 363.016, 351.86, 346.383, 346.879, 355.093, 348.436, 346.657, 342.951]] 
RATE (RPS) =====================================: 16

[[371.307, 371.055, 361.707, 364.469, 365.062, 354.06, 359.681, 356.897, 342.851, 342.612, 352.666, 339.309, 341.075, 339.641, 344.604, 341.19]] 
RATE (RPS) =====================================: 16

[[383.18, 362.781, 357.059, 358.391, 357.706, 355.001, 338.152, 346.728, 351.51, 354.694, 360.548, 356.588, 361.599, 346.003, 357.048, 350.733]] 
RATE (RPS) =====================================: 16

[[344.061, 363.705, 341.788, 339.713, 348.313, 362.431, 360.139, 352.234, 364.679, 353.62, 361.492, 348.547, 346.524, 351.153, 391.157, 375.081]] 
RATE (RPS) =====================================: 16

[[338.591, 373.67, 349.783, 362.159, 353.111, 360.768, 353.386, 356.905, 355.841, 354.084, 364.312, 365.228, 352.074, 350.983, 352.127, 347.699]] 
RATE (RPS) =====================================: 16

[[388.778, 338.904, 351.51, 348.34, 354.669, 352.436, 358.979, 349.95, 354.178, 342.688, 359.33, 340.155, 348.504, 356.029, 344.107, 347.358]] 
RATE (RPS) =====================================: 16

[[363.911, 383.239, 354.746, 397.062, 376.757, 370.556, 370.89, 369.01, 378.389, 396.125, 343.309, 364.727, 375.174, 353.631, 346.302, 351.417]] 
RATE (RPS) =====================================: 16

[[357.272, 370.946, 351.578, 352.649, 362.801, 355.849, 359.942, 349.769, 371.353, 369.043, 352.095, 356.706, 364.68, 345.517, 343.974, 348.01]] 
RATE (RPS) =====================================: 16

[[365.738, 344.76, 356.423, 371.705, 340.965, 354.04, 384.299, 361.188, 364.511, 353.075, 359.089, 360.593, 364.14, 362.998, 371.609, 370.829]] 
RATE (RPS) =====================================: 16

[[382.899, 386.623, 375.319, 384.56, 396.717, 369.107, 353.121, 350.825, 368.191, 355.994, 360.723, 349.996, 352.71, 354.27, 352.81, 352.143, 354.618, 346.427, 350.61, 345.802, 362.093, 366.64, 359.691, 374.448, 357.908, 349.602, 366.172, 376.603, 362.333, 377.992, 381.899, 370.216]] 
RATE (RPS) =====================================: 32

[[468.646, 386.812, 398.141, 424.803, 455.336, 475.77, 555.06, 495.083, 509.928, 589.18, 612.028, 545.442, 525.707, 665.615, 619.69, 684.698, 707.968, 744.172, 766.072, 783.011, 792.548, 811.093, 834.678, 859.385, 879.899, 898.947, 941.401, 909.835, 948.727, 962.044, 1008.249, 979.448]] 
RATE (RPS) =====================================: 31

[[374.286, 391.194, 533.43, 398.992, 468.661, 408.466, 501.49, 520.561, 537.794, 557.128, 603.75, 575.892, 640.873, 711.623, 598.428, 639.941, 667.064, 809.024, 700.273, 739.711, 707.561, 751.161, 797.143, 838.798, 809.461, 877.872, 898.578, 940.671, 825.727, 920.017, 960.467, 935.094]] 
RATE (RPS) =====================================: 32

[[434.633, 381.813, 388.036, 427.503, 444.758, 470.434, 488.464, 506.562, 525.36, 547.412, 592.383, 611.875, 662.286, 674.372, 611.517, 689.254, 688.232, 709.15, 742.482, 705.122, 754.571, 767.793, 787.838, 804.221, 827.402, 828.625, 846.6, 885.042, 850.68, 931.472, 886.472, 968.31]] 
RATE (RPS) =====================================: 32

[[409.515, 374.957, 443.239, 397.731, 436.125, 510.171, 476.096, 435.258, 508.36, 582.186, 522.716, 542.408, 618.347, 583.447, 630.268, 651.347, 671.519, 691.815, 713.037, 723.443, 769.991, 815.896, 863.766, 937.469, 877.523, 900.315, 941.296, 962.849, 1008.892, 975.076, 1025.735, 1045.218]] 
RATE (RPS) =====================================: 29

[[522.519, 405.56, 452.212, 549.196, 611.804, 738.725, 769.178, 645.495, 790.48, 837.876, 923.177, 865.577, 998.349, 1100.055, 942.949, 1034.219, 1175.724, 1371.187, 1259.915, 1300.968, 1192.33, 1474.1390000000001, 1577.351, 1385.334, 1506.03, 1600.946, 1703.267, 1637.904, 1729.795, 1845.021, 1757.714, 1795.524]] 
RATE (RPS) =====================================: 14

[[363.364, 359.187, 355.99, 380.809, 358.909, 342.718, 344.907, 357.345, 360.525, 374.012, 339.793, 371.531, 345.254, 352.965, 353.974, 353.102, 353.64, 336.16, 348.649, 353.767, 343.883, 342.948, 340.462, 342.075, 342.061, 343.259, 346.706, 351.886, 352.52, 346.345, 352.85, 338.242]] 
RATE (RPS) =====================================: 32

[[341.879, 345.966, 346.736, 394.491, 367.703, 383.547, 357.707, 356.633, 352.693, 353.648, 357.416, 349.65, 350.412, 362.081, 371.134, 354.45, 359.243, 364.604, 361.519, 375.103, 383.233, 374.705, 357.228, 375.217, 354.447, 356.648, 358.616, 386.938, 378.44, 347.996, 361.02, 357.244]] 
RATE (RPS) =====================================: 32

[[409.484, 415.032, 377.239, 371.028, 363.866, 366.457, 364.708, 357.884, 365.108, 359.601, 353.74, 349.749, 382.419, 363.73, 356.284, 352.546, 372.353, 367.062, 349.812, 348.955, 344.948, 361.703, 354.326, 361.393, 349.946, 364.74, 363.064, 374.562, 340.547, 356.76, 361.627, 353.324]] 
RATE (RPS) =====================================: 32

[[377.55, 344.958, 355.784, 355.32, 370.528, 380.642, 397.112, 359.004, 345.872, 346.878, 371.449, 377.421, 352.437, 369.321, 362.912, 369.092, 381.151, 352.092, 355.047, 341.836, 353.356, 376.786, 346.944, 407.611, 352.571, 375.209, 347.599, 361.306, 352.531, 371.859, 348.981, 358.127]] 
RATE (RPS) =====================================: 32

[[383.112, 381.336, 370.157, 367.857, 395.123, 372.467, 404.061, 359.92, 391.273, 382.388, 376.413, 379.623, 367.433, 392.121, 347.188, 358.553, 371.606, 364.713, 357.089, 360.739, 363.114, 369.652, 375.53, 343.174, 353.319, 398.627, 400.284, 381.967, 386.773, 378.069, 373.41, 372.054, 369.879]] 
RATE (RPS) =====================================: 33

[[363.65, 368.759, 365.258, 363.057, 357.575, 368.836, 361.995, 360.041, 366.911, 373.694, 374.31, 366.807, 353.184, 354.296, 394.027, 351.737, 366.856, 367.566, 360.793, 361.182, 361.52, 378.154, 375.302, 366.99, 360.872, 388.22, 382.21, 347.503, 356.941, 351.943, 384.284, 350.257, 346.827]] 
RATE (RPS) =====================================: 33

[[374.006, 382.771, 432.447, 393.865, 427.486, 368.188, 362.524, 371.802, 360.26, 372.124, 365.55, 355.93, 385.897, 380.357, 378.711, 382.4, 346.846, 364.476, 358.863, 365.996, 383.133, 367.137, 346.935, 376.079, 368.37, 366.14, 348.322, 363.073, 364.554, 346.881, 349.216, 356.252, 356.326]] 
RATE (RPS) =====================================: 33

[[389.944, 373.239, 397.991, 366.925, 377.371, 369.714, 384.281, 384.029, 365.879, 386.007, 372.538, 394.66, 380.653, 371.46, 368.474, 365.893, 348.997, 367.766, 378.932, 361.732, 343.855, 362.999, 351.375, 368.616, 352.241, 353.188, 358.241, 366.902, 352.133, 350.96, 368.235, 343.955, 360.493]] 
RATE (RPS) =====================================: 33

[[434.348, 438.948, 373.151, 437.056, 452.861, 469.199, 493.23, 512.091, 547.634, 564.18, 577.79, 594.323, 611.414, 619.155, 645.444, 678.081, 696.996, 648.647, 708.451, 772.613, 736.819, 698.686, 756.326, 798.176, 757.302, 828.756, 792.217, 940.074, 877.226, 807.189, 819.433, 941.694, 904.937]] 
RATE (RPS) =====================================: 33

[[422.244, 395.675, 435.338, 449.735, 503.001, 599.203, 470.118, 423.419, 566.412, 486.227, 506.214, 571.818, 589.633, 642.275, 635.062, 646.717, 667.535, 701.89, 714.459, 751.518, 792.181, 806.19, 850.088, 850.158, 794.859, 887.038, 928.164, 952.166, 829.851, 864.509, 899.466, 959.821, 934.894]] 
RATE (RPS) =====================================: 33

[[398.221, 373.479, 401.289, 409.531, 429.579, 435.19, 458.764, 464.799, 477.372, 503.545, 578.364, 534.341, 583.25, 647.209, 591.336, 608.277, 712.642, 644.686, 675.339, 717.976, 760.517, 728.608, 771.01, 789.578, 812.786, 848.278, 819.286, 884.149, 854.284, 896.175, 936.856, 907.922, 949.781]] 
RATE (RPS) =====================================: 33

[[373.291, 450.346, 409.149, 459.793, 470.901, 497.808, 498.806, 517.119, 582.262, 529.739, 547.57, 576.703, 587.713, 630.349, 592.178, 636.321, 663.858, 703.12, 674.305, 738.201, 749.887, 701.742, 746.488, 775.831, 848.138, 828.939, 720.437, 756.406, 813.912, 831.836, 837.92, 889.355, 840.644]] 
RATE (RPS) =====================================: 33

[[388.044, 517.434, 465.385, 417.418, 539.969, 579.759, 645.813, 684.609, 616.18, 649.706, 694.064, 715.757, 756.355, 726.453, 770.952, 791.036, 807.862, 826.907, 918.297, 837.838, 854.806, 875.335, 921.758, 936.834, 955.761, 979.354, 1013.39, 1077.981, 1103.0, 1134.879, 1141.008, 1176.676, 1148.564]] 
RATE (RPS) =====================================: 26

[[364.481, 386.111, 418.805, 384.993, 417.566, 482.182, 426.611, 445.299, 504.389, 520.212, 470.785, 592.957, 600.91, 523.476, 547.328, 632.292, 603.366, 809.338, 712.83, 653.89, 740.676, 754.239, 802.879, 877.188, 820.084, 831.586, 872.021, 889.19, 911.207, 926.665, 940.638, 986.285, 952.555]] 
RATE (RPS) =====================================: 33

[[384.935, 408.601, 424.628, 433.031, 483.623, 447.511, 552.132, 493.225, 562.227, 584.946, 606.73, 624.643, 641.385, 665.187, 677.348, 625.606, 682.933, 704.001, 705.167, 747.924, 721.825, 759.179, 806.238, 818.388, 766.676, 823.884, 847.171, 866.966, 881.995, 952.79, 898.735, 988.683, 909.709, 952.728]] 
RATE (RPS) =====================================: 34

[[440.168, 386.936, 399.851, 472.143, 413.215, 460.327, 499.737, 462.506, 546.251, 497.605, 559.336, 625.892, 487.673, 555.224, 576.227, 634.818, 612.156, 681.054, 741.851, 628.666, 671.161, 687.774, 728.633, 746.698, 815.551, 755.42, 776.945, 811.533, 824.487, 834.539, 853.322, 870.738, 886.482, 900.404]] 
RATE (RPS) =====================================: 34

[[367.903, 388.817, 441.072, 410.191, 435.252, 452.91, 470.212, 537.934, 571.407, 604.549, 718.176, 660.523, 613.287, 762.239, 728.4, 797.414, 693.338, 760.148, 803.038, 820.626, 913.269, 834.654, 854.601, 932.511, 976.695, 948.437, 1013.401, 980.298, 1023.12, 1055.552, 1065.996, 1084.728, 1098.268, 1105.846]] 
RATE (RPS) =====================================: 27

[[387.149, 434.747, 389.365, 429.675, 440.677, 436.365, 478.319, 452.193, 492.035, 515.318, 630.447, 526.766, 566.136, 653.075, 720.201, 736.958, 656.476, 675.056, 769.661, 787.454, 735.584, 806.852, 824.609, 867.17, 828.278, 899.21, 868.042, 942.903, 905.039, 949.612, 971.157, 1013.217, 1027.155, 970.894]] 
RATE (RPS) =====================================: 32

[[435.911, 384.214, 484.291, 450.522, 489.723, 511.365, 566.148, 611.225, 521.119, 615.359, 565.581, 633.352, 645.06, 715.672, 661.204, 779.023, 675.442, 718.436, 746.781, 780.235, 798.32, 821.381, 839.698, 855.845, 899.202, 862.927, 906.593, 925.05, 961.574, 941.011, 1097.567, 1028.222, 965.413, 1050.945]] 
RATE (RPS) =====================================: 31

[[386.188, 394.708, 417.717, 430.73, 474.249, 498.412, 441.122, 532.743, 507.58, 545.948, 611.243, 555.005, 574.848, 647.108, 616.678, 658.802, 719.158, 667.748, 685.263, 721.906, 739.944, 756.361, 829.696, 798.769, 767.065, 824.379, 992.531, 845.781, 852.127, 1040.405, 986.828, 878.465, 923.036, 989.207]] 
RATE (RPS) =====================================: 33

[[394.131, 412.844, 438.63, 470.822, 445.032, 471.525, 486.919, 502.656, 541.805, 670.54, 572.186, 608.507, 763.335, 684.208, 780.078, 797.146, 811.244, 850.498, 894.355, 818.601, 855.206, 918.035, 889.233, 950.455, 922.295, 959.555, 976.54, 1019.428, 985.27, 1023.086, 1095.419, 1069.715, 1033.668, 1102.064]] 
RATE (RPS) =====================================: 28

[[378.446, 389.717, 414.052, 457.706, 489.21, 582.078, 522.747, 544.407, 592.575, 643.207, 614.052, 655.526, 677.343, 691.31, 709.77, 728.097, 746.653, 770.035, 783.892, 803.031, 821.221, 879.619, 946.107, 901.56, 970.648, 930.088, 934.103, 922.63, 996.143, 967.981, 1009.913, 1029.824, 1046.059, 1062.692]] 
RATE (RPS) =====================================: 30

[[425.406, 397.528, 366.036, 428.427, 457.275, 480.858, 566.283, 437.662, 480.251, 492.598, 507.223, 543.181, 590.088, 561.531, 672.994, 605.668, 576.579, 611.54, 653.574, 671.286, 713.203, 678.115, 765.031, 706.42, 726.011, 765.512, 788.004, 802.982, 820.521, 839.341, 879.843, 945.391, 844.71, 886.817]] 
RATE (RPS) =====================================: 34

[[395.81, 438.11, 406.503, 450.697, 445.61, 482.831, 451.987, 510.83, 477.596, 575.092, 509.374, 569.441, 518.136, 578.921, 593.084, 604.772, 643.409, 601.892, 654.782, 660.922, 680.076, 688.28, 743.102, 705.555, 833.113, 768.066, 788.77, 859.854, 829.37, 896.421, 869.41, 908.4, 926.75, 947.157]] 
RATE (RPS) =====================================: 34

[[380.419, 398.932, 486.328, 404.076, 418.451, 435.391, 469.516, 486.15, 527.34, 497.678, 592.694, 540.957, 552.215, 637.018, 690.248, 579.664, 748.764, 704.856, 828.827, 783.641, 845.371, 930.406, 850.435, 864.202, 881.04, 960.011, 936.053, 908.446, 958.919, 1028.605, 970.88, 990.076, 1035.976, 1053.643, 1072.219]] 
RATE (RPS) =====================================: 31

[[500.102, 389.627, 428.549, 450.308, 488.182, 509.632, 524.604, 536.807, 557.121, 574.097, 594.422, 604.983, 624.473, 633.5, 647.728, 659.984, 671.86, 646.856, 658.062, 656.371, 637.421, 654.835, 659.911]] 
RATE (RPS) =====================================: 35

[[399.703, 426.381, 449.361, 470.87, 495.027, 497.651, 519.37, 528.026, 580.083, 524.345, 540.853, 536.06, 548.478, 548.515, 518.096, 478.149]] 
RATE (RPS) =====================================: 35

[[431.929, 452.097, 491.838, 489.537, 500.384, 547.97, 477.983, 482.989, 464.737, 461.594, 471.835, 444.988, 472.517, 450.401, 463.503, 481.366, 453.374, 460.278, 461.445, 435.194]] 
RATE (RPS) =====================================: 35

[[396.231, 425.512, 409.05, 407.368, 398.64, 443.55, 452.628, 441.639, 494.194, 430.721, 421.096, 468.586, 474.426, 438.965, 1404.209, 406.186]] 
RATE (RPS) =====================================: 34

[[412.233, 431.044, 444.314, 572.368, 511.227, 464.828, 510.059, 593.061, 502.448, 529.644, 610.548, 625.124]] 
RATE (RPS) =====================================: 35

[[391.908, 377.617, 362.979, 355.553, 396.512, 373.658, 392.747, 359.809, 358.511, 343.408, 404.26, 370.051, 363.762, 351.117]] 
RATE (RPS) =====================================: 35

[[368.186, 353.77, 356.982, 361.435, 354.122, 387.591, 356.877, 360.743, 367.591, 350.858, 370.171, 366.222, 358.954, 384.6, 360.167, 395.661, 374.814, 355.145]] 
RATE (RPS) =====================================: 35

[[373.881, 385.241, 378.31, 369.056, 363.596, 350.067, 362.287, 353.195, 347.655, 357.078, 353.982, 360.839, 365.14, 364.253, 350.869, 344.877, 353.073, 349.526, 359.46, 345.354, 346.233]] 
RATE (RPS) =====================================: 35

[[387.807, 344.19, 362.509, 347.892, 352.473, 358.021, 361.559, 348.178, 357.252, 345.414, 359.999, 350.979]] 
RATE (RPS) =====================================: 35

[[408.688, 412.29, 353.453, 428.745, 363.271, 427.305, 413.775, 408.886, 387.451, 415.731, 372.012, 360.534, 379.753, 349.024, 353.991, 352.697, 347.359]] 
RATE (RPS) =====================================: 36

[[364.051, 346.68, 384.867, 343.596, 386.125, 369.08, 383.682, 356.857, 360.292, 364.956, 357.12, 357.213, 364.796, 360.492, 342.875, 346.523, 341.979, 364.693]] 
RATE (RPS) =====================================: 36

[[370.033, 376.418, 377.555, 362.177, 369.199, 359.588, 364.012, 352.869, 358.427, 359.406, 348.987, 349.849, 350.155, 350.902, 363.351, 353.303, 362.434, 356.51, 344.226, 374.57, 380.649]] 
RATE (RPS) =====================================: 36

[[373.753, 365.734, 386.419, 359.909, 351.133, 364.497, 362.115, 347.687, 346.957, 349.088, 347.3, 345.776, 350.179, 414.814, 438.386, 362.908]] 
RATE (RPS) =====================================: 36

[[362.688, 352.956, 365.607, 374.877, 367.34, 381.527, 364.359, 349.705, 393.634, 370.59, 357.878, 369.604, 390.92, 380.269, 375.666, 368.165, 360.706, 364.659, 345.813, 344.542, 347.759]] 
RATE (RPS) =====================================: 36

[[352.556, 350.048, 364.821, 373.359, 370.231, 381.469, 363.706, 353.632, 375.374, 353.016, 338.446, 345.502]] 
RATE (RPS) =====================================: 36

[[385.774, 356.786, 348.716, 350.344, 354.383, 353.222, 361.099, 352.986, 351.684, 344.951, 342.269, 346.536, 345.039, 351.3, 398.554, 359.556, 367.783, 346.569, 341.475, 364.626]] 
RATE (RPS) =====================================: 36

[[365.429, 382.39, 378.128, 379.279, 356.174, 370.836, 382.727, 387.52, 367.434, 356.764, 357.556, 372.132, 358.436, 345.961, 360.66, 373.486, 351.438, 410.28, 418.748, 361.621]] 
RATE (RPS) =====================================: 36

[[381.131, 377.797, 373.325, 375.031, 361.929, 357.106, 376.155, 354.0, 383.334, 360.317, 362.68, 430.302, 357.822, 346.519, 365.738, 369.936, 355.125, 386.868, 375.846, 368.85, 361.95, 355.129, 410.595, 378.748]] 
RATE (RPS) =====================================: 36

[[373.551, 359.741, 376.498, 367.251, 367.791, 343.22, 366.431, 370.918, 381.924, 385.376, 349.907, 376.63, 358.082, 385.262]] 
RATE (RPS) =====================================: 36

[[371.299, 407.056, 373.332, 377.76, 368.694, 364.284, 384.366, 368.944, 356.983, 380.713, 381.912, 405.513, 340.299, 378.954, 397.407, 360.329]] 
RATE (RPS) =====================================: 37

[[354.1, 349.215, 370.554, 353.019, 358.707, 359.384, 350.018, 359.625, 352.42, 356.925, 347.942, 342.989, 362.148, 404.097, 388.532, 394.278]] 
RATE (RPS) =====================================: 37

[[426.258, 425.093, 387.79, 380.102, 377.97, 373.373, 369.733, 343.916, 351.537, 383.122, 384.501, 372.986, 369.098, 367.296, 373.619, 409.054, 371.599, 342.797, 351.087, 403.668]] 
RATE (RPS) =====================================: 37

[[363.937, 370.448, 349.647, 359.062, 344.89, 342.687, 344.974, 345.486, 346.731, 348.361, 347.435, 349.793, 363.328, 370.187, 341.029, 343.088, 342.799, 345.302]] 
RATE (RPS) =====================================: 37

[[416.197, 410.762, 406.523, 386.42, 390.516, 381.789, 387.077, 365.235, 367.57, 366.086, 394.331, 361.205, 365.898, 380.015, 362.968, 386.899, 348.433, 352.752, 386.633, 362.69, 371.171]] 
RATE (RPS) =====================================: 37

[[372.073, 370.74, 388.883, 364.787, 393.568, 348.028, 356.979, 351.369, 347.67, 378.945, 354.901]] 
RATE (RPS) =====================================: 37

[[390.549, 372.949, 365.909, 370.611, 379.016, 372.126, 366.634, 361.45, 361.632, 350.999, 344.794, 356.151, 354.358, 362.63, 376.989, 372.32, 355.063]] 
RATE (RPS) =====================================: 37

[[405.321, 393.073, 392.167, 372.928, 364.128, 404.396, 398.552, 376.346, 404.159, 393.06, 360.348, 358.404, 466.707, 394.758, 359.096, 341.329, 364.342]] 
RATE (RPS) =====================================: 37

[[375.315, 380.318, 383.881, 364.932, 369.154, 373.238, 368.655, 347.887, 367.97, 376.783, 355.648, 372.986, 365.255, 387.944, 361.898, 365.688, 353.357, 363.733, 373.109]] 
RATE (RPS) =====================================: 37

[[365.178, 363.879, 359.038, 356.726, 345.665, 369.081, 358.24, 373.001, 369.995, 395.06, 403.293, 354.641, 372.564, 418.121, 402.84, 377.478, 381.488, 340.714, 347.33]] 
RATE (RPS) =====================================: 37

[[380.983, 355.425, 384.287, 364.52, 391.686, 365.751, 376.03, 351.427, 348.878, 348.787, 349.499, 348.749, 346.577, 351.719, 348.073, 372.163, 380.688, 355.725, 361.767]] 
RATE (RPS) =====================================: 38

[[378.194, 371.26, 373.095, 362.654, 360.925, 379.314, 367.181, 392.259, 378.528, 344.628, 352.599, 345.163, 350.538, 347.981, 365.016, 342.601]] 
RATE (RPS) =====================================: 38

[[383.874, 382.884, 374.314, 355.34, 387.816, 377.514, 366.536, 345.493, 352.462, 362.347, 373.395, 377.577, 396.751, 387.211, 393.085, 370.567, 357.892, 385.853, 414.793, 372.907, 371.688, 403.267, 374.494, 366.911]] 
RATE (RPS) =====================================: 38

[[391.774, 379.129, 375.274, 382.58, 375.195, 387.837, 374.526, 368.315, 385.825, 364.501, 363.292, 367.763, 362.034, 384.798, 369.076, 365.12, 381.063, 412.835, 380.081, 419.757, 375.108, 349.31, 383.296, 363.757, 376.242]] 
RATE (RPS) =====================================: 38

[[345.784, 365.638, 357.21, 366.588, 351.424, 358.324, 351.735, 363.478, 358.844, 347.675, 342.349, 342.126, 348.828, 345.489, 357.163, 339.05, 362.343, 360.829, 349.652]] 
RATE (RPS) =====================================: 38

[[359.982, 362.966, 402.844, 369.63, 390.652, 380.461, 365.504, 382.723, 404.135, 350.455, 373.397, 386.395, 379.813, 355.309, 343.833, 357.837, 366.074, 361.991, 349.211]] 
RATE (RPS) =====================================: 38

[[399.797, 350.623, 389.003, 382.849, 365.724, 359.837, 356.538, 464.122, 373.97, 375.969, 385.84, 390.903, 365.391, 370.14, 347.194]] 
RATE (RPS) =====================================: 38

[[357.135, 354.033, 364.64, 390.556, 358.923, 348.168, 350.127, 341.198, 369.338, 360.731, 350.641, 341.653]] 
RATE (RPS) =====================================: 38

[[374.601, 400.321, 362.988, 377.045, 366.017, 371.14, 419.802, 371.164, 355.265, 376.806, 401.728, 393.629, 357.839, 349.603, 355.494, 420.609, 385.044, 342.762, 351.69]] 
RATE (RPS) =====================================: 38

[[354.482, 391.614, 382.38, 388.906, 373.534, 367.465, 367.118, 366.988, 357.671, 367.979, 361.347, 356.422, 359.126, 347.64, 358.767, 343.619, 375.332, 361.487, 358.397]] 
RATE (RPS) =====================================: 38

[[380.363, 384.672, 374.507, 377.374, 355.777, 377.294, 374.066, 371.745, 347.599, 354.177, 385.091, 414.729, 349.856, 347.938, 353.839, 349.321, 368.183, 363.936, 354.929, 392.818, 373.026, 371.289]] 
RATE (RPS) =====================================: 39

[[355.596, 364.319, 358.893, 386.252, 383.313, 366.106, 354.503, 398.406, 387.783, 368.732, 350.283, 348.84, 350.38, 347.284]] 
RATE (RPS) =====================================: 39

[[351.557, 369.313, 369.494, 370.444, 386.271, 369.911, 377.718, 390.139, 396.2, 415.37, 409.265, 400.678, 392.543, 391.017, 378.481, 360.795, 341.083, 345.173, 355.326, 346.214, 349.419, 351.663]] 
RATE (RPS) =====================================: 39

[[345.396, 359.808, 363.14, 383.418, 358.705, 360.435, 351.835, 362.62, 353.476, 348.445, 349.668, 357.844, 366.234, 363.41, 371.535, 361.848, 376.261, 375.409, 361.898, 352.343, 378.032, 361.94, 354.512, 343.68, 347.597]] 
RATE (RPS) =====================================: 39

[[1476.548, 1467.022, 409.398, 374.757, 367.022, 362.828, 444.113, 1206.677, 464.557, 455.778, 440.728, 440.033, 431.773, 534.925, 523.522, 1954.815, 2099.659, 1938.114, 433.514, 401.261, 401.031, 355.453, 359.462, 1198.35, 1190.092]] 
RATE (RPS) =====================================: 31

[[472.752, 486.668, 476.772, 472.07, 444.535, 445.068, 435.749, 1489.22, 514.52, 518.475, 514.657, 505.354, 501.778, 487.014, 597.68, 566.347, 569.628, 553.327, 524.972, 520.998, 487.785, 501.925, 482.609, 455.332, 459.65, 476.664]] 
RATE (RPS) =====================================: 38

[[373.509, 374.21, 377.428, 370.379, 368.422, 379.339, 370.482, 366.02, 364.122, 366.142, 348.449, 352.426, 363.518, 350.178, 349.42, 349.662, 343.464, 383.059, 348.476, 352.661, 365.382]] 
RATE (RPS) =====================================: 39

[[398.97, 391.997, 376.198, 376.826, 371.522, 372.627, 361.42, 366.502, 378.87, 351.012, 382.016, 369.356, 392.353, 370.539, 356.213, 355.265, 349.755, 340.877, 356.128, 373.975, 347.186]] 
RATE (RPS) =====================================: 39

[[379.01, 369.183, 377.091, 366.163, 373.465, 358.037, 371.004, 376.608, 372.468, 379.577, 396.19, 388.386, 355.076, 376.769, 360.53, 386.579, 411.872, 360.526, 395.98, 371.139, 389.34, 353.396, 355.787, 348.951, 343.985]] 
RATE (RPS) =====================================: 39

[[362.522, 354.808, 355.953, 371.487, 367.742, 357.721, 358.364, 395.487, 369.717, 366.64, 352.738, 370.344, 357.75, 376.78, 353.75, 366.894, 361.057, 349.234, 384.119, 372.825, 353.201]] 
RATE (RPS) =====================================: 39

[[1364.018, 1380.17, 1398.93, 463.318, 450.799, 435.945, 435.792, 420.813, 426.828, 426.079, 454.792, 423.027, 433.916, 429.087, 410.572, 414.244, 392.852, 377.467, 378.608, 360.651, 368.295, 343.87, 345.319]] 
RATE (RPS) =====================================: 37

[[382.067, 375.271, 363.837, 394.752, 371.074, 351.951, 366.477, 359.856, 397.876, 405.623, 360.297, 368.278, 373.399, 404.934, 362.459, 370.238, 354.002, 350.375, 369.292, 337.859]] 
RATE (RPS) =====================================: 40

[[355.655, 366.153, 469.463, 378.863, 434.459, 406.391, 369.936, 364.254, 390.531, 381.63, 374.554, 357.118, 360.975, 349.804, 363.723]] 
RATE (RPS) =====================================: 40

[[348.514, 377.997, 366.792, 373.809, 375.388, 417.15, 379.74, 352.456, 350.023, 355.408, 364.29, 391.811, 356.048, 389.746, 379.878, 369.153, 371.736, 355.682, 349.511, 365.282, 342.605, 366.862, 349.574]] 
RATE (RPS) =====================================: 40

[[415.921, 414.278, 413.154, 411.904, 385.78, 380.029, 370.103, 353.695, 355.13, 350.716, 348.934, 354.567, 394.506, 384.468, 382.173, 363.945, 369.128, 354.211, 354.701, 374.062, 343.207, 393.733, 366.65]] 
RATE (RPS) =====================================: 40

[[384.011, 380.664, 399.719, 393.955, 373.444, 365.25, 351.312, 391.209, 360.556, 372.078, 374.041, 366.694, 372.48, 383.459, 371.002, 365.876, 382.384, 352.611, 356.326, 344.147]] 
RATE (RPS) =====================================: 40

[[417.55, 423.608, 379.353, 354.263, 392.462, 416.555, 404.465, 391.315, 365.392, 373.797, 360.957, 348.893, 364.029, 348.816, 349.266, 342.806, 343.061, 345.125, 354.311]] 
RATE (RPS) =====================================: 40

[[382.151, 398.087, 398.802, 377.837, 388.123, 369.298, 359.225, 365.813, 366.415, 374.137, 364.341, 401.048, 387.859, 389.677, 372.848, 351.649, 397.728, 375.856, 406.416, 398.618, 446.942, 380.419]] 
RATE (RPS) =====================================: 40

[[379.703, 393.789, 372.364, 358.332, 361.17, 369.616, 383.713, 378.946, 363.13, 374.88, 371.535, 350.477, 361.629, 359.852, 356.784, 368.362, 363.312, 380.128, 355.493, 375.94, 350.428, 348.399, 364.337, 342.232]] 
RATE (RPS) =====================================: 40

[[368.446, 373.216, 366.852, 377.987, 376.777, 380.478, 365.031, 375.123, 426.657, 389.312, 375.018, 341.938, 348.306, 381.848, 377.469, 342.924, 352.253, 363.214, 353.062]] 
RATE (RPS) =====================================: 40

[[466.932, 452.232, 431.17, 406.879, 378.778, 370.244, 365.763, 368.839, 381.644, 398.533, 419.083, 428.365, 418.828, 372.539, 345.888, 380.078, 356.145, 344.254, 362.172, 356.87]] 
RATE (RPS) =====================================: 45

[[374.064, 362.233, 429.532, 388.534, 372.862, 396.277, 394.599, 380.418, 383.137, 367.574, 363.316, 382.786, 393.001, 391.894, 383.268, 342.755, 409.154, 386.416, 381.807, 363.024, 358.217]] 
RATE (RPS) =====================================: 45

[[370.694, 383.132, 370.563, 401.14, 387.933, 385.828, 361.762, 412.779, 413.223, 374.656, 382.746, 378.746, 379.135, 381.467, 372.577, 376.378, 391.331, 351.934, 344.747, 376.956, 350.803, 397.322, 348.226]] 
RATE (RPS) =====================================: 45

[[405.589, 427.616, 399.779, 385.946, 398.675, 374.62, 395.318, 398.826, 385.81, 374.801, 373.422, 393.763, 357.618, 481.973, 363.977, 416.048, 371.26, 348.325, 365.954, 351.75]] 
RATE (RPS) =====================================: 45

[[468.659, 481.679, 439.763, 455.764, 476.483, 441.479, 399.89, 418.233, 907.867, 411.529, 396.313, 415.087, 392.656, 408.525, 439.315, 398.351, 404.853, 402.794, 374.573, 358.444, 373.816]] 
RATE (RPS) =====================================: 45

[[366.358, 362.243, 398.551, 431.388, 373.906, 373.149, 394.362, 376.899, 412.473, 418.51, 366.455, 385.418, 367.592, 349.892, 371.207, 386.44, 397.592, 362.571, 367.11, 413.886, 372.4, 379.931, 383.309]] 
RATE (RPS) =====================================: 45

[[439.49, 403.423, 379.711, 367.264, 388.622, 384.951, 347.706, 361.833, 418.103, 426.0, 402.195, 362.548, 359.427, 351.694, 355.525, 365.478, 354.34, 374.784, 372.049, 354.479, 352.747, 394.294, 370.261]] 
RATE (RPS) =====================================: 45

[[355.205, 388.224, 381.826, 380.936, 360.041, 388.513, 369.788, 389.685, 380.389, 381.147, 385.235, 400.495, 369.446, 400.227, 404.543, 358.684, 372.896, 368.041, 477.244, 432.188, 388.827, 396.412, 383.991]] 
RATE (RPS) =====================================: 45

[[353.398, 377.211, 418.233, 371.165, 392.531, 377.361, 376.651, 370.095, 367.957, 368.641, 372.817, 342.952, 1209.527, 376.492, 377.643, 1081.689, 1081.05, 897.209, 358.811, 1775.492, 381.767, 417.384, 383.071, 369.303, 381.801, 1367.713]] 
RATE (RPS) =====================================: 40

[[421.71, 480.55, 456.639, 514.036, 556.287, 575.451, 557.323, 586.395, 575.215, 612.261, 646.981, 656.612]] 
RATE (RPS) =====================================: 45

[[479.852, 497.138, 676.269, 616.589, 509.998, 763.598, 683.437, 789.524, 854.541, 963.291, 1014.44, 1046.505, 1052.844, 1157.81, 1078.251, 1314.681, 1245.373, 1168.456, 1343.508, 1575.732, 1373.444, 1395.013, 1445.605, 1508.558, 1565.952, 1582.538, 1584.688]] 
RATE (RPS) =====================================: 33

[[452.144, 504.101, 551.758, 599.711, 635.509, 691.104, 751.859, 779.238, 889.564, 824.401, 921.958, 933.407, 977.003, 1059.261, 1064.475, 1259.945, 1103.754, 1171.051, 1281.749, 1332.776, 1397.15]] 
RATE (RPS) =====================================: 42

[[508.517, 438.075, 550.271, 603.691, 621.041, 680.736, 683.365, 673.116, 650.419, 636.158, 592.216, 581.257, 595.922, 557.07, 542.935, 538.513, 522.299, 526.821, 513.409, 508.344, 505.408, 499.28, 476.978, 487.499, 479.189]] 
RATE (RPS) =====================================: 50

[[404.164, 372.588, 350.133, 358.063, 373.006, 374.359, 410.985, 408.137, 395.817, 395.725, 387.306, 392.224, 345.463, 356.507, 363.288, 355.076, 366.427, 353.164, 355.99, 368.582, 375.074, 369.231, 381.866, 363.55, 357.234, 356.192]] 
RATE (RPS) =====================================: 50

[[372.407, 370.686, 363.259, 357.336, 374.33, 356.659, 355.516, 450.993, 352.476, 367.408, 389.349, 414.571, 381.367, 373.358, 412.073, 425.022, 399.769, 398.287, 387.359, 372.8, 381.199, 370.279, 400.854, 448.172, 417.769, 388.878, 389.277, 391.178, 374.346, 388.912, 372.356, 398.587, 408.927, 368.31, 388.396, 372.74, 385.072, 416.964, 352.336, 386.264, 407.605, 396.987, 369.016, 349.828, 384.47, 357.536, 354.307]] 
RATE (RPS) =====================================: 50

[[371.149, 374.18, 361.222, 372.738, 376.495, 362.426, 364.092, 396.163, 390.09, 444.232, 427.656, 419.151, 438.312, 414.996, 387.703, 357.854, 347.248, 345.414, 350.265, 379.773, 360.901, 380.157, 356.704, 349.214, 356.126, 360.543, 356.167, 362.612, 369.548, 376.459, 351.213, 373.385, 346.294, 345.032, 346.962, 364.004, 351.594, 383.188, 397.554, 375.844, 353.939, 362.786, 358.924, 358.444, 351.52, 365.852, 349.519, 1046.351, 1367.187, 351.403]] 
RATE (RPS) =====================================: 48

[[379.462, 405.815, 341.924, 396.018, 357.104, 387.72, 391.287, 374.113, 378.1, 369.724, 384.463, 361.402, 385.166, 362.242, 370.933, 358.3, 1720.255, 367.882, 1240.177, 356.101, 371.287, 359.217, 348.147, 371.036, 367.353, 390.767, 1131.79, 355.406, 365.332, 371.287, 1376.1190000000001, 360.396, 373.325, 1066.487, 376.785, 1811.201, 1963.0929999999998, 1789.176, 914.891, 1032.472, 855.086, 1358.601, 348.218, 351.405, 376.159, 368.704, 385.442, 399.85, 417.27, 1474.063]] 
RATE (RPS) =====================================: 39

[[422.281, 473.08, 355.898, 1991.039, 1935.091, 358.749, 564.857, 352.192, 352.773, 354.416, 363.489, 605.115, 371.371, 367.764, 1269.413, 357.484, 742.745, 399.024, 410.915, 361.7, 411.52, 591.855, 818.53, 1442.652, 574.049, 741.275, 909.309, 848.558, 963.446, 1383.537, 1459.392, 527.215, 528.106, 989.78, 1045.122, 515.069, 1162.942, 512.261, 521.145, 514.796, 1071.914, 1260.16, 514.217, 1498.622, 1547.44, 1167.983, 1915.375, 1517.238, 1218.6, 1207.77]] 
RATE (RPS) =====================================: 33

[[426.668, 1879.0839999999998, 412.604, 743.505, 403.908, 565.913, 402.117, 395.342, 398.947, 1158.907, 664.142, 379.024, 710.519, 380.558, 825.499, 755.303, 875.833, 946.4, 1210.109, 1375.284, 953.604, 1600.489, 1034.218, 960.834, 744.383, 1071.517, 422.857, 1169.056, 391.959, 1082.017, 382.631, 360.565, 1369.154, 377.808, 1364.946, 1134.874, 1189.5720000000001, 377.721, 1234.968, 1291.379, 1360.955, 371.224, 1478.799, 1641.512, 1399.4859999999999, 1508.05, 1557.8049999999998, 366.272, 1611.851, 1667.614]] 
RATE (RPS) =====================================: 27

[[368.402, 377.587, 411.467, 365.764, 457.964, 522.619, 581.622, 633.996, 354.174, 729.89, 663.061, 774.654, 359.412, 825.638, 362.819, 348.102, 360.373, 869.17, 366.741, 374.93, 911.228, 385.029, 1022.877, 950.757, 1076.903, 1152.281, 365.96, 1211.551, 1273.826, 942.289, 357.029, 1301.23, 1504.478, 1420.539, 905.877, 1322.026, 1404.23, 1747.4560000000001, 396.743, 1818.813, 384.029, 1409.604, 1716.7559999999999, 1644.943, 1426.8319999999999, 1112.956, 1435.755, 1488.114, 1549.117, 361.633]] 
RATE (RPS) =====================================: 30

[[371.584, 422.385, 364.644, 366.611, 468.307, 368.105, 685.2, 498.071, 551.988, 998.727, 395.466, 390.285, 381.511, 741.479, 671.153, 385.02, 778.257, 813.481, 870.261, 933.946, 373.575, 981.322, 366.691, 1028.049, 1077.405, 368.983, 365.631, 376.837, 1098.476, 370.483, 1145.483, 1213.8600000000001, 368.705, 355.231, 363.68, 371.17, 1378.742, 1243.112, 1296.769, 1485.182, 1412.5729999999999, 384.886, 1517.812, 1560.159, 405.65, 1583.882, 393.622, 1626.633, 387.258, 388.231, 372.352, 373.517, 1607.202, 1663.156, 379.979]] 
RATE (RPS) =====================================: 39

[[424.559, 478.683, 426.739, 1573.159, 422.594, 430.016, 598.46, 672.995, 736.296, 429.258, 427.738, 421.974, 831.838, 1261.858, 424.488, 409.15, 391.829, 990.27, 855.118, 399.25, 895.368, 1013.821, 1078.07, 382.831, 1847.162, 1248.7, 1155.779, 381.289, 1079.097, 1363.7060000000001, 1265.202, 1420.8890000000001, 362.201, 377.639, 1455.277, 1578.642, 1496.995, 360.577, 1606.812, 1682.7150000000001, 367.903, 375.454, 369.157, 1691.827, 369.704, 988.768, 384.806, 1804.895, 368.221, 1793.493, 905.306, 918.713, 1721.097, 359.371, 1598.104]] 
RATE (RPS) =====================================: 34

[[373.905, 458.956, 629.394, 578.358, 488.645, 408.713, 404.254, 620.634, 389.427, 709.052, 373.381, 613.532, 393.61, 732.577, 785.197, 853.259, 381.156, 408.071, 379.697, 386.358, 385.074, 913.089, 853.31, 949.233, 991.739, 368.456, 1057.698, 1126.564, 361.215, 366.106, 385.453, 1158.443, 1211.204, 1277.503, 382.139, 390.847, 1328.199, 381.805, 1365.024, 1475.196, 1411.9, 395.152, 393.179, 1473.025, 1509.249, 1565.011, 416.235, 405.795, 402.102, 366.622, 389.869, 370.334, 1489.0819999999999, 347.064, 364.289]] 
RATE (RPS) =====================================: 42

[[407.825, 431.218, 367.948, 403.646, 405.041, 482.304, 364.72, 561.348, 495.823, 602.878, 664.165, 736.212, 791.018, 361.601, 832.306, 367.779, 882.11, 933.023, 382.092, 405.577, 383.812, 969.295, 381.923, 1006.788, 1053.925, 384.091, 363.929, 1092.722, 391.345, 1122.103, 1176.961, 1234.6779999999999, 361.142, 1281.687, 1343.6480000000001, 366.223, 1512.772, 390.829, 1377.074, 1415.3600000000001, 378.628, 378.241, 1476.558, 1530.797, 367.358, 374.84, 373.653, 1570.568, 1630.0810000000001, 362.093, 1675.364, 362.106, 365.547, 1704.5259999999998, 1758.875]] 
RATE (RPS) =====================================: 37

[[576.163, 436.759, 601.185, 483.703, 495.371, 459.527, 459.529, 447.92, 441.392, 1209.05, 1081.744, 739.27, 399.018, 780.596, 523.527, 508.704, 802.118, 500.496, 492.779, 826.855, 881.197, 477.673, 931.638, 995.99, 1049.617, 457.658, 1095.633, 453.725, 455.617, 468.092, 1887.499, 1131.83, 1645.962, 1178.894, 1305.612, 1230.838, 1350.028, 986.388, 1397.555, 987.066, 1447.826, 1412.289, 1553.625, 1432.808, 964.542, 361.281, 1548.098, 1470.618, 410.509, 2204.833, 1745.6680000000001, 1603.5549999999998, 1504.367, 1379.91, 366.76]] 
RATE (RPS) =====================================: 32

[[503.165, 499.494, 550.623, 472.088, 410.541, 428.127, 586.028, 411.061, 419.432, 415.379, 398.872, 574.871, 635.021, 1605.449, 1456.518, 668.936, 789.712, 398.36, 2121.021, 883.89, 399.374, 426.941, 919.655, 1147.528, 408.847, 1112.031, 2014.909, 934.15, 1103.6, 1742.873, 411.685, 1019.2139999999999, 1071.041, 1202.509, 1123.729, 1254.024, 371.886, 371.824, 1285.982, 1342.696, 451.347, 423.749, 423.402, 433.769, 821.664, 383.545, 1325.43, 1377.812, 1482.7559999999999, 390.974, 415.112, 413.529, 1366.8890000000001, 397.845, 354.333]] 
RATE (RPS) =====================================: 36

[[356.858, 382.236, 380.173, 413.308, 385.298, 503.758, 529.549, 360.42, 573.723, 375.18, 815.633, 615.802, 669.572, 716.253, 371.404, 883.927, 809.111, 391.81, 360.809, 390.011, 368.724, 892.487, 947.921, 1136.776, 997.537, 1183.216, 1047.405, 1239.694, 1295.011, 389.402, 1330.829, 362.482, 372.291, 1432.624, 395.647, 374.589, 1344.776, 1456.638, 1511.229, 1540.3809999999999, 342.006, 356.168, 340.346, 1575.216, 1656.8429999999998, 1745.373, 346.017, 348.234, 1841.97, 1777.03, 343.618, 370.151, 1856.403, 368.314, 359.361]] 
RATE (RPS) =====================================: 38

[[413.659, 409.739, 405.206, 383.33, 444.019, 505.185, 521.954, 366.827, 368.46, 371.486, 373.047, 544.844, 365.793, 379.487, 547.468, 595.139, 365.092, 640.736, 370.786, 694.586, 737.416, 363.651, 354.001, 369.051, 369.939, 727.548, 781.751, 796.327, 362.664, 842.391, 881.882, 939.001, 406.856, 370.539, 347.784, 370.294, 870.416, 370.236, 864.633, 914.904, 365.512]] 
RATE (RPS) =====================================: 55

[[414.584, 353.065, 376.89, 359.868, 361.845, 364.192, 362.609, 387.06, 372.353, 422.486, 461.1, 443.403, 435.904, 458.717, 502.385, 563.789, 389.918, 580.853, 614.725, 345.077, 648.881, 680.987, 800.019, 650.16, 347.123, 353.841, 445.589, 350.012, 729.666, 805.014, 848.905, 900.611, 1006.609, 934.661, 372.447]] 
RATE (RPS) =====================================: 54

[[507.533, 377.843, 456.784, 383.437, 442.219, 418.802, 355.958, 391.833, 349.751, 378.16, 365.887, 379.056, 365.093, 392.511, 354.441, 353.561, 355.951, 367.295, 369.928, 355.932, 372.993, 392.978, 372.633, 360.314, 377.631, 354.178, 385.296, 380.16, 378.704, 382.447, 356.823, 347.046, 364.196, 352.68, 359.467, 355.201]] 
RATE (RPS) =====================================: 55

[[385.707, 372.254, 388.622, 438.676, 365.396, 403.749, 404.71, 380.994, 388.577, 438.531, 450.604, 485.0, 411.729, 455.767, 399.312, 399.353, 400.927, 415.923, 412.612, 464.379, 428.495, 392.553, 391.419, 387.028, 377.372, 365.325, 382.715, 411.559, 369.356, 363.99, 394.784, 378.837, 380.442, 420.225, 382.938, 398.051, 363.951, 410.368, 345.445, 354.143, 384.542, 359.964]] 
RATE (RPS) =====================================: 60

[[434.108, 412.292, 398.149, 412.429, 409.981, 386.552, 399.501, 386.614, 402.8, 394.547, 407.182, 456.956, 455.302, 453.499, 449.207, 430.222, 403.332, 407.346, 425.075, 377.449, 420.956, 413.394, 431.911, 422.268, 391.204, 388.584, 366.67, 403.329, 365.805, 395.487, 373.544, 381.258, 411.059, 379.192, 370.273, 356.102, 365.039, 349.704]] 
RATE (RPS) =====================================: 60

[[426.724, 423.665, 413.47, 485.095, 467.301, 429.106, 436.938, 433.781, 416.196, 421.456, 381.625, 459.471, 434.362, 421.215, 410.056, 413.858, 381.913, 484.614, 393.653, 365.766, 406.587, 397.546, 402.8, 364.62, 382.773, 348.589, 365.089, 347.978, 364.642, 349.533, 342.318, 346.195, 349.853]] 
RATE (RPS) =====================================: 60

[[374.776, 370.072, 413.218, 389.618, 359.414, 353.694, 514.497, 357.873, 371.93, 379.122, 360.966, 381.288, 378.508, 366.927, 392.175, 421.928, 357.735, 410.353, 377.216, 433.801, 416.736, 406.733, 366.196, 351.343, 372.523, 404.94, 373.352, 365.27, 350.128, 407.049, 357.089, 352.565, 379.912, 359.085, 382.401, 363.536, 353.332, 359.21, 353.583]] 
RATE (RPS) =====================================: 60

[[378.562, 492.578, 426.275, 383.261, 423.543, 396.302, 405.109, 374.951, 380.421, 364.363, 394.501, 372.941, 384.178, 385.431, 409.537, 434.401, 431.135, 423.845, 392.09, 386.498, 375.28, 373.605, 352.122, 385.391, 361.646, 381.142, 354.873, 354.75, 356.084, 373.823, 359.851, 393.647, 424.789, 373.411, 383.878, 357.307, 422.562, 394.826, 360.712, 377.26, 364.812, 400.817, 389.907, 363.36]] 
RATE (RPS) =====================================: 60

[[367.691, 358.536, 419.157, 410.008, 364.013, 367.847, 383.916, 391.409, 368.14, 368.191, 373.034, 362.197, 365.406, 365.025, 350.9, 371.73, 402.611, 385.134, 394.177, 362.551, 355.312, 368.913, 352.473, 390.382, 379.842, 415.201, 409.109, 393.045, 372.825, 391.26, 367.951, 369.709, 394.839, 363.043, 411.154, 418.901, 388.86, 383.168, 376.052, 366.176, 398.018, 380.52, 391.314, 384.228, 365.254]] 
RATE (RPS) =====================================: 60

[[360.618, 375.694, 365.109, 350.815, 352.53, 364.937, 354.926, 351.635, 395.623, 393.856, 374.862, 368.983, 362.055, 375.666, 433.344, 359.022, 390.079, 402.468, 430.748, 393.994, 372.006, 392.794, 400.429, 415.958, 374.693, 382.194, 400.818, 405.551, 433.139, 411.737, 376.497, 392.305, 353.526, 352.431, 351.879, 371.927, 378.915, 355.413, 429.224, 359.194, 371.419, 394.744, 362.449]] 
RATE (RPS) =====================================: 60

[[374.962, 375.922, 421.024, 406.454, 375.588, 361.817, 367.7, 366.63, 419.774, 385.086, 384.707, 379.829, 357.673, 360.429, 380.817, 366.119, 355.181, 362.355, 400.56, 379.867, 358.814, 343.45, 344.253, 425.349, 354.53, 415.897, 393.251, 374.804, 354.311, 352.468, 361.621, 361.888, 378.678, 378.059]] 
RATE (RPS) =====================================: 60

[[358.351, 374.576, 366.25, 424.731, 366.046, 378.496, 369.806, 343.484, 357.554, 381.997, 356.85, 432.444, 430.777, 374.203, 420.291, 441.129, 424.67, 372.461, 399.227, 388.929, 383.11, 399.348, 394.72, 491.461, 421.657, 377.088, 364.09, 389.325, 347.651, 365.741, 417.807, 373.957, 404.651, 337.176, 345.548, 358.047, 344.906, 346.88]] 
RATE (RPS) =====================================: 60

[[373.795, 384.387, 384.612, 381.594, 386.499, 391.521, 366.06, 396.559, 366.835, 378.36, 388.227, 383.267, 408.633, 433.655, 432.396, 351.063, 415.094, 406.385, 398.479, 379.056, 357.279, 382.611, 386.788, 364.48, 377.146, 449.757, 356.456, 393.23, 375.626, 391.505, 363.722, 349.142, 355.456, 363.926, 411.949, 361.329, 432.215, 375.385, 352.44, 404.394]] 
RATE (RPS) =====================================: 60

[[362.715, 362.617, 387.822, 389.285, 380.28, 366.222, 375.496, 368.885, 361.35, 363.931, 378.71, 386.587, 424.515, 419.616, 395.587, 445.528, 377.698, 405.878, 410.379, 397.048, 416.637, 381.7, 363.071, 366.928, 379.318, 378.102, 365.005, 367.658, 363.695, 351.276, 359.909, 371.82, 352.844, 355.929, 416.262, 387.497, 349.887, 357.514, 361.66, 382.185, 384.83, 353.412, 413.739, 388.259, 358.815]] 
RATE (RPS) =====================================: 65

[[480.201, 367.001, 374.316, 359.494, 467.94, 448.702, 420.629, 435.85, 359.392, 411.101, 413.118, 397.015, 376.539, 362.677, 368.541, 370.487, 380.344, 370.946, 365.547, 344.287, 373.55, 358.309, 364.991, 360.28, 376.35, 368.908, 372.054, 359.777, 360.307, 362.11, 385.787, 392.878, 384.004, 365.815, 377.712, 390.253, 375.142, 350.848, 349.656, 360.886, 381.384, 363.113, 344.413, 386.569]] 
RATE (RPS) =====================================: 65

[[352.061, 361.371, 362.841, 363.938, 367.209, 387.914, 372.497, 364.501, 356.962, 363.799, 360.142, 376.347, 381.15, 369.279, 358.321, 367.462, 352.314, 362.842, 351.177, 369.017, 355.714, 368.529, 359.153, 361.182, 371.934, 361.005, 351.022, 375.538, 345.362, 360.099, 376.296, 368.371, 348.231, 344.424, 359.832, 344.856, 366.991]] 
RATE (RPS) =====================================: 65

[[537.968, 352.435, 371.978, 453.028, 445.699, 391.919, 372.862, 426.954, 381.559, 423.36, 428.689, 416.515, 394.414, 389.587, 382.866, 393.419, 388.587, 380.173, 372.937, 477.86, 350.577, 396.198, 429.085, 393.984, 359.752, 389.209, 357.351, 394.848, 359.771, 395.708, 384.041, 370.927, 362.467, 349.831, 384.537, 382.237, 365.527, 360.489, 341.77, 364.126, 366.257, 346.368, 391.218, 366.918, 404.532, 371.707]] 
RATE (RPS) =====================================: 65

[[442.522, 428.23, 415.642, 414.566, 371.705, 362.868, 387.985, 413.876, 408.707, 395.991, 379.968, 375.159, 374.276, 361.708, 363.457, 382.671, 374.374, 359.553, 393.936, 385.765, 378.612, 372.189, 386.21, 378.167, 359.454, 380.845, 363.12, 351.724, 369.068, 372.207, 405.768, 369.304, 368.967, 378.675, 390.608, 375.592, 371.439, 366.122, 403.996, 367.924, 387.29, 363.389]] 
RATE (RPS) =====================================: 65

[[352.642, 392.118, 421.481, 364.413, 364.742, 353.425, 367.592, 365.64, 396.753, 379.754, 357.285, 373.222, 400.671, 383.987, 398.45, 403.842, 388.331, 375.948, 371.959, 362.377, 373.087, 374.367, 376.617, 360.119, 352.936, 375.345, 367.554, 359.459, 411.14, 390.966, 346.961, 351.293, 358.106, 348.329, 354.516, 344.984, 344.376, 344.945]] 
RATE (RPS) =====================================: 65

[[419.498, 386.48, 374.629, 368.76, 383.024, 390.707, 383.462, 385.925, 400.272, 410.514, 397.243, 418.617, 448.842, 420.375, 458.429, 414.54, 431.812, 399.446, 404.149, 434.42, 421.624, 403.586, 439.084, 401.168, 467.445, 499.028, 406.724, 418.142, 412.738, 380.865, 380.697, 423.364, 436.214, 413.143, 390.308, 378.342, 409.913, 383.543, 350.291, 355.047, 381.768]] 
RATE (RPS) =====================================: 65

[[366.61, 367.556, 344.865, 352.243, 380.683, 347.535, 372.369, 358.741, 354.609, 363.955, 426.707, 374.041, 389.537, 386.767, 379.389, 374.082, 383.757, 371.92, 404.174, 385.34, 392.654, 378.716, 385.226, 361.857, 345.214, 366.692, 348.114, 356.292, 358.309, 370.859, 399.146, 385.382, 379.175, 369.919, 353.679, 438.519, 366.899, 398.211, 350.788]] 
RATE (RPS) =====================================: 65

[[1481.13, 1457.627, 404.336, 1886.596, 1419.856, 414.994, 399.464, 392.732, 2966.7200000000003, 1354.261, 375.496, 1403.397, 1401.83, 1402.949, 1709.3339999999998, 1632.996, 1146.0529999999999, 915.386, 1119.564, 400.121, 1617.478, 1145.215, 623.251, 1785.563, 1121.852, 1350.82, 1161.0720000000001, 1394.746, 1194.137, 1401.932, 1356.135, 1221.888, 2180.622, 1399.9279999999999, 408.719, 2021.539, 1418.02, 2041.504, 1652.4009999999998, 1180.226, 1114.35, 1873.24, 1387.067, 1393.045, 1869.738, 1862.105, 1379.731, 1369.7939999999999, 1315.243]] 
RATE (RPS) =====================================: 25

[[499.943, 497.846, 421.727, 422.054, 415.255, 375.263, 383.197, 364.823, 360.689, 399.314, 411.091, 388.135, 411.875, 379.473, 402.106, 425.211, 407.285, 378.272, 385.05, 402.328, 375.363, 403.473, 393.039, 366.558, 368.929, 475.436, 421.474, 414.849, 393.808, 411.595, 399.489, 431.423, 404.296, 488.25, 410.767, 372.374, 401.156, 369.715, 377.637, 370.534, 355.059, 359.755]] 
RATE (RPS) =====================================: 65

average response time [0]447.015
average response time [1]343.842
average response time [2]342.843
average response time [3]367.981
average response time [4]340.778
average response time [5]340.838
average response time [6]357.876
average response time [7]366.989
average response time [8]342.347
average response time [9]351.141
TOTAL AVERAGE RESPONSE TIME ====================: 360.165
NUMBER OF THREADS ==============================: 1
TOTAL AVERAGE RATE (RPS) =====================================: 1.0
average response time [10]352.21950000000004
average response time [11]365.436
average response time [12]359.42449999999997
average response time [13]341.896
average response time [14]389.01649999999995
average response time [15]351.292
average response time [16]341.2175
average response time [17]364.69100000000003
average response time [18]364.7255
average response time [19]348.4285
TOTAL AVERAGE RESPONSE TIME ====================: 357.83469999999994
NUMBER OF THREADS ==============================: 2
TOTAL AVERAGE RATE (RPS) =====================================: 2.0
average response time [20]354.78475000000003
average response time [21]351.523
average response time [22]358.7955
average response time [23]355.706
average response time [24]350.89675
average response time [25]386.8425
average response time [26]349.08125
average response time [27]345.31925
average response time [28]357.532
average response time [29]356.25425
TOTAL AVERAGE RESPONSE TIME ====================: 356.67352500000004
NUMBER OF THREADS ==============================: 4
TOTAL AVERAGE RATE (RPS) =====================================: 4.0
average response time [30]358.27175
average response time [31]354.20725
average response time [32]358.73275
average response time [33]350.628875
average response time [34]349.1245
average response time [35]362.82975
average response time [36]355.410625
average response time [37]345.16225
average response time [38]356.065125
average response time [39]353.808625
TOTAL AVERAGE RESPONSE TIME ====================: 354.42414999999994
NUMBER OF THREADS ==============================: 8
TOTAL AVERAGE RATE (RPS) =====================================: 8.0
average response time [40]349.3474375
average response time [41]350.939125
average response time [42]353.011625
average response time [43]356.10756250000003
average response time [44]356.5398125
average response time [45]355.67006250000003
average response time [46]352.2446875
average response time [47]368.4528125
average response time [48]357.0115
average response time [49]361.62262499999997
TOTAL AVERAGE RESPONSE TIME ====================: 356.09472500000004
NUMBER OF THREADS ==============================: 16
TOTAL AVERAGE RATE (RPS) =====================================: 16.0
average response time [50]364.0331875
average response time [51]694.98175
average response time [52]676.28534375
average response time [53]670.0210625
average response time [54]688.93784375
average response time [55]1140.64125
average response time [56]351.5574375
average response time [57]362.44834375
average response time [58]363.56240625
average response time [59]363.1026875
TOTAL AVERAGE RESPONSE TIME ====================: 567.5571312499999
NUMBER OF THREADS ==============================: 32
TOTAL AVERAGE RATE (RPS) =====================================: 29.8
average response time [60]374.2128484848485
average response time [61]365.198696969697
average response time [62]370.39142424242425
average response time [63]367.8690303030303
average response time [64]664.6802121212121
average response time [65]682.6629696969698
average response time [66]654.6793636363636
average response time [67]650.9414242424242
average response time [68]808.1570909090909
average response time [69]660.698
TOTAL AVERAGE RESPONSE TIME ====================: 559.9491060606061
NUMBER OF THREADS ==============================: 33
TOTAL AVERAGE RATE (RPS) =====================================: 32.3
average response time [70]689.7279411764706
average response time [71]642.5095
average response time [72]762.4944705882353
average response time [73]699.6410294117647
average response time [74]733.6591470588236
average response time [75]685.6397058823529
average response time [76]771.0303235294117
average response time [77]753.3071176470588
average response time [78]637.8790882352941
average response time [79]647.474205882353
TOTAL AVERAGE RESPONSE TIME ====================: 702.3362529411764
NUMBER OF THREADS ==============================: 34
TOTAL AVERAGE RATE (RPS) =====================================: 31.7
average response time [80]727.1270571428571
average response time [81]578.6710869565218
average response time [82]503.8105
average response time [83]469.79795
average response time [84]494.5625625
average response time [85]517.2415
average response time [86]371.5637142857143
average response time [87]365.7716111111111
average response time [88]358.76057142857144
average response time [89]356.35608333333334
TOTAL AVERAGE RESPONSE TIME ====================: 474.36626367581096
NUMBER OF THREADS ==============================: 35
TOTAL AVERAGE RATE (RPS) =====================================: 34.5
average response time [90]384.40970588235297
average response time [91]360.88205555555555
average response time [92]361.17238095238093
average response time [93]366.6659375
average response time [94]366.15542857142856
average response time [95]360.18
average response time [96]356.1826
average response time [97]371.84995
average response time [98]371.926375
average response time [99]368.7558571428571
TOTAL AVERAGE RESPONSE TIME ====================: 366.8180290604575
NUMBER OF THREADS ==============================: 36
TOTAL AVERAGE RATE (RPS) =====================================: 36.0
average response time [100]376.1153125
average response time [101]362.74706249999997
average response time [102]378.22995
average response time [103]351.0657777777778
average response time [104]378.62714285714287
average response time [105]366.17663636363636
average response time [106]365.54
average response time [107]385.242
average response time [108]368.829
average response time [109]371.28063157894735
TOTAL AVERAGE RESPONSE TIME ====================: 370.38535135775044
NUMBER OF THREADS ==============================: 37
TOTAL AVERAGE RATE (RPS) =====================================: 37.0
average response time [110]362.2491578947368
average response time [111]363.246
average response time [112]376.457125
average response time [113]377.53952
average response time [114]353.39626315789474
average response time [115]370.69536842105265
average response time [116]378.52666666666664
average response time [117]357.26191666666665
average response time [118]375.44984210526314
average response time [119]365.2775789473684
TOTAL AVERAGE RESPONSE TIME ====================: 368.00994388596496
NUMBER OF THREADS ==============================: 38
TOTAL AVERAGE RATE (RPS) =====================================: 38.0
average response time [120]369.20586363636363
average response time [121]365.7635714285714
average response time [122]373.5488181818182
average response time [123]360.37956
average response time [124]789.25728
average response time [125]536.9826538461539
average response time [126]362.7022857142857
average response time [127]368.5527142857143
average response time [128]372.68448
average response time [129]364.72061904761904
TOTAL AVERAGE RESPONSE TIME ====================: 426.37978461405265
NUMBER OF THREADS ==============================: 39
TOTAL AVERAGE RATE (RPS) =====================================: 38.1
average response time [130]536.3213913043478
average response time [131]370.99585
average response time [132]381.5672666666667
average response time [133]367.36760869565217
average response time [134]375.4345652173913
average response time [135]372.0609
average response time [136]372.42231578947366
average response time [137]384.2404090909091
average response time [138]366.02295833333335
average response time [139]370.3111052631579
TOTAL AVERAGE RESPONSE TIME ====================: 389.6744370360932
NUMBER OF THREADS ==============================: 40
TOTAL AVERAGE RATE (RPS) =====================================: 39.7
average response time [140]390.2618
average response time [141]381.18419047619045
average response time [142]378.0033913043478
average response time [143]388.5535
average response time [144]441.24157142857143
average response time [145]383.1148695652174
average response time [146]377.692347826087
average response time [147]387.5644782608696
average response time [148]574.9216923076923
average response time [149]553.2883333333333
TOTAL AVERAGE RESPONSE TIME ====================: 425.58261745023094
NUMBER OF THREADS ==============================: 45
TOTAL AVERAGE RATE (RPS) =====================================: 44.5
average response time [150]1084.7272222222223
average response time [151]913.4246666666667
average response time [152]558.90116
average response time [153]372.6981153846154
average response time [154]385.01255319148936
average response time [155]404.2117
average response time [156]630.37106
average response time [157]835.78548
average response time [158]927.75572
average response time [159]882.18492
TOTAL AVERAGE RESPONSE TIME ====================: 699.5072597464994
NUMBER OF THREADS ==============================: 50
TOTAL AVERAGE RATE (RPS) =====================================: 40.2
average response time [160]748.0505272727273
average response time [161]885.015690909091
average response time [162]698.0978363636364
average response time [163]778.1486545454545
average response time [164]946.1983090909091
average response time [165]806.4589454545454
average response time [166]791.4826181818182
average response time [167]523.7472926829269
average response time [168]527.0099428571428
average response time [169]378.1867222222222
TOTAL AVERAGE RESPONSE TIME ====================: 708.2396539580474
NUMBER OF THREADS ==============================: 55
TOTAL AVERAGE RATE (RPS) =====================================: 42.2
average response time [170]397.7696190476191
average response time [171]402.32426315789473
average response time [172]402.08448484848486
average response time [173]380.51523076923075
average response time [174]388.0858409090909
average response time [175]380.42715555555554
average response time [176]381.30711627906976
average response time [177]375.8784411764706
average response time [178]384.8798684210526
average response time [179]385.282825
TOTAL AVERAGE RESPONSE TIME ====================: 387.8554845164469
NUMBER OF THREADS ==============================: 60
TOTAL AVERAGE RATE (RPS) =====================================: 60.0
average response time [180]379.7355777777778
average response time [181]380.43688636363635
average response time [182]362.6941351351351
average response time [183]389.614
average response time [184]382.2292619047619
average response time [185]371.30873684210525
average response time [186]406.9311707317073
average response time [187]374.11617948717947
average response time [188]1325.0245510204081
average response time [189]402.28371428571427
TOTAL AVERAGE RESPONSE TIME ====================: 477.4374213548425
NUMBER OF THREADS ==============================: 65
TOTAL AVERAGE RATE (RPS) =====================================: 61.0
average response time sent to Stackdriver [0]349.08125
average response time sent to Stackdriver [1]361.62262499999997
average response time sent to Stackdriver [2]363.1026875
average response time sent to Stackdriver [3]660.698
average response time sent to Stackdriver [4]637.8790882352941
average response time sent to Stackdriver [5]358.76057142857144
average response time sent to Stackdriver [6]351.0657777777778
average response time sent to Stackdriver [7]378.52666666666664
average response time sent to Stackdriver [8]372.68448
average response time sent to Stackdriver [9]390.2618
average response time sent to Stackdriver [10]553.2883333333333
average response time sent to Stackdriver [11]630.37106
average response time sent to Stackdriver [12]885.015690909091
average response time sent to Stackdriver [13]806.4589454545454
average response time sent to Stackdriver [14]380.51523076923075
average response time sent to Stackdriver [15]389.614
NUMBER OF THREADS: [1, 2, 4, 8, 16, 32, 33, 34, 35, 36, 37, 38, 39, 40, 45, 50, 55, 60, 65]
WORKLOAD: HFU_LV AND HFU_HV;  
TOTAL EXECUTION TIME (Concurrent Parallel Requests): 176359.081
TOTAL NUMBER OF REPLICAS USED: 3

