[[409.727]] 
RATE (RPS) =====================================: 1

[[376.885]] 
RATE (RPS) =====================================: 1

[[392.747]] 
RATE (RPS) =====================================: 1

[[373.821]] 
RATE (RPS) =====================================: 1

[[386.105]] 
RATE (RPS) =====================================: 1

[[443.658]] 
RATE (RPS) =====================================: 1

[[373.823]] 
RATE (RPS) =====================================: 1

[[367.479]] 
RATE (RPS) =====================================: 1

[[363.48]] 
RATE (RPS) =====================================: 1

[[388.76]] 
RATE (RPS) =====================================: 1

[[465.755, 433.764]] 
RATE (RPS) =====================================: 2

[[1233.493, 466.251]] 
RATE (RPS) =====================================: 1

[[397.537, 372.396]] 
RATE (RPS) =====================================: 2

[[434.224, 408.243]] 
RATE (RPS) =====================================: 2

[[438.699, 413.322]] 
RATE (RPS) =====================================: 2

[[374.737, 406.161]] 
RATE (RPS) =====================================: 2

[[373.423, 394.143]] 
RATE (RPS) =====================================: 2

[[411.854, 380.425]] 
RATE (RPS) =====================================: 2

[[484.366, 454.514]] 
RATE (RPS) =====================================: 2

[[366.985, 386.043]] 
RATE (RPS) =====================================: 2

[[383.513, 419.633, 471.023, 439.051]] 
RATE (RPS) =====================================: 4

[[437.501, 473.761, 503.785, 542.479]] 
RATE (RPS) =====================================: 4

[[390.661, 420.193, 398.729, 437.043]] 
RATE (RPS) =====================================: 4

[[392.493, 454.122, 407.616, 420.116]] 
RATE (RPS) =====================================: 4

[[1442.08, 380.544, 417.31, 392.727]] 
RATE (RPS) =====================================: 3

[[384.952, 431.869, 389.625, 438.279]] 
RATE (RPS) =====================================: 4

[[484.745, 443.191, 506.351, 480.902]] 
RATE (RPS) =====================================: 4

[[421.543, 465.976, 443.427, 486.521]] 
RATE (RPS) =====================================: 4

[[524.563, 569.086, 473.184, 515.181]] 
RATE (RPS) =====================================: 4

[[435.895, 451.229, 459.908, 463.634]] 
RATE (RPS) =====================================: 4

[[372.383, 391.607, 402.951, 457.139, 397.092, 418.039, 456.38, 475.082]] 
RATE (RPS) =====================================: 8

[[377.984, 509.319, 611.35, 641.737, 566.399, 505.986, 530.591, 613.875]] 
RATE (RPS) =====================================: 8

[[397.516, 438.132, 412.888, 547.074, 447.492, 467.053, 434.951, 469.917]] 
RATE (RPS) =====================================: 8

[[395.01, 437.023, 404.998, 482.556, 442.277, 499.6, 512.62, 469.532]] 
RATE (RPS) =====================================: 8

[[408.304, 425.492, 441.568, 479.916, 479.084, 516.512, 488.976, 523.088]] 
RATE (RPS) =====================================: 8

[[471.639, 415.219, 422.563, 497.87, 446.415, 508.866, 458.111, 514.156]] 
RATE (RPS) =====================================: 8

[[500.106, 449.99, 560.699, 452.554, 519.257, 482.093, 547.781, 555.169]] 
RATE (RPS) =====================================: 8

[[432.996, 401.194, 438.519, 509.087, 468.906, 437.985, 497.004, 515.782]] 
RATE (RPS) =====================================: 8

[[568.25, 455.002, 506.024, 664.244, 580.154, 596.507, 656.766, 661.842]] 
RATE (RPS) =====================================: 8

[[467.394, 503.062, 473.167, 554.45, 505.68, 563.636, 597.945, 563.759]] 
RATE (RPS) =====================================: 8

[[429.143, 404.174, 462.701, 528.448, 425.247, 465.549, 463.885, 496.944, 506.591, 515.311, 552.2, 515.203, 619.935, 596.866, 561.45, 525.338]] 
RATE (RPS) =====================================: 16

[[496.692, 518.821, 426.619, 436.987, 525.589, 557.342, 516.049, 556.543, 573.842, 638.365, 591.351, 598.793, 634.032, 649.106, 662.913, 670.743]] 
RATE (RPS) =====================================: 16

[[479.124, 499.379, 503.813, 519.507, 540.667, 567.124, 609.042, 579.026, 629.477, 603.036, 644.497, 737.453, 651.262, 671.307, 732.284, 680.498]] 
RATE (RPS) =====================================: 16

[[496.18, 572.148, 547.897, 486.244, 577.963, 545.416, 581.634, 598.04, 631.654, 651.938, 685.747, 732.096, 741.962, 693.373, 766.03, 790.252]] 
RATE (RPS) =====================================: 16

[[651.961, 548.403, 755.498, 586.426, 699.357, 662.666, 619.375, 684.832, 754.39, 711.001, 720.873, 758.757, 795.294, 769.772, 797.776, 815.693]] 
RATE (RPS) =====================================: 16

[[554.389, 664.551, 578.066, 682.536, 716.672, 844.009, 782.241, 880.207, 919.424, 967.699, 1024.341, 1063.147, 968.215, 1035.524, 1026.044, 1017.109]] 
RATE (RPS) =====================================: 11

[[528.848, 548.226, 553.284, 544.469, 544.652, 550.432, 549.679, 547.834, 545.889, 544.609, 549.724, 587.85, 556.179, 586.021, 577.159, 567.952]] 
RATE (RPS) =====================================: 16

[[591.976, 583.89, 582.379, 570.222, 579.163, 595.63, 576.065, 567.163, 582.901, 577.05, 572.689, 552.267, 557.33, 558.357, 552.811, 553.001]] 
RATE (RPS) =====================================: 16

[[531.262, 491.447, 533.358, 510.962, 505.716, 516.747, 497.325, 516.478, 489.271, 487.835, 505.47, 514.451, 550.459, 510.069, 524.795, 529.325]] 
RATE (RPS) =====================================: 16

[[642.364, 636.934, 639.803, 654.583, 659.826, 666.901, 781.611, 781.518, 752.376, 751.527, 787.704, 774.148, 735.44, 754.952, 737.315, 697.917]] 
RATE (RPS) =====================================: 16

[[564.447, 572.931, 551.372, 545.126, 541.686, 549.161, 545.627, 532.068, 546.216, 542.222, 536.777, 536.469, 534.755, 538.725, 557.59, 535.777, 533.424, 539.113, 550.037, 528.544, 534.293, 523.415, 532.261, 528.654, 514.866, 515.538, 514.754, 508.905, 512.761, 523.528, 512.548, 515.588]] 
RATE (RPS) =====================================: 32

[[506.763, 507.882, 508.163, 505.054, 502.883, 501.959, 503.701, 509.396, 501.987, 511.257, 498.413, 494.778, 508.004, 507.743, 494.148, 505.532, 511.141, 499.997, 489.735, 498.846, 495.703, 502.85, 493.018, 485.203, 481.963, 477.738, 488.327, 485.231, 480.051, 469.565, 470.218, 457.851]] 
RATE (RPS) =====================================: 32

[[463.93, 475.225, 474.187, 498.368, 483.471, 491.085, 511.176, 499.188, 494.1, 494.392, 486.992, 511.73, 471.047, 487.274, 474.631, 509.324, 502.495, 482.408, 488.298, 486.138, 489.732, 497.562, 495.506, 494.59, 509.366, 507.091, 499.742, 496.961, 502.999, 540.463, 524.439, 519.656]] 
RATE (RPS) =====================================: 32

[[567.55, 550.249, 559.167, 538.409, 540.365, 548.172, 539.453, 546.33, 542.932, 576.779, 570.436, 573.189, 559.738, 555.709, 550.67, 552.098, 551.086, 555.402, 554.286, 543.707, 563.828, 600.605, 552.679, 567.767, 587.224, 584.583, 572.054, 598.767, 565.334, 567.343, 556.141, 561.964]] 
RATE (RPS) =====================================: 32

[[549.812, 549.743, 553.573, 538.355, 524.343, 528.756, 536.144, 515.447, 512.017, 520.35, 519.063, 507.198, 543.66, 533.651, 538.35, 514.131, 520.233, 519.777, 534.592, 492.844, 597.147, 508.925, 586.995, 564.089, 577.196, 574.367, 578.782, 550.305, 555.84, 541.371, 518.05, 523.974]] 
RATE (RPS) =====================================: 32

[[647.353, 637.237, 623.375, 623.141, 621.552, 618.486, 628.13, 621.681, 612.267, 612.088, 600.599, 602.533, 596.387, 607.248, 597.461, 613.791, 596.675, 592.599, 602.836, 596.701, 600.038, 588.634, 598.614, 596.771, 633.572, 592.826, 630.501, 633.343, 607.673, 600.265, 595.757, 584.223]] 
RATE (RPS) =====================================: 32

[[539.708, 542.968, 537.156, 561.105, 547.434, 548.518, 557.996, 550.486, 539.281, 563.828, 542.141, 554.28, 550.098, 547.738, 567.123, 567.64, 549.891, 551.614, 577.854, 555.269, 566.114, 565.625, 563.285, 575.114, 562.199, 563.727, 561.988, 570.707, 567.437, 664.814, 661.954, 645.219]] 
RATE (RPS) =====================================: 32

[[589.982, 597.19, 585.361, 579.22, 566.493, 569.79, 579.643, 557.856, 557.491, 568.51, 579.461, 554.855, 577.479, 553.209, 575.207, 571.195, 565.252, 571.669, 568.086, 584.973, 563.924, 565.056, 566.993, 557.37, 563.383, 566.443, 548.881, 552.68, 546.403, 544.905, 558.46, 545.57]] 
RATE (RPS) =====================================: 32

[[538.406, 531.821, 546.162, 525.318, 554.696, 529.796, 532.779, 532.69, 536.52, 538.16, 514.06, 511.894, 509.046, 522.036, 521.72, 526.37, 520.044, 513.756, 515.748, 509.331, 503.958, 501.081, 500.528, 496.632, 503.654, 491.66, 490.865, 497.19, 492.845, 486.082, 492.251, 487.306]] 
RATE (RPS) =====================================: 32

[[548.901, 551.45, 539.572, 522.778, 518.87, 513.922, 500.933, 505.26, 506.469, 492.768, 499.892, 491.792, 493.07, 493.238, 503.26, 483.24, 485.043, 504.781, 494.542, 499.22, 494.564, 486.985, 488.035, 485.391, 477.868, 480.777, 466.816, 472.73, 459.598, 463.298, 461.941, 457.496]] 
RATE (RPS) =====================================: 32

[[454.651, 437.278, 434.245, 438.433, 415.525, 417.8, 416.756, 415.156, 402.576, 404.862, 410.838, 403.72, 393.824, 403.242, 405.242, 395.114, 389.511, 393.448, 401.577, 400.421, 405.347, 400.736, 402.453, 402.661, 395.822, 419.498, 414.875, 420.796, 417.824, 415.557, 404.255, 393.339, 395.154]] 
RATE (RPS) =====================================: 33

[[371.934, 369.842, 374.502, 355.152, 362.95, 371.589, 367.937, 367.662, 358.582, 365.739, 365.257, 353.334, 381.178, 366.055, 352.984, 355.825, 359.75, 369.061, 363.701, 383.155, 372.692, 385.944, 391.26, 395.545, 409.843, 377.545, 406.448, 387.231, 383.54, 374.38, 386.271, 393.66, 379.031]] 
RATE (RPS) =====================================: 33

[[386.858, 398.179, 409.349, 407.241, 395.308, 386.224, 395.547, 401.835, 397.257, 398.427, 421.015, 394.614, 406.689, 407.681, 392.638, 392.017, 400.615, 405.028, 389.818, 412.978, 403.104, 397.425, 397.305, 426.865, 415.16, 399.859, 398.291, 397.019, 406.842, 392.615, 430.97, 396.477, 398.2]] 
RATE (RPS) =====================================: 33

[[366.81, 346.723, 349.345, 354.893, 345.3, 348.45, 360.132, 356.562, 365.802, 360.548, 365.316, 347.111, 354.064, 356.946, 365.869, 344.846, 366.148, 350.68, 382.864, 357.46, 347.182, 348.792, 351.375, 346.391, 362.336, 369.912, 362.802, 357.686, 363.94, 354.47, 359.385, 346.844, 353.903]] 
RATE (RPS) =====================================: 33

[[365.85, 380.111, 375.969, 366.584, 355.265, 359.184, 355.832, 354.882, 352.129, 390.845, 380.267, 386.301, 372.543, 362.849, 364.145, 361.924, 360.651, 369.886, 368.99, 373.554, 373.075, 369.332, 370.103, 389.603, 375.177, 384.785, 395.375, 383.365, 366.08, 362.124, 358.614, 373.741, 358.841]] 
RATE (RPS) =====================================: 33

[[442.151, 462.026, 462.56, 454.773, 444.975, 444.921, 458.191, 434.733, 428.585, 452.804, 427.532, 440.158, 411.306, 427.009, 426.598, 458.337, 465.646, 484.235, 442.146, 441.011, 441.397, 439.429, 408.687, 395.536, 398.381, 394.706, 385.057, 401.636, 401.857, 401.713, 416.835, 389.848, 412.285]] 
RATE (RPS) =====================================: 33

[[376.923, 410.981, 400.069, 397.074, 393.254, 383.738, 384.118, 385.083, 363.518, 370.222, 390.603, 376.517, 374.565, 391.762, 408.631, 388.968, 400.153, 387.13, 393.047, 381.979, 382.999, 411.63, 417.493, 406.262, 415.281, 411.298, 400.183, 405.639, 406.865, 395.184, 384.569, 393.532, 390.206]] 
RATE (RPS) =====================================: 33

[[383.86, 379.569, 380.223, 392.089, 397.873, 398.332, 382.778, 384.715, 374.197, 372.807, 370.0, 376.881, 379.931, 360.493, 376.385, 356.166, 355.249, 354.68, 369.255, 372.383, 355.844, 356.027, 357.413, 363.593, 350.354, 356.09, 355.238, 362.839, 350.908, 352.902, 354.539, 353.826, 923.852]] 
RATE (RPS) =====================================: 33

[[390.913, 411.699, 365.674, 368.87, 369.365, 366.123, 365.411, 351.178, 378.707, 353.946, 360.932, 352.841, 348.649, 359.224, 339.094, 346.553, 352.592, 349.295, 355.872, 344.723, 355.403, 363.933, 372.8, 349.662, 349.543, 359.205, 375.59, 368.453, 367.077, 350.157, 388.691, 370.781, 376.855]] 
RATE (RPS) =====================================: 33

[[381.189, 369.535, 371.908, 363.344, 384.142, 377.572, 356.311, 347.54, 351.849, 355.465, 348.072, 347.495, 348.69, 355.96, 355.753, 344.978, 356.758, 362.765, 364.192, 361.0, 370.467, 365.471, 350.813, 359.735, 377.932, 352.741, 365.682, 361.126, 360.258, 365.737, 367.691, 358.662, 349.388]] 
RATE (RPS) =====================================: 33

[[392.748, 388.597, 376.259, 359.161, 380.954, 365.162, 361.429, 356.913, 358.591, 464.073, 452.89, 457.582, 441.362, 429.533, 406.758, 409.079, 399.71, 390.516, 375.514, 378.838, 369.154, 367.313, 371.992, 382.41, 466.676, 353.948, 483.615, 479.754, 435.824, 424.759, 420.421, 419.936, 420.278, 392.203]] 
RATE (RPS) =====================================: 34

[[383.901, 359.64, 407.628, 387.869, 372.709, 384.731, 373.436, 388.895, 374.181, 362.529, 394.702, 355.856, 378.593, 369.585, 364.46, 351.348, 374.045, 354.723, 351.557, 368.75, 349.867, 399.841, 396.135, 379.234, 373.978, 367.914, 361.81, 388.088, 381.461, 373.93, 369.833, 362.126, 357.465, 350.553]] 
RATE (RPS) =====================================: 34

[[369.437, 366.051, 367.353, 365.446, 369.139, 367.908, 359.18, 360.51, 351.635, 395.891, 389.508, 395.215, 387.51, 371.422, 379.891, 365.113, 364.946, 388.104, 359.048, 370.485, 354.441, 357.396, 363.328, 364.108, 366.077, 347.755, 373.596, 375.292, 352.106, 348.476, 348.518, 376.938, 350.751, 378.942]] 
RATE (RPS) =====================================: 34

[[421.654, 433.38, 407.891, 400.111, 425.791, 418.666, 386.998, 381.016, 372.139, 368.991, 359.061, 461.425, 456.332, 444.93, 441.66, 437.3, 447.738, 426.194, 415.247, 450.381, 434.717, 436.283, 414.191, 396.169, 399.744, 387.652, 376.057, 381.74, 373.269, 376.305, 363.65, 366.806, 358.872, 356.415]] 
RATE (RPS) =====================================: 34

[[399.802, 388.21, 388.282, 395.705, 380.051, 401.624, 381.581, 368.345, 373.711, 365.286, 363.174, 379.531, 398.453, 381.12, 364.471, 386.324, 379.09, 371.085, 382.204, 357.676, 379.603, 371.657, 358.926, 359.978, 378.847, 388.341, 398.17, 373.583, 376.679, 352.417, 364.453, 360.576, 345.977, 355.427]] 
RATE (RPS) =====================================: 34

[[368.666, 399.227, 398.145, 367.146, 382.362, 376.07, 361.938, 381.889, 380.437, 364.924, 362.588, 366.123, 370.865, 351.975, 352.644, 368.847, 344.236, 367.376, 352.465, 357.426, 356.254, 354.255, 361.729, 360.057, 353.407, 349.416, 368.05, 391.231, 360.403, 347.274, 354.118, 353.778, 353.245, 350.083]] 
RATE (RPS) =====================================: 34

[[397.636, 392.889, 398.357, 373.096, 386.504, 374.051, 358.724, 365.044, 362.731, 357.907, 353.924, 439.988, 438.127, 440.271, 443.122, 456.041, 415.65, 420.576, 402.576, 405.899, 386.66, 372.38, 364.035, 366.675, 359.617, 348.535, 363.089, 370.403, 366.629, 364.256, 349.889, 374.777, 345.452, 387.125]] 
RATE (RPS) =====================================: 34

[[368.287, 379.219, 384.428, 394.056, 374.76, 376.663, 413.111, 396.907, 398.495, 383.136, 378.516, 373.578, 365.747, 358.564, 358.934, 366.094, 386.727, 374.156, 363.116, 358.465, 375.693, 359.634, 361.094, 359.528, 366.231, 358.799, 371.084, 359.803, 375.462, 365.708, 350.172, 370.981, 351.248, 356.078]] 
RATE (RPS) =====================================: 34

[[387.674, 382.611, 378.448, 370.768, 368.601, 361.837, 382.464, 386.675, 393.328, 380.927, 380.55, 367.504, 367.437, 364.385, 355.585, 356.053, 359.198, 361.967, 411.2, 392.229, 369.695, 400.667, 359.139, 362.337, 380.713, 360.908, 413.685, 365.287, 387.529, 360.073, 365.146, 364.495, 345.401, 350.859]] 
RATE (RPS) =====================================: 34

[[357.765, 361.184, 381.504, 363.089, 434.659, 429.277, 442.144, 409.355, 389.748, 392.524, 361.517, 382.296, 377.081, 380.301, 383.115, 379.623, 362.979, 356.136, 369.207, 362.977, 368.342, 386.025, 386.046, 407.552, 404.77, 371.249, 355.45, 377.854, 369.964, 366.207, 360.841, 372.441, 363.022, 357.941]] 
RATE (RPS) =====================================: 34

[[380.048, 371.381, 365.476, 355.057, 356.387, 350.718, 347.806, 344.998, 369.342, 360.42, 371.881, 355.819, 385.503, 361.19, 360.853, 356.832, 352.933, 351.345, 359.036, 369.626, 377.134, 373.988, 377.636, 348.939, 351.558, 367.069, 364.135, 346.946, 354.921, 394.92, 341.526, 364.099, 345.521, 356.412, 368.507]] 
RATE (RPS) =====================================: 35

[[366.852, 359.775, 374.073, 352.206, 374.294, 377.363, 376.375, 388.678, 372.456, 365.892, 381.22, 357.046, 365.928, 386.801, 375.924, 346.534, 369.687, 366.907, 397.77, 360.482, 357.311, 369.834, 369.403, 366.178, 366.991, 369.167, 366.196, 356.672, 347.134, 365.083, 365.855, 374.344, 362.19, 357.579, 350.814]] 
RATE (RPS) =====================================: 35

[[386.783, 381.492, 401.851, 394.423, 378.942, 381.95, 363.515, 363.593, 368.491, 372.523, 379.86, 395.959, 363.558, 379.357, 351.999, 379.361, 365.571, 353.074, 355.118, 370.156, 377.631, 359.073, 356.55, 362.017, 353.359, 368.731, 383.316, 365.589, 356.805, 371.05, 371.368, 372.456, 354.231, 356.13, 351.803]] 
RATE (RPS) =====================================: 35

[[391.247, 394.341, 390.005, 381.609, 390.839, 410.798, 387.063, 390.658, 386.355, 417.508, 429.874, 406.036, 407.305, 399.654, 387.192, 389.57, 391.536, 397.729, 391.6, 388.959, 386.59, 384.82, 388.044, 378.798, 385.909, 365.169, 369.55, 364.935, 365.762, 370.003, 369.435, 366.136, 377.393, 382.858, 384.717]] 
RATE (RPS) =====================================: 35

[[414.459, 405.054, 393.447, 376.725, 385.914, 370.797, 374.039, 391.324, 370.214, 367.073, 363.143, 363.449, 376.36, 371.97, 397.116, 409.548, 394.334, 360.704, 367.817, 370.694, 353.896, 361.28, 354.227, 365.885, 352.847, 384.008, 364.949, 366.546, 368.374, 359.31, 461.383, 456.512, 426.273, 435.622, 435.055]] 
RATE (RPS) =====================================: 35

[[342.538, 378.091, 367.654, 360.294, 372.048, 376.88, 354.799, 370.407, 361.167, 369.625, 389.442, 383.867, 352.688, 365.098, 363.729, 377.652, 370.124, 370.038, 357.187, 369.609, 359.647, 383.68, 363.418, 364.483, 351.905, 345.402, 342.121, 350.379, 346.42, 357.462, 352.689, 349.839, 354.244, 344.909, 357.118]] 
RATE (RPS) =====================================: 35

[[368.922, 393.228, 385.185, 388.528, 370.569, 379.145, 1412.249, 383.002, 397.106, 398.047, 370.454, 407.472, 376.326, 375.848, 382.318, 373.092, 376.79, 372.878, 373.824, 366.757, 357.989, 384.715, 373.941, 363.64, 366.607, 346.598, 352.533, 342.109, 343.161, 365.119, 343.113, 346.666, 359.252, 356.925, 353.251]] 
RATE (RPS) =====================================: 34

[[379.013, 390.627, 359.827, 357.697, 399.315, 361.947, 360.169, 353.627, 371.242, 363.051, 362.943, 356.089, 371.261, 366.489, 351.053, 354.372, 357.089, 376.647, 366.027, 362.77, 357.894, 356.209, 366.536, 366.534, 344.626, 357.962, 360.015, 341.201, 367.509, 374.461, 363.285, 348.241, 347.276, 356.104, 354.025]] 
RATE (RPS) =====================================: 35

[[385.68, 350.654, 346.187, 364.496, 358.549, 352.737, 357.379, 352.152, 358.873, 358.162, 351.15, 358.103, 346.761, 356.527, 367.274, 353.752, 353.021, 351.894, 369.477, 341.555, 353.158, 353.142, 383.224, 377.756, 362.483, 377.343, 372.404, 368.197, 363.312, 372.526, 366.745, 357.76, 348.624, 358.907, 350.884]] 
RATE (RPS) =====================================: 35

[[399.75, 398.627, 414.503, 396.805, 380.809, 369.545, 453.687, 447.065, 427.996, 425.048, 427.92, 399.332, 417.692, 412.432, 390.954, 379.441, 391.811, 376.674, 390.944, 372.877, 386.552, 462.103, 442.697, 446.14, 443.971, 464.315, 429.608, 426.729, 410.266, 405.989, 403.742, 411.866, 405.244, 391.466, 376.09]] 
RATE (RPS) =====================================: 35

[[390.11, 385.158, 375.335, 375.68, 378.473, 365.264, 368.675, 353.752, 363.453, 352.219, 368.65, 404.688, 353.618, 395.211, 385.487, 379.31, 366.514, 378.582, 386.545, 372.585, 381.597, 369.399, 370.071, 376.614, 375.536, 374.129, 359.157, 349.116, 344.434, 360.311, 364.175, 345.29, 380.44, 392.855, 361.601, 354.79]] 
RATE (RPS) =====================================: 36

[[376.113, 370.921, 378.01, 371.765, 378.523, 347.809, 371.763, 369.953, 365.665, 378.473, 375.017, 362.732, 370.265, 369.659, 363.023, 365.251, 357.043, 353.688, 394.691, 376.577, 380.04, 376.4, 367.034, 357.253, 355.137, 358.633, 352.436, 363.267, 358.721, 344.318, 346.525, 349.614, 356.767, 348.911, 350.972, 353.01]] 
RATE (RPS) =====================================: 36

[[400.271, 387.782, 375.803, 418.402, 363.902, 379.784, 401.77, 386.809, 384.756, 374.047, 386.416, 375.421, 364.682, 453.473, 456.755, 439.431, 455.795, 419.709, 420.14, 431.562, 418.325, 403.355, 380.743, 373.895, 370.903, 370.415, 365.03, 368.323, 362.491, 356.432, 359.187, 369.213, 354.717, 355.388, 381.813, 358.258]] 
RATE (RPS) =====================================: 36

[[395.529, 393.378, 395.313, 380.345, 375.655, 376.579, 368.84, 357.12, 354.692, 350.651, 347.066, 350.849, 353.643, 349.228, 357.425, 345.413, 369.54, 364.881, 371.326, 370.429, 361.178, 361.213, 386.788, 360.261, 355.72, 361.895, 368.95, 371.887, 357.695, 349.388, 352.032, 359.458, 360.874, 343.533, 365.411, 367.133]] 
RATE (RPS) =====================================: 36

[[362.487, 369.915, 382.744, 386.195, 368.006, 372.201, 364.785, 357.114, 396.562, 365.719, 360.798, 374.166, 360.508, 383.059, 363.26, 356.08, 359.995, 376.215, 372.234, 365.349, 355.174, 395.048, 384.677, 383.457, 385.428, 377.267, 375.237, 356.113, 351.181, 372.676, 354.337, 351.444, 353.337, 350.929, 349.534, 348.031]] 
RATE (RPS) =====================================: 36

[[497.608, 476.163, 451.807, 436.277, 435.66, 413.344, 439.029, 405.86, 400.431, 403.088, 405.032, 402.595, 401.4, 397.264, 387.774, 391.543, 385.977, 380.845, 378.969, 375.911, 364.593, 368.469, 369.804, 369.887, 367.45, 365.815, 356.303, 355.495, 357.324, 371.38, 367.94, 377.175, 373.381, 369.498, 370.471, 365.482]] 
RATE (RPS) =====================================: 36

[[379.963, 355.891, 375.804, 443.823, 429.485, 392.526, 394.663, 408.229, 394.297, 407.449, 402.652, 395.869, 389.008, 384.283, 382.877, 378.182, 389.937, 384.093, 378.977, 376.631, 358.346, 359.345, 364.253, 371.402, 363.304, 365.243, 363.84, 410.761, 384.424, 381.276, 410.731, 392.977, 415.778, 385.843, 378.747, 361.119]] 
RATE (RPS) =====================================: 36

[[395.896, 392.664, 388.934, 404.498, 393.985, 396.127, 361.281, 360.095, 362.678, 359.184, 354.985, 353.532, 383.616, 373.736, 366.692, 370.938, 362.404, 383.278, 350.632, 385.347, 378.057, 375.905, 357.878, 365.167, 366.482, 353.811, 371.519, 381.244, 372.897, 353.547, 347.075, 356.177, 390.997, 368.163, 368.815, 360.776]] 
RATE (RPS) =====================================: 36

[[386.237, 408.622, 378.152, 399.401, 400.91, 378.061, 367.73, 368.648, 361.254, 353.903, 357.747, 356.459, 373.79, 352.136, 368.574, 365.121, 365.123, 381.014, 399.505, 384.666, 376.052, 370.973, 371.404, 369.336, 374.996, 363.985, 365.178, 358.205, 363.653, 354.733, 392.991, 400.598, 388.922, 381.179, 366.373, 359.951]] 
RATE (RPS) =====================================: 36

[[387.109, 380.86, 375.585, 364.332, 374.14, 362.096, 381.704, 366.9, 403.476, 375.101, 386.061, 368.161, 369.986, 353.172, 383.139, 390.495, 374.227, 374.721, 375.057, 364.933, 351.247, 350.672, 348.02, 384.031, 379.69, 372.87, 360.966, 372.787, 362.27, 354.851, 351.623, 360.816, 370.403, 365.043, 367.732, 359.423]] 
RATE (RPS) =====================================: 36

[[360.702, 381.737, 362.515, 356.331, 356.673, 371.001, 372.62, 364.644, 351.564, 362.169, 362.364, 380.655, 350.643, 360.481, 366.882, 358.811, 373.876, 368.863, 391.816, 369.676, 349.91, 368.506, 386.233, 353.252, 356.609, 351.012, 895.848, 890.978, 897.926, 892.707, 879.578, 886.662, 865.034, 853.557, 856.947, 855.032, 849.452]] 
RATE (RPS) =====================================: 37

[[377.567, 400.067, 366.069, 388.996, 366.909, 351.55, 370.214, 362.463, 350.942, 357.575, 399.716, 351.35, 347.333, 367.89, 360.699, 360.562, 358.422, 352.863, 359.307, 364.121, 358.087, 352.869, 370.039, 353.49, 355.618, 375.862, 360.346, 361.674, 349.836, 361.104, 360.015, 364.855, 391.495, 373.546, 389.177, 365.174, 371.541]] 
RATE (RPS) =====================================: 37

[[348.852, 374.241, 392.246, 370.681, 357.468, 375.767, 369.516, 372.176, 367.844, 353.304, 366.342, 372.89, 367.898, 379.516, 378.817, 380.54, 360.523, 387.268, 389.641, 393.343, 366.488, 362.739, 352.632, 361.194, 365.034, 353.18, 344.625, 394.33, 389.383, 369.012, 368.945, 349.38, 352.036, 356.012, 360.746, 373.963, 355.424]] 
RATE (RPS) =====================================: 37

[[369.643, 370.429, 366.81, 359.727, 374.34, 360.11, 369.305, 368.007, 375.057, 381.228, 392.507, 356.937, 372.175, 378.158, 369.204, 362.962, 381.065, 385.299, 383.518, 362.745, 369.286, 362.619, 389.271, 1415.587, 371.261, 365.512, 352.563, 382.064, 355.793, 357.462, 391.754, 389.105, 367.438, 359.487, 354.234, 375.135, 359.365]] 
RATE (RPS) =====================================: 36

[[410.109, 405.175, 383.236, 370.705, 365.706, 373.363, 373.094, 444.498, 442.538, 449.175, 419.162, 436.905, 428.854, 430.205, 389.03, 409.469, 371.752, 390.538, 400.517, 389.225, 374.446, 385.7, 386.573, 378.912, 372.236, 457.383, 454.822, 441.525, 469.172, 439.803, 425.0, 427.46, 410.487, 421.97, 407.489, 397.708, 379.692]] 
RATE (RPS) =====================================: 37

[[411.229, 383.222, 390.983, 384.702, 374.581, 391.27, 408.849, 359.84, 361.498, 379.091, 391.547, 380.37, 359.961, 376.061, 372.333, 350.668, 349.935, 356.02, 349.882, 350.164, 348.384, 353.266, 344.001, 345.87, 342.612, 344.302, 344.733, 348.439, 352.527, 350.417, 356.647, 341.894, 343.51, 361.318, 377.218, 379.374, 356.321]] 
RATE (RPS) =====================================: 37

[[360.138, 358.119, 381.691, 381.556, 364.961, 369.898, 367.483, 363.31, 355.083, 396.447, 386.156, 377.406, 376.758, 363.912, 380.743, 366.172, 357.015, 366.831, 388.556, 370.47, 361.157, 394.684, 421.174, 413.215, 375.346, 385.646, 375.363, 392.149, 356.381, 354.955, 367.242, 365.059, 346.683, 356.397, 349.931, 347.532, 349.139]] 
RATE (RPS) =====================================: 37

[[441.775, 443.319, 430.162, 419.702, 421.337, 403.929, 391.543, 386.874, 371.967, 376.096, 375.608, 379.54, 374.213, 378.389, 362.345, 432.536, 441.879, 414.887, 446.315, 442.876, 408.899, 406.856, 429.536, 406.861, 392.581, 377.184, 387.056, 374.235, 376.477, 366.453, 361.481, 379.009, 371.68, 351.743, 391.168, 354.073, 355.982]] 
RATE (RPS) =====================================: 37

[[360.939, 407.456, 372.3, 382.405, 373.03, 368.87, 355.121, 353.54, 350.117, 396.599, 371.038, 366.35, 367.244, 398.524, 382.758, 396.017, 384.669, 398.711, 392.462, 380.337, 374.904, 412.747, 367.291, 404.107, 391.367, 372.632, 373.992, 368.678, 389.148, 393.841, 371.717, 367.698, 384.888, 400.045, 371.709, 373.755, 378.103]] 
RATE (RPS) =====================================: 37

[[405.486, 399.374, 392.004, 439.614, 396.788, 388.263, 408.626, 399.776, 391.625, 403.083, 380.386, 368.733, 371.289, 380.568, 366.557, 376.115, 355.012, 355.231, 379.132, 362.533, 374.173, 391.861, 374.194, 410.386, 391.654, 395.184, 372.237, 375.938, 357.137, 370.474, 357.576, 343.692, 347.368, 370.996, 393.609, 438.513, 407.547]] 
RATE (RPS) =====================================: 37

[[373.807, 358.146, 365.513, 367.152, 353.296, 357.614, 389.903, 357.258, 374.951, 367.361, 361.96, 356.3, 360.206, 369.17, 353.662, 356.05, 348.773, 362.934, 363.654, 360.047, 356.214, 356.626, 364.273, 351.593, 359.44, 355.617, 353.8, 356.907, 354.366, 339.279, 367.145, 345.784, 364.279, 361.274, 430.159, 362.249, 360.325, 351.834]] 
RATE (RPS) =====================================: 38

[[355.759, 347.632, 374.541, 348.26, 362.955, 356.19, 349.587, 356.293, 365.346, 365.664, 345.184, 355.089, 356.797, 350.308, 348.082, 344.355, 349.899, 355.162, 357.024, 346.79, 364.807, 346.176, 346.083, 348.3, 372.139, 357.92, 356.91, 361.752, 343.431, 352.784, 363.218, 371.162, 358.871, 362.121, 346.832, 350.304, 350.174, 343.692]] 
RATE (RPS) =====================================: 38

[[375.548, 386.154, 392.558, 382.632, 368.295, 374.105, 371.18, 365.132, 380.804, 365.471, 473.745, 355.684, 448.706, 434.236, 445.802, 431.16, 435.19, 440.954, 430.303, 419.89, 404.931, 402.541, 409.982, 397.379, 370.608, 363.606, 379.033, 366.493, 354.128, 364.062, 354.466, 387.386, 354.343, 355.835, 366.078, 356.53, 438.732, 444.796]] 
RATE (RPS) =====================================: 38

[[375.576, 369.583, 390.679, 351.828, 366.489, 350.932, 351.204, 364.55, 362.551, 359.475, 361.916, 360.478, 356.729, 357.361, 350.666, 359.877, 348.353, 357.114, 349.927, 367.317, 373.373, 361.722, 367.183, 359.643, 359.458, 346.754, 347.58, 350.4, 356.979, 349.327, 349.611, 353.955, 346.833, 358.488, 379.679, 384.327, 367.893, 349.083]] 
RATE (RPS) =====================================: 38

[[366.685, 351.948, 360.018, 364.09, 359.609, 348.804, 348.783, 369.97, 354.679, 375.02, 376.643, 367.431, 360.985, 365.242, 364.652, 361.252, 356.237, 357.693, 357.649, 355.169, 358.476, 354.72, 365.133, 406.927, 399.785, 370.534, 362.638, 359.784, 344.947, 354.868, 365.109, 362.987, 361.278, 362.169, 362.51, 353.884, 350.013, 365.22]] 
RATE (RPS) =====================================: 38

[[368.09, 363.905, 364.255, 362.524, 351.303, 352.966, 358.232, 354.627, 367.385, 365.075, 362.434, 356.643, 374.372, 364.573, 373.576, 357.616, 348.398, 347.186, 362.841, 366.751, 353.684, 355.723, 349.548, 355.933, 363.018, 359.082, 362.887, 354.794, 349.781, 347.909, 352.584, 352.996, 464.634, 344.441, 453.9, 438.025, 435.102, 426.321]] 
RATE (RPS) =====================================: 38

[[392.277, 366.565, 372.668, 361.101, 358.946, 363.506, 353.477, 381.502, 354.119, 350.806, 363.986, 353.817, 368.768, 365.173, 363.187, 369.543, 353.963, 349.944, 350.727, 357.043, 351.853, 363.026, 378.509, 352.071, 358.44, 349.606, 367.023, 347.031, 356.182, 369.249, 360.643, 355.931, 380.604, 361.817, 367.576, 352.592, 351.243, 365.487]] 
RATE (RPS) =====================================: 38

[[388.446, 390.475, 371.679, 421.295, 421.033, 362.636, 358.216, 355.2, 355.511, 381.188, 378.714, 345.249, 359.568, 366.854, 375.226, 354.114, 396.903, 392.184, 384.701, 377.79, 394.139, 366.493, 360.456, 373.653, 352.279, 347.301, 356.28, 390.107, 363.158, 386.816, 372.235, 362.464, 345.347, 350.351, 360.681, 361.868, 389.572, 385.939]] 
RATE (RPS) =====================================: 38

[[361.364, 381.478, 368.265, 358.499, 365.309, 377.522, 374.741, 361.929, 382.47, 374.348, 371.728, 367.365, 354.364, 356.87, 371.964, 378.278, 387.669, 367.496, 351.195, 355.054, 355.96, 343.579, 353.77, 459.561, 450.754, 441.991, 469.311, 442.659, 462.193, 425.788, 412.82, 439.979, 414.846, 417.452, 418.692, 413.817, 404.253, 386.465]] 
RATE (RPS) =====================================: 38

[[406.965, 410.957, 401.434, 400.199, 386.606, 387.813, 384.055, 381.837, 379.671, 377.382, 374.599, 372.784, 372.582, 372.296, 363.653, 366.052, 364.857, 357.102, 360.727, 350.16, 347.183, 348.541, 351.003, 365.721, 375.071, 367.484, 367.057, 358.465, 356.56, 352.458, 351.679, 351.299, 354.601, 351.127, 355.098, 354.182, 375.611, 345.023]] 
RATE (RPS) =====================================: 38

[[351.08, 359.239, 352.63, 350.719, 352.038, 350.919, 342.715, 347.733, 345.679, 365.967, 345.841, 346.68, 344.973, 346.481, 345.419, 352.586, 344.264, 348.335, 350.955, 345.593, 343.713, 344.552, 346.942, 363.186, 351.875, 359.593, 345.319, 342.413, 365.63, 362.905, 351.618, 351.15, 347.307, 344.666, 343.875, 349.056, 355.365, 357.893, 349.839]] 
RATE (RPS) =====================================: 39

[[378.98, 374.888, 420.757, 372.086, 357.909, 381.977, 380.148, 372.109, 365.454, 365.574, 360.841, 371.103, 388.97, 366.598, 348.88, 359.452, 360.458, 378.825, 363.343, 368.603, 364.54, 359.104, 366.941, 353.374, 359.574, 351.679, 352.794, 349.442, 358.92, 341.468, 363.323, 359.873, 354.516, 351.652, 363.445, 344.488, 370.67, 347.871, 352.589]] 
RATE (RPS) =====================================: 39

[[352.479, 355.07, 357.181, 362.94, 357.718, 355.839, 368.582, 353.364, 360.302, 352.115, 380.457, 373.786, 387.558, 377.567, 362.866, 371.718, 361.686, 358.528, 354.555, 356.113, 359.222, 376.562, 374.011, 371.756, 380.454, 368.376, 367.219, 364.244, 374.326, 361.082, 359.863, 365.162, 360.815, 352.032, 365.563, 350.799, 351.184, 352.985, 345.369]] 
RATE (RPS) =====================================: 39

[[352.595, 393.739, 390.323, 374.945, 371.457, 384.631, 378.828, 360.671, 373.617, 362.021, 364.115, 358.793, 355.451, 361.348, 362.792, 362.432, 347.15, 347.514, 356.407, 353.501, 350.866, 361.014, 346.208, 346.529, 356.363, 343.953, 358.724, 349.408, 347.7, 343.444, 383.92, 372.8, 365.815, 365.255, 356.72, 345.528, 377.708, 359.878, 352.905]] 
RATE (RPS) =====================================: 39

[[350.828, 387.892, 383.878, 365.624, 376.542, 369.672, 355.333, 369.311, 396.711, 378.727, 375.677, 383.298, 369.668, 372.494, 376.219, 366.136, 364.496, 368.786, 356.321, 357.675, 347.132, 356.533, 349.473, 349.048, 358.915, 378.18, 392.202, 383.41, 385.047, 369.564, 399.629, 386.19, 387.842, 368.604, 357.302, 449.547, 444.609, 429.509, 403.594]] 
RATE (RPS) =====================================: 39

[[420.271, 407.317, 411.629, 403.486, 397.371, 412.533, 386.748, 371.337, 359.937, 386.568, 383.158, 384.56, 370.658, 372.359, 382.295, 366.647, 362.325, 360.457, 363.79, 389.512, 355.439, 355.701, 364.084, 373.73, 366.296, 362.455, 400.477, 388.587, 384.011, 382.537, 383.503, 364.048, 354.179, 354.306, 357.924, 346.803, 347.31, 362.568, 354.707]] 
RATE (RPS) =====================================: 39

[[357.247, 355.656, 351.848, 357.181, 357.793, 355.709, 355.614, 348.811, 350.145, 350.274, 348.406, 356.677, 385.842, 352.489, 366.91, 361.843, 353.264, 350.595, 386.43, 375.946, 359.501, 361.408, 360.522, 360.261, 363.131, 368.039, 347.947, 342.136, 346.6, 343.911, 341.859, 340.54, 358.657, 347.672, 344.576, 346.586, 366.169, 361.319, 347.207]] 
RATE (RPS) =====================================: 39

[[394.549, 377.26, 373.819, 386.505, 375.294, 374.278, 418.844, 356.855, 406.72, 357.598, 388.354, 468.576, 451.794, 472.849, 437.477, 453.837, 454.29, 428.606, 428.195, 417.676, 426.484, 413.811, 403.355, 397.101, 398.446, 391.206, 387.996, 405.74, 388.174, 392.983, 385.914, 378.667, 372.086, 363.342, 376.928, 370.009, 365.003, 353.97, 433.224]] 
RATE (RPS) =====================================: 39

[[368.693, 370.203, 352.093, 349.491, 349.308, 356.176, 387.451, 396.942, 379.746, 385.463, 381.538, 370.242, 375.346, 370.276, 358.251, 362.016, 375.316, 389.973, 358.414, 360.456, 372.854, 361.802, 361.669, 388.752, 374.188, 373.646, 354.43, 376.182, 379.916, 373.433, 361.791, 366.492, 362.336, 359.194, 391.26, 369.709, 354.212, 348.616, 348.976]] 
RATE (RPS) =====================================: 39

[[378.831, 375.505, 373.008, 373.519, 386.618, 359.744, 357.155, 357.068, 367.463, 367.833, 346.294, 369.415, 357.315, 349.452, 361.146, 365.68, 370.64, 376.39, 410.301, 383.569, 355.222, 388.338, 355.159, 341.745, 348.05, 349.576, 351.719, 356.181, 354.747, 359.734, 369.363, 350.762, 363.93, 360.124, 381.281, 345.045, 341.947, 356.298, 349.392]] 
RATE (RPS) =====================================: 39

[[447.557, 466.664, 444.96, 440.318, 427.521, 438.615, 422.431, 1968.17, 1623.1399999999999, 1946.0030000000002, 2000.201, 1993.137, 1153.2350000000001, 1101.042, 1745.6509999999998, 434.349, 437.843, 427.881, 443.397, 1845.1970000000001, 2100.748, 1992.453, 2070.826, 768.326, 1946.329, 1251.074, 1120.848, 944.972, 922.06, 368.926, 1415.909, 1275.738, 361.456, 1380.234, 1784.156, 1793.993, 1379.4279999999999, 1111.587, 1401.02, 1051.899]] 
RATE (RPS) =====================================: 16

[[446.208, 449.125, 437.418, 417.088, 407.187, 397.216, 1260.591, 392.829, 1563.851, 930.869, 1822.164, 1101.762, 1250.061, 1770.2930000000001, 754.941, 969.159, 1559.6480000000001, 386.215, 1617.8229999999999, 1762.875, 1140.633, 765.436, 974.691, 399.133, 378.719, 399.971, 1901.94, 1432.031, 1421.359, 1984.154, 1804.7089999999998, 379.452, 1826.589, 379.811, 1377.232, 1099.352, 925.734, 400.048, 398.837, 375.509]] 
RATE (RPS) =====================================: 22

[[364.184, 376.338, 436.869, 431.771, 411.03, 422.934, 410.124, 417.833, 410.897, 1492.161, 1593.521, 1118.856, 2050.764, 1560.88, 2022.635, 915.512, 1831.181, 1444.287, 373.581, 372.192, 1962.58, 704.938, 1351.159, 689.636, 1062.504, 1115.574, 1582.567, 1981.603, 903.772, 1731.9160000000002, 1455.097, 1766.159, 879.423, 1747.221, 1059.058, 1571.813, 370.205, 1852.655, 374.611, 1483.5819999999999]] 
RATE (RPS) =====================================: 18

[[433.228, 436.164, 426.905, 418.113, 419.59, 1541.284, 399.469, 395.029, 1105.606, 1101.487, 1092.52, 1088.871, 1086.0529999999999, 916.335, 930.898, 1791.027, 1959.0549999999998, 946.056, 1932.99, 1076.552, 1772.237, 1867.903, 1868.7240000000002, 1410.55, 738.408, 1062.183, 1806.191, 1961.212, 937.728, 353.842, 1862.9189999999999, 376.105, 753.022, 1738.9299999999998, 1612.741, 1361.8809999999999, 910.218, 1416.663, 1915.731, 1912.4070000000002]] 
RATE (RPS) =====================================: 16

[[408.145, 410.915, 410.727, 402.733, 391.772, 1902.5, 386.716, 392.476, 1589.658, 1118.751, 1998.578, 1108.852, 1959.348, 1789.031, 749.362, 1598.478, 1074.274, 1740.2240000000002, 1736.013, 1072.556, 1072.259, 1870.699, 1215.563, 860.424, 1616.729, 1052.478, 1750.312, 1886.3020000000001, 1902.29, 1523.511, 1533.8980000000001, 1214.479, 745.38, 1434.538, 375.715, 1419.442, 1409.513, 1872.129, 357.433, 361.98]] 
RATE (RPS) =====================================: 13

[[363.814, 364.526, 364.554, 360.015, 429.445, 365.202, 365.61, 386.411, 371.459, 369.21, 377.21, 1294.225, 1614.028, 920.533, 1611.374, 1606.3, 1104.784, 1085.401, 1840.7939999999999, 1416.2440000000001, 1824.038, 1077.765, 1812.792, 1672.268, 1895.969, 1539.788, 371.713, 1724.598, 372.815, 395.26, 419.268, 393.624, 354.534, 1434.097, 1425.874, 921.212, 1922.734, 379.877, 1404.593, 1394.141]] 
RATE (RPS) =====================================: 20

[[444.808, 436.299, 419.699, 383.538, 368.452, 375.288, 359.161, 371.32, 379.152, 363.741, 424.179, 401.645, 391.517, 356.055, 357.692, 354.383, 391.828, 401.242, 363.106]] 
RATE (RPS) =====================================: 40

[[508.631, 419.487, 460.383, 434.21, 437.813, 1424.806, 1392.375, 1406.134, 2920.758, 2883.6459999999997, 2631.191, 1372.778, 409.916, 1380.954, 376.13, 546.89, 532.873, 1274.34, 486.071, 465.768, 403.514, 390.604, 373.684, 581.812, 902.129]] 
RATE (RPS) =====================================: 31

[[459.398, 604.969, 572.352, 586.067, 567.266, 543.825, 2436.739, 501.954, 1922.911, 1904.712, 1440.224, 1439.465, 1417.278, 1396.055, 1390.278, 1959.0149999999999, 1932.95, 1807.597, 383.921, 1198.3899999999999, 438.296, 431.199, 411.358, 402.478, 491.487]] 
RATE (RPS) =====================================: 28

[[475.142, 470.86, 516.688, 685.639, 612.93, 802.078, 521.861, 705.26, 864.805, 787.466, 904.062, 938.194, 1286.633, 992.369, 1322.828, 1170.849, 1027.219, 1100.773, 1411.897, 1318.0430000000001, 1439.317, 1464.133, 1471.357, 1515.0439999999999]] 
RATE (RPS) =====================================: 29

[[430.018, 472.058, 518.246, 778.126, 567.204, 697.491, 626.823, 966.347, 880.985, 756.892, 943.159, 1010.763, 1053.8029999999999, 1121.215, 1253.313, 1178.688, 1296.028, 1341.181, 1426.884, 1343.492, 1416.8690000000001, 1455.12]] 
RATE (RPS) =====================================: 34

[[510.229, 442.106, 1030.016, 1047.099, 1107.274, 1178.462, 1246.998, 1412.037, 1284.429, 1458.051, 1508.321, 1652.3690000000001, 1558.8690000000001, 1763.993, 1682.092, 1896.825, 1884.5410000000002, 1864.069, 1849.317, 1770.882, 1838.283, 1794.0990000000002, 1773.0900000000001]] 
RATE (RPS) =====================================: 24

[[460.146, 423.02, 459.168, 418.273, 453.364, 398.995, 404.89, 398.872, 397.199, 397.452, 382.4, 376.582, 362.516, 356.893, 437.54, 448.355, 433.365, 401.693, 402.91, 373.529, 368.169, 1377.899]] 
RATE (RPS) =====================================: 44

[[421.853, 423.624, 420.826, 412.526, 389.821, 403.024, 388.882, 382.348, 397.611, 371.954, 388.717, 405.366, 393.552, 399.788, 369.634, 356.129, 359.692, 375.327, 364.203, 351.814, 467.775, 426.628, 415.696, 413.601, 401.91, 399.111, 381.758, 384.094]] 
RATE (RPS) =====================================: 45

[[352.942, 390.012, 366.11, 384.328, 366.09, 372.318, 359.298, 355.596, 369.498, 352.56, 350.36, 359.547, 358.577, 362.629, 351.66, 360.625, 358.428, 357.953, 367.722, 348.606, 343.551, 350.06]] 
RATE (RPS) =====================================: 45

[[425.772, 414.243, 371.788, 355.866, 341.707, 352.514, 359.89, 373.086, 347.272, 347.919, 356.433, 345.594]] 
RATE (RPS) =====================================: 45

[[346.831, 353.914, 454.64, 402.797, 391.363, 377.321, 376.095, 379.396, 347.807, 344.785, 345.755, 446.243, 419.864, 421.065, 399.902]] 
RATE (RPS) =====================================: 45

[[434.701, 421.613, 394.323, 394.305, 351.3, 360.16, 355.993, 347.963, 355.634, 354.229]] 
RATE (RPS) =====================================: 45

[[416.614, 530.012, 449.326, 560.743, 570.922, 621.564, 674.83, 714.388, 757.97, 802.778, 866.755, 842.615]] 
RATE (RPS) =====================================: 45

[[426.841, 465.603, 500.345, 501.874, 555.628, 595.038, 585.453, 603.475, 603.314, 628.169, 640.731, 691.7]] 
RATE (RPS) =====================================: 45

[[427.71, 470.487, 524.171, 548.075, 483.439, 544.118, 563.377, 600.586, 655.154]] 
RATE (RPS) =====================================: 50

[[427.677, 483.449, 620.421, 535.796, 672.651, 707.872, 752.522, 774.557, 828.693, 805.401, 849.457]] 
RATE (RPS) =====================================: 50

[[491.106, 428.496, 519.125, 577.387, 622.346, 774.146, 697.324, 808.938, 845.255, 908.305, 942.743, 874.99, 890.596]] 
RATE (RPS) =====================================: 50

[[421.9, 444.124, 600.751, 645.087, 515.133, 452.83, 629.792, 632.359, 603.297, 630.544, 641.2, 669.842, 738.288, 801.791, 897.208, 839.469]] 
RATE (RPS) =====================================: 50

[[437.315, 488.898, 465.619, 460.991, 437.907, 486.808, 489.192]] 
RATE (RPS) =====================================: 50

[[464.042, 430.582, 457.49, 465.157, 488.572, 436.224, 607.466, 442.604, 483.983, 520.945, 590.943, 616.833]] 
RATE (RPS) =====================================: 50

[[458.449, 491.374, 481.373, 504.112, 566.545, 582.712, 626.247, 685.97, 701.079, 789.011, 692.111, 749.659, 766.183, 703.686]] 
RATE (RPS) =====================================: 50

[[463.754, 498.675, 571.164, 514.159, 624.677, 677.605, 720.417, 777.58, 959.95, 790.919, 851.187, 892.452, 952.684]] 
RATE (RPS) =====================================: 50

[[437.651, 464.656, 480.672, 527.329, 575.434, 684.416, 590.412, 736.864, 701.128, 773.733, 677.323]] 
RATE (RPS) =====================================: 50

[[454.587, 496.54, 535.735, 514.548, 524.791, 559.231, 569.297, 625.298, 656.93, 605.636]] 
RATE (RPS) =====================================: 50

[[458.013, 469.471, 548.89, 462.365, 506.466, 560.014, 640.192, 661.265, 603.644, 727.293, 787.185, 641.213]] 
RATE (RPS) =====================================: 55

[[461.885, 509.326, 637.149, 539.677, 650.988, 678.236, 794.767, 665.767, 759.987, 788.264, 836.063, 811.809, 816.733]] 
RATE (RPS) =====================================: 55

[[434.432, 498.889, 557.484, 505.784, 509.043, 527.072, 433.038, 496.31, 402.868, 444.723]] 
RATE (RPS) =====================================: 55

[[420.402, 432.034, 462.83, 459.755, 513.211, 515.272, 563.281, 573.701, 611.965, 642.839, 597.677, 766.196, 679.007, 605.323, 743.643]] 
RATE (RPS) =====================================: 55

[[465.689, 507.583, 539.099, 529.767, 592.529, 616.338, 606.339, 663.287, 669.396, 708.453, 724.081, 796.235, 638.688, 694.743, 802.112]] 
RATE (RPS) =====================================: 55

[[419.89, 460.321, 511.257, 455.044, 508.901, 555.934, 524.539, 557.194, 590.965, 640.531, 677.03]] 
RATE (RPS) =====================================: 55

[[489.214, 422.706, 509.018, 525.235, 583.039, 511.074, 542.913, 641.527, 543.674, 542.138, 591.496, 638.462, 689.668, 720.433]] 
RATE (RPS) =====================================: 55

[[601.739, 449.27, 491.188, 613.999, 646.5, 675.2, 687.376, 748.78, 752.256, 806.852, 801.404, 855.547, 886.348, 915.74, 949.524, 1011.35, 951.744]] 
RATE (RPS) =====================================: 54

[[548.316, 483.352, 612.727, 638.041, 888.265, 674.516, 725.902, 780.695, 926.035, 913.573, 826.667, 894.635, 927.844, 914.989, 959.588, 967.298, 1018.989, 1044.223, 1085.842]] 
RATE (RPS) =====================================: 52

[[504.067, 526.571, 448.615, 440.085, 437.427, 442.829, 430.7, 409.171, 445.247, 381.228, 345.877, 429.785, 402.825, 359.545, 380.143, 408.433, 359.96]] 
RATE (RPS) =====================================: 55

[[367.905, 396.507, 385.231, 371.752, 359.209, 395.196, 409.769, 355.457, 399.457, 380.664, 383.169, 373.39, 352.47, 347.04, 368.267]] 
RATE (RPS) =====================================: 60

[[393.563, 422.242, 363.547, 403.9, 441.024, 395.451, 418.298, 427.516, 434.291, 411.121, 356.325, 374.372]] 
RATE (RPS) =====================================: 60

[[387.013, 370.942, 372.818, 365.816, 398.423, 355.537, 345.783, 369.104, 370.656, 373.532, 380.761]] 
RATE (RPS) =====================================: 60

[[451.779, 499.522, 428.134, 467.264, 364.657, 542.29, 1458.788, 479.102, 451.161, 447.996, 439.58]] 
RATE (RPS) =====================================: 59

[[467.146, 394.491, 380.423, 378.051, 352.656, 381.867, 349.985, 344.253, 391.244, 372.817, 421.024]] 
RATE (RPS) =====================================: 60

[[435.271, 439.448, 438.003, 398.343, 446.953, 381.553, 409.097]] 
RATE (RPS) =====================================: 60

[[1287.112, 488.072, 1399.9850000000001, 1394.896, 1388.281, 1358.321, 1369.3809999999999, 1373.112, 644.186, 1162.402, 1139.466, 1367.651]] 
RATE (RPS) =====================================: 50

[[470.448, 427.072, 421.429, 408.933, 375.54, 521.238, 1455.491, 884.715, 1091.056, 1375.042, 379.157, 358.875, 1374.798, 592.622]] 
RATE (RPS) =====================================: 56

[[375.905, 365.395, 465.016, 440.367, 435.528, 420.337, 366.23, 378.034, 370.386, 450.812, 431.488]] 
RATE (RPS) =====================================: 60

[[366.255, 381.213, 359.864, 361.876, 367.115, 369.507, 356.159, 344.698, 351.236, 364.726]] 
RATE (RPS) =====================================: 60

[[353.954, 379.51, 470.252, 457.703, 385.226, 392.393, 375.703, 347.035, 347.024, 356.646, 351.683]] 
RATE (RPS) =====================================: 65

[[434.13, 369.261, 387.621, 359.997, 375.654, 357.587, 371.744, 355.659, 361.378, 371.062, 355.735, 351.033, 352.368]] 
RATE (RPS) =====================================: 65

[[363.104, 362.484, 386.339, 357.864, 358.814, 350.971, 365.858, 380.326, 364.982, 357.049, 351.804, 360.667, 357.219, 347.478]] 
RATE (RPS) =====================================: 65

[[428.226, 409.831, 433.229, 423.138, 389.127, 384.438, 347.736, 373.454, 350.364, 350.502]] 
RATE (RPS) =====================================: 65

[[374.365, 373.939, 379.74, 397.622, 370.289, 381.548, 380.839, 384.276, 348.229, 385.104, 349.681]] 
RATE (RPS) =====================================: 65

[[379.654, 373.829, 454.034, 436.627, 420.859, 383.767, 439.761, 381.45, 409.28, 397.229, 537.927, 473.053, 521.882, 494.768, 477.719, 439.843, 357.879, 408.994, 373.013, 374.903, 368.051]] 
RATE (RPS) =====================================: 65

[[366.45, 383.586, 402.326, 374.999, 344.373, 450.215, 359.774, 358.648, 409.749, 356.122, 378.254, 378.464, 386.366, 356.691, 356.275, 363.974, 358.304, 449.154, 364.826, 397.316, 403.769, 370.674]] 
RATE (RPS) =====================================: 65

[[366.706, 360.271, 363.538, 362.33, 352.02, 351.992, 345.19, 352.122, 354.472, 370.464, 355.777, 351.828, 412.181, 401.327, 382.081, 396.015, 441.973, 393.43, 365.471, 395.293, 391.554, 368.558]] 
RATE (RPS) =====================================: 65

[[395.093, 384.423, 385.414, 364.348, 375.439, 356.126, 368.927, 393.925, 364.629, 355.882, 365.843, 374.297, 381.06, 379.989, 382.821, 369.518, 371.995, 416.718]] 
RATE (RPS) =====================================: 65

[[368.364, 367.184, 381.282, 360.896, 365.497, 360.707, 352.741, 356.993, 451.352, 1303.104, 415.783, 378.793, 375.198, 374.735, 361.301, 429.902, 447.615, 367.821, 341.481, 354.207, 375.671, 350.333]] 
RATE (RPS) =====================================: 64

average response time [0]409.727
average response time [1]376.885
average response time [2]392.747
average response time [3]373.821
average response time [4]386.105
average response time [5]443.658
average response time [6]373.823
average response time [7]367.479
average response time [8]363.48
average response time [9]388.76
TOTAL AVERAGE RESPONSE TIME ====================: 387.64849999999996
NUMBER OF THREADS ==============================: 1
TOTAL AVERAGE RATE (RPS) =====================================: 1.0
average response time [10]449.7595
average response time [11]849.872
average response time [12]384.9665
average response time [13]421.2335
average response time [14]426.0105
average response time [15]390.449
average response time [16]383.783
average response time [17]396.1395
average response time [18]469.44
average response time [19]376.514
TOTAL AVERAGE RESPONSE TIME ====================: 454.81674999999996
NUMBER OF THREADS ==============================: 2
TOTAL AVERAGE RATE (RPS) =====================================: 1.9
average response time [20]428.305
average response time [21]489.3815
average response time [22]411.6565
average response time [23]418.58675
average response time [24]658.16525
average response time [25]411.18125
average response time [26]478.79724999999996
average response time [27]454.36675
average response time [28]520.5035
average response time [29]452.6665
TOTAL AVERAGE RESPONSE TIME ====================: 472.36102500000004
NUMBER OF THREADS ==============================: 4
TOTAL AVERAGE RATE (RPS) =====================================: 3.9
average response time [30]421.334125
average response time [31]544.655125
average response time [32]451.877875
average response time [33]455.452
average response time [34]470.3675
average response time [35]466.854875
average response time [36]508.456125
average response time [37]462.684125
average response time [38]586.098625
average response time [39]528.636625
TOTAL AVERAGE RESPONSE TIME ====================: 489.64169999999996
NUMBER OF THREADS ==============================: 8
TOTAL AVERAGE RATE (RPS) =====================================: 8.0
average response time [40]504.3115625
average response time [41]565.8616875
average response time [42]602.9685
average response time [43]631.160875
average response time [44]708.254625
average response time [45]857.7608749999999
average response time [46]555.1754375
average response time [47]572.055875
average response time [48]513.435625
average response time [49]715.9324375
TOTAL AVERAGE RESPONSE TIME ====================: 622.69175
NUMBER OF THREADS ==============================: 16
TOTAL AVERAGE RATE (RPS) =====================================: 15.5
average response time [50]534.9743125
average response time [51]495.471875
average response time [52]495.7364375
average response time [53]561.063
average response time [54]538.40875
average response time [55]609.82365625
average response time [56]566.25971875
average response time [57]566.6559375
average response time [58]514.82515625
average response time [59]495.140625
TOTAL AVERAGE RESPONSE TIME ====================: 537.835946875
NUMBER OF THREADS ==============================: 32
TOTAL AVERAGE RATE (RPS) =====================================: 32.0
average response time [60]409.77381818181817
average response time [61]374.532696969697
average response time [62]401.80151515151516
average response time [63]356.6935454545455
average response time [64]370.241696969697
average response time [65]430.2140606060606
average response time [66]393.31745454545455
average response time [67]385.1906363636364
average response time [68]363.02457575757575
average response time [69]360.91578787878785
TOTAL AVERAGE RESPONSE TIME ====================: 384.5705787878788
NUMBER OF THREADS ==============================: 33
TOTAL AVERAGE RATE (RPS) =====================================: 33.0
average response time [70]403.93976470588234
average response time [71]372.6874411764706
average response time [72]367.69164705882355
average response time [73]405.2580882352941
average response time [74]375.59879411764706
average response time [75]364.3720294117647
average response time [76]385.3716176470588
average response time [77]371.60217647058823
average response time [78]373.39338235294116
average response time [79]380.1230882352941
TOTAL AVERAGE RESPONSE TIME ====================: 380.00380294117645
NUMBER OF THREADS ==============================: 34
TOTAL AVERAGE RATE (RPS) =====================================: 34.0
average response time [80]361.71320000000003
average response time [81]367.45754285714287
average response time [82]369.93385714285716
average response time [83]387.7142
average response time [84]384.86708571428574
average response time [85]362.1900857142857
average response time [86]400.21025714285713
average response time [87]362.3752285714286
average response time [88]360.0242285714286
average response time [89]410.87685714285715
TOTAL AVERAGE RESPONSE TIME ====================: 376.7362542857143
NUMBER OF THREADS ==============================: 35
TOTAL AVERAGE RATE (RPS) =====================================: 34.9
average response time [90]371.0784444444445
average response time [91]364.33275
average response time [92]389.58883333333335
average response time [93]364.20327777777777
average response time [94]367.81283333333334
average response time [95]392.6956666666667
average response time [96]386.44522222222224
average response time [97]371.36144444444443
average response time [98]374.04394444444443
average response time [99]370.10275
TOTAL AVERAGE RESPONSE TIME ====================: 375.1665166666666
NUMBER OF THREADS ==============================: 36
TOTAL AVERAGE RATE (RPS) =====================================: 36.0
average response time [100]516.5747567567568
average response time [101]365.65791891891894
average response time [102]368.4863783783784
average response time [103]398.84221621621623
average response time [104]408.4765945945946
average response time [105]364.13618918918917
average response time [106]371.47994594594593
average response time [107]395.3125945945946
average response time [108]379.8678108108108
average response time [109]383.58740540540543
TOTAL AVERAGE RESPONSE TIME ====================: 395.24218108108107
NUMBER OF THREADS ==============================: 37
TOTAL AVERAGE RATE (RPS) =====================================: 36.9
average response time [110]361.8137105263158
average response time [111]354.93665789473687
average response time [112]393.38100000000003
average response time [113]359.8656052631579
average response time [114]362.72476315789476
average response time [115]369.5556315789474
average response time [116]361.57897368421055
average response time [117]372.5295
average response time [118]391.62626315789475
average response time [119]368.4182631578947
TOTAL AVERAGE RESPONSE TIME ====================: 369.6430368421053
NUMBER OF THREADS ==============================: 38
TOTAL AVERAGE RATE (RPS) =====================================: 38.0
average response time [120]350.4293076923077
average response time [121]364.1850769230769
average response time [122]363.11405128205126
average response time [123]361.4632820512821
average response time [124]377.4773846153846
average response time [125]375.68264102564103
average response time [126]356.0697692307692
average response time [127]400.7132051282051
average response time [128]368.63723076923077
average response time [129]363.21946153846153
TOTAL AVERAGE RESPONSE TIME ====================: 368.09914102564096
NUMBER OF THREADS ==============================: 39
TOTAL AVERAGE RATE (RPS) =====================================: 39.0
average response time [130]1166.23235
average response time [131]986.566575
average response time [132]1102.590575
average response time [133]1178.420675
average response time [134]1192.904575
average response time [135]983.702475
average response time [136]386.4792105263158
average response time [137]976.67588
average response time [138]1065.60736
average response time [139]991.893625
TOTAL AVERAGE RESPONSE TIME ====================: 1003.1073300526317
NUMBER OF THREADS ==============================: 40
TOTAL AVERAGE RATE (RPS) =====================================: 23.3
average response time [140]978.8502272727272
average response time [141]1458.8456956521738
average response time [142]451.51045454545454
average response time [143]395.2594285714286
average response time [144]360.83954545454543
average response time [145]366.007
average response time [146]387.1852
average response time [147]377.0221
average response time [148]650.70975
average response time [149]566.5142500000001
TOTAL AVERAGE RESPONSE TIME ====================: 599.274365149633
NUMBER OF THREADS ==============================: 45
TOTAL AVERAGE RATE (RPS) =====================================: 41.7
average response time [150]535.2352222222222
average response time [151]678.045090909091
average response time [152]721.5966923076923
average response time [153]635.2259375
average response time [154]466.67571428571426
average response time [155]500.40341666666666
average response time [156]628.4650714285714
average response time [157]715.0171538461539
average response time [158]604.5107272727273
average response time [159]554.2593
TOTAL AVERAGE RESPONSE TIME ====================: 603.9434326438839
NUMBER OF THREADS ==============================: 50
TOTAL AVERAGE RATE (RPS) =====================================: 50.0
average response time [160]588.83425
average response time [161]688.5116153846154
average response time [162]480.9643
average response time [163]572.4757333333333
average response time [164]636.9559333333333
average response time [165]536.5096363636363
average response time [166]567.8997857142857
average response time [167]755.5774705882353
average response time [168]833.2366842105263
average response time [169]420.73576470588233
TOTAL AVERAGE RESPONSE TIME ====================: 608.1701173633849
NUMBER OF THREADS ==============================: 55
TOTAL AVERAGE RATE (RPS) =====================================: 54.6
average response time [170]376.36553333333336
average response time [171]403.47083333333336
average response time [172]371.85318181818184
average response time [173]548.2066363636363
average response time [174]384.9051818181818
average response time [175]421.2382857142857
average response time [176]1197.73875
average response time [177]724.0297142857142
average response time [178]409.04527272727273
average response time [179]362.2649
TOTAL AVERAGE RESPONSE TIME ====================: 519.9118289393939
NUMBER OF THREADS ==============================: 60
TOTAL AVERAGE RATE (RPS) =====================================: 58.5
average response time [180]383.37536363636366
average response time [181]369.47915384615385
average response time [182]361.7827857142857
average response time [183]389.0045
average response time [184]375.05745454545456
average response time [185]424.0248571428571
average response time [186]380.4685909090909
average response time [187]374.2996818181818
average response time [188]377.02483333333333
average response time [189]420.0436363636364
TOTAL AVERAGE RESPONSE TIME ====================: 385.45608573093574
NUMBER OF THREADS ==============================: 65
TOTAL AVERAGE RATE (RPS) =====================================: 64.9
average response time sent to Stackdriver [0]428.305
average response time sent to Stackdriver [1]462.684125
average response time sent to Stackdriver [2]534.9743125
average response time sent to Stackdriver [3]370.241696969697
average response time sent to Stackdriver [4]373.39338235294116
average response time sent to Stackdriver [5]389.58883333333335
average response time sent to Stackdriver [6]364.13618918918917
average response time sent to Stackdriver [7]350.4293076923077
average response time sent to Stackdriver [8]1166.23235
average response time sent to Stackdriver [9]386.4792105263158
average response time sent to Stackdriver [10]978.8502272727272
average response time sent to Stackdriver [11]535.2352222222222
average response time sent to Stackdriver [12]554.2593
average response time sent to Stackdriver [13]755.5774705882353
average response time sent to Stackdriver [14]421.2382857142857
average response time sent to Stackdriver [15]389.0045
NUMBER OF THREADS: [1, 2, 4, 8, 16, 32, 33, 34, 35, 36, 37, 38, 39, 40, 45, 50, 55, 60, 65]
WORKLOAD: HFU_LV AND HFU_HV;  
TOTAL EXECUTION TIME (Concurrent Parallel Requests): 172278.852
TOTAL NUMBER OF REPLICAS USED: 6

