[[387.768]] 
RATE (RPS) =====================================: 1

[[345.203]] 
RATE (RPS) =====================================: 1

[[342.506]] 
RATE (RPS) =====================================: 1

[[387.416]] 
RATE (RPS) =====================================: 1

[[346.667]] 
RATE (RPS) =====================================: 1

[[341.771]] 
RATE (RPS) =====================================: 1

[[368.794]] 
RATE (RPS) =====================================: 1

[[368.685]] 
RATE (RPS) =====================================: 1

[[352.683]] 
RATE (RPS) =====================================: 1

[[358.358]] 
RATE (RPS) =====================================: 1

[[364.783, 369.292]] 
RATE (RPS) =====================================: 2

[[370.885, 366.141]] 
RATE (RPS) =====================================: 2

[[368.756, 342.907]] 
RATE (RPS) =====================================: 2

[[355.207, 367.309]] 
RATE (RPS) =====================================: 2

[[373.813, 369.113]] 
RATE (RPS) =====================================: 2

[[346.221, 350.27]] 
RATE (RPS) =====================================: 2

[[373.778, 354.391]] 
RATE (RPS) =====================================: 2

[[383.242, 375.4]] 
RATE (RPS) =====================================: 2

[[411.374, 412.386]] 
RATE (RPS) =====================================: 2

[[367.593, 356.459]] 
RATE (RPS) =====================================: 2

[[402.365, 370.802, 387.85, 387.974]] 
RATE (RPS) =====================================: 4

[[406.14, 408.387, 388.852, 386.906]] 
RATE (RPS) =====================================: 4

[[477.458, 1398.392, 1383.79, 1378.712]] 
RATE (RPS) =====================================: 1

[[455.222, 431.826, 418.069, 425.901]] 
RATE (RPS) =====================================: 4

[[425.6, 1970.857, 2218.767, 385.487]] 
RATE (RPS) =====================================: 2

[[396.665, 406.153, 391.574, 397.528]] 
RATE (RPS) =====================================: 4

[[391.509, 392.615, 400.011, 395.704]] 
RATE (RPS) =====================================: 4

[[410.294, 402.238, 396.019, 385.135]] 
RATE (RPS) =====================================: 4

[[430.57, 412.35, 406.856, 385.433]] 
RATE (RPS) =====================================: 4

[[419.521, 410.165, 394.515, 399.632]] 
RATE (RPS) =====================================: 4

[[410.606, 390.118, 395.186, 384.733, 397.391, 410.447, 393.708, 393.439]] 
RATE (RPS) =====================================: 8

[[424.816, 420.945, 418.406, 422.044, 417.403, 413.525, 400.682, 387.383]] 
RATE (RPS) =====================================: 8

[[374.959, 365.483, 363.274, 395.617, 371.406, 372.679, 387.664, 363.504]] 
RATE (RPS) =====================================: 8

[[389.791, 423.767, 381.816, 414.255, 425.185, 427.491, 407.355, 408.154]] 
RATE (RPS) =====================================: 8

[[500.929, 495.387, 486.101, 480.249, 494.74, 490.055, 474.026, 484.814]] 
RATE (RPS) =====================================: 8

[[407.356, 419.829, 450.393, 436.769, 409.806, 410.876, 411.126, 416.708]] 
RATE (RPS) =====================================: 8

[[430.449, 421.807, 441.508, 438.908, 425.72, 418.466, 410.114, 408.91]] 
RATE (RPS) =====================================: 8

[[426.322, 428.513, 417.675, 410.347, 400.633, 419.335, 416.29, 405.842]] 
RATE (RPS) =====================================: 8

[[397.725, 400.652, 419.594, 408.968, 409.275, 414.222, 433.635, 423.28]] 
RATE (RPS) =====================================: 8

[[360.512, 356.509, 363.599, 356.708, 355.97, 382.323, 393.149, 375.723]] 
RATE (RPS) =====================================: 8

[[398.309, 390.859, 378.676, 380.659, 399.295, 412.007, 388.186, 392.402, 386.54, 400.241, 380.338, 411.982, 369.39, 369.438, 366.87, 363.741]] 
RATE (RPS) =====================================: 16

[[356.148, 370.34, 359.987, 356.848, 369.013, 351.67, 361.669, 361.001, 350.888, 357.45, 360.195, 344.104, 375.699, 381.884, 364.332, 373.875]] 
RATE (RPS) =====================================: 16

[[363.195, 348.348, 404.957, 354.626, 381.634, 380.24, 369.745, 362.009, 360.664, 352.943, 344.86, 341.335, 345.372, 370.792, 373.544, 353.581]] 
RATE (RPS) =====================================: 16

[[380.643, 358.5, 348.906, 379.482, 354.609, 366.924, 369.33, 382.587, 387.678, 358.674, 361.751, 351.369, 381.292, 359.723, 353.682, 356.009]] 
RATE (RPS) =====================================: 16

[[371.622, 363.297, 357.525, 355.525, 358.315, 356.172, 352.722, 351.893, 355.217, 352.75, 345.231, 358.348, 343.704, 342.217, 343.071, 339.169]] 
RATE (RPS) =====================================: 16

[[364.371, 360.235, 382.408, 366.406, 358.498, 353.091, 350.564, 346.629, 350.466, 347.432, 343.363, 345.272, 346.185, 365.247, 357.457, 355.013]] 
RATE (RPS) =====================================: 16

[[352.266, 367.146, 365.617, 355.187, 358.329, 356.099, 353.539, 345.322, 366.826, 350.402, 347.924, 348.29, 342.794, 343.564, 347.246, 359.445]] 
RATE (RPS) =====================================: 16

[[343.31, 346.938, 366.791, 371.178, 360.456, 366.123, 353.708, 353.208, 352.521, 359.206, 367.005, 353.243, 344.825, 351.4, 349.043, 342.083]] 
RATE (RPS) =====================================: 16

[[362.71, 367.941, 374.933, 360.038, 391.412, 397.188, 344.496, 346.764, 346.143, 348.722, 351.964, 346.519, 342.817, 362.988, 358.495, 352.282]] 
RATE (RPS) =====================================: 16

[[348.111, 366.574, 348.925, 357.889, 354.41, 344.038, 346.357, 353.169, 358.657, 346.692, 350.396, 344.043, 341.775, 353.591, 366.616, 359.507]] 
RATE (RPS) =====================================: 16

[[354.013, 358.362, 358.457, 355.127, 370.839, 356.937, 342.916, 346.688, 388.79, 390.89, 386.491, 376.992, 381.056, 380.81, 389.138, 380.041, 376.368, 348.087, 348.956, 368.459, 359.224, 343.792, 364.143, 368.016, 371.57, 373.31, 411.468, 415.133, 388.443, 376.071, 343.177, 344.161]] 
RATE (RPS) =====================================: 32

[[373.308, 378.305, 363.327, 364.32, 380.129, 381.272, 377.277, 389.068, 365.556, 360.903, 368.877, 351.648, 344.57, 354.843, 352.373, 355.91, 344.815, 355.238, 349.615, 365.708, 347.346, 351.363, 364.453, 347.358, 357.297, 340.936, 354.639, 355.933, 385.579, 342.881, 354.39, 345.621]] 
RATE (RPS) =====================================: 32

[[350.161, 356.435, 414.48, 374.019, 349.435, 373.823, 363.788, 355.449, 349.896, 351.139, 366.786, 355.411, 366.045, 359.702, 370.345, 356.225, 352.746, 350.156, 347.107, 343.997, 345.98, 347.368, 346.974, 345.583, 347.847, 356.243, 398.962, 393.082, 353.567, 370.874, 365.479, 367.371]] 
RATE (RPS) =====================================: 32

[[369.097, 371.439, 366.504, 368.719, 364.524, 359.754, 369.614, 369.612, 371.564, 357.158, 366.648, 350.707, 354.951, 372.632, 378.571, 373.741, 358.922, 355.855, 353.207, 347.686, 355.467, 354.884, 350.735, 349.227, 345.774, 350.319, 361.964, 344.383, 346.207, 344.132, 345.314, 347.387]] 
RATE (RPS) =====================================: 32

[[345.874, 342.213, 347.426, 363.278, 360.372, 351.198, 362.96, 349.777, 347.177, 347.912, 346.068, 346.261, 347.441, 343.353, 341.719, 354.118, 339.157, 345.501, 345.742, 343.132, 341.351, 343.031, 339.765, 336.38, 341.722, 358.039, 366.321, 367.312, 345.2, 365.507, 359.758, 350.915]] 
RATE (RPS) =====================================: 32

[[373.564, 347.808, 352.505, 362.401, 352.677, 383.766, 374.043, 378.151, 364.628, 364.398, 359.964, 362.95, 364.271, 356.106, 351.467, 343.023, 356.632, 349.955, 345.518, 346.665, 356.556, 343.242, 356.129, 359.032, 376.522, 372.641, 350.44, 361.961, 374.278, 370.961, 358.25, 341.63]] 
RATE (RPS) =====================================: 32

[[362.834, 369.914, 361.682, 364.786, 352.25, 370.403, 344.115, 365.0, 351.984, 373.334, 345.85, 358.117, 341.517, 345.065, 345.657, 344.653, 341.162, 354.907, 342.335, 357.381, 359.789, 343.425, 353.887, 346.02, 353.083, 341.199, 345.516, 350.456, 343.334, 345.243, 347.419, 358.918]] 
RATE (RPS) =====================================: 32

[[351.505, 372.455, 364.532, 353.419, 364.089, 355.865, 377.348, 363.31, 359.391, 355.661, 375.383, 360.066, 363.895, 357.346, 364.558, 345.626, 342.066, 353.721, 347.602, 346.406, 381.728, 361.88, 369.639, 376.807, 386.442, 384.694, 380.381, 376.457, 394.581, 384.341, 373.885, 394.512]] 
RATE (RPS) =====================================: 32

[[364.534, 1403.27, 351.538, 357.289, 359.864, 349.643, 364.427, 365.334, 364.201, 377.921, 367.464, 367.028, 350.162, 348.292, 366.816, 370.199, 352.422, 350.155, 357.024, 353.462, 341.643, 360.87, 358.476, 341.66, 344.443, 354.743, 352.7, 350.54, 365.185, 360.418, 364.747, 343.275]] 
RATE (RPS) =====================================: 31

[[368.143, 363.759, 350.154, 348.816, 345.603, 359.728, 345.108, 351.371, 345.425, 342.233, 341.661, 340.804, 340.155, 339.682, 343.234, 339.516, 341.266, 344.445, 340.302, 341.837, 357.771, 356.798, 343.819, 347.94, 344.232, 346.686, 357.599, 348.807, 356.154, 349.127, 348.706, 359.439]] 
RATE (RPS) =====================================: 32

[[344.297, 368.862, 361.938, 359.469, 347.373, 355.82, 352.92, 355.352, 387.123, 408.875, 395.994, 382.031, 358.486, 356.386, 349.323, 380.539, 347.032, 353.261, 356.072, 353.194, 354.08, 362.177, 343.436, 350.206, 355.076, 370.184, 349.978, 342.947, 362.886, 345.524, 354.264, 366.862, 365.075]] 
RATE (RPS) =====================================: 33

[[383.67, 373.917, 374.186, 384.63, 384.602, 356.495, 359.099, 363.407, 361.126, 354.835, 343.973, 357.063, 370.864, 346.997, 365.186, 342.235, 345.755, 360.939, 358.242, 360.931, 352.39, 350.588, 355.24, 348.377, 354.075, 348.092, 360.219, 353.912, 347.501, 346.706, 362.747, 345.02, 342.979]] 
RATE (RPS) =====================================: 33

[[382.976, 388.686, 372.883, 368.1, 358.011, 417.345, 369.691, 366.366, 388.089, 346.173, 375.955, 367.204, 361.223, 353.86, 357.33, 391.715, 369.531, 359.592, 380.335, 346.735, 359.04, 356.44, 342.612, 358.718, 381.767, 366.826, 357.805, 357.036, 370.575, 357.871, 361.367, 352.482, 349.399]] 
RATE (RPS) =====================================: 33

[[380.283, 382.086, 367.109, 369.781, 377.844, 366.483, 349.46, 345.963, 343.878, 344.06, 342.009, 342.406, 355.75, 343.323, 339.413, 341.83, 341.888, 340.862, 351.539, 341.643, 347.248, 339.993, 340.409, 344.048, 347.049, 337.48, 338.043, 354.929, 346.339, 347.142, 339.343, 354.844, 358.199]] 
RATE (RPS) =====================================: 33

[[355.345, 345.942, 373.419, 371.274, 382.339, 366.018, 371.295, 345.303, 343.01, 352.232, 350.384, 344.909, 344.485, 353.93, 352.804, 338.85, 342.37, 341.108, 339.821, 347.384, 342.869, 341.813, 343.428, 346.31, 344.614, 341.13, 342.346, 340.264, 348.467, 344.584, 379.005, 353.965, 360.94]] 
RATE (RPS) =====================================: 33

[[365.021, 359.207, 354.623, 350.563, 347.435, 363.461, 350.504, 359.35, 362.757, 366.989, 351.179, 353.453, 355.105, 353.431, 355.975, 348.799, 349.297, 351.219, 368.035, 342.817, 342.202, 387.198, 347.255, 362.951, 366.287, 352.106, 386.12, 385.301, 382.397, 373.178, 364.305, 356.708, 362.939]] 
RATE (RPS) =====================================: 33

[[369.034, 390.591, 390.395, 361.921, 388.079, 378.503, 414.715, 390.655, 366.562, 387.847, 376.622, 378.758, 363.932, 389.646, 379.559, 381.531, 359.657, 358.618, 354.707, 359.193, 344.761, 350.847, 369.222, 353.278, 362.608, 402.067, 388.081, 357.006, 357.234, 347.538, 344.782, 342.317, 340.964]] 
RATE (RPS) =====================================: 33

[[388.788, 385.461, 366.927, 394.73, 369.944, 369.161, 351.583, 370.98, 363.757, 364.776, 405.573, 346.622, 381.086, 381.815, 370.009, 376.966, 358.061, 349.332, 371.803, 356.446, 354.061, 354.728, 395.551, 377.879, 374.21, 359.302, 361.105, 366.993, 352.365, 357.236, 350.018, 359.652, 342.331]] 
RATE (RPS) =====================================: 33

[[369.779, 370.761, 377.445, 367.449, 360.415, 362.751, 352.131, 359.084, 368.432, 360.234, 355.148, 347.655, 356.429, 345.525, 356.704, 342.704, 342.854, 357.894, 343.918, 342.748, 341.818, 357.977, 341.679, 353.104, 345.163, 342.936, 345.339, 343.201, 358.375, 358.562, 350.246, 351.515, 341.293]] 
RATE (RPS) =====================================: 33

[[360.192, 351.313, 347.695, 362.86, 398.493, 381.754, 395.311, 371.746, 372.287, 355.68, 373.774, 363.944, 361.225, 368.449, 353.59, 368.062, 370.987, 349.311, 350.829, 360.642, 357.554, 358.961, 346.087, 347.935, 345.867, 358.168, 387.077, 359.044, 370.484, 370.825, 380.574, 359.687, 355.963]] 
RATE (RPS) =====================================: 33

[[360.954, 369.066, 401.869, 352.817, 365.834, 345.121, 348.213, 348.657, 358.06, 348.707, 348.395, 362.651, 383.33, 373.205, 353.617, 370.527, 355.516, 342.819, 346.995, 359.151, 349.628, 357.851, 381.998, 351.316, 381.018, 373.813, 363.399, 355.391, 346.059, 355.129, 360.121, 370.47, 355.506, 343.151]] 
RATE (RPS) =====================================: 34

[[361.462, 354.413, 359.141, 353.962, 360.587, 351.668, 347.824, 344.326, 348.044, 360.554, 391.075, 388.317, 369.661, 364.407, 369.743, 358.14, 363.29, 364.694, 353.963, 352.896, 347.149, 345.343, 352.884, 343.789, 348.788, 351.68, 346.123, 345.739, 350.617, 347.71, 357.522, 354.571, 348.493, 350.585]] 
RATE (RPS) =====================================: 34

[[375.067, 357.133, 353.541, 360.435, 354.144, 351.25, 390.709, 364.41, 358.339, 355.23, 364.473, 368.928, 370.585, 351.231, 352.456, 368.726, 344.134, 346.494, 337.011, 358.882, 341.395, 342.096, 356.726, 370.29, 362.139, 350.515, 400.992, 390.243, 372.268, 351.086, 363.361, 363.095, 346.454, 350.929]] 
RATE (RPS) =====================================: 34

[[363.326, 362.892, 358.723, 369.113, 361.462, 358.277, 364.038, 367.897, 356.008, 387.157, 375.357, 365.419, 363.582, 382.213, 378.445, 367.943, 360.594, 350.49, 373.812, 379.162, 366.9, 364.506, 362.438, 359.874, 356.619, 364.662, 358.033, 351.75, 343.776, 353.849, 341.335, 358.482, 341.734, 343.297]] 
RATE (RPS) =====================================: 34

[[370.981, 350.76, 372.252, 345.457, 348.671, 368.518, 353.315, 352.286, 356.103, 358.006, 345.875, 348.456, 347.202, 348.322, 359.486, 349.86, 358.586, 348.686, 370.557, 340.355, 354.532, 367.226, 354.441, 360.63, 347.599, 348.721, 365.255, 367.353, 340.013, 348.865, 364.827, 347.593, 356.928, 342.039]] 
RATE (RPS) =====================================: 34

[[344.154, 361.182, 355.769, 391.516, 368.368, 364.583, 361.585, 375.973, 361.851, 372.323, 357.461, 348.775, 375.594, 366.219, 376.648, 353.882, 353.703, 346.607, 361.171, 351.795, 357.551, 359.635, 370.727, 350.498, 347.762, 347.195, 349.801, 343.436, 381.226, 358.41, 372.324, 395.262, 347.634, 370.593]] 
RATE (RPS) =====================================: 34

[[363.555, 380.807, 354.473, 352.18, 370.655, 353.96, 343.872, 344.051, 346.648, 345.228, 345.39, 344.338, 342.873, 343.69, 343.481, 343.457, 343.245, 343.072, 343.464, 343.489, 343.904, 343.347, 359.532, 341.134, 344.562, 358.102, 343.03, 342.354, 350.446, 353.951, 373.698, 344.258, 353.818, 368.113]] 
RATE (RPS) =====================================: 34

[[353.317, 344.191, 358.454, 351.952, 356.492, 346.33, 349.404, 346.709, 356.416, 367.908, 359.448, 363.551, 363.134, 363.927, 361.12, 357.653, 367.768, 370.513, 343.836, 363.698, 345.596, 359.768, 367.045, 361.942, 357.378, 368.112, 353.184, 347.524, 345.677, 352.759, 343.286, 345.629, 354.934, 343.535]] 
RATE (RPS) =====================================: 34

[[376.742, 379.833, 374.323, 379.781, 361.609, 362.618, 381.965, 400.793, 368.04, 360.071, 350.453, 367.295, 359.481, 359.216, 362.981, 351.034, 357.83, 356.038, 349.146, 349.015, 348.523, 359.061, 357.956, 347.686, 377.179, 360.376, 365.1, 354.583, 386.331, 371.955, 352.286, 364.923, 348.615, 351.127]] 
RATE (RPS) =====================================: 34

[[345.563, 350.119, 359.883, 397.927, 376.183, 366.893, 369.424, 351.394, 369.921, 354.027, 358.422, 372.977, 344.937, 360.521, 355.364, 354.513, 360.951, 372.031, 346.119, 360.594, 354.527, 348.406, 360.546, 347.437, 355.17, 346.083, 342.941, 353.022, 345.661, 345.097, 356.978, 344.186, 364.153, 343.233]] 
RATE (RPS) =====================================: 34

[[392.311, 376.189, 358.932, 370.556, 358.168, 357.857, 354.048, 359.655, 358.435, 355.492, 350.886, 382.838, 361.86, 349.424, 365.481, 353.258, 369.4, 370.817, 356.69, 353.016, 351.609, 357.375, 379.148, 357.544, 367.152, 360.957, 359.452, 356.976, 349.89, 354.644, 361.644, 370.189, 362.879, 366.463, 346.948]] 
RATE (RPS) =====================================: 35

[[364.188, 393.046, 365.208, 398.157, 394.379, 375.828, 371.811, 389.548, 384.053, 373.542, 361.567, 390.371, 368.974, 372.203, 346.264, 359.762, 378.471, 351.451, 349.292, 372.235, 355.821, 374.066, 377.627, 349.888, 350.42, 363.509, 349.5, 346.215, 360.45, 383.378, 350.923, 357.527, 371.095, 356.973, 349.666]] 
RATE (RPS) =====================================: 35

[[373.714, 385.237, 374.288, 383.139, 393.293, 377.559, 357.659, 357.276, 361.617, 347.202, 418.409, 371.468, 348.729, 392.585, 384.997, 377.449, 393.697, 397.575, 365.728, 382.379, 363.449, 366.019, 361.633, 354.947, 382.11, 355.805, 351.602, 358.018, 347.65, 345.71, 393.607, 374.886, 368.102, 362.79, 354.056]] 
RATE (RPS) =====================================: 35

[[355.943, 369.433, 351.77, 365.326, 375.885, 366.157, 367.981, 351.99, 367.946, 399.684, 379.597, 376.0, 385.674, 368.785, 370.526, 368.772, 372.621, 369.118, 376.294, 380.082, 385.786, 367.688, 368.205, 360.199, 356.233, 347.488, 359.094, 353.619, 390.5, 381.866, 367.586, 362.083, 359.59, 358.804, 349.408]] 
RATE (RPS) =====================================: 35

[[401.955, 390.206, 379.478, 360.737, 360.226, 358.403, 353.423, 364.447, 356.314, 347.229, 350.327, 359.507, 356.638, 347.365, 348.937, 357.632, 349.3, 341.067, 391.03, 362.793, 355.754, 349.888, 365.205, 344.419, 364.382, 345.952, 342.125, 338.655, 351.916, 348.098, 357.116, 365.287, 345.52, 349.784, 347.784]] 
RATE (RPS) =====================================: 35

[[363.501, 353.936, 347.965, 348.001, 342.245, 345.914, 341.439, 375.633, 365.579, 360.847, 374.643, 348.244, 351.786, 357.488, 360.661, 347.42, 350.687, 345.722, 359.038, 347.138, 352.116, 352.786, 346.658, 342.771, 340.097, 341.286, 353.689, 351.046, 356.041, 378.546, 361.399, 347.073, 378.154, 365.206, 355.487]] 
RATE (RPS) =====================================: 35

[[393.463, 410.215, 371.173, 380.63, 370.519, 365.552, 359.232, 381.581, 365.449, 355.493, 347.416, 367.162, 360.02, 371.632, 366.287, 372.117, 355.578, 377.642, 358.499, 355.339, 353.654, 374.548, 376.179, 357.601, 373.662, 349.686, 366.601, 372.532, 377.228, 356.682, 395.276, 403.3, 392.304, 378.662, 356.688]] 
RATE (RPS) =====================================: 35

[[391.231, 363.976, 361.311, 382.701, 384.277, 402.141, 371.722, 368.953, 361.417, 359.692, 349.632, 348.132, 373.122, 392.008, 393.775, 385.776, 386.857, 366.217, 374.47, 366.389, 359.372, 375.436, 358.84, 347.65, 347.358, 348.259, 359.485, 343.851, 366.105, 348.825, 375.898, 357.832, 403.327, 391.006, 372.871]] 
RATE (RPS) =====================================: 35

[[429.872, 432.249, 405.281, 401.088, 406.712, 413.524, 441.106, 432.959, 409.931, 408.591, 407.607, 414.212, 412.265, 399.901, 390.378, 390.365, 385.218, 419.133, 372.933, 407.211, 405.32, 438.555, 434.901, 416.061, 413.083, 391.748, 392.74, 407.789, 380.697, 404.844, 382.714, 379.313, 380.753, 365.364, 370.67]] 
RATE (RPS) =====================================: 35

[[424.517, 479.788, 439.999, 397.189, 367.935, 411.689, 398.214, 397.391, 376.596, 374.696, 382.103, 404.317, 413.627, 396.977, 382.13, 468.824, 464.713, 458.29, 459.599, 436.874, 443.848, 442.578, 422.57, 411.468, 396.151, 388.519, 384.865, 379.877, 371.518, 357.194, 355.741, 404.199, 482.759, 424.401, 468.789]] 
RATE (RPS) =====================================: 35

[[382.025, 377.518, 369.849, 393.294, 368.907, 381.554, 377.307, 367.614, 385.09, 394.787, 389.58, 376.958, 370.434, 373.473, 374.955, 372.913, 415.758, 384.596, 391.992, 380.221, 364.538, 356.35, 387.994, 382.951, 357.914, 352.46, 352.084, 380.924, 346.069, 344.432, 359.479, 366.849, 356.673, 359.516, 346.599, 356.972]] 
RATE (RPS) =====================================: 36

[[377.272, 386.269, 385.192, 383.646, 367.281, 377.828, 370.048, 364.466, 371.453, 377.6, 411.049, 412.608, 414.428, 403.418, 398.91, 399.754, 390.557, 388.437, 389.158, 379.151, 363.361, 391.409, 386.203, 349.602, 382.345, 376.164, 372.764, 374.006, 378.061, 381.555, 355.765, 364.188, 351.422, 351.931, 354.443, 356.765]] 
RATE (RPS) =====================================: 36

[[397.722, 366.606, 367.229, 366.833, 360.308, 376.331, 356.443, 360.104, 362.873, 351.033, 375.076, 365.032, 358.518, 357.336, 352.781, 353.125, 362.538, 352.402, 346.549, 354.238, 363.153, 346.984, 363.514, 349.43, 359.875, 371.115, 359.34, 353.25, 356.52, 354.784, 367.168, 359.219, 366.207, 386.662, 368.86, 361.94]] 
RATE (RPS) =====================================: 36

[[372.75, 366.01, 393.569, 433.709, 371.936, 379.767, 373.422, 387.006, 381.419, 384.191, 373.176, 371.749, 372.536, 370.599, 370.896, 396.648, 387.539, 350.888, 360.883, 361.429, 370.139, 424.697, 400.65, 402.23, 400.622, 388.052, 361.19, 354.365, 349.24, 350.435, 372.295, 359.806, 388.843, 364.024, 360.215, 352.669]] 
RATE (RPS) =====================================: 36

[[400.596, 347.567, 372.368, 373.609, 362.038, 359.352, 361.318, 353.383, 363.317, 355.358, 363.27, 356.223, 356.932, 355.175, 352.659, 354.015, 353.36, 346.178, 364.001, 345.865, 347.73, 348.756, 362.503, 351.016, 356.097, 1018.6610000000001, 349.857, 345.57, 343.166, 343.873, 359.049, 341.65, 349.291, 349.821, 365.115, 356.324]] 
RATE (RPS) =====================================: 35

[[391.076, 378.837, 372.741, 357.731, 353.797, 363.973, 404.545, 349.517, 345.808, 358.502, 360.256, 368.13, 366.369, 363.237, 367.441, 361.306, 348.45, 379.279, 347.906, 365.571, 353.019, 348.712, 345.576, 346.55, 355.212, 347.37, 347.977, 353.331, 345.186, 345.51, 346.292, 385.021, 398.352, 366.14, 386.393, 356.558]] 
RATE (RPS) =====================================: 36

[[347.998, 394.28, 356.349, 365.1, 349.442, 358.062, 350.168, 361.548, 367.896, 352.773, 351.531, 355.483, 373.84, 370.064, 359.834, 360.496, 355.979, 344.553, 345.688, 357.293, 350.285, 364.009, 348.691, 357.891, 360.348, 358.448, 370.356, 360.852, 357.822, 365.603, 347.769, 348.065, 352.798, 366.246, 358.153, 346.272]] 
RATE (RPS) =====================================: 36

[[447.785, 387.209, 374.388, 380.823, 393.758, 357.163, 369.437, 351.675, 351.244, 384.427, 374.886, 363.124, 357.723, 392.682, 355.62, 362.486, 361.987, 357.921, 370.029, 362.817, 346.642, 359.667, 350.171, 359.005, 344.471, 364.314, 355.363, 342.077, 352.559, 351.436, 347.36, 397.719, 362.417, 358.066, 360.162, 359.279]] 
RATE (RPS) =====================================: 36

[[395.229, 366.12, 374.832, 398.961, 370.735, 386.988, 380.71, 364.951, 392.521, 374.407, 372.786, 378.647, 387.03, 366.378, 375.154, 379.912, 355.403, 367.702, 386.195, 381.846, 353.354, 354.007, 346.15, 366.983, 363.466, 359.231, 398.73, 395.196, 410.377, 448.675, 437.866, 381.365, 398.335, 380.37, 374.805, 371.622]] 
RATE (RPS) =====================================: 36

[[356.27, 371.563, 362.686, 355.182, 380.804, 353.128, 364.294, 348.97, 346.659, 361.468, 349.429, 347.291, 358.251, 346.882, 350.333, 348.309, 346.954, 345.529, 354.615, 363.549, 350.216, 360.491, 348.461, 346.447, 348.892, 360.795, 358.77, 379.685, 362.577, 339.23, 351.631, 349.491, 356.225, 353.727, 367.153, 345.905]] 
RATE (RPS) =====================================: 36

[[374.066, 366.923, 369.518, 359.41, 366.036, 358.925, 370.013, 351.342, 355.758, 361.099, 367.243, 368.76, 369.784, 351.742, 361.336, 364.437, 345.599, 347.877, 345.987, 349.014, 346.969, 368.811, 359.241, 350.189, 358.246, 356.458, 355.993, 343.868, 346.259, 386.139, 369.032, 364.527, 360.341, 358.4, 355.014, 354.639, 350.827]] 
RATE (RPS) =====================================: 37

[[390.759, 386.187, 378.709, 387.257, 351.498, 353.362, 376.043, 353.168, 353.282, 347.472, 362.784, 365.537, 372.384, 360.936, 363.732, 363.606, 353.253, 354.376, 354.078, 347.174, 353.45, 357.073, 363.679, 369.269, 363.641, 348.517, 372.404, 354.399, 370.277, 363.138, 367.742, 360.571, 345.896, 348.28, 348.238, 351.504, 349.115]] 
RATE (RPS) =====================================: 37

[[401.728, 376.38, 377.676, 378.349, 388.02, 357.236, 370.948, 348.541, 344.273, 349.879, 351.485, 357.865, 349.821, 365.181, 362.356, 367.632, 374.197, 359.868, 350.81, 351.414, 350.98, 364.165, 352.972, 370.38, 355.109, 367.485, 346.163, 354.264, 356.247, 351.584, 365.017, 353.836, 369.848, 436.803, 351.149, 429.94, 418.98]] 
RATE (RPS) =====================================: 37

[[352.732, 360.609, 381.454, 373.585, 360.653, 374.048, 369.773, 379.235, 368.096, 380.415, 383.78, 365.307, 363.856, 358.312, 362.608, 379.924, 364.066, 369.974, 353.749, 349.931, 353.782, 343.047, 352.628, 364.418, 371.091, 373.469, 363.376, 362.085, 368.003, 353.68, 370.066, 394.752, 372.82, 355.738, 370.415, 370.605, 343.79]] 
RATE (RPS) =====================================: 37

[[348.086, 381.117, 380.075, 373.249, 377.491, 352.876, 366.464, 363.221, 351.447, 380.973, 345.165, 341.685, 349.084, 354.902, 359.534, 345.982, 345.204, 346.01, 357.619, 362.495, 348.301, 350.347, 368.705, 359.102, 344.609, 358.292, 404.5, 382.706, 373.08, 372.414, 373.753, 364.726, 361.532, 353.598, 348.496, 349.672, 353.386]] 
RATE (RPS) =====================================: 37

[[354.986, 382.22, 368.902, 390.023, 378.208, 362.656, 357.03, 448.679, 454.305, 440.031, 436.814, 441.565, 447.515, 430.65, 403.076, 446.289, 422.934, 420.122, 421.166, 402.207, 397.121, 384.427, 381.545, 375.512, 362.941, 376.396, 367.991, 495.674, 454.019, 440.342, 425.681, 420.864, 441.761, 396.335, 428.575, 383.025, 398.003]] 
RATE (RPS) =====================================: 37

[[392.211, 391.065, 356.013, 370.52, 394.877, 387.441, 374.835, 374.186, 385.216, 362.856, 369.486, 357.171, 358.696, 358.079, 361.668, 394.798, 353.228, 379.138, 424.438, 392.072, 392.236, 391.697, 400.651, 384.741, 375.999, 376.807, 369.277, 374.332, 357.449, 355.122, 369.516, 346.033, 390.241, 382.668, 385.979, 386.038, 367.582]] 
RATE (RPS) =====================================: 37

[[356.829, 347.724, 383.595, 348.632, 352.349, 349.977, 352.871, 349.262, 358.04, 371.612, 367.665, 378.737, 361.421, 358.114, 371.114, 358.089, 351.547, 355.132, 357.811, 358.213, 361.445, 348.772, 377.065, 357.74, 352.857, 362.966, 359.129, 376.48, 368.223, 365.095, 371.796, 357.854, 366.937, 349.776, 347.221, 349.612, 356.246]] 
RATE (RPS) =====================================: 37

[[404.675, 394.547, 376.659, 372.932, 366.051, 397.642, 387.989, 378.962, 378.881, 373.782, 389.493, 368.819, 361.117, 372.02, 366.875, 366.036, 354.872, 439.978, 435.81, 493.699, 453.16, 476.847, 449.075, 434.495, 436.187, 434.076, 432.002, 427.736, 426.003, 443.401, 422.339, 420.536, 427.027, 414.459, 414.837, 412.054, 409.679]] 
RATE (RPS) =====================================: 37

[[342.177, 381.602, 341.653, 371.91, 379.891, 376.348, 372.196, 360.137, 375.47, 369.291, 367.681, 364.243, 371.835, 359.733, 370.491, 370.846, 355.877, 361.415, 358.06, 344.649, 390.686, 386.259, 373.432, 365.022, 361.597, 371.568, 375.312, 364.541, 361.663, 364.666, 355.893, 355.168, 358.96, 360.163, 366.774, 349.058, 348.969]] 
RATE (RPS) =====================================: 37

[[366.008, 382.863, 362.141, 365.074, 363.842, 370.32, 348.864, 376.663, 353.753, 360.237, 365.313, 375.276, 380.905, 366.969, 364.873, 365.736, 358.455, 354.444, 363.001, 354.134, 376.677, 360.229, 371.32, 358.129, 354.929, 357.028, 375.068, 369.932, 359.932, 357.728, 371.381, 367.911, 416.291, 407.106, 390.877, 343.613, 382.138, 371.617]] 
RATE (RPS) =====================================: 38

[[352.649, 362.46, 346.482, 378.162, 369.876, 370.957, 363.949, 355.256, 368.292, 362.084, 358.169, 449.454, 451.187, 433.213, 449.701, 432.37, 459.311, 436.437, 426.43, 434.861, 431.33, 413.72, 420.09, 440.533, 399.381, 383.744, 379.354, 375.508, 346.638, 362.321, 351.657, 352.852, 359.731, 362.744, 361.215, 363.824, 355.632, 368.884]] 
RATE (RPS) =====================================: 38

[[347.773, 372.094, 368.436, 391.732, 376.339, 362.595, 362.01, 362.509, 364.788, 383.719, 373.844, 355.685, 376.312, 356.536, 368.797, 358.21, 360.983, 357.405, 366.449, 361.663, 368.996, 364.314, 347.538, 368.635, 372.583, 361.584, 358.265, 354.64, 352.581, 353.029, 357.993, 351.478, 360.329, 351.53, 346.17, 354.455, 355.441, 358.901]] 
RATE (RPS) =====================================: 38

[[384.967, 388.507, 381.188, 387.805, 371.407, 371.989, 377.649, 369.51, 357.715, 357.823, 367.942, 353.358, 357.645, 356.602, 353.977, 380.815, 359.93, 365.92, 374.196, 360.429, 343.991, 356.594, 347.957, 398.363, 380.749, 388.694, 390.833, 391.443, 368.802, 356.111, 355.843, 352.295, 372.63, 355.824, 356.272, 354.771, 360.437, 363.681]] 
RATE (RPS) =====================================: 38

[[382.772, 356.204, 361.321, 363.24, 390.181, 403.342, 392.057, 386.342, 378.27, 402.194, 410.67, 390.875, 402.682, 395.519, 445.226, 434.028, 438.263, 439.555, 445.388, 411.682, 426.433, 423.081, 411.144, 418.109, 410.933, 427.026, 402.722, 400.02, 380.944, 404.556, 393.266, 387.31, 383.751, 376.859, 356.078, 368.685, 354.657, 353.592]] 
RATE (RPS) =====================================: 38

[[394.385, 367.738, 363.423, 366.65, 369.225, 1404.173, 361.756, 355.505, 368.718, 363.748, 362.171, 363.859, 347.603, 345.554, 350.239, 350.174, 351.324, 351.237, 352.087, 367.836, 344.784, 347.603, 348.33, 360.947, 380.247, 344.002, 368.129, 361.201, 381.423, 372.008, 376.892, 372.341, 374.312, 367.311, 361.372, 366.178, 362.72, 355.993]] 
RATE (RPS) =====================================: 37

[[433.423, 434.988, 445.421, 409.22, 417.271, 403.495, 409.753, 404.711, 402.118, 411.42, 394.588, 399.05, 404.606, 389.118, 391.017, 379.63, 375.518, 371.708, 366.38, 366.99, 354.223, 375.148, 368.178, 359.141, 353.487, 353.735, 360.304, 352.526, 359.328, 344.307, 374.765, 359.131, 352.467, 353.559, 355.503, 373.945, 347.841, 363.075]] 
RATE (RPS) =====================================: 38

[[348.812, 350.273, 351.629, 398.232, 368.487, 374.375, 350.853, 357.285, 371.347, 352.869, 398.93, 385.48, 373.277, 368.478, 375.176, 365.694, 358.572, 368.529, 348.849, 349.77, 350.72, 347.081, 350.409, 363.671, 345.191, 346.866, 369.614, 344.633, 358.791, 353.156, 367.553, 354.261, 353.494, 355.066, 354.985, 366.454, 350.539, 365.714]] 
RATE (RPS) =====================================: 38

[[379.593, 376.774, 372.461, 385.287, 377.477, 358.292, 355.712, 356.756, 352.728, 359.653, 363.681, 356.83, 352.263, 368.741, 350.443, 351.149, 360.513, 346.12, 359.522, 352.314, 363.067, 343.463, 343.238, 351.93, 350.881, 352.603, 344.361, 357.813, 361.075, 362.245, 355.342, 348.092, 342.175, 355.557, 351.474, 359.204, 357.302, 344.53]] 
RATE (RPS) =====================================: 38

[[390.314, 384.897, 394.98, 394.083, 395.893, 387.282, 464.012, 467.171, 456.361, 452.71, 455.368, 457.791, 494.346, 469.754, 453.901, 462.141, 440.917, 434.47, 455.12, 445.097, 408.325, 417.69, 405.631, 400.597, 395.329, 397.603, 391.765, 386.165, 393.514, 382.204, 383.554, 388.63, 382.54, 376.861, 382.437, 369.523, 369.135, 369.242]] 
RATE (RPS) =====================================: 38

[[382.875, 399.771, 379.67, 388.213, 365.937, 389.802, 371.067, 400.696, 394.442, 381.181, 387.983, 390.35, 379.814, 385.059, 388.664, 356.853, 370.267, 362.095, 363.095, 364.642, 393.509, 387.084, 379.036, 373.431, 367.87, 360.652, 354.331, 360.467, 356.411, 358.715, 371.714, 374.735, 372.387, 360.151, 364.343, 359.23, 368.027, 359.474, 384.789]] 
RATE (RPS) =====================================: 39

[[368.381, 393.418, 372.813, 378.534, 364.191, 359.883, 401.114, 391.749, 396.931, 379.496, 419.642, 421.339, 425.682, 415.871, 393.489, 389.863, 387.273, 385.683, 383.656, 361.83, 356.506, 363.809, 372.126, 359.708, 367.921, 344.181, 382.829, 375.214, 380.209, 359.931, 468.255, 397.463, 424.315, 360.278, 367.231, 369.349, 347.31, 369.995, 353.634]] 
RATE (RPS) =====================================: 39

[[368.417, 391.011, 380.09, 380.203, 369.537, 371.231, 391.183, 376.006, 375.327, 367.695, 375.457, 355.262, 364.297, 368.007, 366.872, 365.102, 360.092, 361.138, 373.109, 351.801, 346.806, 371.145, 362.065, 365.662, 348.695, 362.767, 345.555, 355.467, 409.898, 404.987, 386.027, 375.792, 371.602, 367.421, 376.041, 360.494, 356.411, 356.379, 355.576]] 
RATE (RPS) =====================================: 39

[[360.794, 372.992, 355.175, 393.732, 368.011, 365.192, 365.894, 358.688, 434.554, 413.437, 372.589, 407.856, 396.065, 405.344, 377.796, 368.821, 358.561, 381.596, 360.088, 358.716, 362.523, 357.305, 357.428, 355.676, 375.357, 355.883, 364.435, 372.14, 351.512, 354.615, 356.766, 355.576, 368.402, 357.614, 358.287, 370.12, 370.013, 367.766, 369.242]] 
RATE (RPS) =====================================: 39

[[375.107, 371.14, 371.808, 376.669, 390.23, 357.56, 365.663, 375.002, 373.362, 393.941, 384.776, 363.427, 355.173, 355.344, 353.34, 371.048, 369.394, 372.704, 367.239, 361.153, 365.145, 362.449, 364.045, 354.33, 362.918, 347.938, 375.994, 357.254, 467.553, 470.902, 481.692, 431.96, 435.531, 417.128, 421.008, 410.097, 424.102, 387.229, 384.49]] 
RATE (RPS) =====================================: 39

[[381.163, 360.965, 364.423, 362.301, 365.39, 352.884, 373.163, 351.748, 353.636, 357.581, 351.263, 346.662, 352.685, 342.628, 376.761, 368.823, 379.746, 370.968, 375.902, 1358.612, 346.508, 373.96, 355.437, 359.337, 354.379, 355.725, 422.955, 395.257, 377.943, 393.438, 406.583, 391.629, 377.827, 1382.635, 382.692, 383.396, 389.912, 371.519, 369.438]] 
RATE (RPS) =====================================: 37

[[454.42, 457.422, 440.851, 426.787, 439.775, 428.796, 421.713, 413.406, 421.766, 403.815, 414.862, 383.428, 405.622, 386.628, 386.342, 396.268, 384.646, 377.539, 386.157, 393.823, 388.404, 374.918, 375.028, 366.808, 362.09, 371.425, 371.376, 364.326, 373.036, 390.216, 382.446, 387.376, 390.684, 397.563, 397.851, 396.002, 367.634, 360.562, 368.696]] 
RATE (RPS) =====================================: 39

[[411.737, 358.579, 349.25, 389.395, 367.06, 362.243, 362.274, 369.455, 362.978, 378.953, 352.749, 372.956, 375.19, 374.517, 364.362, 358.1, 360.559, 352.114, 369.732, 365.784, 373.091, 360.177, 358.062, 380.625, 365.287, 350.538, 350.985, 341.131, 341.217, 333.383, 330.883, 369.439, 358.255, 345.989, 344.078, 388.1, 402.009, 382.188, 356.317]] 
RATE (RPS) =====================================: 39

[[368.602, 365.133, 381.97, 365.492, 365.077, 383.917, 366.75, 370.007, 366.439, 359.143, 383.232, 341.755, 371.314, 380.894, 374.351, 341.803, 345.567, 353.106, 354.226, 384.662, 331.441, 335.919, 334.8, 357.99, 352.992, 339.737, 350.083, 335.531, 332.245, 339.988, 451.023, 437.434, 434.839, 433.983, 418.896, 410.865, 403.183, 396.43, 362.571]] 
RATE (RPS) =====================================: 39

[[365.636, 352.826, 386.487, 351.706, 359.834, 388.331, 343.757, 360.823, 358.401, 363.978, 358.859, 352.739, 359.643, 372.338, 352.02, 350.51, 348.17, 383.195, 383.216, 342.067, 371.47, 375.216, 345.981, 362.844, 359.762, 353.451, 357.973, 344.828, 352.966, 352.314, 351.048, 344.547, 368.652, 351.283, 331.928, 338.244, 383.244, 338.419, 424.207]] 
RATE (RPS) =====================================: 39

[[444.852, 436.406, 423.616, 1159.706, 425.72, 410.132, 402.931, 2016.613, 386.56, 1725.116, 1105.388, 1108.326, 1537.6399999999999, 1821.65, 908.855, 1972.076, 1520.9070000000002, 1938.62, 1055.935, 1053.983, 1405.844, 1507.722, 1824.4560000000001, 1819.129, 367.388, 1861.0, 1121.895, 1114.116, 562.116, 935.92, 367.548, 1356.6309999999999, 1827.9769999999999, 1735.1399999999999, 1076.491, 895.967, 1814.9859999999999, 368.355, 1420.47, 368.604]] 
RATE (RPS) =====================================: 15

[[361.982, 358.394, 365.622, 371.612, 406.639, 377.181, 380.557, 385.316, 550.95, 364.318, 358.225, 370.039, 1739.6599999999999, 410.839, 370.388, 1911.733, 1196.329, 1092.229, 1061.747, 1037.989, 367.957, 462.863, 1490.451, 433.631, 431.288, 405.025, 402.981, 1498.049, 1345.747, 1742.335, 1066.436, 1866.3220000000001, 1212.384, 1877.6100000000001, 382.649, 1939.386, 381.932, 1850.068, 717.231, 741.13]] 
RATE (RPS) =====================================: 24

[[400.939, 395.835, 393.517, 382.639, 378.828, 374.885, 373.443, 1809.835, 589.741, 1071.106, 1836.841, 375.592, 355.498, 891.032, 1547.5729999999999, 1043.757, 1498.55, 967.747, 939.514, 1558.645, 1298.434, 938.829, 1782.5140000000001, 1870.6950000000002, 1072.144, 890.468, 891.631, 1666.29, 1171.722, 1825.308, 1392.253, 1392.8319999999999, 1386.125, 353.531, 738.313, 350.978, 1821.221, 1047.091, 1040.804, 722.14]] 
RATE (RPS) =====================================: 20

[[399.198, 401.486, 398.079, 410.528, 382.409, 370.934, 371.859, 795.028, 1200.4850000000001, 1195.769, 2093.175, 2120.888, 1163.728, 998.553, 2397.741, 1573.905, 380.506, 1599.871, 1853.559, 1817.493, 956.177, 1826.327, 1580.984, 1577.733, 1591.074, 961.926, 1168.325, 1810.972, 1533.394, 453.266, 429.421, 434.759, 1526.99, 431.213, 1500.394, 1491.195, 378.131, 371.766, 1508.482, 366.788]] 
RATE (RPS) =====================================: 19

[[450.817, 452.324, 439.264, 437.982, 433.045, 430.908, 427.524, 437.528, 1269.137, 1267.608, 2059.774, 437.035, 1086.69, 2025.847, 448.53, 2214.8, 1256.9189999999999, 1248.405, 2162.402, 1248.132, 1673.078, 1042.765, 1964.859, 1735.507, 1236.979, 2126.414, 419.242, 423.805, 1078.196, 1624.144, 2255.514, 3026.705, 2098.822, 1932.35, 455.854, 429.369, 461.74, 1428.853, 1308.644, 2029.216]] 
RATE (RPS) =====================================: 15

[[422.168, 414.4, 410.714, 402.552, 403.35, 393.739, 399.977, 969.534, 1523.8200000000002, 932.741, 380.203, 905.124, 1494.366, 1403.783, 354.975, 1356.225, 397.988, 1688.623, 941.948, 389.999, 1430.189, 1877.025, 1633.824, 2000.222, 2010.244, 1132.558, 921.399, 1368.281, 368.698, 385.592, 340.643, 390.369, 356.756, 1369.621, 1349.5149999999999, 375.262, 1380.748, 1618.205, 1370.489, 1356.336]] 
RATE (RPS) =====================================: 22

[[444.251, 435.657, 414.115, 1977.2649999999999, 397.54, 381.016, 362.749, 1052.247, 1588.8809999999999, 1552.214, 886.869, 375.66, 1401.904, 435.643, 434.877, 448.197, 1190.685, 450.738, 1149.8319999999999, 573.46, 386.972, 1907.7640000000001, 2072.224, 2066.792, 363.652, 2099.588, 1379.665, 2045.944, 1370.247, 1231.08, 940.155, 1762.855, 1757.5819999999999, 898.434, 438.628, 436.168, 591.545, 429.461, 501.176, 410.185]] 
RATE (RPS) =====================================: 23

[[464.507, 467.844, 466.201, 468.524, 492.331, 468.382, 457.62, 465.826, 478.111, 487.428, 1093.021, 1124.503, 1622.906, 1278.58, 1084.92, 725.518, 1116.139, 1285.743, 1285.392, 1272.9279999999999, 1288.195, 1275.345, 1311.311, 1073.454, 1573.95, 1417.112, 1248.723, 1732.8200000000002, 1258.973, 1250.084, 1229.68, 1256.135, 1517.0259999999998, 794.827, 1049.174, 1352.173, 1067.166, 1520.653, 1445.411, 416.092]] 
RATE (RPS) =====================================: 13

[[443.17, 471.865, 508.158, 628.663, 550.687, 678.857, 730.426, 775.56, 838.371, 881.486, 941.24, 977.111, 1030.734, 965.51, 1058.421, 1111.247, 1158.158, 1190.423, 1250.145, 1409.057, 1339.425]] 
RATE (RPS) =====================================: 32

[[392.764, 462.427, 645.758, 479.01, 553.701, 749.816, 674.751, 864.812, 794.501, 905.229, 958.633, 992.151, 1047.2, 1116.184, 1145.392, 1167.976, 1218.739, 1277.981, 1333.817, 1391.893, 1459.25]] 
RATE (RPS) =====================================: 31

[[398.225, 463.975, 514.596, 523.164, 793.026, 550.245, 615.257, 696.13, 801.613, 855.433, 920.399, 1081.519, 982.148, 1138.945, 1221.88, 1264.943, 1316.696, 1371.3020000000001, 1427.518, 1406.569, 1396.651]] 
RATE (RPS) =====================================: 36

[[379.55, 377.933, 357.88, 379.177, 358.145, 375.582, 346.411, 348.266, 335.121, 362.946, 340.279, 350.937, 350.741, 368.618, 344.472, 344.459, 342.951, 357.901, 363.048, 344.999, 335.361]] 
RATE (RPS) =====================================: 45

[[364.361, 347.875, 370.334, 370.04, 359.701, 361.845, 366.696, 381.867, 377.962, 361.544, 376.176, 373.314, 375.387, 361.267, 357.854, 360.197, 363.432, 375.307, 357.655, 355.426, 366.823, 352.444, 343.942, 397.078, 339.953]] 
RATE (RPS) =====================================: 45

[[421.923, 387.812, 393.215, 383.532, 394.155, 356.984, 369.302, 371.157, 530.413, 515.379, 513.08, 490.069, 481.701, 454.039, 443.999, 427.599, 386.644, 374.774, 379.257, 366.989, 363.565, 359.71]] 
RATE (RPS) =====================================: 45

[[345.35, 350.421, 354.035, 361.146, 355.371, 358.737, 357.689, 359.456, 361.535, 363.177, 364.729, 924.575, 921.937, 911.132, 911.237, 901.581, 893.44, 894.498, 887.913, 879.957, 858.573, 845.553, 825.324, 816.542, 782.537, 788.654, 776.796, 770.399]] 
RATE (RPS) =====================================: 45

[[349.695, 382.303, 372.776, 345.584, 357.367, 350.046, 359.541, 354.078, 472.015, 455.924, 439.66, 399.735, 394.757, 380.059, 369.812, 369.359, 374.078, 369.33, 366.334, 437.18]] 
RATE (RPS) =====================================: 45

[[359.51, 375.019, 357.814, 360.802, 358.261, 366.445, 373.093, 358.526, 367.361, 356.086, 384.181, 356.162, 344.367, 432.094, 349.547, 413.703, 409.079, 383.0, 377.724, 380.61, 364.712, 365.422, 363.601, 350.497, 355.931]] 
RATE (RPS) =====================================: 45

[[343.127, 370.401, 360.056, 347.906, 349.249, 368.235, 350.564, 360.665, 413.374, 392.447, 353.006, 351.597, 348.842, 379.872, 352.069, 354.135, 358.978, 363.225, 343.339, 356.422]] 
RATE (RPS) =====================================: 45

[[451.574, 478.137, 503.577, 535.959, 591.585, 644.744, 937.566, 686.552, 743.433, 797.945, 856.282, 945.98, 956.818, 1061.246, 987.308, 1043.651, 1103.341, 1159.535, 1211.301, 1235.679, 1279.81]] 
RATE (RPS) =====================================: 38

[[481.219, 418.995, 516.252, 569.555, 620.32, 680.882, 724.204, 787.98, 885.762, 817.962, 932.532, 1046.531, 1098.377, 1191.405, 918.355, 1216.145, 1086.319, 1259.941, 1320.767, 1417.55, 1347.856, 1466.682, 1512.5320000000002, 1738.591, 1669.866, 1793.376, 1585.751, 1821.181]] 
RATE (RPS) =====================================: 29

[[550.369, 409.379, 565.878, 874.795, 724.378, 635.791, 958.956, 863.477, 732.087, 1076.612, 1003.254, 930.952, 1097.49, 1103.361, 1122.019, 1155.409, 1175.45, 1180.441]] 
RATE (RPS) =====================================: 42

[[497.76, 421.072, 586.033, 513.797, 617.453, 665.624, 643.845, 615.948, 598.571, 698.626, 597.618]] 
RATE (RPS) =====================================: 50

[[416.129, 458.063, 505.625, 533.815, 532.535, 464.503, 554.69, 563.481, 573.767, 630.331, 644.073, 660.801, 715.519]] 
RATE (RPS) =====================================: 50

[[494.673, 540.652, 454.642, 546.508, 428.55, 410.836]] 
RATE (RPS) =====================================: 50

[[438.805, 453.829, 449.228, 491.548, 543.562, 466.712, 484.249, 504.043]] 
RATE (RPS) =====================================: 50

[[523.173, 458.601, 535.452, 576.421, 633.366, 697.427, 724.609, 752.842, 779.141, 808.69, 813.837, 822.051, 880.564, 889.284, 901.749, 944.011]] 
RATE (RPS) =====================================: 50

[[527.516, 463.593, 490.942, 466.563, 512.029, 604.965, 479.491, 505.476, 528.871, 522.231, 544.817, 588.832]] 
RATE (RPS) =====================================: 50

[[431.292, 626.318, 559.755, 438.28, 462.977, 404.685, 432.013, 460.348]] 
RATE (RPS) =====================================: 50

[[426.759, 476.113, 502.455, 447.396, 443.703, 520.669, 409.406]] 
RATE (RPS) =====================================: 50

[[447.062, 461.268, 514.362, 545.487, 551.757, 580.386, 631.128, 628.207, 661.473, 697.797, 739.743, 738.163, 710.433, 759.052, 809.188, 852.206, 898.759, 953.305]] 
RATE (RPS) =====================================: 50

[[500.271, 409.774, 472.968, 520.576, 593.388, 519.66, 630.354, 673.88, 664.579, 702.942, 666.087, 725.578, 1257.853, 584.283, 865.929, 843.533, 801.266]] 
RATE (RPS) =====================================: 54

[[522.179, 556.568, 556.832, 645.562, 655.85, 1847.85, 1469.915, 603.764, 651.797, 983.247, 661.119, 846.576, 905.288, 752.137, 920.423, 1037.425, 1181.739, 1036.896, 1062.406, 1573.534, 1788.6660000000002, 1429.505, 1610.667]] 
RATE (RPS) =====================================: 45

[[458.419, 1898.145, 1817.3200000000002, 2442.087, 645.487, 550.348, 528.824, 1125.568, 578.458, 649.1, 750.799, 853.051, 900.991, 537.031, 927.693, 938.335, 1176.779, 978.704, 1099.502, 1011.876, 1203.505]] 
RATE (RPS) =====================================: 47

[[424.977, 447.451, 504.377, 507.576, 554.578, 571.571, 461.374, 507.132, 617.7, 531.738, 525.824]] 
RATE (RPS) =====================================: 55

[[432.095, 475.026, 553.283, 581.794, 635.203, 691.676, 713.472, 616.206, 660.041, 774.734, 637.113, 669.529, 837.237, 756.456, 892.943]] 
RATE (RPS) =====================================: 55

[[450.877, 413.749, 457.054, 510.934, 444.813, 441.052, 450.262, 497.202, 621.384, 533.754, 645.819]] 
RATE (RPS) =====================================: 55

[[413.365, 458.283, 496.922, 501.92, 497.243, 474.834, 369.534, 351.936, 346.124]] 
RATE (RPS) =====================================: 55

[[357.096, 350.556, 387.361, 376.18, 381.271, 367.508, 416.95, 369.552, 374.933, 347.144, 358.123, 377.12, 350.786]] 
RATE (RPS) =====================================: 55

[[378.534, 365.1, 399.91, 390.752, 388.287, 370.777, 365.104, 370.022, 360.805, 403.631, 384.807, 357.939, 357.7, 363.357]] 
RATE (RPS) =====================================: 55

[[372.996, 400.302, 365.948, 363.67, 362.853, 405.891, 366.59, 422.888, 389.937, 372.999, 356.624, 363.309, 380.615, 392.384, 342.607, 378.874, 367.716]] 
RATE (RPS) =====================================: 55

[[408.881, 353.982, 383.707, 380.344, 366.885, 368.425, 411.425, 368.233, 356.497, 368.199, 381.443, 377.415, 398.565, 367.023, 363.941]] 
RATE (RPS) =====================================: 60

[[384.953, 394.607, 374.587, 412.914, 368.578, 388.458, 383.022, 371.272, 380.605, 355.747, 384.404, 355.524, 358.74, 357.015, 378.344, 357.592, 344.741, 345.4, 346.747]] 
RATE (RPS) =====================================: 60

[[445.037, 355.64, 359.635, 370.835, 342.582, 346.708, 366.51, 356.128, 352.639, 356.882, 353.416, 348.01]] 
RATE (RPS) =====================================: 60

[[379.408, 366.014, 376.894, 370.124, 349.103, 362.783, 356.407, 363.565, 363.2, 371.289, 359.81, 373.875, 362.731, 351.297]] 
RATE (RPS) =====================================: 60

[[372.989, 363.579, 468.994, 424.024, 429.844, 393.563, 384.387, 378.729, 366.714, 367.351, 368.97, 438.139, 435.267, 402.479, 384.857, 382.022, 358.146, 353.786, 356.888, 354.293]] 
RATE (RPS) =====================================: 60

[[369.682, 370.253, 361.821, 356.614, 364.12, 359.119, 385.612, 373.776, 371.517, 354.282, 367.083, 360.734, 369.335, 347.406, 361.507, 356.816, 351.963]] 
RATE (RPS) =====================================: 60

[[383.8, 377.912, 375.877, 365.169, 356.416, 377.226, 368.425, 385.341, 378.619, 386.029, 356.846, 357.622, 352.29, 415.439, 403.217, 349.67, 360.481, 343.392]] 
RATE (RPS) =====================================: 60

[[390.07, 412.501, 375.339, 386.787, 391.065, 357.038, 349.231, 357.303, 383.024, 375.623]] 
RATE (RPS) =====================================: 60

[[371.861, 368.698, 352.038, 363.908, 365.78, 354.704, 374.982, 360.427, 371.269, 364.435, 359.51, 374.592, 367.858, 360.19, 360.933, 354.284, 351.32, 360.007, 357.282, 346.829, 351.949]] 
RATE (RPS) =====================================: 60

[[477.542, 448.638, 417.832, 420.022, 411.135, 421.592, 398.307, 481.847, 460.879, 436.093, 501.631, 421.079, 413.98, 443.627, 382.573, 374.905, 374.901, 363.626, 357.222, 368.346, 375.436]] 
RATE (RPS) =====================================: 60

[[361.431, 361.801, 364.401, 351.76, 382.968, 364.677, 380.543, 389.398, 360.945, 365.814, 422.753]] 
RATE (RPS) =====================================: 65

[[361.735, 492.963, 461.465, 420.256, 384.038, 366.548, 368.165, 354.091, 373.749, 372.196, 408.789, 375.688, 365.222, 376.941, 385.816, 371.659, 379.696, 350.246, 350.899]] 
RATE (RPS) =====================================: 65

[[390.119, 361.862, 364.787, 372.054, 358.081, 352.33, 368.972, 392.128, 364.109, 347.853, 346.884, 355.993]] 
RATE (RPS) =====================================: 65

[[392.837, 370.329, 394.11, 394.745, 352.859, 361.7, 370.062, 374.324, 507.583, 405.95, 406.106, 356.781]] 
RATE (RPS) =====================================: 65

[[393.555, 378.43, 391.145, 382.01, 371.547, 356.53, 370.411, 368.547, 372.193, 349.002, 453.553, 429.277, 381.66, 386.306, 376.901, 355.946, 385.793, 387.076, 360.449]] 
RATE (RPS) =====================================: 65

[[449.565, 424.364, 370.837, 385.898, 380.496, 371.31, 379.728, 358.153, 385.33, 425.117, 415.32, 364.065, 361.783, 394.061, 359.801, 390.54, 347.98, 442.274, 362.262, 371.662]] 
RATE (RPS) =====================================: 65

[[469.898, 431.977, 486.44, 465.345, 462.327, 453.656, 422.059, 425.795, 568.425, 467.659, 446.776, 414.537, 515.318, 482.634, 442.247, 409.363, 404.269, 415.811]] 
RATE (RPS) =====================================: 65

[[420.81, 389.641, 404.104, 383.575, 375.748, 368.235, 393.603, 386.31, 395.407, 370.443, 372.555, 399.279, 384.671, 378.051, 378.89, 364.481, 373.841, 362.725, 360.134, 379.075, 373.068]] 
RATE (RPS) =====================================: 65

[[423.609, 424.589, 478.647, 429.199, 415.56, 400.376, 399.449, 402.268, 398.976, 369.6, 361.377, 361.44, 381.242]] 
RATE (RPS) =====================================: 65

[[352.405, 393.805, 361.48, 389.818, 365.228, 351.885, 379.12, 356.153, 352.505, 360.017, 367.476, 394.74, 439.44, 383.418, 376.194, 379.04, 359.406, 389.186, 372.764]] 
RATE (RPS) =====================================: 65

average response time [0]387.768
average response time [1]345.203
average response time [2]342.506
average response time [3]387.416
average response time [4]346.667
average response time [5]341.771
average response time [6]368.794
average response time [7]368.685
average response time [8]352.683
average response time [9]358.358
TOTAL AVERAGE RESPONSE TIME ====================: 359.9851
NUMBER OF THREADS ==============================: 1
TOTAL AVERAGE RATE (RPS) =====================================: 1.0
average response time [10]367.0375
average response time [11]368.51300000000003
average response time [12]355.8315
average response time [13]361.25800000000004
average response time [14]371.46299999999997
average response time [15]348.2455
average response time [16]364.08450000000005
average response time [17]379.321
average response time [18]411.88
average response time [19]362.026
TOTAL AVERAGE RESPONSE TIME ====================: 368.966
NUMBER OF THREADS ==============================: 2
TOTAL AVERAGE RATE (RPS) =====================================: 2.0
average response time [20]387.24775
average response time [21]397.57124999999996
average response time [22]1159.588
average response time [23]432.7545
average response time [24]1250.17775
average response time [25]397.98
average response time [26]394.95975
average response time [27]398.4215
average response time [28]408.80225
average response time [29]405.95825
TOTAL AVERAGE RESPONSE TIME ====================: 563.3461
NUMBER OF THREADS ==============================: 4
TOTAL AVERAGE RATE (RPS) =====================================: 3.5
average response time [30]396.9535
average response time [31]413.15049999999997
average response time [32]374.32325000000003
average response time [33]409.72675
average response time [34]488.287625
average response time [35]420.357875
average response time [36]424.48525
average response time [37]415.619625
average response time [38]413.418875
average response time [39]368.061625
TOTAL AVERAGE RESPONSE TIME ====================: 412.43848750000006
NUMBER OF THREADS ==============================: 8
TOTAL AVERAGE RATE (RPS) =====================================: 8.0
average response time [40]386.8083125
average response time [41]362.1939375
average response time [42]362.9903125
average response time [43]365.6974375
average response time [44]352.923625
average response time [45]355.7898125
average response time [46]353.74975
average response time [47]355.06487500000003
average response time [48]359.71325
average response time [49]352.546875
TOTAL AVERAGE RESPONSE TIME ====================: 360.74781874999996
NUMBER OF THREADS ==============================: 16
TOTAL AVERAGE RATE (RPS) =====================================: 16.0
average response time [50]369.31015625
average response time [51]360.1518125
average response time [52]360.82734375
average response time [53]358.6468125
average response time [54]349.561875
average response time [55]359.7541875
average response time [56]352.53859375
average response time [57]366.86221875
average response time [58]389.99203124999997
average response time [59]348.4475
TOTAL AVERAGE RESPONSE TIME ====================: 361.609253125
NUMBER OF THREADS ==============================: 32
TOTAL AVERAGE RATE (RPS) =====================================: 31.9
average response time [60]360.51642424242425
average response time [61]358.06054545454543
average response time [62]366.4769090909091
average response time [63]350.3841212121212
average response time [64]351.27142424242425
average response time [65]359.94445454545456
average response time [66]369.73424242424244
average response time [67]367.5530606060606
average response time [68]353.67478787878787
average response time [69]364.13242424242424
TOTAL AVERAGE RESPONSE TIME ====================: 360.17483939393935
NUMBER OF THREADS ==============================: 33
TOTAL AVERAGE RATE (RPS) =====================================: 33.0
average response time [70]360.0104117647059
average response time [71]356.15176470588233
average response time [72]360.1402058823529
average response time [73]362.15191176470586
average response time [74]354.69870588235295
average response time [75]361.8003823529412
average response time [76]350.35814705882353
average response time [77]355.6526470588235
average response time [78]363.3519117647059
average response time [79]356.9177352941176
TOTAL AVERAGE RESPONSE TIME ====================: 358.1233823529411
NUMBER OF THREADS ==============================: 34
TOTAL AVERAGE RATE (RPS) =====================================: 34.0
average response time [80]361.6623714285714
average response time [81]367.3545142857143
average response time [82]370.9824
average response time [83]368.22094285714286
average response time [84]357.3971142857143
average response time [85]354.57834285714284
average response time [86]370.56005714285715
average response time [87]369.71182857142855
average response time [88]404.1453714285714
average response time [89]413.427
TOTAL AVERAGE RESPONSE TIME ====================: 373.8039942857143
NUMBER OF THREADS ==============================: 35
TOTAL AVERAGE RATE (RPS) =====================================: 35.0
average response time [90]372.23969444444447
average response time [91]378.8474722222222
average response time [92]361.9749444444444
average response time [93]376.65538888888887
average response time [94]374.58508333333333
average response time [95]361.9908611111111
average response time [96]358.11069444444445
average response time [97]365.7747777777778
average response time [98]380.47330555555556
average response time [99]355.3295
TOTAL AVERAGE RESPONSE TIME ====================: 368.5981722222222
NUMBER OF THREADS ==============================: 36
TOTAL AVERAGE RATE (RPS) =====================================: 35.9
average response time [100]359.18437837837837
average response time [101]361.1564864864865
average response time [102]366.98867567567567
average response time [103]365.8343783783784
average response time [104]360.808054054054
average response time [105]409.1781081081081
average response time [106]376.87464864864864
average response time [107]359.9445405405406
average response time [108]408.5068108108108
average response time [109]365.0063783783784
TOTAL AVERAGE RESPONSE TIME ====================: 373.34824594594596
NUMBER OF THREADS ==============================: 37
TOTAL AVERAGE RATE (RPS) =====================================: 37.0
average response time [110]368.17834210526314
average response time [111]389.22257894736845
average response time [112]362.2721315789474
average response time [113]367.7543157894737
average response time [114]397.6046578947368
average response time [115]389.55784210526315
average response time [116]380.8181052631579
average response time [117]360.9240789473684
average response time [118]357.38581578947367
average response time [119]414.66718421052633
TOTAL AVERAGE RESPONSE TIME ====================: 378.8385052631579
NUMBER OF THREADS ==============================: 38
TOTAL AVERAGE RATE (RPS) =====================================: 37.9
average response time [120]374.5854358974359
average response time [121]382.3359487179487
average response time [122]368.9904358974359
average response time [123]370.68105128205127
average response time [124]385.2780769230769
average response time [125]421.4839487179487
average response time [126]395.1412051282051
average response time [127]363.8395128205128
average response time [128]371.36897435897436
average response time [129]360.0746923076923
TOTAL AVERAGE RESPONSE TIME ====================: 379.37792820512817
NUMBER OF THREADS ==============================: 39
TOTAL AVERAGE RATE (RPS) =====================================: 38.8
average response time [130]1140.1696749999999
average response time [131]852.1806
average response time [132]1020.971
average response time [133]1095.612775
average response time [134]1224.668175
average response time [135]965.555125
average response time [136]976.097925
average response time [137]1042.1182
average response time [138]901.8435238095238
average response time [139]934.8564285714286
TOTAL AVERAGE RESPONSE TIME ====================: 1015.4073427380954
NUMBER OF THREADS ==============================: 40
TOTAL AVERAGE RATE (RPS) =====================================: 21.4
average response time [140]940.0111428571429
average response time [141]355.4655714285714
average response time [142]364.7392
average response time [143]416.60445454545453
average response time [144]661.5105
average response time [145]384.98165
average response time [146]370.54188
average response time [147]360.87545
average response time [148]867.2391904761905
average response time [149]1104.5317142857143
TOTAL AVERAGE RESPONSE TIME ====================: 582.6500753593073
NUMBER OF THREADS ==============================: 45
TOTAL AVERAGE RATE (RPS) =====================================: 41.8
average response time [150]897.7832222222222
average response time [151]586.9406363636364
average response time [152]557.9486153846154
average response time [153]479.3101666666667
average response time [154]478.997
average response time [155]733.826125
average response time [156]519.6105
average response time [157]476.95849999999996
average response time [158]460.9287142857143
average response time [159]676.6542222222222
TOTAL AVERAGE RESPONSE TIME ====================: 586.8957702145078
NUMBER OF THREADS ==============================: 50
TOTAL AVERAGE RATE (RPS) =====================================: 49.2
average response time [160]672.5247647058824
average response time [161]1013.0410869565218
average response time [162]1003.4296190476191
average response time [163]514.0270909090909
average response time [164]661.7872
average response time [165]496.9909090909091
average response time [166]434.46233333333333
average response time [167]370.3523076923077
average response time [168]375.48035714285714
average response time [169]376.8354705882353
TOTAL AVERAGE RESPONSE TIME ====================: 591.8931139466756
NUMBER OF THREADS ==============================: 55
TOTAL AVERAGE RATE (RPS) =====================================: 53.1
average response time [170]376.99766666666665
average response time [171]370.6973684210526
average response time [172]362.8351666666667
average response time [173]364.75
average response time [174]389.25105
average response time [175]363.6258823529412
average response time [176]371.8761666666667
average response time [177]377.7981
average response time [178]361.5645714285714
average response time [179]416.7244285714286
TOTAL AVERAGE RESPONSE TIME ====================: 375.6120400773994
NUMBER OF THREADS ==============================: 60
TOTAL AVERAGE RATE (RPS) =====================================: 60.0
average response time [180]373.31736363636367
average response time [181]385.2716842105263
average response time [182]364.59766666666667
average response time [183]390.6155
average response time [184]381.59636842105266
average response time [185]387.0273
average response time [186]454.69644444444447
average response time [187]381.6498095238095
average response time [188]403.564
average response time [189]374.95157894736843
TOTAL AVERAGE RESPONSE TIME ====================: 389.7287715850231
NUMBER OF THREADS ==============================: 65
TOTAL AVERAGE RATE (RPS) =====================================: 65.0
average response time sent to Stackdriver [0]1159.588
average response time sent to Stackdriver [1]362.1939375
average response time sent to Stackdriver [2]389.99203124999997
average response time sent to Stackdriver [3]354.69870588235295
average response time sent to Stackdriver [4]413.427
average response time sent to Stackdriver [5]360.808054054054
average response time sent to Stackdriver [6]357.38581578947367
average response time sent to Stackdriver [7]360.0746923076923
average response time sent to Stackdriver [8]1095.612775
average response time sent to Stackdriver [9]901.8435238095238
average response time sent to Stackdriver [10]867.2391904761905
average response time sent to Stackdriver [11]519.6105
average response time sent to Stackdriver [12]514.0270909090909
average response time sent to Stackdriver [13]364.75
average response time sent to Stackdriver [14]381.59636842105266
NUMBER OF THREADS: [1, 2, 4, 8, 16, 32, 33, 34, 35, 36, 37, 38, 39, 40, 45, 50, 55, 60, 65]
WORKLOAD: HFU_LV AND HFU_HV;  
TOTAL EXECUTION TIME (Concurrent Parallel Requests): 161271.666
TOTAL NUMBER OF REPLICAS USED: 4

