[[469.28]] 
[[445.766]] 
[[434.467]] 
[[395.636]] 
[[443.729]] 
[[415.023]] 
[[403.859]] 
[[381.301]] 
[[389.752]] 
[[415.622]] 
[[462.477, 501.927]] 
[[482.811, 434.843]] 
[[434.699, 486.523]] 
[[478.158, 427.028]] 
[[430.236, 474.07]] 
[[442.413, 409.093]] 
[[454.045, 397.826]] 
[[416.478, 456.285]] 
[[441.353, 478.867]] 
[[451.847, 401.734]] 
[[513.15, 390.713, 453.489, 544.463]] 
[[423.812, 469.185, 500.747, 548.766]] 
[[472.013, 507.81, 536.251, 581.092]] 
[[498.427, 454.413, 560.245, 518.441]] 
[[452.691, 402.938, 537.006, 477.307]] 
[[411.384, 496.482, 525.27, 433.64]] 
[[404.054, 535.265, 435.356, 472.351]] 
[[415.189, 560.583, 463.19, 606.198]] 
[[395.329, 477.787, 426.023, 506.971]] 
[[423.8, 496.443, 540.393, 442.495]] 
[[456.424, 496.106, 529.259, 608.098, 556.226, 640.293, 687.304, 746.321]] 
[[432.094, 514.937, 464.264, 546.763, 580.935, 659.847, 607.691, 687.224]] 
[[442.974, 389.047, 474.216, 558.245, 591.376, 672.603, 486.983, 610.964]] 
[[446.056, 523.245, 383.232, 645.905, 550.865, 590.954, 668.441, 708.287]] 
[[444.608, 492.899, 523.851, 555.169, 590.613, 640.496, 746.464, 814.362]] 
[[403.306, 447.933, 539.429, 488.705, 566.737, 611.085, 694.717, 640.148]] 
[[455.605, 607.337, 404.706, 509.961, 539.924, 730.035, 620.183, 663.814]] 
[[557.85, 454.323, 631.895, 487.153, 567.425, 671.24, 715.14, 797.712]] 
[[568.359, 443.926, 488.035, 591.65, 671.587, 618.55, 760.496, 696.802]] 
[[416.032, 452.011, 488.904, 613.196, 558.759, 508.744, 740.787, 655.526]] 
[[458.738, 408.472, 552.859, 492.237, 576.571, 659.122, 604.586, 682.406, 878.895, 756.14, 700.682, 779.111, 922.606, 956.807, 997.807, 1035.024]] 
[[467.849, 422.103, 500.805, 530.768, 600.25, 553.274, 687.383, 633.128, 752.025, 844.955, 797.256, 910.37, 866.35, 1028.444, 934.688, 971.057]] 
[[484.145, 393.339, 513.154, 420.12, 542.068, 609.561, 688.703, 774.959, 822.633, 860.843, 937.937, 892.298, 979.793, 1064.673, 1011.744, 1092.441]] 
[[433.946, 503.342, 540.226, 681.186, 589.837, 737.793, 781.474, 865.884, 818.521, 897.37, 939.647, 1068.067, 973.031, 1011.73, 1135.863, 1085.262]] 
[[495.498, 403.449, 440.3, 516.593, 549.817, 682.564, 630.311, 577.421, 702.663, 783.174, 738.246, 901.897, 808.742, 841.78, 966.913, 920.401]] 
[[403.49, 436.294, 473.009, 1405.429, 502.402, 539.205, 578.509, 611.007, 673.942, 708.149, 741.962, 819.098, 857.134, 763.703, 897.189, 930.346]] 
[[409.778, 469.205, 431.47, 560.797, 507.182, 603.171, 654.928, 694.961, 750.119, 788.693, 862.758, 822.847, 890.126, 923.332, 950.09, 1000.951]] 
[[423.688, 459.201, 498.99, 565.765, 639.862, 792.626, 711.771, 827.84, 902.388, 842.077, 930.753, 1017.398, 975.243, 1153.8609999999999, 1090.778, 1043.127]] 
[[405.276, 484.303, 440.696, 511.868, 554.412, 596.971, 627.173, 666.237, 698.873, 747.106, 958.545, 775.875, 977.948, 824.466, 881.74, 996.382]] 
[[526.51, 424.747, 457.948, 536.447, 577.006, 614.276, 700.883, 644.358, 827.891, 732.92, 782.82, 895.006, 843.658, 922.177, 994.364, 959.66]] 
[[444.953, 761.176, 600.281, 462.735, 501.204, 545.809, 613.474, 761.032, 668.231, 790.11, 822.521, 903.896, 858.355, 932.056, 978.663, 1060.415, 1101.117, 1137.884, 1450.31, 1212.62, 1293.077, 1152.867, 1317.3690000000001, 1231.434, 1346.503, 1526.8609999999999, 1432.576, 1631.604, 1461.902, 1535.829, 1574.743, 1651.022]] 
[[420.72, 532.903, 453.262, 598.932, 637.356, 678.07, 749.99, 796.881, 843.265, 915.799, 864.403, 940.381, 980.216, 1014.992, 1058.5529999999999, 1114.248, 1193.034, 1273.876, 1351.812, 1404.423, 1434.306, 1466.174, 1599.018, 1641.4940000000001, 1495.83, 1533.717, 1725.8400000000001, 1670.1219999999998, 1756.1109999999999, 1883.04, 1785.289, 1822.1979999999999]] 
[[506.611, 468.269, 407.372, 527.792, 563.975, 602.184, 643.444, 751.611, 705.971, 779.087, 814.162, 848.356, 889.205, 926.428, 994.736, 1066.465, 942.589, 1129.155, 1171.618, 1249.231, 1198.363, 1282.537, 1319.65, 1352.651, 1416.94, 1453.636, 1538.783, 1479.991, 1563.347, 1603.2939999999999, 1683.8899999999999, 1629.2240000000002]] 
[[452.843, 405.467, 482.483, 524.743, 561.985, 592.553, 628.522, 670.589, 702.828, 809.299, 856.875, 744.801, 890.386, 949.512, 907.546, 984.115, 1025.098, 1154.899, 1055.286, 1224.329, 1260.812, 1307.41, 1357.692, 1420.9470000000001, 1378.226, 1454.6979999999999, 1492.9180000000001, 1572.7350000000001, 1527.603, 1598.868, 1694.7440000000001, 1644.571]] 
[[482.705, 446.192, 514.816, 609.423, 682.185, 537.808, 618.836, 748.054, 706.597, 774.21, 866.789, 804.306, 892.666, 977.775, 926.543, 1006.66, 1185.545, 1050.398, 1091.278, 1251.242, 1337.8220000000001, 1555.679, 1419.3890000000001, 1499.06, 1606.3400000000001, 1552.226, 1642.895, 1682.905, 1730.909, 1852.324, 1765.105, 1798.341]] 
[[401.963, 533.84, 443.547, 567.087, 478.937, 588.195, 625.796, 666.416, 707.209, 750.324, 800.037, 840.529, 878.708, 917.109, 961.124, 992.127, 1305.266, 1111.742, 1016.278, 1182.734, 1233.945, 1318.704, 1355.8519999999999, 1394.959, 1424.958, 1468.4479999999999, 1515.321, 1574.3220000000001, 1618.924, 1652.7849999999999, 1735.624, 1685.71]] 
[[413.771, 449.557, 484.979, 508.116, 586.248, 540.915, 623.566, 692.915, 727.116, 774.546, 892.715, 769.375, 893.91, 790.674]] 
[[406.186, 432.642, 466.545, 539.287, 488.176, 565.228, 648.183, 604.012, 672.356, 712.715, 746.872, 795.718, 827.903, 949.424, 847.175, 883.628, 960.844, 1171.781, 987.035, 1203.321, 1061.638]] 
[[458.352, 503.383, 535.681, 567.406, 606.292, 646.216, 817.138, 729.091, 663.912, 954.742, 858.357, 971.337, 909.404, 986.789, 1025.23, 1054.893, 1111.403]] 
[[471.59, 543.302, 613.847, 562.248, 612.183, 665.831, 626.47, 746.033, 691.712, 761.053, 784.133, 805.329, 907.163, 836.604, 929.732]] 
[[443.855, 476.668, 534.196, 479.532, 575.522, 561.849, 630.139, 574.809, 646.786, 751.34, 687.911, 816.334, 760.656, 853.577, 907.779, 965.394, 920.095, 959.667, 978.67, 1038.082, 1112.246, 1211.538, 1149.075, 1263.915, 1214.1390000000001, 1273.52, 1287.614, 1323.4, 1305.909]] 
[[639.155, 524.716, 660.62, 1081.588, 1116.701, 1149.245, 1174.6680000000001, 1314.685, 1209.776, 1251.102, 1325.7060000000001, 1353.854, 1425.379, 1469.746, 1495.377, 1516.047, 1556.925, 1637.847, 1578.277, 1648.966, 1668.78, 1680.6190000000001, 1719.242, 1751.975, 1791.1509999999998, 1817.258, 1868.024, 1823.469, 1890.8319999999999, 1930.951, 2199.532, 1998.0259999999998, 1940.443, 2020.985, 2085.49, 2244.7309999999998, 2319.367]] 
[[437.142, 471.053, 468.634, 496.867, 588.101, 515.139, 626.348, 667.173, 614.717, 687.484, 722.937, 760.396, 794.978, 853.16, 873.845, 890.341, 919.454, 1048.627, 976.16, 1095.8, 1043.243, 1156.461, 1108.725, 1167.31, 1202.521, 1259.399, 1329.99]] 
[[397.156, 465.338, 415.406, 586.941, 481.104, 525.512, 563.781, 593.194, 628.866, 668.795, 725.432, 783.39, 825.531, 849.864, 874.655, 910.209, 934.644, 1009.682, 957.05, 1026.216, 1066.131, 1100.509, 1131.106, 1211.0149999999999, 1164.672, 1221.473, 1304.181, 1357.263, 1240.392, 1368.846, 1408.739, 1470.785, 1546.467]] 
[[546.593, 464.913, 492.577, 603.215, 555.5, 633.445, 658.885, 699.799, 755.021, 822.44, 960.281, 861.674, 900.36, 964.7, 1001.445, 1176.405, 1030.006, 1065.827, 1104.313, 1172.0, 1209.1970000000001, 1276.278, 1267.937, 1294.532, 1318.286, 1349.026, 1316.358, 1346.277, 1368.7730000000001, 1479.059]] 
[[504.729, 559.642, 507.373, 547.731, 554.189, 578.368, 614.765, 613.762, 650.825, 776.465, 721.47, 815.098, 836.399, 925.643, 858.224, 970.525, 921.568, 957.449, 980.88, 985.002, 1009.262, 1053.673, 1156.869, 1100.587, 1168.3600000000001]] 
[[467.647, 483.57, 509.795, 548.058, 582.901, 614.297, 691.687, 639.23, 720.254, 670.56, 767.33, 719.073, 800.923, 834.708, 744.323, 783.468, 829.748, 952.822, 885.662, 966.351, 957.705, 978.503]] 
[[412.037, 459.045, 489.987, 524.291, 523.972, 588.781, 622.712, 653.755, 607.433, 731.665, 675.241, 764.026, 797.417, 800.877, 805.145, 794.22, 803.873, 825.727, 825.258, 849.682]] 
[[476.042, 456.472, 448.763, 459.438, 495.342, 497.589, 504.626, 537.06, 563.628, 599.875, 627.257, 677.908, 710.522, 773.889, 916.394, 804.353, 823.425, 906.37, 986.761, 1071.959, 1134.694]] 
[[409.439, 455.943, 475.653, 507.217, 540.026, 580.583, 620.28, 630.222, 730.37, 682.956, 746.757, 825.936, 767.605, 843.141, 908.136, 856.647, 909.959, 949.329, 933.343, 968.046, 1005.06, 940.99]] 
[[470.798, 501.821, 522.735, 494.911, 534.68, 541.652, 553.028, 709.752, 633.177, 572.589, 743.03, 695.259, 766.588, 806.612, 846.574, 874.802, 906.112, 940.742]] 
[[443.135, 465.793, 489.351, 531.126, 578.265, 640.001, 667.494, 645.875, 675.111, 711.771, 735.88, 749.337, 785.448, 856.77, 919.714, 948.626, 989.052, 936.072, 951.198, 987.082, 987.632, 998.295]] 
[[419.503, 537.292, 429.143, 575.103, 624.428, 643.695, 1640.601, 640.408, 710.905, 651.076, 715.662, 738.835, 753.037, 776.579, 805.506, 847.793, 840.163, 870.973, 918.578, 916.555, 956.09, 959.951, 992.383, 1002.874, 1060.75, 1148.266]] 
[[443.861, 477.97, 522.022, 564.841, 618.465, 580.368, 655.68, 579.212, 717.69, 749.539, 774.171, 829.332, 777.276, 863.219, 902.834, 900.698, 934.214, 1025.477, 971.376, 997.909, 1003.664, 1038.245, 1044.444, 1063.277]] 
[[455.341, 463.931, 502.282, 519.793, 547.061, 555.149, 493.84, 571.041, 581.47, 611.783, 628.869, 644.599, 683.954, 722.889, 762.007, 832.18, 776.846, 882.281, 945.962, 1002.088, 1041.791, 1067.875, 1098.808]] 
[[519.288, 634.932, 558.871, 643.03, 679.264, 713.259, 696.438, 648.497, 654.822, 661.551, 678.586, 691.473, 721.15, 757.91, 727.03, 715.469, 674.938]] 
[[518.453, 460.077, 551.225, 592.923, 622.067, 645.851, 682.664, 707.979, 642.273, 664.808, 708.462, 729.312, 794.579, 743.486, 815.657, 816.63, 907.376, 850.285, 926.578, 988.211, 1055.894, 1127.068, 1201.2649999999999]] 
[[494.899, 495.178, 486.543, 534.738, 570.448, 570.369, 586.159, 607.48, 636.824, 669.29, 665.185, 693.471, 726.175, 757.978, 773.599]] 
[[582.071, 554.995, 537.208, 2699.2780000000002, 1609.967, 1833.75, 659.892, 692.297, 875.047, 854.781, 688.715, 1832.815, 2094.132, 606.637, 820.526, 4262.932, 875.65, 786.359, 875.481]] 
[[468.627, 473.862, 472.314, 490.619, 522.215, 466.082, 550.448, 578.5, 586.148, 643.705, 671.846, 617.296, 438.763, 653.347, 684.876, 726.603, 426.142, 761.84, 451.003, 838.746, 785.534, 865.22, 468.064, 529.689, 479.547, 840.107, 528.329, 944.844, 849.374, 588.506, 881.633, 599.726, 937.513, 969.743, 1007.097]] 
[[427.036, 411.917, 466.886, 486.535, 437.771, 508.655, 525.461, 421.729, 617.728, 559.234, 438.032, 619.48, 454.626, 461.55, 601.921, 642.894, 476.809, 518.013, 662.414, 737.368, 683.137, 530.605, 763.127, 565.969, 782.764, 596.287, 783.656, 590.968, 631.366, 658.708, 791.114, 860.242, 667.264, 912.715, 702.216, 931.194, 750.747, 928.954]] 
[[422.473, 415.61, 430.07, 479.127, 419.834, 478.23, 519.577, 429.911, 526.636, 565.962, 420.728, 449.118, 484.79, 584.021, 621.237, 526.52, 455.675, 572.302, 572.105, 656.22, 599.643, 678.32, 585.95, 711.895, 609.562, 737.736, 777.733, 635.535, 674.697, 709.948, 718.862, 710.212, 751.194, 779.884, 817.355, 845.791]] 
[[449.861, 425.854, 543.51, 494.577, 564.83, 624.885, 428.494, 636.09, 437.822, 649.949, 512.333, 676.972, 456.485, 710.927, 744.926, 537.352, 761.712, 782.525, 828.708, 844.642, 874.191, 913.279, 442.682, 891.983, 974.225, 918.558, 1008.602, 392.206, 1069.454, 411.872, 1469.45, 417.348, 1051.375]] 
[[462.152, 473.846, 471.834, 495.865, 474.37, 494.805, 524.787, 456.324, 508.77, 543.559, 558.275, 493.939, 594.079, 628.165, 667.361, 501.483, 530.484, 668.331, 706.942, 741.218, 510.908, 742.908, 543.142, 579.086, 771.018, 604.551, 792.034, 619.227, 805.768, 1392.796, 603.381, 839.15, 785.661, 624.549, 850.384]] 
[[440.276, 454.234, 430.598, 476.732, 567.043, 503.474, 483.586, 425.663, 553.629, 496.877, 553.414, 620.805, 583.266, 553.526, 620.177, 566.794, 625.055, 599.743, 600.18, 676.043, 626.965, 584.77, 678.992, 711.086, 656.75, 497.089, 526.061, 644.829, 533.816, 678.746]] 
[[437.022, 443.144, 471.606, 501.914, 535.372, 492.709, 562.43, 599.643, 498.998, 521.005, 528.288, 546.254, 548.458, 543.891, 580.595, 613.769, 687.668, 639.827, 464.163, 473.62, 647.977, 658.04, 695.788, 459.643, 496.21, 392.489, 528.989, 640.422]] 
[[438.167, 431.693, 454.255, 493.898, 535.02, 496.301, 431.231, 521.565, 533.764, 544.059, 599.207, 546.658, 598.385, 541.45, 583.05, 688.152, 601.492, 614.107, 554.303, 576.087, 660.751, 615.95, 735.099, 684.572, 589.521, 743.814, 777.816, 802.29, 581.628, 601.738, 792.997, 598.698, 669.326, 624.064, 788.344]] 
[[424.494, 417.512, 437.292, 430.525, 430.963, 448.922, 425.004, 438.005, 464.703, 443.891, 395.774, 481.838, 441.886, 484.673, 455.019, 496.001, 537.678, 567.27, 659.226, 728.173, 410.988, 424.386, 480.177, 558.003, 694.46, 631.586, 715.103]] 
[[419.611, 405.704, 466.06, 466.904, 454.922, 417.44, 490.499, 446.494, 520.141, 524.548, 464.701, 536.087, 538.951, 590.861, 625.944, 430.888, 655.921, 455.11, 496.089, 679.769, 718.407, 529.18, 748.987, 595.343, 763.286, 627.741, 467.224, 658.077, 690.851, 761.732, 716.456, 795.069, 872.795, 798.739, 714.556, 763.895, 444.654, 494.132, 524.719, 762.694, 544.048, 814.472, 568.469, 776.61, 828.111, 802.203, 840.049, 813.571, 916.655, 523.195, 559.905]] 
[[449.537, 506.446, 420.373, 449.35, 446.141, 489.46, 585.34, 524.367, 467.075, 550.999, 495.698, 581.262, 584.145, 478.786, 598.035, 635.485, 405.381, 718.894, 668.977, 492.463, 570.646, 520.209, 553.274, 585.6, 612.419, 667.304, 697.199, 530.427, 565.36, 683.457, 616.184, 699.82, 669.03, 781.614, 711.011, 650.333, 772.763, 674.147, 626.53, 676.672, 789.718, 685.753, 816.411, 685.967, 726.208, 806.231, 757.264, 807.079, 830.653, 640.371]] 
[[488.546, 507.907, 488.986, 465.887, 554.408, 595.145, 520.577, 478.711, 487.589, 499.387, 564.19, 572.205, 606.784, 644.399, 562.399, 639.188, 591.454, 495.145, 691.12, 658.925, 640.752, 516.342, 700.552, 540.547, 824.433, 731.779, 688.656, 627.618, 703.875, 751.404, 818.69, 815.538, 857.129, 895.895, 479.211, 829.138, 912.123, 512.832, 942.944, 817.612, 854.02, 532.769, 959.399, 621.137, 872.737, 920.286, 677.13, 712.252, 978.725, 1020.646, 1047.089, 919.089, 945.212]] 
[[438.92, 434.135, 467.025, 456.107, 537.059, 606.857, 639.686, 502.128, 557.622, 418.398, 452.07, 625.719, 690.676, 499.328, 557.763, 612.561, 515.939, 716.738, 674.488, 548.352, 563.697, 572.019, 720.702, 591.888, 596.66, 747.684, 615.273, 646.514, 613.632, 632.962, 732.417, 666.485, 644.635, 711.365, 756.491, 783.673, 798.669, 671.951, 880.306, 619.238, 1063.631, 932.003, 665.835, 693.144, 1123.902, 1178.077, 706.177]] 
[[417.059, 413.213, 469.801, 419.323, 516.275, 549.31, 443.234, 579.307, 613.143, 427.336, 531.373, 640.02, 465.213, 435.47, 471.882, 688.799, 753.242, 503.972, 523.439, 764.819, 804.875, 841.425, 887.939, 471.063, 493.081, 527.645, 564.147, 892.145, 942.771, 582.072, 976.37, 1024.71, 466.019, 1052.128, 1089.625, 1124.478, 1163.694, 1192.795, 555.0, 1243.037, 1308.121, 1477.6689999999999, 1334.721, 1373.6390000000001, 542.079, 1535.377, 1602.766, 531.114, 611.68, 551.123, 699.769, 1588.559, 626.931, 1604.22]] 
[[450.194, 434.943, 430.085, 475.82, 447.961, 417.499, 511.09, 456.67, 486.799, 419.547, 475.102, 503.564, 586.62, 503.258, 607.902, 561.284, 641.222, 692.595, 767.005, 408.12, 598.674, 455.455, 631.181, 778.359, 453.872, 490.927, 625.614, 651.495, 505.248, 533.921, 677.397, 560.876, 711.656, 591.419, 709.129, 624.938, 720.323, 776.711, 724.242, 610.349, 682.904, 608.364, 709.918, 628.122, 672.045, 694.368, 765.541, 709.23, 798.748, 691.931, 666.821, 726.781]] 
[[586.365, 442.743, 499.774, 632.871, 445.821, 470.787, 412.536, 697.13, 594.964, 524.37, 558.402, 597.601, 633.552, 651.328, 576.572, 398.213, 637.425, 676.105, 426.897, 641.128, 460.69, 696.07, 479.681, 719.954, 631.429, 675.204, 728.803, 706.017, 751.879, 436.027, 774.268, 463.781, 803.053, 548.314, 595.664, 616.607, 636.629, 767.174, 653.038, 616.062, 658.231, 692.591, 667.138, 823.145, 754.876, 686.218]] 
[[469.525, 413.815, 503.434, 423.856, 539.769, 426.137, 413.185, 527.054, 435.045, 563.328, 595.316, 447.537, 419.362, 461.815, 605.149, 499.436, 493.169, 528.143, 615.244, 514.211, 646.158, 727.085, 525.232, 581.011, 557.6, 600.646, 633.825, 710.581, 558.974, 593.827, 733.563, 620.631, 814.288, 759.19, 643.515, 679.653, 594.374, 534.444, 806.393, 841.485, 707.338, 607.703, 736.272, 798.582, 676.98, 761.317, 926.392, 865.114, 810.811, 776.31, 833.683, 877.474, 993.68, 891.788, 929.144]] 
[[399.618, 403.39, 469.566, 427.341, 502.98, 420.43, 522.76, 544.263, 419.581, 454.263, 426.933, 570.523, 496.559, 461.053, 590.396, 491.185, 617.338, 690.181, 630.109, 458.833, 707.325, 455.232, 459.902, 714.801, 753.955, 460.529, 498.648, 559.052, 598.268, 768.29, 632.05, 795.274, 475.649, 426.658, 631.253, 675.181, 479.891, 501.138, 691.479, 749.753, 519.915, 550.049, 730.589, 711.95, 736.034, 554.606, 725.175]] 
[[439.184, 463.027, 531.936, 476.473, 603.508, 416.964, 443.351, 534.74, 627.23, 651.484, 748.635, 694.115, 409.52, 461.545, 412.955, 770.101, 493.448, 806.148, 412.537, 512.483, 438.161, 539.104, 827.821, 780.023, 441.297, 546.096, 837.637, 586.812, 617.165, 658.416, 831.12, 402.525, 471.467, 658.913, 833.031, 734.334, 670.976, 577.818, 500.962, 938.98, 837.776, 576.775, 605.453, 979.237, 765.156, 1038.0720000000001, 657.695, 608.374, 733.627, 687.422, 843.668, 1025.172, 712.136, 757.136, 1047.898]] 
[[409.81, 481.265, 425.473, 448.832, 413.33, 464.423, 538.625, 487.36, 572.45, 449.353, 486.398, 472.296, 560.834, 510.253, 427.392, 588.324, 438.54, 470.611, 1412.851, 611.353, 528.738, 647.196, 581.798, 762.161, 868.542, 422.57, 574.993, 592.808, 625.803, 892.224, 658.372, 626.803, 911.712, 406.48, 678.299, 648.093, 430.768, 914.536, 745.907, 665.094, 448.838, 479.582, 920.343, 511.069, 753.111, 828.257, 785.814, 641.75, 922.267, 844.039, 503.828, 937.7, 649.044, 847.071, 962.057, 875.241, 924.864, 485.433, 651.084, 508.331, 937.809, 946.255, 660.376, 960.074, 992.724, 949.195, 655.839]] 
[[482.305, 480.258, 550.573, 470.346, 496.354, 462.643, 483.575, 461.284, 547.621, 503.118, 432.848, 541.048, 464.595, 501.483, 440.175, 570.269, 470.541, 592.378, 511.988, 519.83, 525.726, 709.793, 554.196, 566.202, 609.91, 637.213, 570.185, 638.248, 593.949, 744.37, 555.78, 451.285, 670.855, 479.751, 523.544, 551.792, 739.525, 621.828, 602.269, 599.471, 627.043, 749.176, 544.648, 486.291, 523.713, 793.176, 637.36, 593.299, 620.909, 590.208, 650.767, 650.253, 816.921, 604.683, 659.329, 660.266, 691.065, 620.667, 686.943, 761.747, 766.347, 637.384, 688.604, 777.257, 828.448, 745.303, 845.226]] 
[[450.058, 437.201, 450.115, 436.56, 450.815, 461.573, 487.443, 465.009, 451.355, 609.393, 507.376, 639.989, 538.948, 444.741, 481.568, 521.196, 648.965, 420.31, 419.528, 663.265, 498.651, 436.088, 686.724, 426.566, 504.456, 448.634, 533.331, 486.308, 722.769, 673.045, 513.518, 463.271, 491.355, 534.477, 728.776, 613.782, 763.702, 544.07, 625.541, 513.78, 568.01, 520.886, 758.636, 633.856, 802.852, 841.204, 651.427, 872.825, 516.481, 557.515, 558.662, 895.164, 722.283, 650.072, 582.217, 563.574, 602.817, 638.593, 883.61, 679.212, 913.771, 536.569, 930.743, 965.283, 604.888, 547.536, 978.215, 623.21]] 
[[413.223, 422.292, 411.282, 442.739, 442.58, 416.469, 463.974, 488.974, 454.976, 467.082, 540.927, 408.616, 469.744, 569.037, 528.355, 420.883, 462.87, 587.877, 541.118, 577.974, 458.526, 605.316, 435.65, 482.061, 485.409, 502.881, 540.482, 572.921, 536.908, 487.41, 559.161, 577.337, 552.989, 616.185, 561.733, 578.778, 561.558, 607.244, 595.532, 709.5, 627.951, 745.671, 672.016, 722.892, 755.526, 760.383, 531.026, 566.346, 776.801, 786.369, 817.722, 583.859, 804.467, 874.789, 1502.105, 654.331, 494.985, 588.617, 662.329, 845.848, 889.802, 680.026, 910.407, 545.669, 737.817, 705.584, 476.315, 724.771]] 
[[466.975, 444.487, 447.49, 454.716, 458.754, 475.734, 511.478, 431.656, 469.926, 456.306, 482.645, 481.619, 546.671, 554.852, 485.216, 485.469, 455.408, 486.261, 489.047, 573.033, 497.744, 614.757, 557.113, 523.607, 533.555, 588.547, 632.004, 548.343, 603.754, 582.652, 637.313, 616.297, 647.365, 621.29, 741.612, 532.32, 631.605, 631.145, 661.836, 635.588, 535.517, 792.075, 737.828, 828.88, 643.759, 666.762, 702.864, 665.407, 515.539, 781.03, 659.044, 685.732, 773.658, 807.51, 846.791, 526.889, 468.598, 867.203, 551.29, 641.707, 698.413, 845.959, 881.473, 546.931, 907.616, 615.986, 676.608, 927.622]] 
[[486.891, 448.643, 431.97, 461.93, 505.486, 668.095, 622.823, 558.626, 509.622, 444.589, 474.593, 427.534, 449.929, 484.914, 514.352, 635.836, 438.745, 451.375, 655.287, 725.56, 529.455, 780.113, 567.056, 435.164, 796.269, 844.601, 883.028, 924.191, 445.862, 955.171, 507.699, 992.025, 404.915, 524.69, 429.481, 432.728, 994.836, 465.687, 533.958, 476.894, 483.602, 1000.447, 596.284, 547.234, 672.531, 539.853, 1008.358, 478.922, 605.038, 1036.638, 723.628, 668.482, 658.688, 572.511, 1054.436, 685.465, 728.681, 413.562, 453.971, 1104.016, 1053.137, 1127.153, 737.03, 772.154, 656.87, 1140.748, 431.45, 1156.371]] 
[[448.518, 484.977, 459.991, 484.942, 502.65, 490.917, 515.093, 460.475, 482.261, 486.011, 525.808, 533.011, 503.768, 539.309, 557.829, 530.304, 563.455, 597.192, 658.708, 561.714, 711.119, 588.995, 447.767, 513.493, 672.093, 622.185, 539.908, 582.444, 702.578, 683.595, 720.344, 724.153, 768.21, 585.88, 815.38, 883.576, 720.945, 606.252, 646.615, 819.992, 678.169, 887.073, 435.56, 485.708, 694.18, 708.666, 852.108, 808.104, 502.914, 758.808, 705.886, 717.186, 516.326, 845.101, 962.282, 541.417, 873.056, 914.214, 862.712, 960.919, 927.541, 963.349, 984.736, 716.536, 655.117, 1011.645, 1050.791, 497.998]] 
[[410.001, 413.41, 504.536, 403.452, 445.003, 432.779, 508.147, 464.026, 427.175, 411.275, 484.95, 448.311, 430.262, 610.389, 498.169, 462.401, 448.091, 529.892, 482.234, 628.985, 676.168, 717.021, 464.865, 500.832, 744.585, 526.315, 426.402, 582.835, 550.038, 745.374, 654.907, 432.357, 780.58, 584.88, 568.053, 822.65, 653.65, 586.828, 633.677, 849.636, 939.314, 676.798, 449.429, 774.082, 711.962, 522.195, 466.443, 600.596, 952.614, 531.462, 614.889, 719.424, 663.619, 547.463, 1237.429, 1070.864, 568.916, 708.22, 1281.488, 605.303, 732.489, 649.36, 773.643, 840.024, 1309.313, 661.571, 1366.667, 881.005]] 
[[482.428, 448.775, 530.132, 458.638, 427.201, 478.34, 596.001, 446.049, 422.384, 453.455, 464.732, 542.837, 491.072, 1066.55, 575.959, 624.191, 600.732, 435.827, 630.694, 430.508, 1048.699, 1088.968, 481.712, 1122.974, 1156.348, 441.949, 486.782, 490.113, 532.393, 601.03, 629.786, 568.625, 549.186, 476.393, 1611.8429999999998, 1118.486, 560.229, 1589.97, 886.898, 878.099, 579.341, 1532.924, 852.575, 840.592, 830.762, 827.981, 1119.41, 845.758, 1153.646, 1051.289, 480.013, 894.26, 776.935, 971.238, 1148.552, 481.801, 1460.702, 751.044, 733.98, 730.283, 1140.969, 744.878, 948.953, 1031.276, 970.911, 668.534, 664.645, 1040.164]] 
[[413.774, 441.349, 428.359, 425.59, 434.018, 464.543, 459.142, 493.843, 1409.989, 417.921, 494.947, 614.601, 442.817, 535.979, 428.665, 624.417, 656.2, 492.226, 538.849, 678.879, 409.67, 448.39, 419.498, 481.034, 488.87, 537.225, 570.163, 662.049, 504.549, 698.528, 729.03, 464.149, 516.719, 748.639, 502.445, 544.547, 524.186, 644.884, 679.272, 578.885, 702.348, 734.853, 715.926, 769.982, 806.547, 733.617, 765.576, 433.766, 505.328, 801.698, 776.643, 861.222, 904.155, 437.605, 548.585, 933.183, 958.917, 476.7, 602.406, 751.17, 801.133, 959.832, 655.195, 822.683, 979.07, 460.679, 1008.72, 694.773]] 
[[463.9, 437.519, 446.119, 421.844, 441.44, 438.824, 486.343, 467.43, 473.223, 517.782, 476.128, 432.133, 518.891, 540.53, 592.803, 451.524, 539.223, 488.683, 536.892, 612.583, 430.652, 554.375, 601.112, 544.038, 583.999, 439.53, 620.105, 592.882, 655.036, 713.945, 581.222, 620.685, 597.872, 438.882, 475.719, 636.01, 673.409, 603.188, 714.629, 630.105, 709.946, 659.016, 474.27, 719.884, 557.911, 716.999, 750.474, 739.04, 869.014, 662.045, 766.816, 761.535, 794.843, 886.613, 545.773, 767.856, 654.398, 692.078, 599.346, 721.212, 628.266, 532.766, 729.633, 762.685, 628.152, 799.754, 705.027, 741.154]] 
[[427.422, 451.751, 463.372, 425.48, 431.878, 482.186, 460.87, 512.566, 483.732, 536.535, 515.712, 476.41, 543.874, 575.994, 539.26, 483.579, 547.405, 411.957, 452.01, 623.259, 573.734, 603.812, 650.313, 534.116, 477.4, 568.744, 504.823, 665.987, 714.295, 592.127, 837.497, 736.085, 777.65, 504.13, 578.651, 620.804, 659.577, 578.416, 835.94, 925.108, 672.036, 868.089, 581.924, 478.467, 928.885, 650.292, 548.686, 498.232, 582.38, 624.856, 561.856, 692.665, 661.386, 748.916, 610.948, 795.262, 691.21, 717.853, 746.515, 852.176, 855.159, 782.604, 791.124, 860.144, 731.001, 813.83, 872.946, 832.793]] 
[[470.038, 430.731, 432.349, 446.848, 481.136, 478.0, 460.807, 502.218, 430.401, 466.264, 558.391, 467.862, 616.476, 1411.929, 441.16, 459.28, 459.24, 467.419, 513.806, 651.271, 596.129, 471.142, 468.988, 672.536, 707.483, 1426.1309999999999, 736.269, 492.009, 521.968, 767.482, 820.895, 542.217, 495.177, 542.607, 564.503, 600.552, 563.784, 601.84, 623.753, 418.875, 785.106, 617.474, 444.798, 822.234, 472.303, 634.87, 494.568, 829.687, 661.472, 565.075, 572.007, 693.921, 500.823, 826.609, 591.156, 603.228, 630.835, 840.273, 681.978, 624.538, 649.707, 687.874, 723.55, 823.094, 782.034, 695.03, 607.544, 637.882, 819.68]] 
[[445.904, 591.202, 475.3, 425.79, 473.239, 625.609, 510.659, 501.253, 545.651, 422.901, 578.337, 642.501, 501.594, 612.332, 444.257, 660.255, 456.149, 564.066, 514.434, 609.85, 488.985, 587.702, 570.416, 526.597, 616.161, 596.623, 625.997, 643.004, 896.647, 640.896, 604.28, 705.444, 676.434, 834.296, 711.679, 766.104, 715.792, 594.307, 818.256, 888.207, 680.207, 823.288, 757.964, 793.782, 577.965, 607.728, 423.15, 864.462, 902.326, 615.734, 936.01, 432.711, 743.961, 963.169, 668.033, 746.252, 985.873, 1080.084, 1023.587, 420.935, 1172.622, 1076.777, 441.585, 501.313, 594.913, 717.335, 667.627, 649.911, 657.011]] 
[[440.241, 448.152, 437.655, 483.929, 437.894, 486.93, 436.13, 508.515, 541.248, 498.746, 536.853, 465.822, 566.383, 550.269, 608.95, 646.279, 679.539, 574.775, 717.418, 611.678, 762.218, 446.266, 593.046, 509.011, 638.44, 457.25, 1585.5610000000001, 753.568, 492.248, 626.431, 1394.036, 564.006, 498.081, 895.649, 526.273, 632.808, 827.369, 585.985, 647.645, 692.631, 526.933, 671.787, 596.33, 596.598, 752.16, 535.889, 779.025, 834.944, 690.643, 598.873, 1412.3, 847.764, 780.892, 818.645, 703.828, 840.314, 879.734, 634.578, 852.656, 901.565, 978.159, 673.021, 874.423, 689.457, 725.32, 1016.402, 795.375, 917.351, 736.186]] 
[[402.79, 404.317, 409.62, 437.45, 499.439, 425.385, 517.41, 423.617, 416.039, 457.361, 542.042, 449.7, 517.075, 553.793, 434.116, 551.637, 589.529, 639.23, 679.866, 458.842, 570.667, 445.633, 486.257, 600.17, 678.937, 679.88, 624.226, 463.56, 500.265, 705.954, 462.956, 730.466, 522.912, 756.852, 797.636, 540.66, 584.608, 479.151, 812.744, 508.062, 636.017, 864.564, 658.726, 586.447, 629.922, 681.758, 963.21, 906.962, 711.615, 473.346, 978.596, 608.064, 500.284, 1011.318, 701.722, 616.588, 732.076, 642.916, 757.133, 665.734, 714.991, 471.827, 757.075, 794.598, 987.075, 696.658, 809.83, 444.423, 721.051]] 
[[433.309, 465.089, 457.936, 428.437, 397.671, 477.916, 482.172, 456.758, 535.186, 438.786, 506.826, 544.411, 582.997, 518.517, 659.345, 623.425, 601.635, 502.04, 527.142, 508.209, 664.067, 600.813, 673.913, 545.361, 531.206, 600.456, 665.769, 683.875, 743.851, 686.628, 577.755, 515.074, 611.788, 652.9, 743.167, 588.296, 780.086, 529.03, 833.718, 676.769, 600.058, 876.134, 693.136, 640.79, 689.572, 604.664, 637.965, 699.006, 667.239, 899.473, 681.78, 944.963, 718.889, 986.754, 1037.518, 681.22, 714.699, 806.189, 758.188, 749.896, 639.529, 827.729, 869.473, 989.713, 907.131, 765.275]] 
[[405.309, 436.898, 481.205, 402.015, 520.151, 560.264, 433.264, 610.419, 648.501, 468.991, 491.576, 680.318, 524.872, 450.667, 423.154, 512.496, 675.23, 532.856, 704.658, 432.492, 504.417, 566.229, 522.066, 722.034, 540.703, 448.977, 577.007, 478.638, 598.918, 505.879, 544.05, 687.061, 561.924, 593.088, 704.585, 590.551, 623.545, 706.595, 643.074, 685.717, 730.065, 766.494, 802.178, 417.6, 828.529, 856.483, 499.951, 891.503, 631.488, 401.858, 654.681, 437.066, 924.273, 877.282, 452.922, 937.239]] 
[[438.871, 428.045, 467.892, 497.833, 441.798, 463.749, 500.676, 464.728, 416.908, 482.061, 423.771, 506.18, 454.07, 539.016, 589.234, 476.061, 425.866, 586.093, 501.022, 434.147, 461.761, 407.498, 578.766, 454.327, 502.361, 508.36, 558.966, 457.559, 587.328, 559.675, 615.748, 469.652, 649.528, 515.164, 471.109, 565.488, 603.469, 491.295, 516.42, 510.28, 612.663, 527.829, 607.571, 524.896, 568.256, 564.251, 595.282, 598.67, 630.357, 599.75, 655.179, 659.544, 525.68, 585.893, 639.378, 548.169, 588.587, 678.851]] 
[[451.137, 454.802, 534.235, 441.545, 459.11, 484.099, 545.172, 456.025, 512.842, 497.817, 479.818, 522.256, 547.911, 473.727, 586.253, 615.904, 474.577, 494.292, 462.978, 614.736, 1440.4189999999999, 499.034, 464.818, 622.774, 495.355, 515.324, 433.541, 615.233, 516.723, 495.44, 623.663, 526.971, 571.761, 616.474, 609.349, 456.86, 436.341, 496.088, 494.155, 604.702, 688.917, 576.216, 605.792, 608.504, 744.098, 691.489, 462.379, 489.242]] 
[[461.031, 478.643, 465.052, 480.984, 472.796, 547.245, 497.108, 556.491, 474.651, 443.446, 464.185, 473.323, 565.015, 518.001, 467.631, 445.551, 548.415, 461.206, 473.46, 553.984, 597.416, 644.416, 739.222, 682.166, 546.335, 766.29, 465.572, 483.804, 531.61, 517.421, 477.428, 732.406, 568.984, 507.019, 532.193, 716.512, 538.195, 478.219, 741.043, 492.587, 542.467, 579.954, 493.04, 518.808, 482.053, 517.873, 538.681, 516.848, 654.816, 674.455, 526.11]] 
[[470.169, 473.293, 413.965, 492.823, 413.886, 514.356, 464.971, 513.549, 523.269, 572.279, 416.806, 445.182, 585.177, 521.596, 442.487, 560.53, 441.422, 584.853, 470.472, 610.173, 492.613, 527.443, 542.865, 542.666, 599.545, 542.921, 412.847, 546.124, 592.362, 416.123, 613.714, 702.916, 543.812, 420.059, 581.632, 607.602, 726.654, 763.812, 430.474, 468.404, 412.759, 440.553, 767.105, 477.028, 458.686, 497.973, 491.656, 543.978, 757.991, 514.298, 518.673, 799.688, 747.083, 523.035, 825.666, 860.765, 543.336]] 
[[416.328, 450.249, 491.315, 419.695, 432.336, 443.558, 420.949, 471.725, 474.99, 537.84, 434.525, 569.433, 455.478, 486.596, 592.226, 646.894, 423.182, 454.975, 683.158, 481.71, 478.942, 703.694, 750.383, 758.843, 503.345, 419.464, 429.268, 512.327, 514.537, 453.43, 436.234, 738.298, 528.874, 765.796, 800.781, 553.927, 442.127, 823.578, 518.152, 463.008, 571.223, 550.062, 590.74, 834.897, 449.027, 878.837, 485.604, 901.114, 534.554, 608.431, 550.116, 907.178, 536.764, 560.303, 448.054, 584.919, 604.346, 446.686]] 
[[462.283, 439.671, 448.856, 478.783, 440.296, 471.642, 468.413, 430.669, 514.232, 499.907, 450.092, 453.12, 517.908, 561.694, 431.371, 465.901, 468.036, 497.65, 518.516, 471.994, 580.268, 619.252, 533.925, 563.784, 637.788, 673.983, 580.464, 620.861, 413.866, 648.532, 422.963, 428.685, 657.987, 429.536, 431.844, 515.817, 464.749, 605.699, 684.448, 640.812, 413.824, 509.299, 690.735, 535.447, 423.295, 453.233, 744.514, 541.667, 697.752, 793.976, 727.835, 421.801, 795.649, 500.078, 823.175]] 
[[423.27, 430.341, 409.387, 423.165, 465.559, 431.247, 513.941, 436.148, 600.063, 549.727, 410.759, 448.055, 440.43, 440.744, 466.375, 592.369, 653.874, 437.842, 482.981, 524.962, 472.055, 403.679, 591.569, 487.274, 526.482, 517.804, 554.971, 614.187, 419.801, 639.815, 673.371, 714.526, 438.613, 748.496, 573.793, 528.478, 563.321, 757.095, 582.616, 417.416, 522.043, 474.76, 750.385, 535.821, 542.469, 576.777, 549.605, 574.86, 583.335, 454.647, 595.646, 475.693, 634.705, 696.079, 476.762, 630.014]] 
[[482.022, 437.582, 431.525, 481.351, 444.739, 426.618, 467.248, 478.71, 476.475, 659.967, 482.153, 543.219, 630.927, 657.002, 439.501, 532.362, 615.736, 671.768, 436.248, 447.316, 692.543, 735.6, 535.039, 469.535, 567.856, 755.454, 781.152, 583.56, 608.483, 650.257, 1755.306, 495.362, 661.775, 696.031, 736.205, 683.539, 485.702, 987.551, 731.01, 503.976, 996.847, 518.793, 720.298, 548.035, 1013.446, 648.566, 566.907, 672.695, 691.096, 681.94, 716.572, 510.235, 716.151, 538.607, 743.443, 894.766]] 
[[503.701, 443.458, 462.201, 448.359, 472.957, 444.059, 468.712, 460.337, 493.343, 443.87, 456.808, 460.105, 522.178, 604.696, 556.642, 494.492, 437.725, 423.288, 517.426, 622.77, 545.806, 464.523, 564.45, 616.63, 432.714, 641.955, 448.462, 698.756, 667.045, 432.685, 506.257, 468.313, 541.029, 450.39, 659.62, 468.812, 501.554, 657.994, 525.316, 533.985, 428.709, 478.817, 516.02, 550.863, 551.007, 570.201, 569.945, 596.618, 566.231, 633.924, 603.323, 448.875, 569.273, 552.656, 605.696]] 
[[473.562, 488.557, 499.476, 508.813, 498.825, 455.961, 495.553, 541.661, 478.196, 478.684, 557.794, 479.109, 485.356, 497.899, 535.547, 558.932, 459.573, 485.451, 485.377, 582.23, 511.515, 555.703, 529.817, 568.136, 583.707, 476.007, 540.977, 599.439, 549.896, 529.889, 461.458, 601.559, 558.825, 539.987, 590.06, 459.859, 606.225, 461.462, 630.942, 503.513, 515.338, 702.679, 548.079, 730.666, 576.352, 524.048, 484.542, 632.51, 520.028, 672.821, 566.45, 734.646, 614.618, 657.781, 660.109]] 
[[465.962, 416.718, 438.324, 437.973, 477.383, 447.141, 434.851, 489.082, 463.316, 514.634, 480.967, 543.267, 468.954, 553.519, 473.477, 496.411, 574.685, 534.062, 572.101, 596.35, 622.629, 427.767, 603.518, 433.719, 445.888, 632.166, 611.791, 464.222, 482.311, 421.754, 614.404, 653.848, 464.25, 486.699, 554.913, 599.403, 548.977, 629.475, 614.924, 648.124, 689.476, 723.178, 611.564, 427.09, 649.548, 733.381, 680.151, 426.049, 509.344, 455.532, 491.988, 430.796, 384.611, 753.798, 1231.152]] 
[[425.59, 410.668, 418.731, 526.129, 420.242, 441.487, 408.041, 449.796, 471.539, 481.333, 506.507, 481.672, 521.1, 476.064, 501.003, 445.046, 539.585, 531.065, 585.507, 448.49, 555.873, 609.671, 480.049, 460.704, 633.261, 671.889, 566.653, 705.059, 456.579, 503.56, 541.593, 575.594, 544.698, 410.393, 582.3, 579.053, 418.361, 626.162, 607.016, 676.766, 586.761, 671.4, 612.38, 720.152, 772.744, 407.219, 677.233, 421.883, 1422.107, 746.156, 439.951, 753.483, 786.444, 670.393, 440.59, 678.737]] 
[[434.666, 438.793, 461.222, 494.655, 584.363, 524.171, 436.332, 679.952, 612.213, 483.78, 432.867, 445.415, 692.801, 569.838, 489.559, 450.203, 494.416, 577.197, 414.629, 502.087, 528.913, 588.281, 433.574, 632.058, 468.134, 503.388, 536.161, 614.549, 529.602, 625.799, 662.133, 635.837, 665.117, 547.137, 605.03, 660.946, 501.956, 629.136, 658.491, 745.399, 508.418, 624.941, 815.676, 657.905, 819.558, 488.871, 651.632, 690.236, 832.583, 728.048, 532.408, 852.097, 453.822, 492.781, 534.155, 617.322, 676.507, 538.014]] 
[[417.772, 423.664, 455.497, 465.254, 499.348, 435.451, 478.552, 476.914, 469.058, 415.712, 509.961, 506.562, 500.862, 476.384, 446.587, 521.682, 445.656, 640.16, 444.392, 454.018, 508.591, 496.212, 638.358, 436.165, 678.385, 755.8, 408.143, 491.743, 420.192, 452.833, 504.887, 539.04, 435.546, 563.418, 493.363, 589.134, 550.859, 492.354, 609.307, 649.882, 555.581, 682.878, 723.368, 754.79, 587.674, 434.801, 758.019, 462.705, 500.961, 771.057, 798.591, 500.673, 815.857, 887.391, 836.787]] 
average response time [0]469.28
average response time [1]445.766
average response time [2]434.467
average response time [3]395.636
average response time [4]443.729
average response time [5]415.023
average response time [6]403.859
average response time [7]381.301
average response time [8]389.752
average response time [9]415.622
TOTAL AVERAGE RESPONSE TIME ====================: 419.4435
NUMBER OF THREADS ==============================: 1
average response time [10]482.202
average response time [11]458.827
average response time [12]460.611
average response time [13]452.593
average response time [14]452.153
average response time [15]425.75300000000004
average response time [16]425.93550000000005
average response time [17]436.3815
average response time [18]460.11
average response time [19]426.79049999999995
TOTAL AVERAGE RESPONSE TIME ====================: 448.13565
NUMBER OF THREADS ==============================: 2
average response time [20]475.45375
average response time [21]485.6275
average response time [22]524.2915
average response time [23]507.8815
average response time [24]467.4855
average response time [25]466.694
average response time [26]461.75649999999996
average response time [27]511.28999999999996
average response time [28]451.52750000000003
average response time [29]475.78275
TOTAL AVERAGE RESPONSE TIME ====================: 482.77905
NUMBER OF THREADS ==============================: 4
average response time [30]590.003875
average response time [31]561.719375
average response time [32]528.301
average response time [33]564.623125
average response time [34]601.05775
average response time [35]549.0074999999999
average response time [36]566.445625
average response time [37]610.34225
average response time [38]604.925625
average response time [39]554.244875
TOTAL AVERAGE RESPONSE TIME ====================: 573.0671
NUMBER OF THREADS ==============================: 8
average response time [40]716.3789375
average response time [41]718.7940625
average response time [42]755.5256875
average response time [43]816.4486875
average response time [44]684.9855625
average response time [45]708.80425
average response time [46]707.5255
average response time [47]804.7105
average response time [48]696.7419375
average response time [49]715.0419375
TOTAL AVERAGE RESPONSE TIME ====================: 732.49570625
NUMBER OF THREADS ==============================: 16
average response time [50]1055.08215625
average response time [51]1176.13296875
average response time [52]1047.20521875
average response time [53]1041.73071875
average response time [54]1113.03196875
average response time [55]1054.64125
average response time [56]653.4573571428572
average response time [57]760.5080476190476
average response time [58]788.213294117647
average response time [59]703.8153333333333
TOTAL AVERAGE RESPONSE TIME ====================: 939.3818313462887
NUMBER OF THREADS ==============================: 32
average response time [60]886.3523103448276
average response time [61]1564.3582432432431
average response time [62]843.5557407407407
average response time [63]933.7680303030303
average response time [64]989.8374
average response time [65]814.75432
average response time [66]734.0279545454546
average response time [67]677.7572
average response time [68]689.1603333333334
average response time [69]740.3471818181818
TOTAL AVERAGE RESPONSE TIME ====================: 887.3918714328813
NUMBER OF THREADS ==============================: 64
average response time [70]673.0478888888889
average response time [71]758.774
average response time [72]814.4672692307693
average response time [73]793.1576666666667
average response time [74]712.6886956521739
average response time [75]669.2063529411764
average response time [76]771.8749130434783
average response time [77]617.8890666666666
average response time [78]1249.607
average response time [79]651.3688
TOTAL AVERAGE RESPONSE TIME ====================: 771.208165308982
NUMBER OF THREADS ==============================: 65
average response time [80]621.2392631578947
average response time [81]593.7350833333334
average response time [82]695.3842121212122
average response time [83]630.3186285714286
average response time [84]565.6739666666666
average response time [85]543.2119285714285
average response time [86]601.4129142857142
average response time [87]500.8722962962963
average response time [88]618.0876274509803
average response time [89]619.15736
TOTAL AVERAGE RESPONSE TIME ====================: 598.9093280454955
NUMBER OF THREADS ==============================: 66
average response time [90]693.9719433962264
average response time [91]657.0340638297872
average response time [92]794.6114259259259
average response time [93]597.3815192307692
average response time [94]611.8940652173914
average response time [95]640.9016909090909
average response time [96]565.1052765957447
average response time [97]648.6843454545455
average response time [98]663.2039552238806
average response time [99]599.7933880597014
TOTAL AVERAGE RESPONSE TIME ====================: 647.2581673843063
NUMBER OF THREADS ==============================: 67
average response time [100]599.9171029411765
average response time [101]602.98525
average response time [102]610.2188382352941
average response time [103]653.3512205882353
average response time [104]665.596455882353
average response time [105]644.1429852941177
average response time [106]767.653
average response time [107]627.2228235294118
average response time [108]603.9369852941177
average response time [109]629.9514117647059
TOTAL AVERAGE RESPONSE TIME ====================: 640.4976073529413
NUMBER OF THREADS ==============================: 68
average response time [110]617.3813913043479
average response time [111]661.3829710144928
average response time [112]687.9286956521739
average response time [113]615.7301449275362
average response time [114]653.6259393939393
average response time [115]594.8215357142857
average response time [116]529.889327586207
average response time [117]552.310375
average response time [118]542.1992352941177
average response time [119]547.1248947368421
TOTAL AVERAGE RESPONSE TIME ====================: 600.2394510623943
NUMBER OF THREADS ==============================: 69
average response time [120]559.0521551724138
average response time [121]540.3377636363637
average response time [122]533.5750357142857
average response time [123]634.58575
average response time [124]523.7378363636363
average response time [125]546.2945272727272
average response time [126]546.1384909090909
average response time [127]562.5439642857143
average response time [128]577.6857586206896
average response time [129]550.3423818181818
TOTAL AVERAGE RESPONSE TIME ====================: 557.4293663793104
NUMBER OF THREADS ==============================: 70
average response time sent to Stackdriver [0]485.6275
average response time sent to Stackdriver [1]566.445625
average response time sent to Stackdriver [2]707.5255
average response time sent to Stackdriver [3]1047.20521875
average response time sent to Stackdriver [4]703.8153333333333
average response time sent to Stackdriver [5]989.8374
average response time sent to Stackdriver [6]758.774
average response time sent to Stackdriver [7]617.8890666666666
average response time sent to Stackdriver [8]630.3186285714286
average response time sent to Stackdriver [9]657.0340638297872
average response time sent to Stackdriver [10]663.2039552238806
average response time sent to Stackdriver [11]665.596455882353
average response time sent to Stackdriver [12]661.3829710144928
average response time sent to Stackdriver [13]542.1992352941177
average response time sent to Stackdriver [14]546.2945272727272
NUMBER OF THREADS: [1, 2, 4, 8, 16, 32, 64, 65, 66, 67, 68, 69, 70]
WORKLOAD: HFU_LV;  
TOTAL EXECUTION TIME (Concurrent Parallel Requests): 163285.353
NUMBER OF REPLICAS USED: 5

