[[415.885]] 
[[519.563]] 
[[416.264]] 
[[416.555]] 
[[415.363]] 
[[419.017]] 
[[415.956]] 
[[415.942]] 
[[416.717]] 
[[416.443]] 
[[417.683, 414.058]] 
[[416.015, 411.662]] 
[[416.436, 415.182]] 
[[373.997, 370.492]] 
[[457.868, 456.603]] 
[[416.471, 412.204]] 
[[415.53, 412.023]] 
[[415.893, 415.573]] 
[[416.486, 414.932]] 
[[415.184, 414.787]] 
[[418.976, 417.761, 411.827, 407.91]] 
[[415.398, 411.828, 406.58, 406.172]] 
[[414.847, 410.46, 405.98, 402.004]] 
[[365.911, 370.271, 370.141, 365.389]] 
[[367.0, 367.649, 367.034, 365.407]] 
[[351.137, 357.066, 339.494, 338.629]] 
[[443.223, 442.087, 437.649, 434.343]] 
[[412.122, 414.077, 406.814, 406.272]] 
[[414.938, 411.618, 411.145, 405.019]] 
[[415.02, 413.749, 410.544, 405.394]] 
[[421.502, 412.138, 413.181, 405.286, 405.865, 402.851, 395.142, 391.854]] 
[[412.822, 404.375, 400.844, 396.734, 397.478, 391.89, 390.946, 391.072]] 
[[408.235, 412.075, 403.78, 396.821, 397.051, 392.459, 385.016, 387.105]] 
[[404.804, 401.934, 401.767, 397.972, 391.799, 384.935, 381.796, 377.665]] 
[[422.865, 421.897, 422.034, 417.765, 420.0, 414.332, 412.92, 417.338]] 
[[414.47, 405.576, 404.172, 401.726, 398.657, 389.844, 390.928, 383.608]] 
[[409.079, 403.351, 402.006, 400.784, 397.424, 393.546, 389.619, 384.343]] 
[[408.816, 409.622, 405.431, 398.881, 395.367, 406.091, 386.967, 385.508]] 
[[396.863, 401.586, 388.455, 389.315, 386.057, 380.451, 379.546, 373.14]] 
[[413.931, 405.006, 404.377, 396.741, 397.043, 394.445, 384.76, 385.846]] 
[[523.871, 525.342, 505.729, 511.404, 497.257, 500.305, 500.511, 496.59, 493.089, 494.181, 483.96, 485.605, 482.969, 478.284, 469.08, 472.293]] 
[[404.023, 386.148, 383.122, 390.653, 378.974, 383.206, 368.01, 369.577, 374.057, 366.325, 365.833, 358.783, 358.627, 358.103, 354.626, 353.305]] 
[[335.142, 335.735, 334.178, 338.619, 356.72, 334.319, 346.597, 345.358, 334.643, 338.677, 355.88, 358.148, 347.921, 356.431, 355.953, 359.957]] 
[[400.599, 390.628, 378.233, 395.151, 379.84, 386.505, 362.666, 374.901, 360.865, 367.165, 364.402, 358.668, 356.789, 350.417, 347.689, 344.605]] 
[[394.245, 411.367, 402.371, 399.222, 399.685, 389.288, 387.704, 377.121, 376.117, 375.208, 371.925, 369.06, 359.669, 351.246, 358.129, 354.726]] 
[[395.502, 389.214, 387.543, 382.074, 380.788, 380.789, 369.832, 370.094, 373.633, 363.981, 363.709, 367.846, 366.476, 371.377, 362.443, 367.007]] 
[[353.126, 389.061, 345.569, 370.416, 377.134, 369.137, 369.779, 363.935, 361.475, 360.853, 375.511, 355.656, 351.345, 364.655, 354.171, 361.907]] 
[[379.598, 391.266, 372.12, 371.621, 364.809, 362.532, 365.756, 358.676, 361.609, 361.652, 350.769, 354.163, 347.688, 343.255, 346.369, 342.582]] 
[[394.484, 393.881, 392.445, 382.142, 390.053, 376.108, 377.801, 383.264, 373.124, 371.144, 370.525, 368.285, 363.543, 358.885, 352.698, 350.109]] 
[[388.419, 384.77, 384.325, 382.274, 380.315, 384.108, 379.252, 367.441, 381.766, 370.804, 367.42, 360.116, 356.535, 357.406, 355.017, 350.006]] 
[[360.561, 345.167, 351.562, 364.659, 350.335, 362.854, 357.331, 361.246, 365.528, 374.637, 360.409, 375.381, 378.172, 378.64, 389.206, 394.115, 374.917, 405.378, 421.937, 432.885, 435.159, 425.745, 422.437, 421.803, 419.598, 412.683, 412.303, 414.761, 419.827, 427.011, 433.651, 452.366]] 
[[384.65, 350.14, 387.583, 353.145, 376.177, 376.487, 397.209, 388.391, 430.308, 405.53, 410.54, 405.08, 412.025, 398.952, 407.557, 414.398, 411.55, 410.021, 418.517, 416.233, 402.074, 418.904, 436.756, 449.243, 444.541, 441.844, 433.948, 418.573, 433.623, 475.315, 455.386, 434.337]] 
[[408.825, 462.091, 498.871, 508.247, 521.069, 555.235, 711.903, 675.446, 597.268, 561.209, 704.006, 590.142, 735.224, 776.174, 758.682, 780.511, 806.034, 883.917, 849.919, 819.687, 923.251, 973.534, 1057.391, 951.174, 1020.782, 988.901, 973.153, 1064.31, 1103.449, 1193.716, 1151.472, 1103.017]] 
[[423.309, 394.944, 525.57, 441.878, 483.414, 561.528, 584.407, 529.348, 607.628, 657.687, 711.511, 680.629, 627.694, 732.74, 753.494, 848.198, 790.807, 905.159, 881.698, 931.469, 952.692, 995.722, 967.171, 1022.124, 1043.782, 1070.797, 1130.974, 1152.472, 1091.563, 1197.356, 1169.116, 1228.479]] 
[[420.563, 391.115, 356.701, 433.609, 486.335, 451.641, 506.706, 553.619, 526.052, 572.326, 624.987, 598.979, 645.567, 695.831, 665.27, 715.03, 763.202, 735.695, 782.587, 868.451, 830.52, 798.435, 875.413, 984.677, 920.223, 1006.966, 1054.972, 1102.204, 1059.854, 1136.216, 1172.815, 1097.872]] 
[[408.866, 354.594, 373.505, 426.444, 447.106, 477.662, 498.846, 519.925, 547.261, 566.799, 591.913, 614.642, 657.584, 697.308, 746.753, 716.292, 767.459, 819.802, 787.326, 1035.467, 889.649, 827.062, 852.119, 964.906, 903.208, 1168.78, 1057.829, 1105.912, 1214.456, 1268.933, 1316.503, 1367.7939999999999]] 
[[642.997, 587.595, 435.061, 434.682, 477.953, 527.875, 802.446, 736.302, 730.316, 1063.663, 961.162, 850.414, 1009.908, 903.889, 1114.401, 1224.228, 1274.548, 1167.166, 1264.224, 1279.029, 1269.344, 1259.4470000000001, 1249.72, 1286.144, 1276.902, 1283.997, 1294.733, 1290.8229999999999, 1273.106, 1295.42, 1297.723, 1280.8319999999999]] 
[[341.948, 333.299, 340.678, 336.622, 353.282, 350.25, 348.621, 349.24, 343.562, 340.929, 340.991, 335.441, 338.449, 336.184, 340.468, 346.143, 332.394, 338.048, 334.457, 333.996, 340.144, 359.326, 361.004, 355.225, 352.54, 349.692, 343.109, 342.586, 338.712, 338.456, 335.213, 339.15]] 
[[334.096, 359.057, 343.331, 339.394, 355.481, 340.935, 370.974, 367.495, 380.915, 392.569, 375.847, 372.512, 366.222, 362.381, 373.223, 385.322, 365.445, 361.026, 380.344, 393.74, 367.154, 366.598, 368.043, 364.78, 360.079, 355.749, 366.938, 363.874, 361.848, 360.531, 356.267, 348.566]] 
[[354.938, 335.126, 345.761, 355.057, 350.962, 339.775, 370.544, 342.144, 369.923, 352.894, 375.605, 362.085, 356.535, 340.74, 365.272, 349.823, 362.99, 350.14, 349.515, 360.582, 352.354, 346.998, 352.194, 342.449, 348.876, 350.921, 350.95, 374.622, 359.577, 355.842, 355.547, 357.853]] 
[[434.903, 430.688, 458.121, 441.008, 424.134, 435.444, 433.399, 423.057, 410.227, 423.357, 410.561, 413.641, 418.929, 416.032, 381.717, 394.777, 377.143, 383.464, 378.897, 386.03, 386.781, 452.706, 380.932, 441.622, 371.52, 365.31, 433.122, 430.608, 423.601, 427.081, 421.347, 406.7, 486.755, 491.071, 493.091, 455.283, 677.375, 678.713, 668.112, 677.944, 671.179, 685.077, 665.984, 648.151, 657.605, 647.172, 654.471, 643.535, 657.355, 644.795, 632.959, 630.599, 639.187, 619.846, 626.059, 615.803, 619.098, 609.311, 597.974, 608.168, 611.627, 600.817, 590.48, 586.676]] 
[[366.935, 360.576, 365.935, 364.56, 362.638, 355.514, 361.2, 366.012, 360.506, 347.084, 360.936, 357.292, 356.63, 435.713, 434.841, 452.732, 430.152, 472.846, 435.964, 425.395, 419.048, 432.447, 447.715, 426.84, 432.115, 391.985, 449.173, 426.058, 399.506, 412.526, 401.836, 423.069, 429.031, 431.242, 441.517, 426.836, 401.235, 416.441, 418.847, 421.233, 419.312, 422.636, 418.644, 416.858, 415.532, 415.11, 413.898, 422.132, 414.912, 413.236, 410.267, 413.656, 418.315, 405.852, 407.137, 407.82, 396.965, 553.069, 400.457, 548.866, 545.508, 541.285, 539.909, 536.134]] 
[[345.401, 345.292, 343.232, 338.954, 343.301, 344.201, 340.802, 353.775, 347.408, 359.894, 349.7, 340.534, 347.993, 350.992, 390.956, 363.077, 359.052, 375.772, 374.376, 353.905, 374.307, 351.053, 342.868, 366.808, 356.266, 359.098, 357.396, 360.324, 356.006, 361.198, 361.6, 382.583, 356.117, 365.32, 358.45, 350.45, 347.94, 356.902, 359.039, 360.839, 352.294, 354.575, 353.685, 360.243, 359.729, 348.289, 351.475, 352.027, 357.223, 349.121, 352.986, 358.191, 347.242, 345.662, 349.845, 344.88, 347.008, 339.544, 349.482, 338.651, 345.451, 339.414, 340.862, 336.483]] 
[[341.301, 351.449, 336.936, 349.103, 354.224, 446.432, 445.619, 468.92, 474.373, 454.865, 433.831, 459.882, 412.998, 470.659, 478.99, 494.097, 429.319, 462.929, 471.912, 464.277, 386.906, 396.107, 400.854, 410.717, 452.659, 447.868, 379.57, 426.096, 404.53, 406.184, 367.521, 389.026, 390.091, 429.123, 421.604, 412.85, 419.256, 418.919, 418.041, 442.554, 416.358, 412.759, 429.488, 424.563, 421.529, 427.163, 416.288, 417.928, 413.86, 430.352, 423.826, 420.611, 418.949, 413.29, 411.534, 407.966, 443.921, 403.025, 400.612, 436.408, 425.859, 426.394, 427.052, 423.817]] 
[[339.218, 331.725, 350.276, 342.103, 357.734, 402.537, 355.424, 356.669, 415.862, 346.92, 398.778, 395.325, 401.177, 397.617, 369.067, 377.154, 367.178, 358.951, 365.005, 365.307, 356.513, 367.151, 355.919, 356.589, 350.69, 356.403, 349.967, 347.203, 344.484, 345.109, 348.452, 347.725, 355.349, 332.458, 335.003, 338.593, 336.003, 338.92, 335.282, 345.706, 330.251, 342.859, 332.189, 337.99, 334.355, 334.103, 341.529, 378.065, 371.043, 369.591, 380.077, 384.916, 358.83, 358.93, 384.61, 415.302, 435.801, 431.812, 371.41, 398.457, 445.68, 418.774, 411.779, 407.002]] 
[[734.861, 730.535, 737.233, 713.781, 430.522, 710.535, 734.229, 713.828, 442.747, 421.239, 697.715, 709.658, 712.969, 700.712, 696.803, 678.008, 664.506, 685.071, 684.031, 687.042, 658.819, 679.282, 658.937, 639.553, 660.354, 651.941, 642.368, 620.314, 652.641, 643.601, 646.934, 687.181, 639.758, 679.01, 618.079, 621.551, 686.751, 682.155, 675.429, 671.642, 671.556, 668.395, 666.313, 702.354, 701.459, 664.51, 778.762, 777.174, 791.091, 767.872, 1155.8609999999999, 1150.163, 1153.289, 1155.016, 1152.009, 1136.384, 1137.154, 1133.366, 1135.232, 1128.05, 1128.528, 1113.394, 1120.674, 1182.369]] 
[[617.127, 615.808, 608.285, 516.842, 610.869, 671.367, 637.945, 785.061, 846.549, 727.606, 1123.703, 831.307, 743.227, 675.186, 1107.065, 834.51, 2659.901, 1096.89, 1093.149, 868.803, 850.018, 1070.992, 1138.999, 1062.829, 1068.643, 1461.282, 1615.636, 1537.988, 1628.0439999999999, 1063.231, 1148.994, 1639.6979999999999, 1204.902, 1197.16, 1069.738, 1734.114, 1441.084, 1228.474, 1328.617, 1304.876, 2871.424, 1505.307, 1734.771, 1251.266, 1358.922, 1154.268, 1332.491, 1430.759, 1722.6770000000001, 1735.8980000000001, 1583.454, 1941.85, 1935.9099999999999, 1998.5839999999998, 1813.103, 1926.625, 1962.039, 1750.662, 1945.6950000000002, 1857.594, 1816.7150000000001, 1761.788, 1712.2440000000001, 2014.983]] 
[[763.475, 754.555, 769.847, 759.412, 740.733, 741.192, 745.146, 738.486, 734.001, 739.518, 733.92, 730.606, 727.952, 716.211, 720.27, 847.783, 816.515, 784.738, 1184.944, 883.156, 850.942, 744.453, 1159.375, 1164.792, 707.174, 687.005, 1161.284, 1143.857, 1148.338, 1138.493, 1138.761, 1132.813, 1225.5149999999999, 1125.206, 1124.756, 1120.874, 1512.8490000000002, 1443.2359999999999, 1451.824, 1530.104, 1367.647, 1268.799, 1313.969, 1480.867, 1700.47, 1698.8339999999998, 1741.646, 1689.774, 1689.4099999999999, 1685.528, 1804.8110000000001, 1698.358, 1494.042, 1666.838, 1663.772, 1766.579, 1803.828, 1968.8600000000001, 1904.106, 1716.201, 1957.801, 1864.2150000000001, 1808.3890000000001, 1821.6]] 
[[389.244, 434.744, 452.248, 500.669, 395.66, 463.575, 513.531, 554.315, 526.526, 594.933, 571.808, 639.826, 708.513, 754.815, 802.873, 599.851, 771.333, 640.383, 807.743, 707.718, 652.256, 820.456, 893.071, 837.478, 931.555, 903.526, 948.518, 849.892, 968.923, 1000.228, 1143.79, 1096.81, 1037.732, 1164.876, 1238.775, 1259.018, 1306.214, 1275.724, 1196.829, 1166.887, 1389.576, 1409.682, 1303.463, 1552.9740000000002, 1468.475, 1347.377, 1316.807, 1405.551, 1505.87, 1422.873, 1466.998, 1592.045, 1714.887, 1537.807, 1733.591, 1649.6309999999999, 1547.246, 1674.5810000000001, 1588.9450000000002, 1624.609, 1803.904, 1751.559, 1720.2640000000001, 1772.5610000000001]] 
[[357.863, 378.416, 423.42, 445.801, 391.711, 464.459, 481.276, 579.569, 498.857, 523.918, 539.112, 608.094, 580.147, 624.954, 649.689, 667.119, 689.642, 715.701, 761.062, 731.538, 854.734, 773.536, 791.995, 816.904, 864.043, 946.66, 1068.96, 879.935, 898.227, 1017.593, 975.141, 1092.5720000000001, 1067.155, 1116.88, 1159.422, 1135.149, 1179.419, 1197.298, 1317.075, 1215.03, 1289.074, 1231.23, 1325.795, 1248.119, 1343.126, 1365.539, 1388.52, 1430.8890000000001, 1400.37, 1446.893, 1469.473, 1488.096, 1510.341, 1659.505, 1532.2179999999998, 1618.222, 1574.187, 1659.434, 1706.72, 1672.212, 1726.199, 1767.4589999999998, 1867.306, 1810.463]] 
[[399.935, 445.706, 414.779, 360.358, 485.834, 487.265, 534.359, 507.313, 551.903, 568.761, 579.519, 592.928, 615.235, 663.255, 624.047, 653.741, 682.951, 653.03, 687.426, 727.522, 699.728, 768.295, 800.306, 796.877, 832.999, 827.46, 851.004, 861.595, 886.699]] 
[[365.419, 386.657, 383.01, 406.921, 396.768, 422.204, 396.908, 415.875, 434.895, 462.033, 415.595, 405.982, 425.261]] 
[[368.375, 390.456, 444.891, 409.377, 446.201, 463.627, 473.129, 487.315, 483.642, 498.597, 503.895, 539.191, 515.717, 543.754, 564.517, 561.808, 578.483, 588.537, 571.228]] 
[[402.757, 373.225, 407.092, 423.805, 423.236, 438.374, 451.932, 467.449, 490.307, 478.5, 497.601, 520.697, 541.696, 543.761, 563.515, 600.12, 541.285, 550.206, 603.042, 594.016]] 
[[393.239, 389.996, 402.558, 418.561, 476.092, 425.378, 448.086, 477.976, 486.152, 493.382, 496.799, 493.819, 504.435, 528.533, 534.072, 540.028, 502.865]] 
[[361.976, 387.093, 415.418, 382.819, 432.773, 445.095, 462.188, 495.544, 516.672, 537.012, 537.287, 547.311, 561.56, 555.171, 571.415, 593.319, 604.165, 624.553, 630.794, 630.931, 649.99]] 
[[355.926, 418.579, 430.358, 414.507, 503.287, 448.134, 469.225, 517.767, 528.601, 545.47, 569.787, 655.456, 604.489, 663.882, 684.483, 693.287, 717.698, 737.029, 740.06, 745.288, 775.735, 791.446, 816.367, 817.034]] 
[[367.442, 384.64, 404.489, 420.488, 430.738, 500.28, 471.233, 438.53, 542.817, 505.221, 587.143, 532.665, 621.164, 670.724, 680.905, 699.413, 712.49, 726.831, 750.487, 773.622, 788.438, 806.381, 832.302, 878.17, 849.68, 894.225, 814.199, 896.739, 917.25, 913.239]] 
[[378.218, 365.835, 370.339, 393.182, 419.018, 435.637, 484.541, 454.363, 486.673, 490.816, 511.033, 536.658, 556.922, 605.538, 574.18, 613.395, 632.585, 650.988, 646.008, 658.816, 674.058, 697.334]] 
[[351.697, 372.48, 388.058, 409.6, 422.986, 493.357, 443.053, 512.471, 525.083, 555.906, 577.493, 601.292, 609.184, 629.486, 638.06, 659.644, 666.429, 670.194, 686.113, 705.269, 751.904, 717.128, 753.811, 773.568, 776.281, 794.131, 810.337, 855.917, 817.741]] 
[[368.896, 417.021, 461.221, 431.575, 469.099, 480.917, 482.919, 500.705, 520.448, 565.853, 537.774, 585.877, 598.583, 608.221, 617.819, 645.087, 612.623, 641.602, 646.384, 664.205, 664.313, 673.246]] 
[[382.539, 357.259, 439.713, 388.259, 476.281, 518.43, 534.725, 594.423, 623.989, 668.211, 641.69, 718.731, 675.3, 765.161, 728.052, 737.528, 756.675]] 
[[704.689, 693.889, 686.63, 676.76, 657.82, 649.775, 636.265, 612.552, 625.745, 609.611, 921.704, 939.791, 884.875, 786.162, 718.225, 807.212, 728.227, 823.649, 940.86, 746.846, 842.42]] 
[[361.723, 381.538, 386.852, 405.842, 422.499, 438.198, 485.38, 451.811, 511.696, 482.801, 511.048, 502.016, 511.454, 527.378, 554.119, 564.591, 642.265, 581.851, 604.453]] 
[[371.657, 407.844, 429.761, 438.012, 459.692, 474.739, 495.327, 508.897, 522.933, 530.977, 548.875, 563.132, 585.202, 609.3, 603.346, 596.827, 591.046, 610.121]] 
[[368.939, 382.033, 383.62, 406.112, 374.313, 413.54, 432.842, 497.387, 508.247, 521.727, 558.048, 556.459, 691.126, 689.919, 652.265, 628.287]] 
[[611.535, 586.962, 572.478, 567.38, 568.684, 747.81, 582.901, 832.933, 646.917, 690.349, 778.898, 1010.825, 1049.18, 1086.029, 939.235, 1120.353, 885.475, 838.792, 1207.9850000000001, 1296.1019999999999, 1157.09, 1246.937]] 
[[412.393, 447.365, 486.858, 571.278, 527.509, 602.993, 644.893, 673.67, 716.655, 709.718, 710.524, 703.887, 699.578, 672.142, 675.533, 652.43, 654.07, 615.769, 609.08, 594.729, 585.509, 575.541, 573.98, 569.025]] 
[[341.571, 349.252, 336.81, 344.168, 347.705, 359.899, 340.933, 336.657, 349.426, 333.004, 346.572, 334.963, 339.308, 336.5, 343.553, 334.274, 335.057, 341.335, 364.637, 333.845, 330.465]] 
[[340.989, 341.959, 337.524, 344.061, 338.571, 336.947, 335.333, 341.177, 351.002, 351.521, 340.258, 340.649, 337.417, 340.414, 335.084, 331.173, 331.97, 342.41, 332.226, 334.487]] 
[[349.764, 337.13, 341.507, 340.849, 341.479, 365.75, 353.097, 349.091, 338.154, 334.379, 335.964, 340.558, 344.105, 341.976, 334.559, 335.09, 345.28, 333.599]] 
[[346.132, 339.504, 345.372, 348.307, 346.663, 336.119, 350.383, 347.697, 340.246, 347.25, 346.508, 342.022, 344.083, 351.087, 339.503, 349.054, 345.226, 347.307, 341.719, 352.152, 341.872, 334.756, 337.954, 347.572, 340.76, 332.607, 334.845, 335.481, 334.026]] 
[[339.825, 344.992, 335.13, 335.113, 328.381, 341.733, 327.353, 335.633, 331.755, 326.973, 332.905, 328.042, 336.306, 340.496, 337.244, 350.135, 339.307, 330.592, 332.523, 334.068, 329.191, 336.66, 335.742, 334.29]] 
[[329.362, 342.496, 338.133, 338.981, 341.566, 365.612, 333.421, 342.536, 336.844, 344.361, 336.247, 334.366, 335.316, 330.01, 333.77, 334.097, 338.621, 343.902, 332.46, 341.109, 332.337, 339.705, 349.196, 337.752, 347.999, 330.793, 342.239, 355.209, 345.267]] 
[[367.693, 344.977, 349.043, 343.654, 331.178, 335.952, 337.596, 335.482, 334.737, 334.066, 330.462, 335.362, 346.486, 340.105, 332.555, 339.833, 328.548]] 
[[341.673, 350.541, 338.173, 343.275, 351.907, 333.547, 344.108, 341.795, 342.108, 356.558, 341.405, 347.165, 330.869, 332.937, 346.464, 339.671, 344.55, 351.023, 344.537, 339.875]] 
[[342.363, 336.351, 341.236, 339.885, 346.142, 331.692, 333.084, 329.895, 340.065, 332.88, 332.972, 334.042, 332.71, 332.867, 338.712, 344.861, 331.257, 335.473]] 
[[342.561, 341.639, 338.959, 335.339, 335.526, 361.318, 337.938, 346.163, 342.288, 336.747, 343.164, 330.939, 344.455, 329.686, 339.813, 342.925, 364.747, 353.653, 341.163]] 
[[332.824, 338.743, 340.356, 349.392, 347.552, 351.363, 336.991, 346.927, 334.153, 339.778, 338.907, 344.36, 338.628, 341.135, 341.102, 338.195, 331.201, 331.779, 334.159, 341.128, 340.661, 338.283, 340.065, 344.906, 337.335]] 
[[336.471, 357.516, 344.785, 338.092, 343.519, 352.669, 339.19, 344.273, 339.607, 336.964, 346.262, 333.691, 338.353, 333.292, 341.54, 340.367, 332.222, 346.306, 335.39, 335.327, 354.145, 342.883, 329.916, 334.884]] 
[[332.459, 330.342, 336.751, 344.185, 335.578, 335.385, 337.0, 342.28, 352.466, 362.019, 351.858, 338.846, 357.271, 370.473, 332.866, 336.391, 328.124, 333.417, 336.917, 344.104, 333.669, 345.721, 338.156, 337.893]] 
[[335.77, 350.702, 342.992, 350.395, 335.885, 349.474, 350.114, 347.05, 335.379, 338.782, 334.596, 333.177, 341.705, 331.582, 348.679, 344.034, 334.127]] 
[[350.124, 358.019, 341.292, 337.599, 333.484, 349.696, 348.498, 347.17, 350.744, 349.147, 341.907, 332.969, 338.469, 333.531, 339.915, 335.784, 337.313, 338.775, 333.856, 346.796, 339.226, 340.695, 344.87, 337.506, 333.014]] 
[[335.246, 350.175, 334.934, 344.59, 336.999, 343.77, 335.325, 336.483, 339.673, 330.155, 348.244, 355.65, 345.254, 334.709, 338.959, 337.865, 338.715, 341.318, 336.055, 339.084, 334.792]] 
[[349.152, 340.44, 339.005, 343.089, 335.522, 347.955, 351.357, 344.231, 347.986, 343.748, 344.401, 334.517, 339.021, 331.034, 335.255, 346.811, 334.962]] 
[[346.119, 343.301, 339.479, 340.358, 337.127, 338.363, 346.793, 350.987, 364.973, 339.373, 427.059, 421.637, 417.737, 394.922, 395.564, 373.656, 369.584, 355.799, 357.492, 358.772, 355.635, 350.678, 343.042, 331.186, 350.279, 340.275, 335.146, 400.625, 399.269]] 
[[351.874, 331.376, 331.662, 338.466, 331.135, 342.865, 337.826, 339.446, 346.157, 342.402, 333.858, 338.827, 339.207, 335.113, 344.485, 335.771, 340.512, 351.677, 344.858, 350.063, 338.532, 335.113, 331.479]] 
[[337.486, 333.52, 346.768, 340.808, 351.76, 351.289, 344.172, 339.091, 330.615, 329.876, 337.89, 341.788, 340.08, 339.705, 331.173, 333.739]] 
[[371.453, 358.106, 337.044, 336.87, 349.784, 381.179, 377.91, 360.845, 348.323, 354.627, 339.551, 350.419, 342.768, 340.118, 330.349, 340.591, 351.414, 338.867, 350.297, 334.157, 337.701, 337.55, 330.767, 362.385, 329.0]] 
[[350.702, 340.242, 339.567, 337.604, 350.964, 345.279, 346.553, 351.79, 349.476, 348.027, 340.104, 331.296, 334.175, 344.832, 333.842, 339.263, 341.141, 340.349, 333.027, 346.455, 348.686, 336.244, 333.221]] 
[[348.183, 332.169, 350.709, 349.406, 353.315, 345.077, 343.278, 345.068, 337.874, 337.84, 329.719, 351.275, 339.318, 363.239, 333.258, 342.761, 340.123, 333.67, 338.277, 339.152]] 
[[350.789, 339.899, 345.851, 344.347, 343.511, 332.839, 359.641, 341.166, 342.774, 337.36, 339.906, 348.579, 334.894, 347.786, 342.559, 340.571, 333.209, 334.889, 331.975, 347.107, 335.352]] 
[[328.518, 332.486, 340.061, 339.327, 334.103, 341.164, 333.789, 345.38, 349.111, 353.928, 355.766, 372.252, 361.903, 368.751, 372.682, 380.544, 389.545, 380.964, 394.489, 392.537]] 
[[338.652, 339.104, 333.521, 341.463, 339.18, 343.158, 332.126, 332.55, 333.862, 336.116, 338.536, 344.65, 348.342, 348.941, 353.043, 356.492, 363.358, 371.244, 361.036, 374.517]] 
[[365.022, 357.178, 356.346, 352.848, 352.372, 353.341, 360.681, 348.099, 339.123, 343.031, 348.82, 332.025, 337.22, 336.699, 336.177, 341.635, 338.289, 337.632, 348.383, 344.28, 340.164, 331.705, 334.945, 341.06, 346.068]] 
[[346.372, 331.662, 346.245, 353.633, 333.099, 334.548, 334.781, 335.987, 329.861, 331.194, 339.698, 330.446, 332.883, 330.775, 333.702, 332.678, 331.377, 339.793, 339.87, 331.041, 341.63, 337.507, 344.468, 337.556, 341.291]] 
[[343.799, 341.013, 343.806, 337.566, 353.972, 351.23, 348.772, 343.982, 331.017, 339.376, 336.011, 338.005, 329.456, 340.263, 342.604, 338.378, 336.043, 349.784, 334.403, 336.933, 339.597, 342.955, 342.895, 332.094, 338.195, 337.009, 334.389, 333.682, 330.983]] 
[[331.422, 330.278, 334.828, 357.436, 329.852, 332.729, 331.622, 335.247, 329.512, 330.125, 334.791, 325.945, 328.95, 328.41, 340.331, 336.935, 330.748, 334.139, 330.227]] 
[[334.214, 335.572, 362.333, 354.549, 348.421, 344.277, 348.13, 344.645, 335.971, 334.047, 337.781, 347.434, 344.084, 344.784, 329.694, 336.401, 335.654, 343.323, 343.285, 335.736, 338.54, 339.989, 373.423, 341.004, 331.438, 330.137, 341.143, 340.377, 336.216]] 
[[344.572, 338.275, 347.029, 335.933, 341.134, 333.094, 345.896, 345.156, 337.63, 338.897, 335.673, 335.314, 353.347, 352.854, 329.4, 347.804, 337.685, 332.816, 335.345, 341.415]] 
[[339.398, 334.816, 345.43, 358.03, 348.148, 343.491, 344.801, 341.072, 338.134, 347.978, 339.429, 348.048, 344.563, 349.168, 339.285, 341.641, 344.138, 335.639, 340.529, 333.182, 338.983, 332.831, 335.102, 339.417, 339.571, 339.838, 338.096, 332.831, 340.028]] 
[[341.142, 344.283, 334.474, 346.252, 344.746, 347.789, 347.053, 336.459, 342.68, 343.159, 343.216, 336.22, 345.781, 344.779, 357.824, 335.746, 333.452, 330.078, 336.131, 343.995, 339.291, 336.7]] 
[[341.851, 337.567, 333.723, 343.743, 344.706, 343.385, 349.368, 352.226, 349.052, 352.738, 351.639, 335.725, 337.573, 350.752, 339.675, 343.542, 341.286, 353.894, 339.727]] 
[[360.928, 341.709, 357.588, 360.389, 354.212, 355.952, 353.198, 368.336, 359.211, 345.368, 340.516, 332.237, 368.845, 333.966, 350.074, 337.91, 337.671, 332.334, 344.185, 334.402]] 
[[372.082, 379.788, 392.877, 414.34, 440.724, 459.074, 721.42, 477.878, 558.976, 819.121, 843.192, 1004.996, 864.35, 569.1, 511.536, 720.739, 878.345, 609.34, 465.326, 894.0, 726.831, 942.64, 746.658, 905.965, 982.478, 1004.022, 1014.132]] 
[[379.87, 419.241, 387.802, 440.322, 437.984, 491.091, 513.547, 550.608, 570.621, 596.888, 677.888, 618.215, 644.706, 696.441, 721.642, 742.45, 819.464, 761.434, 788.83, 821.288, 840.92, 911.353, 868.25, 913.948, 933.562, 956.954]] 
[[367.544, 418.247, 383.897, 427.356, 446.848, 491.256, 459.383, 509.401, 478.077, 525.354, 546.462, 604.178, 561.095, 623.82, 660.864, 629.996, 679.822, 704.829, 686.143, 669.338, 694.556, 720.014]] 
[[465.75, 421.331, 482.387, 499.382, 511.668, 523.041, 515.135, 529.865, 551.039, 574.026, 595.19, 606.53, 618.349, 720.149, 613.469, 724.71, 576.279, 665.028, 602.192]] 
[[361.55, 387.694, 397.654, 421.661, 428.261, 429.198, 419.119, 445.35, 450.018, 466.569, 470.469, 535.149, 465.341, 504.339, 500.141]] 
[[423.08, 525.027, 600.927, 741.009, 667.786, 831.204, 911.024, 967.996, 765.886, 1018.933, 866.269, 1042.288, 959.099, 1057.894, 1140.71, 1149.806, 1211.925, 1266.659, 1443.913, 1290.029]] 
average response time [0]415.885
average response time [1]519.563
average response time [2]416.264
average response time [3]416.555
average response time [4]415.363
average response time [5]419.017
average response time [6]415.956
average response time [7]415.942
average response time [8]416.717
average response time [9]416.443
average response time [10]415.8705
TOTAL AVERAGE RESPONSE TIME ========================: 468.35755
average response time [11]413.83849999999995
average response time [12]415.80899999999997
average response time [13]372.2445
average response time [14]457.2355
average response time [15]414.3375
average response time [16]413.7765
average response time [17]415.73299999999995
average response time [18]415.709
average response time [19]414.9855
average response time [20]414.11850000000004
TOTAL AVERAGE RESPONSE TIME ========================: 414.77874999999983
average response time [21]409.9945
average response time [22]408.32275
average response time [23]367.928
average response time [24]366.7725
average response time [25]346.5815
average response time [26]439.32550000000003
average response time [27]409.82125
average response time [28]410.68
average response time [29]411.17674999999997
average response time [30]405.977375
TOTAL AVERAGE RESPONSE TIME ========================: 397.6580125
average response time [31]398.270125
average response time [32]397.81775
average response time [33]392.834
average response time [34]418.643875
average response time [35]398.622625
average response time [36]397.519
average response time [37]399.585375
average response time [38]386.926625
average response time [39]397.768625
average response time [40]495.029375
TOTAL AVERAGE RESPONSE TIME ========================: 408.30173750000006
average response time [41]372.08575
average response time [42]345.892375
average response time [43]369.9451875
average response time [44]379.8176875
average response time [45]374.51925
average response time [46]363.983125
average response time [47]360.9040625
average response time [48]374.9056875
average response time [49]371.873375
average response time [50]393.82075
TOTAL AVERAGE RESPONSE TIME ========================: 370.774725
average response time [51]412.46990625
average response time [52]803.3940625
average response time [53]815.48
average response time [54]744.82603125
average response time [55]781.0220312499999
average response time [56]1026.4390625
average response time [57]342.81746875
average response time [58]364.398
average response time [59]354.3310625
average response time [60]515.767671875
TOTAL AVERAGE RESPONSE TIME ========================: 616.0945296875
average response time [61]420.619859375
average response time [62]353.555359375
average response time [63]420.56475
average response time [64]365.826578125
average response time [65]774.5828125
average response time [66]1337.2741875
average response time [67]1233.132109375
average response time [68]1091.00221875
average response time [69]1062.67915625
average response time [70]640.0286206896552
TOTAL AVERAGE RESPONSE TIME ========================: 769.9265651939656
average response time [71]409.04061538461536
average response time [72]496.46
average response time [73]495.6308
average response time [74]471.2924117647059
average response time [75]521.0993333333333
average response time [76]610.1622916666666
average response time [77]660.3981666666666
average response time [78]528.9153181818182
average response time [79]619.6094137931035
average response time [80]554.2903636363636
TOTAL AVERAGE RESPONSE TIME ========================: 536.6898714427273
average response time [81]588.6450588235294
average response time [82]747.3193809523809
average response time [83]490.9218421052632
average response time [84]519.316
average response time [85]504.054
average response time [86]864.7659090909091
average response time [87]611.880375
average response time [88]341.901619047619
average response time [89]339.2586
average response time [90]342.35172222222224
TOTAL AVERAGE RESPONSE TIME ========================: 535.0414507241924
average response time [91]342.9726551724138
average response time [92]335.182875
average response time [93]339.783
average response time [94]339.2781764705882
average response time [95]343.10905
average response time [96]336.4715
average response time [97]342.58015789473683
average response time [98]339.99692
average response time [99]340.736
average response time [100]341.42379166666666
TOTAL AVERAGE RESPONSE TIME ========================: 340.1534126204405
average response time [101]341.4378235294118
average response time [102]341.61596
average response time [103]339.9045238095238
average response time [104]341.67564705882353
average response time [105]362.9389655172414
average response time [106]339.6827826086957
average response time [107]339.36
average response time [108]347.683
average response time [109]341.8625652173913
average response time [110]342.68555
TOTAL AVERAGE RESPONSE TIME ========================: 343.8846817741088
average response time [111]341.66685714285717
average response time [112]358.365
average response time [113]346.49455
average response time [114]344.92572
average response time [115]336.88388
average response time [116]339.5935172413793
average response time [117]333.34352631578946
average response time [118]341.81386206896553
average response time [119]340.46345
average response time [120]341.1592068965517
TOTAL AVERAGE RESPONSE TIME ========================: 342.47095696655435
average response time [121]341.42045454545456
average response time [122]344.32484210526314
average response time [123]348.45155
average response time [124]693.3307407407408
average response time [125]673.2815
average response time [126]558.5672727272728
average response time [127]568.1852631578947
average response time [128]445.5008666666667
average response time [129]944.0732
NUMBER OF THREADS: [1, 2, 4, 8, 16, 32, 64, 65, 66, 67, 68, 69, 70]
WORKLOAD: HFU_LV; PAL CONFIG: default 
TOTAL EXECUTION TIME (Concurrent Parallel Requests): 90983.911
NUMBER OF REPLICAS USED: 3

