[[412.05]] 
RATE (RPS) =====================================: 1

[[1090.201]] 
RATE (RPS) =====================================: 0

[[354.001]] 
RATE (RPS) =====================================: 1

[[355.217]] 
RATE (RPS) =====================================: 1

[[355.307]] 
RATE (RPS) =====================================: 1

[[343.017]] 
RATE (RPS) =====================================: 1

[[343.604]] 
RATE (RPS) =====================================: 1

[[347.756]] 
RATE (RPS) =====================================: 1

[[345.452]] 
RATE (RPS) =====================================: 1

[[349.355]] 
RATE (RPS) =====================================: 1

[[423.631, 423.659]] 
RATE (RPS) =====================================: 2

[[354.872, 350.114]] 
RATE (RPS) =====================================: 2

[[361.475, 350.978]] 
RATE (RPS) =====================================: 2

[[343.798, 347.294]] 
RATE (RPS) =====================================: 2

[[377.986, 373.829]] 
RATE (RPS) =====================================: 2

[[357.842, 361.364]] 
RATE (RPS) =====================================: 2

[[350.144, 357.431]] 
RATE (RPS) =====================================: 2

[[368.911, 361.993]] 
RATE (RPS) =====================================: 2

[[347.893, 352.214]] 
RATE (RPS) =====================================: 2

[[372.164, 367.015]] 
RATE (RPS) =====================================: 2

[[353.816, 345.635, 379.487, 377.09]] 
RATE (RPS) =====================================: 4

[[361.754, 387.377, 369.639, 359.804]] 
RATE (RPS) =====================================: 4

[[353.06, 361.319, 363.316, 369.794]] 
RATE (RPS) =====================================: 4

[[348.687, 354.883, 358.115, 346.477]] 
RATE (RPS) =====================================: 4

[[356.295, 381.951, 352.816, 373.317]] 
RATE (RPS) =====================================: 4

[[393.895, 403.3, 385.389, 1051.418]] 
RATE (RPS) =====================================: 3

[[358.185, 372.29, 364.913, 360.068]] 
RATE (RPS) =====================================: 4

[[350.957, 378.992, 386.234, 353.732]] 
RATE (RPS) =====================================: 4

[[373.972, 355.712, 352.062, 346.736]] 
RATE (RPS) =====================================: 4

[[343.554, 363.571, 355.609, 352.958]] 
RATE (RPS) =====================================: 4

[[411.883, 420.542, 411.509, 409.524, 407.418, 411.627, 409.318, 412.207]] 
RATE (RPS) =====================================: 8

[[359.114, 372.697, 369.823, 373.27, 375.132, 369.408, 367.552, 375.307]] 
RATE (RPS) =====================================: 8

[[1843.603, 1183.224, 728.662, 1397.923, 539.784, 1407.234, 975.457, 681.452]] 
RATE (RPS) =====================================: 4

[[385.605, 369.858, 390.116, 414.173, 387.388, 364.001, 356.141, 358.297]] 
RATE (RPS) =====================================: 8

[[357.566, 384.907, 358.136, 350.478, 353.539, 357.522, 371.344, 347.269]] 
RATE (RPS) =====================================: 8

[[367.261, 353.975, 354.812, 385.71, 378.839, 374.866, 375.642, 359.639]] 
RATE (RPS) =====================================: 8

[[349.48, 349.358, 356.627, 347.921, 354.514, 376.271, 352.329, 365.181]] 
RATE (RPS) =====================================: 8

[[369.122, 355.254, 357.646, 358.973, 354.475, 355.26, 352.962, 361.322]] 
RATE (RPS) =====================================: 8

[[351.906, 365.402, 375.419, 354.914, 358.603, 367.616, 360.971, 359.792]] 
RATE (RPS) =====================================: 8

[[355.995, 365.496, 364.08, 365.628, 355.394, 353.17, 351.069, 350.449]] 
RATE (RPS) =====================================: 8

[[355.456, 359.483, 348.09, 344.332, 350.548, 373.417, 351.715, 349.798, 358.51, 382.568, 366.582, 379.695, 354.248, 356.74, 354.04, 355.777]] 
RATE (RPS) =====================================: 16

[[346.29, 352.296, 379.79, 354.109, 348.885, 350.5, 383.222, 362.561, 368.896, 362.236, 360.933, 363.892, 358.064, 349.395, 372.786, 354.807]] 
RATE (RPS) =====================================: 16

[[348.052, 350.705, 363.085, 346.138, 357.838, 350.089, 345.99, 359.356, 352.545, 353.063, 346.986, 355.127, 344.591, 368.071, 356.16, 352.552]] 
RATE (RPS) =====================================: 16

[[339.873, 365.645, 375.114, 359.406, 381.282, 387.861, 357.632, 354.114, 358.527, 352.6, 362.284, 349.924, 362.951, 354.056, 353.733, 350.432]] 
RATE (RPS) =====================================: 16

[[414.554, 401.67, 393.623, 396.262, 396.201, 395.878, 394.31, 377.267, 376.459, 378.228, 377.844, 375.251, 383.298, 384.399, 356.405, 351.838]] 
RATE (RPS) =====================================: 16

[[366.111, 348.898, 348.335, 352.895, 387.623, 388.903, 342.485, 347.746, 352.152, 349.586, 348.074, 347.639, 356.498, 342.381, 354.673, 345.372]] 
RATE (RPS) =====================================: 16

[[357.796, 342.408, 348.734, 352.451, 346.397, 359.225, 362.582, 359.861, 352.957, 365.655, 358.868, 342.271, 349.539, 351.874, 407.537, 390.205]] 
RATE (RPS) =====================================: 16

[[348.14, 352.863, 364.955, 362.593, 357.396, 343.789, 361.227, 356.511, 348.061, 349.753, 371.2, 346.784, 355.774, 353.901, 354.655, 354.619]] 
RATE (RPS) =====================================: 16

[[344.675, 346.024, 347.259, 379.1, 359.08, 357.476, 355.957, 360.202, 352.061, 360.861, 344.571, 345.415, 363.235, 345.648, 350.663, 349.211]] 
RATE (RPS) =====================================: 16

[[348.219, 347.191, 366.149, 346.375, 349.562, 344.09, 346.535, 347.328, 345.431, 369.475, 382.435, 348.191, 353.129, 354.215, 342.975, 353.412]] 
RATE (RPS) =====================================: 16

[[403.398, 406.75, 418.679, 407.843, 401.544, 405.626, 399.308, 407.911, 867.523, 1986.505, 1201.9470000000001, 1907.5810000000001, 1521.752, 1014.045, 1007.9, 1502.634, 1822.353, 1557.318, 1017.263, 1662.772, 1008.688, 882.419, 427.74, 1525.788, 1535.71, 1681.8490000000002, 1512.6570000000002, 1521.203, 1499.2359999999999, 1936.183, 1691.342, 1605.65]] 
RATE (RPS) =====================================: 11

[[361.523, 381.297, 357.484, 353.713, 367.047, 373.354, 363.938, 367.378, 369.089, 380.292, 1082.368, 1564.592, 399.279, 1926.482, 1933.1190000000001, 941.605, 1103.605, 1397.738, 1395.713, 1651.895, 586.274, 1773.138, 1103.628, 1077.597, 1598.155, 1621.9569999999999, 373.611, 393.08, 600.35, 1867.7730000000001, 1855.126, 378.492]] 
RATE (RPS) =====================================: 17

[[359.477, 358.26, 360.662, 385.994, 386.09, 383.281, 375.718, 366.345, 390.831, 371.26, 382.029, 394.465, 365.68, 385.72, 1429.383, 1425.238, 1268.858, 1430.629, 386.504, 1406.411, 1571.217, 1592.913, 1752.4279999999999, 1440.997, 403.042, 371.888, 408.052, 1837.6019999999999, 1761.002, 1403.9560000000001, 401.289, 1421.354]] 
RATE (RPS) =====================================: 19

[[380.02, 371.599, 371.585, 381.778, 371.882, 373.635, 367.1, 372.772, 369.468, 374.252, 927.402, 1554.603, 1573.513, 1385.154, 919.577, 1086.626, 1774.1390000000001, 376.392, 1396.371, 1533.7559999999999, 1087.694, 1793.453, 387.95, 378.261, 382.85, 1092.93, 1466.775, 2015.682, 1739.512, 1908.6889999999999, 387.403, 1811.5140000000001]] 
RATE (RPS) =====================================: 17

[[427.575, 418.174, 408.505, 412.216, 416.122, 401.036, 393.898, 396.281, 408.616, 962.552, 1291.112, 2095.259, 1422.415, 958.947, 2772.777, 1430.201, 961.817, 2107.227, 956.834, 2540.6710000000003, 1428.634, 962.922, 1440.769, 1126.196, 2959.443, 3098.289, 1442.416, 1409.813, 2802.675, 2858.706, 380.605, 2411.473]] 
RATE (RPS) =====================================: 15

[[376.86, 407.483, 377.088, 374.677, 384.314, 363.856, 374.999, 374.124, 372.554, 378.741, 759.017, 939.112, 1095.893, 1417.775, 925.65, 921.354, 921.803, 935.534, 373.243, 935.343, 378.99, 1793.274, 387.739, 400.449, 1836.7269999999999, 431.815, 379.686, 419.727, 928.584, 1403.5720000000001, 1400.873, 1387.028]] 
RATE (RPS) =====================================: 25

[[376.099, 402.774, 387.701, 365.421, 379.184, 428.979, 417.044, 386.57, 393.667, 379.928, 373.352, 390.472, 387.752, 1092.781, 1840.7089999999998, 1986.9560000000001, 768.929, 923.915, 1089.655, 400.598, 379.092, 932.709, 1797.286, 1269.5059999999999, 382.018, 1794.3719999999998, 1821.9099999999999, 1823.415, 545.32, 1927.729, 1918.002, 757.217]] 
RATE (RPS) =====================================: 21

[[380.407, 376.329, 367.421, 374.402, 370.583, 353.172, 383.548, 367.89, 375.545, 375.192, 595.823, 945.558, 929.884, 923.689, 1807.475, 1405.262, 1559.412, 1561.4560000000001, 392.242, 571.566, 958.436, 1644.999, 1963.496, 385.019, 926.414, 1362.539, 377.515, 428.428, 366.304, 377.833, 1406.638, 384.566]] 
RATE (RPS) =====================================: 24

[[494.589, 419.254, 556.857, 684.562, 605.207, 731.528, 805.524, 866.37, 924.297, 984.31, 1039.99, 1104.849, 1151.57, 1210.057, 1265.714, 1321.953, 1373.385, 1425.007, 1483.658, 1536.5259999999998, 1652.988, 1589.1390000000001, 1718.079, 1767.199, 1830.934, 1945.842, 1867.816, 1987.1680000000001, 2047.176, 2233.526, 2165.529, 2073.851]] 
RATE (RPS) =====================================: 10

[[421.029, 487.391, 607.753, 528.878, 641.758, 700.501, 761.33, 845.728, 973.538, 900.06, 1222.403, 1017.294, 1148.4569999999999, 1067.905, 1340.738, 1263.056, 1455.8319999999999, 1368.936, 1618.393, 1670.0529999999999, 1482.0819999999999, 1533.245, 1719.04, 1818.373, 1866.618, 1932.047, 1989.2469999999998, 2181.647, 2042.787, 2097.345, 2228.857, 2271.835]] 
RATE (RPS) =====================================: 10

[[420.029, 460.274, 509.954, 614.188, 543.212, 654.161, 697.059, 721.934, 764.631, 807.111, 846.34, 845.831, 936.188, 868.04, 959.271, 996.75, 1048.986]] 
RATE (RPS) =====================================: 32

[[421.159, 453.559, 522.455, 553.648, 585.45, 548.346, 540.59, 524.503, 506.215, 496.604, 469.263, 440.595, 424.722, 413.404, 400.283, 382.083]] 
RATE (RPS) =====================================: 33

[[379.764, 361.255, 359.681, 351.415, 357.784, 366.168, 385.965, 357.494, 369.017, 375.379, 377.419, 366.168, 373.175, 361.439, 399.0, 345.138, 399.985, 355.394]] 
RATE (RPS) =====================================: 33

[[398.229, 351.891, 384.262, 378.954, 383.279, 366.019, 381.218, 383.351, 379.072, 372.344, 355.399, 368.759, 363.786, 423.901, 376.212, 364.769, 365.953, 350.162]] 
RATE (RPS) =====================================: 33

[[349.792, 350.339, 349.469, 354.331, 358.53, 346.81, 345.844, 347.385, 350.817, 349.088, 348.793, 345.56, 348.88, 357.622, 345.184, 351.973, 355.2, 352.365, 367.226, 352.719]] 
RATE (RPS) =====================================: 33

[[349.608, 346.969, 347.251, 372.211, 361.473, 350.648, 357.298, 359.098, 348.476, 350.39, 370.471, 344.423, 353.879, 362.523, 364.03, 357.762, 347.256, 357.64, 376.923, 385.712, 373.264, 362.165]] 
RATE (RPS) =====================================: 33

[[359.927, 357.901, 367.878, 391.388, 345.061, 348.44, 350.794, 354.293, 354.242, 368.435, 391.489, 422.323, 371.021, 411.996, 394.339, 388.958, 385.094, 386.863, 387.444, 372.043, 367.409]] 
RATE (RPS) =====================================: 33

[[352.178, 356.776, 353.352, 364.941, 393.133, 379.608, 389.305, 342.57, 397.594, 401.728, 358.354, 379.969, 372.54, 366.027]] 
RATE (RPS) =====================================: 33

[[351.918, 352.941, 362.818, 364.6, 389.921, 386.793, 363.608, 361.67, 347.859, 363.944]] 
RATE (RPS) =====================================: 33

[[371.15, 370.571, 363.365, 374.284, 352.475, 354.967, 360.957, 353.136, 367.717, 370.543, 376.043, 386.911, 381.343, 390.184, 362.725, 354.281]] 
RATE (RPS) =====================================: 33

[[486.224, 414.904, 656.742, 520.123, 576.436, 759.129, 691.245, 794.251, 972.538, 838.787, 904.784, 1016.891, 1072.679, 1107.631, 1148.098, 1198.349, 1252.58, 1297.5720000000001, 1413.65, 1345.995]] 
RATE (RPS) =====================================: 25

[[514.572, 425.817, 561.501, 690.557, 735.567, 573.027, 783.241, 816.371, 843.146, 891.718, 893.01, 932.914, 959.574, 1010.837, 1112.549, 1040.913, 1154.754]] 
RATE (RPS) =====================================: 30

[[567.313, 435.734, 609.799, 454.685, 695.71, 623.531, 734.255, 925.054, 770.24, 853.637, 983.775, 1024.003, 1073.623, 1124.883, 1139.731, 1189.833, 1235.148, 1332.103, 1255.469, 1336.19, 1392.113]] 
RATE (RPS) =====================================: 24

[[408.81, 461.368, 499.597, 550.781, 604.19, 664.118, 728.352, 792.071, 848.744, 904.941, 956.686, 1016.734, 1060.903, 1120.411, 1155.718, 1204.145, 1333.579, 1254.173, 1438.924, 1370.192, 1460.612, 1391.913, 1503.283]] 
RATE (RPS) =====================================: 22

[[426.418, 417.241, 464.963, 509.351, 626.888, 554.124, 645.635, 766.075, 690.264, 797.518, 839.142, 877.34, 913.966]] 
RATE (RPS) =====================================: 34

[[494.88, 431.755, 515.56, 641.984, 569.31, 678.348, 796.405, 738.471, 850.961, 880.754, 1055.478, 985.348, 917.42, 1090.723, 1148.684, 1204.867, 1226.857, 1255.351, 1308.367, 1356.038, 1399.672]] 
RATE (RPS) =====================================: 25

[[451.093, 485.838, 523.174, 558.957, 603.989, 647.853, 696.415, 728.006, 785.126, 853.384, 871.631, 968.96, 887.68, 1055.691, 993.19, 1212.559, 1081.406, 1122.979]] 
RATE (RPS) =====================================: 30

[[432.973, 487.644, 496.739, 555.215, 610.915, 714.405, 641.02, 765.917, 817.031, 843.612, 963.962, 869.087, 1029.116, 1135.105, 945.852, 1043.264]] 
RATE (RPS) =====================================: 31

[[419.688, 532.654, 462.911, 540.116, 591.28, 633.136, 678.47, 781.025, 712.378, 803.971, 849.49, 874.618, 922.244, 963.482, 1006.187, 998.496, 1050.343]] 
RATE (RPS) =====================================: 32

[[416.756, 455.978, 509.534, 560.312, 621.617, 671.555, 726.544, 780.095, 837.617, 892.506, 952.54, 1002.362, 1038.7, 1088.594, 1177.199, 1103.725, 1214.1680000000001, 1268.667, 1301.87, 1435.337, 1348.49]] 
RATE (RPS) =====================================: 24

[[423.061, 399.373, 426.609, 399.228, 397.811, 408.648, 416.172, 430.81, 428.66, 414.577, 450.74, 409.871, 399.726, 391.769]] 
RATE (RPS) =====================================: 35

[[402.262, 420.62, 367.694, 431.967, 391.194, 395.947, 403.399, 432.233, 404.228, 416.966, 399.359, 412.521, 418.457, 442.086, 418.459, 443.224]] 
RATE (RPS) =====================================: 35

[[372.263, 380.213, 363.789, 384.219, 392.47, 416.568, 418.427, 437.002, 458.525, 486.621, 426.787, 417.895, 449.43, 502.03, 440.538, 443.102]] 
RATE (RPS) =====================================: 35

[[450.019, 385.452, 460.459, 491.73, 530.559, 543.762, 518.224, 528.53, 540.829, 543.531, 511.744, 481.795, 487.003, 500.171, 508.698]] 
RATE (RPS) =====================================: 35

[[410.171, 375.572, 405.059, 416.227, 395.154, 433.675, 436.838, 448.57, 451.693, 472.734, 442.612, 469.681, 485.206]] 
RATE (RPS) =====================================: 35

[[419.292, 405.324, 401.08, 438.221, 391.654, 393.363, 431.079, 435.727, 430.699, 459.719, 388.839, 453.586, 403.322]] 
RATE (RPS) =====================================: 35

[[407.902, 447.746, 473.678, 436.749, 455.147, 460.292, 478.849, 453.971, 509.389, 481.31, 440.874, 493.889, 501.901, 488.373, 500.098]] 
RATE (RPS) =====================================: 35

[[404.343, 378.455, 418.407, 442.974, 404.086, 474.357, 445.12, 480.866, 496.613, 511.88, 523.595, 533.649, 536.193, 561.871, 544.374, 544.37, 502.385, 512.568]] 
RATE (RPS) =====================================: 35

[[395.874, 397.169, 388.072, 376.356, 399.917, 391.224, 406.541, 425.585, 441.648, 485.777, 456.318, 519.893, 553.89, 469.156, 551.737, 531.886, 516.841, 542.183, 515.775, 570.618, 526.698]] 
RATE (RPS) =====================================: 35

[[394.365, 405.722, 431.308, 466.594, 489.468, 510.553, 515.456, 521.816, 533.444, 546.278, 606.951, 559.696, 510.235, 554.69, 570.502, 591.343, 538.168, 614.16, 555.731, 579.004]] 
RATE (RPS) =====================================: 35

[[427.815, 478.528, 507.165, 562.978, 679.453, 611.166, 731.193, 774.141, 822.666, 869.168, 906.661, 954.69, 1008.159, 1067.109, 1103.965, 1146.416, 1243.95, 1172.243, 1239.171, 1292.134, 1333.184]] 
RATE (RPS) =====================================: 27

[[468.058, 479.742, 556.553, 745.788, 609.156, 665.004, 772.357, 838.658, 876.138, 992.927, 927.332, 1044.783, 1054.355, 1015.91, 1011.077, 987.236, 955.259, 1284.159, 872.655, 1616.716, 1760.7820000000002]] 
RATE (RPS) =====================================: 29

[[359.695, 357.328, 386.611, 354.351, 348.92, 344.899, 358.614, 356.928, 354.399, 364.872, 364.645, 356.788]] 
RATE (RPS) =====================================: 36

[[362.391, 383.521, 365.251, 370.468, 359.01, 355.682, 377.33, 386.003, 433.484, 401.719, 352.252, 357.257, 366.729, 357.316, 366.038]] 
RATE (RPS) =====================================: 36

[[381.896, 356.384, 371.749, 381.63, 366.222, 369.518, 377.433, 375.134, 365.736, 379.541, 380.519, 351.666, 357.021, 355.507, 374.98, 356.838, 352.867]] 
RATE (RPS) =====================================: 36

[[353.34, 381.316, 407.697, 365.716, 376.455, 361.77, 407.459, 385.659, 364.409, 353.787, 380.374, 362.252, 383.669, 356.121, 353.191, 350.361, 377.677]] 
RATE (RPS) =====================================: 36

[[354.109, 380.967, 375.914, 368.092, 368.313, 370.416, 388.881, 384.467, 357.856, 353.401, 347.0, 357.949, 373.241, 364.577, 369.695, 920.205, 383.178, 1954.856, 1816.674, 362.678, 1065.268, 376.066]] 
RATE (RPS) =====================================: 33

[[353.051, 364.456, 352.145, 351.956, 349.647, 347.141, 341.243, 345.932, 353.105, 903.689, 352.644, 351.406, 1209.045, 1069.547, 1069.501, 2428.0, 354.368, 1383.292, 1536.0720000000001, 362.592, 732.406]] 
RATE (RPS) =====================================: 30

[[484.699, 370.848, 447.359, 1582.78, 1577.0900000000001, 2834.445, 1552.702, 407.992, 1528.203, 364.261, 360.706, 591.736, 3677.862, 528.5]] 
RATE (RPS) =====================================: 30

[[438.3, 423.244, 415.701, 414.699, 1706.47, 398.773, 386.983, 378.006, 1265.791, 1455.3809999999999, 1108.375, 1397.245, 938.907, 393.295, 1449.833, 364.63, 1588.6309999999999, 386.436, 360.502, 410.348, 1408.576, 375.475, 406.106, 360.076, 367.434, 1345.12]] 
RATE (RPS) =====================================: 27

[[382.682, 383.897, 367.75, 353.817, 356.753, 348.491, 363.159, 351.083, 373.004, 370.548, 354.376, 360.96, 347.993, 344.975, 351.835, 345.318, 344.508]] 
RATE (RPS) =====================================: 37

[[358.968, 382.283, 360.684, 359.346, 366.735, 355.443, 353.823, 375.748, 366.438, 364.715, 345.959, 362.965, 367.455, 371.469, 356.906]] 
RATE (RPS) =====================================: 37

[[370.076, 381.054, 384.147, 379.685, 361.936, 357.504, 380.182, 380.379, 388.076, 352.89, 357.673, 346.205, 349.51, 347.909, 355.634, 353.418, 349.145, 356.304, 338.524, 374.075]] 
RATE (RPS) =====================================: 37

[[352.65, 349.079, 393.54, 356.629, 375.629, 363.965, 359.037, 345.301, 347.854, 343.944, 343.411, 346.548, 345.096, 345.362, 363.278, 347.833, 347.259, 383.218, 375.576]] 
RATE (RPS) =====================================: 37

[[380.986, 370.822, 376.482, 354.099, 367.42, 360.257, 355.653, 353.281, 356.637, 400.53, 379.636, 356.038, 372.224, 380.482, 361.71, 348.186, 368.364, 370.878]] 
RATE (RPS) =====================================: 37

[[371.504, 360.279, 355.247, 350.417, 356.423, 348.485, 353.699, 352.361, 355.763, 354.255, 362.763, 354.27, 354.968, 359.165, 345.13, 349.159, 359.767, 348.744, 383.062, 354.986, 358.952, 363.476, 361.687, 356.721]] 
RATE (RPS) =====================================: 37

[[370.752, 401.106, 385.293, 352.35, 389.708, 367.305, 361.256, 378.078, 354.335, 367.899, 353.038, 376.513, 361.414, 395.386, 381.194, 360.785]] 
RATE (RPS) =====================================: 37

[[364.89, 370.794, 357.324, 366.6, 371.327, 364.114, 376.397, 374.969, 365.307, 386.109, 380.455, 372.916, 361.628, 356.265, 395.581, 382.751, 354.047, 363.396, 351.705, 375.084]] 
RATE (RPS) =====================================: 37

[[369.502, 352.163, 376.663, 367.453, 356.864, 370.501, 366.615, 350.876, 365.25, 349.133, 350.446, 388.573, 349.305, 378.97, 358.731, 349.858, 346.529, 347.316, 366.897, 344.341, 368.181, 353.192]] 
RATE (RPS) =====================================: 37

[[353.523, 388.504, 363.0, 361.957, 356.843, 354.521, 354.734, 352.447, 348.724, 442.427, 346.475, 342.416, 348.345, 342.676, 347.416, 353.259, 342.995, 343.384, 345.269, 343.82]] 
RATE (RPS) =====================================: 37

[[381.865, 379.155, 361.398, 357.475, 358.036, 365.325, 356.977, 353.458, 356.505, 353.391, 359.796, 1549.527, 352.736, 365.716, 923.987, 1392.173, 369.375, 374.036, 392.294, 370.614, 903.138]] 
RATE (RPS) =====================================: 36

[[439.166, 417.837, 393.888, 387.341, 364.918, 362.896, 382.071, 363.594, 352.504, 366.429, 376.318, 373.648, 470.314, 364.196, 352.749, 390.43, 378.613]] 
RATE (RPS) =====================================: 38

[[354.52, 382.739, 373.798, 366.322, 357.977, 347.655, 348.534, 355.664, 384.689, 366.442, 362.46, 356.495, 369.286, 363.999, 375.131, 349.301, 354.582, 366.304, 1391.887, 356.869]] 
RATE (RPS) =====================================: 37

[[360.465, 378.657, 369.936, 352.481, 357.289, 385.222, 377.046, 380.545, 375.319, 361.106, 352.753, 362.413, 357.836, 356.928, 376.414, 362.368, 356.897, 352.067]] 
RATE (RPS) =====================================: 38

[[380.073, 379.994, 353.127, 381.699, 372.348, 386.544, 359.584, 362.47, 366.924, 384.591, 401.533, 396.412, 415.627, 407.167, 411.872, 385.669, 389.019, 359.529, 374.755, 389.055, 393.657]] 
RATE (RPS) =====================================: 38

[[373.222, 407.321, 365.073, 364.464, 392.223, 376.614, 379.227, 369.577, 356.889, 365.298, 394.207, 358.521, 381.693, 351.238, 371.19, 387.409, 376.474, 365.303, 364.925, 372.218, 365.59]] 
RATE (RPS) =====================================: 38

[[394.61, 421.919, 391.428, 393.839, 376.863, 367.198, 366.525, 377.562, 370.4, 364.728, 369.293, 380.939, 382.654, 373.286, 404.051, 367.075, 385.817, 405.163, 441.624, 364.946, 360.318]] 
RATE (RPS) =====================================: 38

[[377.019, 355.995, 384.204, 375.858, 362.845, 365.658, 358.37, 377.973, 385.313, 381.755, 369.86, 353.118, 348.874, 349.766, 358.13, 350.818, 356.061, 370.683]] 
RATE (RPS) =====================================: 38

[[377.581, 369.166, 365.295, 377.131, 369.413, 365.316, 346.383, 383.989, 361.124, 396.397, 387.978, 372.769, 377.368, 367.712, 359.698, 414.912, 415.689, 347.405, 407.077, 1115.945, 347.069, 366.907, 348.947]] 
RATE (RPS) =====================================: 37

[[419.864, 381.307, 386.819, 397.339, 382.242, 369.998, 372.063, 370.084, 446.03, 361.413, 371.934, 1228.443, 1782.133, 386.819, 905.374, 1426.9769999999999, 1524.137, 1557.954, 769.358, 390.961, 1798.06, 395.05, 945.578, 407.443, 1407.674, 1793.608, 1659.5410000000002, 382.413, 940.796, 1798.174, 1788.505, 1886.683, 404.963, 419.197, 388.724, 398.031, 1503.011, 1115.33]] 
RATE (RPS) =====================================: 24

[[439.077, 424.272, 401.809, 392.733, 396.437, 401.081, 389.264, 395.885, 359.257, 365.52, 362.607, 386.46, 369.049, 367.953, 364.166, 358.652, 355.845, 358.601, 350.075, 384.574, 381.807, 389.197, 378.376, 370.188, 380.163, 358.812, 370.864, 372.524, 360.364, 365.562, 376.143, 363.855, 403.533, 346.869, 376.995, 396.771, 397.612, 362.664, 360.339]] 
RATE (RPS) =====================================: 39

[[364.816, 365.374, 400.348, 393.538, 368.248, 358.846, 354.767, 353.837, 350.726, 356.11, 385.7, 365.622, 370.268, 355.018, 358.136, 353.364, 345.043, 370.926, 360.608, 359.196, 381.265, 377.077, 354.513, 374.364, 363.016, 354.366, 368.526, 364.833, 376.115, 349.915, 390.502, 378.704, 356.117, 416.781, 363.828, 364.374, 379.239, 360.096, 349.38]] 
RATE (RPS) =====================================: 39

[[372.922, 387.616, 376.573, 403.717, 364.746, 380.154, 351.103, 360.126, 369.077, 346.69, 355.975, 373.057, 360.239, 371.211, 362.955, 350.603, 395.165, 353.303, 394.189, 388.764, 381.625, 371.406, 357.766, 361.965, 355.606, 386.144, 373.587, 358.972, 352.425, 348.357, 391.723, 361.876, 358.615, 341.191, 380.176, 352.469, 433.69, 423.324, 368.892]] 
RATE (RPS) =====================================: 39

[[399.673, 386.595, 367.129, 364.717, 357.293, 346.221, 354.249, 346.728, 352.599, 353.446, 355.348, 351.376, 358.982, 366.593, 346.496, 356.912, 351.751, 375.388, 357.556, 354.29, 342.737, 359.868, 363.233, 361.049, 367.669, 348.423, 357.73, 359.453, 350.832, 357.499, 346.044, 354.302, 344.572, 349.098, 346.207, 347.436, 373.886, 376.682, 368.675]] 
RATE (RPS) =====================================: 39

[[353.598, 359.379, 352.022, 363.492, 357.041, 360.142, 360.394, 352.546, 357.89, 346.261, 358.485, 346.546, 353.007, 346.203, 345.294, 364.008, 363.745, 368.444, 365.584, 356.177, 348.97, 347.718, 355.068, 357.958, 365.971, 363.47, 358.039, 382.224, 341.895, 355.425, 367.884, 356.089, 352.975, 346.101, 352.448, 352.695, 366.742, 368.304, 369.363]] 
RATE (RPS) =====================================: 39

[[364.895, 373.25, 360.143, 375.835, 380.369, 375.414, 361.269, 356.258, 363.772, 386.078, 354.359, 351.139, 351.434, 370.558, 355.859, 365.722, 347.038, 372.658, 360.226, 356.764, 345.247, 352.004, 355.687, 347.306, 344.818, 378.905, 373.378, 344.747, 353.943, 357.201, 360.696, 356.5, 356.925, 361.02, 363.736, 353.71, 355.955, 349.47, 349.243]] 
RATE (RPS) =====================================: 39

[[350.788, 350.633, 360.472, 368.25, 369.011, 357.676, 348.147, 356.028, 349.663, 356.04, 359.425, 365.529, 357.625, 361.405, 401.658, 393.55, 366.449, 360.322, 375.529, 364.763, 358.351, 356.858, 359.667, 353.62, 367.055, 373.244, 373.36, 359.499, 353.683, 351.723, 356.651, 351.541, 352.852, 353.177, 346.904, 355.85, 343.95, 357.761, 360.151]] 
RATE (RPS) =====================================: 39

[[370.924, 368.261, 425.39, 358.132, 368.4, 375.612, 362.712, 357.725, 370.323, 349.645, 397.219, 355.094, 368.636, 366.046, 365.254, 407.518, 373.404, 386.538, 378.006, 368.046, 359.802, 356.016, 370.734, 396.668, 365.886, 350.987, 401.28, 375.058, 368.497, 366.833, 368.641, 395.381, 386.888, 387.191, 380.703, 391.216, 378.468, 378.13, 380.237]] 
RATE (RPS) =====================================: 39

[[384.786, 366.568, 370.441, 369.926, 364.195, 368.205, 365.331, 368.354, 395.683, 377.255, 373.826, 355.85, 354.621, 351.625, 349.315, 350.438, 355.256, 351.194, 350.597, 350.265, 354.098, 344.419, 347.632, 346.46, 352.193, 343.976, 356.428, 363.486, 355.328, 346.966, 354.579, 346.146, 363.309, 359.879, 355.472, 392.069, 376.662, 383.035, 377.404]] 
RATE (RPS) =====================================: 39

[[366.074, 366.436, 370.794, 348.772, 360.923, 359.806, 355.969, 348.96, 356.792, 359.657, 372.118, 387.556, 368.929, 351.826, 365.259, 374.922, 378.982, 363.703, 367.137, 363.949, 361.001, 364.861, 361.165, 354.644, 346.434, 364.187, 357.915, 356.636, 361.558, 356.883, 368.216, 358.228, 352.667, 355.046, 357.957, 361.931, 378.229, 365.507, 356.484]] 
RATE (RPS) =====================================: 39

[[418.142, 373.731, 360.283, 409.652, 368.031, 396.805, 365.66, 387.828, 394.136, 1639.647, 1784.066, 376.178, 1415.115, 1905.229, 1804.9180000000001, 1773.008, 729.912, 935.963, 740.122, 1085.753, 1083.257, 1076.994, 371.389, 371.934, 744.202, 1105.052, 378.468, 1279.856, 1558.471, 1402.747, 1090.676, 918.857, 940.387, 388.643, 1899.9, 386.833, 1393.019, 1135.091, 1368.056, 1792.6019999999999]] 
RATE (RPS) =====================================: 21

[[361.234, 358.928, 367.641, 358.191, 369.275, 370.029, 359.499, 355.286, 1371.984, 1371.284, 1737.057, 900.292, 1354.819, 1590.461, 917.753, 1230.825, 1940.8110000000001, 1080.101, 1756.0259999999998, 1757.8200000000002, 1745.884, 907.242, 904.256, 1802.013, 1218.0430000000001, 1892.817, 1063.821, 911.078, 1768.694, 1740.461, 1730.746, 1627.241, 373.116, 1551.27, 1396.329, 1083.708, 750.669, 1423.74, 1843.952, 373.702]] 
RATE (RPS) =====================================: 16

[[389.265, 376.999, 415.146, 369.987, 363.524, 397.124, 392.242, 385.332, 2047.679, 383.136, 1098.246, 1784.993, 1611.441, 1116.677, 1114.4180000000001, 1770.147, 1755.618, 1813.306, 1109.994, 1831.615, 912.936, 1822.37, 1817.1860000000001, 1973.981, 1250.208, 366.748, 914.297, 1073.217, 697.914, 1789.9850000000001, 408.636, 373.613, 1375.232, 1381.181, 1380.238, 1363.26, 359.853, 1857.6019999999999, 1362.05, 364.74]] 
RATE (RPS) =====================================: 17

[[429.702, 471.781, 531.0, 347.734, 582.755, 350.493, 623.187, 348.543, 675.762, 732.335, 350.507, 356.182, 377.709, 351.372, 755.945, 776.934, 809.073, 834.803, 343.344, 358.02, 373.668, 357.839, 348.448, 750.59, 351.18]] 
RATE (RPS) =====================================: 40

[[361.792, 426.219, 480.957, 536.504, 557.574, 695.791, 615.115, 374.576, 706.526, 363.985, 361.1, 368.098, 740.125, 796.193, 360.415, 835.094, 878.542, 359.582, 370.998, 909.292, 357.364, 348.428, 359.577, 352.354, 890.321, 947.101, 383.427, 980.563]] 
RATE (RPS) =====================================: 40

[[416.614, 381.857, 400.828, 378.483, 377.737, 446.571, 368.771, 388.849, 367.227, 457.231, 354.941, 366.177, 476.315, 355.035, 391.464, 475.23, 528.322, 357.109, 368.305, 526.3, 588.257, 368.359, 350.89, 600.855, 386.833]] 
RATE (RPS) =====================================: 40

[[361.126, 431.281, 387.748, 474.003, 375.51, 513.279, 671.409, 604.994, 713.415, 763.417, 803.399, 858.931, 908.217, 376.938, 378.738, 961.074, 1012.834, 378.819, 375.852, 382.741, 1035.502, 356.647, 369.762, 401.049, 396.877, 1017.254, 355.157, 403.469, 383.105, 378.738, 368.883]] 
RATE (RPS) =====================================: 37

[[375.299, 553.692, 443.052, 602.766, 365.979, 731.174, 654.223, 763.233, 810.555, 362.645, 368.385, 397.115, 558.729, 804.487, 366.04, 371.204, 825.382, 873.877, 1020.763, 410.41, 913.764, 1045.489, 1116.875, 377.196, 374.651]] 
RATE (RPS) =====================================: 37

[[452.219, 416.653, 381.575, 380.309, 399.153, 400.534, 364.693, 381.382, 376.188, 375.445, 372.084, 365.425, 357.332, 388.728, 374.925, 380.393, 358.186, 361.981, 388.27, 351.114, 363.889, 372.555, 371.034, 368.802, 385.427, 422.043, 403.95, 371.665, 378.071, 377.835]] 
RATE (RPS) =====================================: 40

[[373.879, 356.162, 393.921, 389.319, 365.017, 374.81, 366.667, 366.444, 370.673, 387.242, 384.735, 387.172, 360.221, 358.902, 353.17, 372.947, 371.329, 354.558, 374.496, 363.397, 360.164, 348.087, 349.215, 375.265, 382.478, 387.878, 372.555, 370.359, 358.759, 369.859, 378.034, 358.994, 358.432]] 
RATE (RPS) =====================================: 40

average response time [0]412.05
average response time [1]1090.201
average response time [2]354.001
average response time [3]355.217
average response time [4]355.307
average response time [5]343.017
average response time [6]343.604
average response time [7]347.756
average response time [8]345.452
average response time [9]349.355
TOTAL AVERAGE RESPONSE TIME ====================: 429.5959999999999
NUMBER OF THREADS ==============================: 1
TOTAL AVERAGE RATE (RPS) =====================================: 0.9
average response time [10]423.645
average response time [11]352.493
average response time [12]356.2265
average response time [13]345.546
average response time [14]375.9075
average response time [15]359.60299999999995
average response time [16]353.7875
average response time [17]365.452
average response time [18]350.0535
average response time [19]369.5895
TOTAL AVERAGE RESPONSE TIME ====================: 365.23035
NUMBER OF THREADS ==============================: 2
TOTAL AVERAGE RATE (RPS) =====================================: 2.0
average response time [20]364.007
average response time [21]369.6435
average response time [22]361.87225
average response time [23]352.0405
average response time [24]366.09475
average response time [25]558.5005
average response time [26]363.86400000000003
average response time [27]367.47875
average response time [28]357.1205
average response time [29]353.923
TOTAL AVERAGE RESPONSE TIME ====================: 381.454475
NUMBER OF THREADS ==============================: 4
TOTAL AVERAGE RATE (RPS) =====================================: 3.9
average response time [30]411.7535
average response time [31]370.287875
average response time [32]1094.667375
average response time [33]378.197375
average response time [34]360.095125
average response time [35]368.843
average response time [36]356.460125
average response time [37]358.12675
average response time [38]361.827875
average response time [39]357.660125
TOTAL AVERAGE RESPONSE TIME ====================: 441.79191249999997
NUMBER OF THREADS ==============================: 8
TOTAL AVERAGE RATE (RPS) =====================================: 7.6
average response time [40]358.8124375
average response time [41]360.541375
average response time [42]353.14675
average response time [43]360.339625
average response time [44]384.5929375
average response time [45]354.9606875
average response time [46]359.2725
average response time [47]355.1388125
average response time [48]353.839875
average response time [49]352.79449999999997
TOTAL AVERAGE RESPONSE TIME ====================: 359.34395
NUMBER OF THREADS ==============================: 16
TOTAL AVERAGE RATE (RPS) =====================================: 16.0
average response time [50]1160.90990625
average response time [51]946.896625
average response time [52]843.08046875
average response time [53]959.82303125
average response time [54]1359.5055
average response time [55]754.933875
average response time [56]891.2831874999999
average response time [57]781.22009375
average response time [58]1339.5141875
average response time [59]1350.129875
TOTAL AVERAGE RESPONSE TIME ====================: 1038.729675
NUMBER OF THREADS ==============================: 32
TOTAL AVERAGE RATE (RPS) =====================================: 16.9
average response time [60]746.7034705882353
average response time [61]480.1799375
average response time [62]368.98
average response time [63]374.8644444444444
average response time [64]351.39635
average response time [65]359.0668181818182
average response time [66]375.11133333333333
average response time [67]372.0053571428571
average response time [68]364.6072
average response time [69]368.16575
TOTAL AVERAGE RESPONSE TIME ====================: 416.10806611906884
NUMBER OF THREADS ==============================: 33
TOTAL AVERAGE RATE (RPS) =====================================: 32.9
average response time [70]923.4304
average response time [71]820.004
average response time [72]940.801380952381
average response time [73]988.2715217391304
average response time [74]656.0711538461538
average response time [75]930.8206190476191
average response time [76]807.1072777777778
average response time [77]771.9910625
average response time [78]754.1464117647059
average response time [79]924.0079047619048
TOTAL AVERAGE RESPONSE TIME ====================: 851.6651732389673
NUMBER OF THREADS ==============================: 34
TOTAL AVERAGE RATE (RPS) =====================================: 27.7
average response time [80]414.0753571428571
average response time [81]412.5385
average response time [82]424.3674375
average response time [83]498.8337333333333
average response time [84]434.0916923076923
average response time [85]419.3773076923077
average response time [86]468.67786666666666
average response time [87]484.2281111111111
average response time [88]469.67419047619046
average response time [89]524.7742
TOTAL AVERAGE RESPONSE TIME ====================: 455.0638396230159
NUMBER OF THREADS ==============================: 35
TOTAL AVERAGE RATE (RPS) =====================================: 35.0
average response time [90]901.5216666666666
average response time [91]930.2211904761905
average response time [92]359.00416666666666
average response time [93]372.9634
average response time [94]367.9200588235294
average response time [95]371.8384117647059
average response time [96]563.3546818181818
average response time [97]710.0589523809524
average response time [98]1164.9416428571428
average response time [99]767.0898846153846
TOTAL AVERAGE RESPONSE TIME ====================: 650.8914056069422
NUMBER OF THREADS ==============================: 36
TOTAL AVERAGE RATE (RPS) =====================================: 32.0
average response time [100]358.8911176470588
average response time [101]363.2624666666667
average response time [102]363.2163
average response time [103]357.11626315789476
average response time [104]367.4269444444444
average response time [105]357.1367916666667
average response time [106]372.27575
average response time [107]369.58295
average response time [108]360.3345
average response time [109]356.63675
TOTAL AVERAGE RESPONSE TIME ====================: 362.58798335827316
NUMBER OF THREADS ==============================: 37
TOTAL AVERAGE RATE (RPS) =====================================: 37.0
average response time [110]522.7131904761904
average response time [111]384.52423529411766
average response time [112]414.23269999999997
average response time [113]365.319
average response time [114]383.4118571428571
average response time [115]373.2702857142857
average response time [116]383.82085714285716
average response time [117]365.68333333333334
average response time [118]406.1422173913043
average response time [119]885.8955263157894
TOTAL AVERAGE RESPONSE TIME ====================: 448.50132028107356
NUMBER OF THREADS ==============================: 38
TOTAL AVERAGE RATE (RPS) =====================================: 36.2
average response time [120]377.845
average response time [121]367.0128717948718
average response time [122]371.23061538461536
average response time [123]358.42915384615384
average response time [124]357.4255641025641
average response time [125]360.0905384615385
average response time [126]360.48358974358973
average response time [127]375.1666923076923
average response time [128]361.3659487179487
average response time [129]362.2593076923077
TOTAL AVERAGE RESPONSE TIME ====================: 365.1309282051282
NUMBER OF THREADS ==============================: 39
TOTAL AVERAGE RATE (RPS) =====================================: 39.0
average response time [130]958.765325
average response time [131]1150.45245
average response time [132]1084.3034
average response time [133]503.55624
average response time [134]561.3433214285715
average response time [135]419.1424
average response time [136]554.844129032258
average response time [137]619.4793999999999
average response time [138]381.3953333333333
average response time [139]369.549696969697
TOTAL AVERAGE RESPONSE TIME ====================: 660.283169576386
NUMBER OF THREADS ==============================: 40
TOTAL AVERAGE RATE (RPS) =====================================: 32.8
average response time sent to Stackdriver [0]352.0405
average response time sent to Stackdriver [1]360.339625
average response time sent to Stackdriver [2]843.08046875
average response time sent to Stackdriver [3]891.2831874999999
average response time sent to Stackdriver [4]359.0668181818182
average response time sent to Stackdriver [5]656.0711538461538
average response time sent to Stackdriver [6]424.3674375
average response time sent to Stackdriver [7]359.00416666666666
average response time sent to Stackdriver [8]710.0589523809524
average response time sent to Stackdriver [9]356.63675
average response time sent to Stackdriver [10]885.8955263157894
average response time sent to Stackdriver [11]958.765325
NUMBER OF THREADS: [1, 2, 4, 8, 16, 32, 33, 34, 35, 36, 37, 38, 39, 40]
WORKLOAD: HFU_LV;  
TOTAL EXECUTION TIME (Concurrent Parallel Requests): 135483.366


