[[2588.386, 1802.02, 2572.937, 2500.02, 2498.0280000000002, 2582.0280000000002, 2570.134, 521.62, 524.324, 572.297, 514.159, 971.438, 624.631, 533.483, 488.439, 1537.452, 758.093, 631.68, 771.668, 820.343, 529.818, 725.823, 844.032, 577.3, 713.602, 857.959, 1573.4009999999998, 755.115, 1415.798, 2732.822, 2711.364, 2651.8630000000003, 883.431, 2572.2219999999998, 905.182, 1954.3719999999998, 673.954, 1201.104, 1832.449, 1122.301, 742.582, 799.237, 1113.829, 931.519, 875.267, 877.416, 1178.066, 802.84, 1212.329, 900.599, 1824.471, 1219.343, 1085.376, 1773.382, 978.164, 1021.254, 1105.296, 1310.8609999999999, 1255.8319999999999, 1342.268, 2493.369, 2561.08, 2451.988, 1325.746, 2479.866, 1031.136, 2205.142, 1333.752, 1168.368, 1095.922, 1980.2150000000001, 1190.314, 1370.2930000000001, 1367.035, 1172.391, 1354.027, 1393.333, 1854.4740000000002, 1414.4470000000001, 1372.271, 1302.9, 1624.652, 1373.4940000000001, 2273.017, 1574.58, 2165.575, 1543.7069999999999, 1822.8049999999998, 1825.121, 1650.562, 1491.569, 1686.415, 1817.5720000000001, 1648.367, 1594.092, 1642.833, 1692.3780000000002, 1670.085, 1620.508, 1769.289]] 
AVERAGE RESPONSE TIME: 1423.71713
NUMBER OF THREADS: [100]
WORKLOAD: LV_HF; PAL CONFIG: compression; NUMBER OF REPLICAS: 2 
TOTAL EXECUTION TIME (Concurrent Parallel Requests): 3249.03


[[546.013, 643.13, 436.696, 543.69, 481.306, 588.249, 434.219, 595.013, 434.825, 618.99, 628.111, 669.699, 585.139, 937.012, 1193.267, 905.708, 610.767, 1165.027, 887.796, 883.173, 881.451, 860.252, 843.909, 859.134, 951.759, 820.526, 898.217, 978.839, 825.499, 858.151, 904.723, 1047.733, 931.504, 974.199, 1129.666, 960.818, 1067.176, 997.496, 1142.054, 1188.565, 1251.813, 1306.9, 1343.858, 1386.94, 1525.387, 1425.375, 1463.061, 1008.36, 955.107, 1531.205, 1624.146, 1667.0149999999999, 979.887, 1691.039, 1007.09, 1047.47, 1692.234, 1086.132, 2603.695, 1719.738, 2412.238, 2530.041, 2435.323, 2598.534, 1160.571, 1698.888, 1068.158, 1792.132, 998.095, 1704.507, 1795.424, 1216.16, 1818.815, 1868.471, 2002.477, 1890.865, 1048.05, 1095.712, 1920.546, 1351.355, 1294.076, 1218.732, 1581.663, 1361.5230000000001, 1411.492, 1966.975, 2004.811, 1443.021, 1565.548, 1679.3780000000002, 1616.789, 1711.6860000000001, 1987.799, 1746.786, 2045.7, 1779.3220000000001, 2078.761, 1791.2559999999999, 1814.769, 1857.2910000000002]] 
AVERAGE RESPONSE TIME: 1295.89693
NUMBER OF THREADS: [100]
WORKLOAD: LV_HF; PAL CONFIG: compression; NUMBER OF REPLICAS: 2 
TOTAL EXECUTION TIME (Concurrent Parallel Requests): 3271.259


[[480.307, 416.57, 503.825, 561.424, 608.486, 660.597, 731.233, 410.775, 749.409, 810.496, 441.301, 491.408, 862.932, 808.47, 557.516, 493.678, 587.587, 857.495, 623.884, 666.581, 702.438, 894.121, 918.744, 1022.808, 970.225, 737.814, 848.45, 777.891, 1029.836, 853.689, 886.746, 1041.033, 1084.525, 908.531, 952.006, 996.928, 1043.106, 1106.084, 1087.43, 1148.571, 1124.8029999999999, 1186.926, 1258.349, 1297.1100000000001, 1342.847, 1198.71, 1141.104, 1265.118, 1374.408, 1306.103, 1346.816, 1396.297, 1436.23, 1477.354, 1555.5549999999998, 1498.657, 1628.7150000000001, 1563.47, 1643.173, 1742.241, 1300.517, 1666.404, 1230.308, 1737.271, 1763.01, 1872.53, 1810.4279999999999, 1250.908, 1287.85, 1376.353, 1317.76, 1836.4650000000001, 1512.912, 1386.184, 1430.321, 1925.646, 1848.0, 1480.713, 2000.529, 1529.539, 1562.685, 1925.536, 2065.309, 2017.319, 1778.839, 1614.72, 1534.3980000000001, 1798.7269999999999, 1648.258, 2037.302, 1813.3519999999999, 2065.388, 1902.49, 1820.917, 1976.087, 2080.015, 2130.529, 2167.051, 1867.641, 2166.064]] 
AVERAGE RESPONSE TIME: 1286.55211
NUMBER OF THREADS: [100]
WORKLOAD: LV_HF; PAL CONFIG: compression; NUMBER OF REPLICAS: 2 
TOTAL EXECUTION TIME (Concurrent Parallel Requests): 3293.073


[[430.929, 416.47, 492.885, 549.257, 436.236, 570.604, 420.789, 602.618, 449.612, 749.556, 658.734, 484.49, 696.325, 537.357, 766.94, 814.732, 567.989, 833.939, 602.479, 690.625, 634.524, 726.632, 922.767, 852.018, 953.006, 844.927, 732.752, 763.958, 972.214, 920.979, 866.381, 981.819, 1012.775, 934.96, 1013.258, 1039.213, 1081.047, 1131.051, 1155.381, 1182.988, 1281.8310000000001, 1209.506, 1046.527, 933.665, 1303.634, 960.112, 1318.378, 1361.025, 1393.311, 1096.763, 1001.986, 1032.089, 1383.28, 1427.027, 1088.157, 1135.503, 1456.113, 1167.873, 1532.966, 1575.047, 1612.289, 1190.801, 1641.964, 1231.194, 1670.9070000000002, 1303.314, 1240.402, 1320.722, 1663.9850000000001, 1360.397, 1447.129, 1703.55, 1728.281, 1452.103, 1465.537, 1712.6680000000001, 1747.837, 1863.705, 1780.858, 1501.7730000000001, 1445.729, 1857.912, 1549.2240000000002, 2382.576, 1948.809, 1894.429, 1976.62, 1973.8229999999999, 1575.299, 1620.729, 1665.53, 1984.858, 2017.435, 2099.246, 2156.804, 1752.074, 1648.196, 1670.607, 1766.904, 2139.87]] 
AVERAGE RESPONSE TIME: 1229.66099
NUMBER OF THREADS: [100]
WORKLOAD: LV_HF; PAL CONFIG: compression; NUMBER OF REPLICAS: 2 
TOTAL EXECUTION TIME (Concurrent Parallel Requests): 3314.986


[[562.722, 478.927, 452.567, 558.469, 485.784, 645.106, 541.056, 621.335, 669.628, 577.002, 624.073, 716.408, 723.724, 638.781, 763.012, 804.046, 679.53, 693.948, 855.294, 766.126, 784.494, 756.19, 868.2, 939.956, 791.34, 999.565, 955.21, 1018.41, 796.807, 1107.28, 1047.267, 841.3, 1141.9850000000001, 918.937, 876.54, 946.922, 1151.131, 1036.293, 968.915, 1206.317, 1064.1680000000001, 1300.262, 1097.065, 1340.421, 1231.885, 1197.785, 1126.026, 1355.301, 1215.287, 1255.654, 1282.076, 1330.675, 1332.423, 1357.4850000000001, 1331.795, 1370.026, 1363.262, 1473.329, 1401.278, 1497.729, 1639.941, 1689.783, 1346.104, 1507.454, 1696.007, 1531.004, 1701.113, 1298.113, 1345.912, 1721.154, 1769.774, 1872.292, 1346.8609999999999, 1889.001, 1791.184, 1345.208, 1388.849, 1881.4940000000001, 1410.018, 1434.862, 1484.585, 1864.72, 1467.077, 1879.912, 1502.554, 1550.279, 1597.411, 1879.142, 1618.249, 1916.373, 1638.9969999999998, 1937.92, 1667.056, 1974.2530000000002, 2009.745, 1688.733, 1714.431, 2021.148, 1744.307, 1794.571]] 
AVERAGE RESPONSE TIME: 1244.9212
NUMBER OF THREADS: [100]
WORKLOAD: LV_HF; PAL CONFIG: compression; NUMBER OF REPLICAS: 2 
TOTAL EXECUTION TIME (Concurrent Parallel Requests): 3220.838


[[457.927, 409.142, 516.259, 412.884, 449.553, 553.463, 601.763, 548.754, 651.295, 451.724, 543.008, 697.198, 740.151, 783.404, 635.093, 572.493, 803.313, 667.364, 833.077, 702.556, 834.241, 768.78, 722.961, 926.538, 827.061, 941.711, 991.512, 885.495, 997.309, 776.458, 1022.149, 1166.753, 1058.575, 854.594, 910.305, 1082.083, 1166.093, 928.633, 1244.423, 972.967, 1055.389, 1093.204, 1266.297, 1116.357, 1288.635, 1151.224, 1187.98, 1235.414, 1325.2359999999999, 1269.999, 1237.384, 1261.378, 1302.049, 1274.949, 1316.368, 1276.3319999999999, 1385.471, 1502.96, 1304.327, 1402.099, 1554.368, 1494.243, 1215.127, 1554.877, 1284.67, 1653.033, 1595.704, 1196.728, 1694.3319999999999, 1274.681, 1621.817, 1750.487, 1359.965, 1298.917, 1666.1100000000001, 1371.76, 1815.6660000000002, 1726.467, 1880.704, 1897.3609999999999, 1933.466, 1786.199, 1330.21, 1362.858, 1972.251, 1921.3049999999998, 2030.613, 1357.933, 1391.629, 1434.424, 1527.184, 2032.189, 2057.176, 1434.836, 1533.679, 1627.786, 1563.079, 2103.517, 2062.401, 2121.809]] 
AVERAGE RESPONSE TIME: 1218.53675
NUMBER OF THREADS: [100]
WORKLOAD: LV_HF; PAL CONFIG: compression; NUMBER OF REPLICAS: 2 
TOTAL EXECUTION TIME (Concurrent Parallel Requests): 3390.7799999999997


