[[399.409, 437.036, 434.518, 451.675, 407.288, 427.041, 413.546, 392.275, 441.173, 406.048, 444.912, 392.1, 443.757, 489.041, 394.497, 430.494, 493.559, 388.4, 457.926, 456.536, 403.402, 470.352, 502.352, 409.668, 536.579, 401.424, 560.373, 444.737, 603.433, 388.663, 673.766, 684.681, 384.785, 715.931, 435.94, 428.924, 473.801, 474.861, 464.763, 405.971, 506.113, 397.061, 593.053, 457.428, 592.727, 422.396, 771.807, 682.449, 733.891, 543.525, 557.684, 766.012, 459.155, 747.4, 490.308, 783.936, 834.586, 434.448, 495.766, 441.902, 461.469, 490.54, 465.046, 881.469, 888.127, 423.979, 507.129, 435.733, 848.018, 440.324, 493.364, 413.213, 470.705, 409.512, 483.953, 440.852, 820.849, 436.082, 468.746, 410.285, 379.9, 583.296, 375.098, 669.498, 431.413, 456.696, 392.925, 587.226, 537.897, 509.171, 387.604, 579.955, 460.158, 593.593, 403.543, 600.682, 410.385, 412.467, 423.66, 606.571, 405.552, 428.866, 477.915, 450.606, 401.169, 447.234, 580.187, 401.506, 491.622, 531.154, 441.575, 581.041, 395.539, 403.918, 403.453, 584.198, 633.086, 508.954, 413.047, 386.073, 438.737, 486.029, 445.88, 391.633, 401.884, 465.697, 483.854, 503.785, 403.152, 438.368, 553.358, 577.506, 428.338, 575.223, 456.99, 657.114, 572.747, 431.951, 392.908, 441.712, 558.454, 504.318, 580.601, 479.658, 515.424, 569.49, 587.616, 405.464, 584.017, 409.723]] 
AVERAGE RESPONSE TIME: 498.51162
NUMBER OF THREADS: [150]
WORKLOAD: LV_HF; PAL CONFIG: cache; NUMBER OF REPLICAS: 5 
TOTAL EXECUTION TIME (Concurrent Parallel Requests): 2210.285


[[399.859, 410.623, 401.199, 388.447, 402.174, 415.802, 498.172, 387.724, 472.695, 494.955, 454.253, 389.951, 410.345, 465.801, 573.444, 462.646, 491.716, 683.724, 621.521, 397.748, 407.674, 450.821, 485.692, 441.828, 408.205, 485.58, 508.261, 661.505, 514.929, 547.038, 692.561, 735.992, 518.537, 779.745, 802.17, 416.549, 435.939, 837.496, 541.358, 520.406, 402.851, 540.855, 817.24, 409.629, 502.336, 390.482, 616.448, 702.765, 508.692, 424.273, 439.294, 583.095, 686.291, 693.346, 379.548, 733.718, 776.742, 404.239, 454.877, 666.646, 396.984, 678.076, 700.657, 404.772, 448.891, 486.288, 402.733, 439.785, 627.823, 627.827, 428.358, 651.246, 614.121, 428.349, 429.377, 652.671, 440.401, 418.953, 483.373, 403.658, 412.248, 417.105, 422.641, 597.05, 496.998, 513.411, 461.703, 400.593, 570.681, 534.811, 374.083, 442.186, 461.737, 483.847, 541.585, 630.295, 552.459, 455.083, 619.254, 398.874, 424.747, 401.603, 429.952, 606.664, 427.891, 420.316, 435.597, 474.22, 576.975, 392.844, 428.757, 432.452, 390.852, 544.012, 416.15, 560.974, 395.863, 409.949, 586.464, 406.37, 428.649, 426.538, 590.221, 397.569, 612.009, 397.036, 437.503, 424.353, 386.522, 422.488, 431.873, 389.585, 571.858, 420.066, 460.015, 596.359, 629.764, 389.899, 456.367, 442.174, 396.568, 465.672, 420.366, 395.448, 475.911, 483.206, 439.676, 451.076, 386.997, 495.331]] 
AVERAGE RESPONSE TIME: 495.8879333333333
NUMBER OF THREADS: [150]
WORKLOAD: LV_HF; PAL CONFIG: cache; NUMBER OF REPLICAS: 5 
TOTAL EXECUTION TIME (Concurrent Parallel Requests): 2308.235


[[485.173, 412.55, 418.84, 442.847, 497.913, 425.838, 422.245, 458.151, 421.536, 385.486, 445.363, 474.382, 518.785, 463.479, 590.752, 385.532, 442.611, 485.766, 608.004, 418.96, 451.351, 520.656, 417.604, 484.478, 405.828, 510.892, 521.908, 435.451, 459.324, 402.104, 533.284, 593.24, 487.186, 562.004, 516.516, 662.097, 486.757, 516.405, 396.866, 682.279, 556.077, 598.577, 384.929, 689.616, 735.483, 477.25, 755.248, 450.489, 437.179, 440.683, 475.428, 440.641, 446.411, 442.29, 438.166, 433.358, 443.172, 490.022, 450.371, 393.765, 473.838, 431.212, 486.272, 519.174, 432.996, 471.33, 523.387, 497.747, 407.833, 491.286, 530.33, 401.58, 398.722, 435.5, 525.673, 398.162, 484.429, 421.075, 515.898, 530.466, 438.537, 438.459, 382.382, 407.518, 403.977, 457.903, 439.965, 420.429, 451.898, 408.543, 431.539, 491.823, 486.363, 407.203, 436.659, 405.26, 477.519, 370.286, 423.048, 382.243, 423.674, 427.204, 447.086, 431.166, 422.323, 476.313, 546.174, 498.139, 439.705, 379.004, 567.145, 400.666, 479.49, 426.849, 405.653, 492.118, 403.444, 496.508, 420.177, 475.288, 422.369, 439.147, 470.643, 427.154, 446.899, 422.455, 459.31, 426.391, 400.66, 441.035, 458.445, 375.957, 479.976, 401.197, 430.206, 415.676, 434.01, 475.919, 458.564, 402.075, 416.913, 420.528, 448.181, 431.757, 484.075, 368.5, 436.3, 391.935, 416.046, 422.478]] 
AVERAGE RESPONSE TIME: 461.00659333333334
NUMBER OF THREADS: [150]
WORKLOAD: LV_HF; PAL CONFIG: cache; NUMBER OF REPLICAS: 5 
TOTAL EXECUTION TIME (Concurrent Parallel Requests): 2426.341


[[434.514, 412.703, 432.37, 404.042, 424.556, 414.537, 401.247, 486.412, 449.304, 444.927, 381.724, 417.732, 477.164, 397.604, 377.052, 414.326, 442.716, 452.336, 397.481, 465.399, 459.87, 433.623, 465.269, 444.787, 477.058, 491.421, 385.792, 439.806, 524.434, 416.264, 444.634, 462.356, 523.329, 409.086, 454.62, 436.273, 469.966, 499.922, 665.802, 728.557, 469.844, 529.47, 527.184, 470.104, 525.305, 631.817, 667.426, 696.332, 720.826, 515.351, 721.355, 771.856, 546.012, 802.65, 450.054, 459.293, 492.279, 765.841, 504.857, 553.503, 761.503, 565.56, 491.727, 569.955, 614.763, 422.591, 746.42, 806.354, 467.83, 671.398, 608.215, 393.258, 420.829, 420.467, 801.791, 698.606, 415.311, 711.147, 588.427, 778.0, 481.515, 378.366, 840.388, 427.029, 780.42, 481.882, 866.13, 405.173, 873.729, 464.233, 884.454, 916.549, 458.242, 495.95, 415.232, 437.539, 469.526, 472.538, 399.151, 466.036, 886.366, 819.337, 367.798, 396.983, 447.465, 391.538, 861.802, 399.985, 438.151, 476.503, 434.284, 843.77, 437.797, 391.434, 498.416, 838.697, 428.963, 403.668, 527.438, 487.141, 535.473, 425.39, 400.95, 732.458, 756.96, 794.96, 400.339, 445.984, 788.581, 433.796, 803.682, 840.574, 379.336, 457.619, 407.845, 835.506, 395.971, 449.676, 399.671, 852.323, 441.104, 782.483, 461.285, 423.735, 402.81, 390.192, 412.379, 454.772, 419.35, 745.997]] 
AVERAGE RESPONSE TIME: 537.3289666666667
NUMBER OF THREADS: [150]
WORKLOAD: LV_HF; PAL CONFIG: cache; NUMBER OF REPLICAS: 5 
TOTAL EXECUTION TIME (Concurrent Parallel Requests): 2821.725


[[397.894, 400.37, 377.417, 415.225, 396.353, 429.128, 383.487, 405.96, 434.753, 416.537, 487.54, 434.44, 439.228, 515.051, 469.468, 433.981, 498.297, 407.664, 517.835, 445.661, 383.751, 500.115, 414.863, 457.698, 513.456, 491.983, 476.054, 516.672, 510.396, 486.027, 558.728, 524.811, 572.199, 590.919, 401.948, 469.002, 491.752, 549.472, 584.496, 527.091, 517.896, 553.143, 563.374, 415.07, 455.429, 417.927, 538.341, 576.527, 588.896, 439.069, 613.304, 403.173, 434.727, 418.452, 563.465, 413.495, 448.883, 398.924, 557.656, 382.155, 421.099, 392.313, 437.896, 432.346, 394.171, 497.359, 426.742, 431.561, 428.538, 418.624, 456.435, 413.556, 453.911, 403.8, 459.559, 438.973, 455.519, 440.997, 416.362, 459.948, 461.006, 490.956, 410.105, 478.503, 484.254, 476.858, 493.317, 500.093, 466.833, 495.984, 579.131, 513.204, 518.065, 602.416, 408.657, 399.637, 378.427, 404.532, 464.44, 557.98, 423.526, 416.389, 500.722, 404.444, 512.01, 405.412, 403.144, 510.372, 414.345, 480.999, 408.794, 456.809, 529.203, 500.076, 535.874, 582.337, 454.39, 522.221, 461.47, 603.534, 523.314, 392.771, 377.493, 516.205, 411.29, 591.63, 522.745, 402.297, 573.48, 427.054, 441.17, 404.534, 522.835, 413.034, 445.832, 497.416, 393.897, 473.502, 382.189, 412.655, 378.45, 408.527, 430.189, 480.608, 369.593, 407.106, 430.59, 505.765, 457.836, 404.008]] 
AVERAGE RESPONSE TIME: 464.10547333333335
NUMBER OF THREADS: [150]
WORKLOAD: LV_HF; PAL CONFIG: cache; NUMBER OF REPLICAS: 5 
TOTAL EXECUTION TIME (Concurrent Parallel Requests): 2487.929


[[391.968, 402.009, 393.767, 418.179, 426.668, 451.86, 384.992, 425.488, 447.33, 454.549, 432.385, 459.266, 473.576, 490.325, 577.776, 403.373, 552.861, 390.727, 457.604, 500.144, 419.896, 391.458, 439.317, 492.198, 388.108, 438.244, 465.744, 411.036, 391.46, 417.55, 496.064, 441.043, 444.985, 428.081, 444.814, 465.602, 479.56, 495.398, 486.004, 438.264, 455.654, 475.149, 484.294, 487.523, 410.058, 445.099, 385.075, 424.701, 495.493, 403.716, 439.434, 391.695, 449.397, 419.662, 388.822, 387.827, 429.076, 435.516, 417.012, 463.121, 445.703, 425.115, 455.576, 436.723, 423.419, 458.051, 455.5, 387.426, 450.181, 430.162, 426.885, 462.412, 442.171, 482.03, 473.451, 464.201, 394.55, 469.264, 407.112, 387.913, 436.418, 457.488, 441.031, 448.839, 525.937, 494.56, 528.262, 403.343, 415.276, 376.771, 377.291, 448.682, 509.707, 400.353, 394.57, 384.3, 391.851, 490.754, 423.01, 395.948, 385.589, 412.659, 503.022, 455.928, 541.264, 418.294, 426.081, 462.619, 524.31, 415.773, 423.604, 424.005, 443.467, 510.976, 440.206, 442.847, 417.966, 495.934, 441.331, 507.657, 391.174, 503.081, 457.026, 466.232, 407.777, 474.669, 546.238, 461.823, 488.073, 398.031, 414.585, 445.136, 379.514, 511.131, 391.394, 409.501, 518.499, 387.133, 389.566, 430.377, 409.692, 435.2, 503.574, 402.989, 418.335, 404.933, 476.701, 409.261, 496.498, 379.358]] 
AVERAGE RESPONSE TIME: 442.14177333333333
NUMBER OF THREADS: [150]
WORKLOAD: LV_HF; PAL CONFIG: cache; NUMBER OF REPLICAS: 5 
TOTAL EXECUTION TIME (Concurrent Parallel Requests): 2514.647


[[422.219, 381.326, 397.314, 408.518, 421.059, 408.64, 452.228, 450.275, 484.868, 398.94, 519.459, 441.613, 573.309, 479.239, 397.219, 620.591, 388.941, 417.711, 483.779, 402.037, 443.732, 503.979, 618.092, 439.601, 473.948, 466.828, 536.139, 523.055, 517.272, 497.953, 497.463, 406.599, 577.124, 511.982, 593.819, 485.93, 524.396, 566.473, 478.548, 566.656, 567.026, 505.395, 566.552, 522.267, 546.793, 538.7, 428.071, 451.059, 536.766, 529.117, 551.597, 596.545, 654.476, 516.866, 395.091, 535.044, 504.097, 652.385, 544.509, 398.112, 557.411, 398.126, 599.237, 558.273, 637.639, 434.198, 417.664, 426.669, 462.576, 578.579, 426.471, 484.687, 409.973, 439.829, 460.49, 487.953, 402.383, 423.76, 424.446, 480.822, 501.236, 444.953, 405.816, 411.023, 396.64, 403.431, 455.852, 417.032, 426.5, 438.253, 471.665, 445.241, 438.928, 472.862, 467.244, 486.849, 447.096, 479.834, 432.046, 533.769, 538.447, 482.61, 407.12, 470.8, 434.738, 402.148, 495.696, 457.11, 514.239, 400.815, 446.003, 439.16, 431.372, 400.379, 468.348, 426.322, 453.459, 463.017, 503.376, 496.369, 520.617, 382.04, 499.684, 492.341, 492.543, 418.108, 496.208, 607.649, 646.896, 424.955, 489.255, 515.399, 428.303, 467.642, 485.55, 484.092, 512.66, 548.99, 438.346, 483.706, 441.093, 474.932, 428.387, 500.825, 419.808, 442.282, 457.153, 492.366, 422.727, 456.233]] 
AVERAGE RESPONSE TIME: 478.0607733333333
NUMBER OF THREADS: [150]
WORKLOAD: LV_HF; PAL CONFIG: cache; NUMBER OF REPLICAS: 5 
TOTAL EXECUTION TIME (Concurrent Parallel Requests): 2579.1


[[461.157, 416.302, 393.488, 471.399, 396.153, 423.387, 423.558, 420.646, 441.423, 468.388, 497.683, 485.213, 528.285, 576.44, 610.46, 425.21, 489.108, 521.929, 428.215, 402.176, 399.797, 577.517, 498.854, 605.252, 435.373, 505.537, 491.089, 598.532, 494.168, 549.391, 510.476, 400.866, 426.664, 500.183, 438.727, 550.857, 555.356, 436.962, 579.477, 459.477, 527.04, 464.347, 552.132, 438.435, 524.725, 492.274, 417.83, 530.126, 544.803, 572.611, 486.939, 463.182, 413.144, 383.67, 448.972, 391.888, 395.2, 433.939, 414.215, 444.128, 504.952, 495.316, 420.284, 419.162, 427.094, 452.013, 481.095, 424.373, 419.43, 430.53, 468.872, 395.683, 419.923, 477.283, 421.437, 410.751, 530.85, 468.437, 392.872, 418.987, 485.9, 433.503, 420.402, 521.216, 487.956, 421.439, 414.0, 427.34, 499.362, 454.467, 436.715, 420.566, 426.048, 406.884, 480.682, 402.696, 466.639, 427.201, 414.126, 408.25, 383.137, 459.736, 412.008, 473.365, 403.403, 435.621, 390.531, 487.35, 425.021, 441.719, 430.101, 464.157, 406.673, 480.416, 425.873, 402.91, 419.924, 461.441, 436.916, 394.41, 435.913, 422.487, 451.874, 401.444, 393.0, 410.705, 431.287, 435.25, 462.975, 373.495, 441.758, 418.324, 463.205, 389.797, 446.191, 410.254, 449.607, 415.065, 474.252, 513.686, 406.63, 395.554, 410.568, 471.12, 425.253, 494.306, 396.028, 450.098, 459.758, 421.981]] 
AVERAGE RESPONSE TIME: 453.17392
NUMBER OF THREADS: [150]
WORKLOAD: LV_HF; PAL CONFIG: cache; NUMBER OF REPLICAS: 5 
TOTAL EXECUTION TIME (Concurrent Parallel Requests): 2543.839


[[1145.904, 1476.16, 601.991, 646.656, 591.939, 608.978, 613.507, 592.408, 636.933, 596.719, 590.501, 611.562, 616.351, 584.638, 555.119, 1190.373, 560.171, 559.238, 585.957, 505.723, 745.463, 1131.41, 970.36, 520.027, 1111.29, 705.39, 691.437, 694.082, 1536.158, 2447.825, 1616.8429999999998, 1526.22, 1671.799, 1501.567, 1578.3339999999998, 1591.6689999999999, 614.816, 622.429, 588.882, 585.579, 589.945, 1873.737, 611.283, 753.802, 561.785, 532.09, 580.421, 495.717, 518.292, 687.651, 1136.3899999999999, 516.858, 698.328, 424.715, 729.58, 610.351, 656.059, 609.923, 483.464, 1642.54, 1541.051, 1663.433, 553.991, 679.114, 543.671, 609.024, 497.868, 1209.047, 562.913, 573.777, 490.666, 437.459, 710.3, 456.593, 651.249, 1122.6680000000001, 519.311, 658.893, 387.331, 433.427, 662.047, 479.706, 1536.0520000000001, 1523.045, 1553.404, 623.747, 544.302, 567.444, 539.269, 640.63, 592.305, 506.854, 509.157, 543.3, 557.449, 605.539, 701.019, 477.923, 563.641, 442.39, 691.113, 479.342, 502.251, 626.368, 488.686, 1411.414, 559.435, 460.534, 593.908, 538.881, 535.579, 1866.781, 633.104, 611.217, 702.234, 530.254, 463.608, 523.449, 444.541, 661.709, 621.175, 582.165, 561.031, 560.394, 547.858, 509.487, 496.475, 514.295, 541.856, 683.635, 476.929, 703.079, 455.747, 447.217, 466.918, 441.781, 484.525, 443.288, 461.263, 497.073, 1392.896, 492.607, 498.339, 448.609, 551.705, 591.099, 596.185, 461.244, 465.22, 404.542]] 
AVERAGE RESPONSE TIME: 728.1959533333334
NUMBER OF THREADS: [150]
WORKLOAD: LV_HF; PAL CONFIG: cache; NUMBER OF REPLICAS: 5 
TOTAL EXECUTION TIME (Concurrent Parallel Requests): 3189.683


[[455.255, 580.664, 656.367, 551.083, 594.542, 500.879, 515.052, 471.047, 527.987, 513.27, 443.956, 398.833, 510.701, 479.048, 485.101, 396.054, 503.101, 445.385, 499.359, 417.781, 539.849, 489.92, 520.114, 1438.551, 404.364, 441.237, 391.325, 547.607, 452.478, 443.493, 508.426, 561.333, 460.659, 531.01, 477.104, 388.916, 412.682, 421.365, 532.423, 572.168, 524.033, 420.504, 597.012, 546.786, 565.247, 458.75, 568.965, 410.403, 452.205, 588.585, 413.466, 418.914, 414.631, 453.936, 413.82, 552.994, 404.535, 381.507, 486.302, 509.49, 412.277, 379.391, 492.738, 482.269, 414.12, 525.208, 512.229, 413.154, 451.113, 543.132, 470.272, 388.847, 511.322, 392.336, 393.568, 529.205, 431.118, 465.035, 492.844, 422.913, 528.753, 420.533, 420.645, 434.405, 420.368, 413.698, 437.602, 450.271, 452.461, 456.621, 544.747, 480.344, 620.309, 464.889, 432.644, 421.189, 454.622, 619.19, 424.64, 514.95, 487.324, 540.379, 450.166, 463.697, 524.997, 450.811, 389.444, 471.829, 404.025, 521.61, 501.079, 406.181, 546.7, 422.196, 543.408, 387.683, 433.639, 466.648, 476.958, 548.641, 583.797, 455.872, 581.071, 371.974, 500.888, 405.015, 524.261, 419.051, 576.659, 540.045, 601.053, 379.06, 433.089, 593.118, 539.909, 431.579, 387.623, 432.842, 386.039, 427.182, 580.814, 428.613, 605.364, 536.313, 572.32, 593.902, 580.685, 618.452, 368.657, 608.039]] 
AVERAGE RESPONSE TIME: 487.3283133333333
NUMBER OF THREADS: [150]
WORKLOAD: LV_HF; PAL CONFIG: cache; NUMBER OF REPLICAS: 5 
TOTAL EXECUTION TIME (Concurrent Parallel Requests): 2441.197


