[[379.35]] 
[[348.987]] 
[[353.07]] 
[[342.042]] 
[[349.7]] 
[[343.381]] 
[[356.895]] 
[[350.668]] 
[[347.181]] 
[[343.398]] 
[[359.086, 354.147]] 
[[342.826, 351.092]] 
[[357.063, 347.123]] 
[[357.439, 345.829]] 
[[347.102, 344.163]] 
[[344.178, 348.987]] 
[[345.669, 344.766]] 
[[342.601, 347.266]] 
[[362.787, 350.734]] 
[[351.246, 347.894]] 
[[372.98, 361.592, 349.974, 350.862]] 
[[352.757, 348.868, 357.936, 361.486]] 
[[354.909, 349.484, 349.373, 352.357]] 
[[352.937, 357.525, 359.217, 343.914]] 
[[359.702, 356.721, 349.064, 346.519]] 
[[374.636, 352.567, 343.644, 346.325]] 
[[345.508, 352.48, 347.762, 348.545]] 
[[359.125, 346.668, 362.91, 345.688]] 
[[376.878, 373.892, 368.29, 365.181]] 
[[345.398, 357.22, 352.851, 359.564]] 
[[355.866, 351.213, 344.81, 364.301, 347.17, 354.817, 347.085, 353.585]] 
[[370.418, 346.936, 344.03, 346.171, 349.045, 346.826, 348.422, 345.722]] 
[[343.962, 348.133, 356.411, 368.411, 353.922, 349.844, 357.783, 347.541]] 
[[354.954, 345.547, 352.621, 344.233, 347.331, 353.091, 347.962, 350.212]] 
[[364.984, 366.544, 350.051, 351.47, 358.471, 355.406, 356.53, 347.475]] 
[[370.889, 344.427, 342.204, 362.064, 345.075, 341.994, 349.347, 347.54]] 
[[343.81, 343.305, 339.372, 355.223, 350.945, 352.531, 353.684, 347.187]] 
[[350.889, 353.389, 356.983, 355.937, 355.89, 367.657, 353.419, 359.909]] 
[[344.183, 354.797, 355.622, 354.115, 354.998, 353.289, 352.503, 349.487]] 
[[349.156, 351.333, 355.489, 357.764, 362.169, 360.795, 365.407, 364.649]] 
[[345.968, 354.11, 349.024, 352.582, 350.454, 367.067, 347.184, 355.772, 350.12, 356.119, 352.377, 353.653, 366.981, 367.952, 361.906, 373.549]] 
[[359.328, 367.97, 353.597, 346.319, 359.833, 357.27, 351.878, 348.661, 373.665, 373.225, 364.097, 354.326, 359.004, 357.632, 354.74, 349.963]] 
[[352.807, 346.897, 351.65, 353.739, 352.055, 356.007, 352.532, 348.791, 359.255, 358.81, 353.861, 344.038, 346.193, 345.338, 352.92, 351.55]] 
[[343.712, 352.273, 353.981, 362.538, 360.866, 354.536, 353.153, 363.587, 363.182, 359.985, 360.43, 349.479, 375.553, 364.871, 365.354, 359.623]] 
[[346.329, 356.017, 370.913, 360.16, 352.943, 355.776, 351.544, 349.362, 358.605, 353.528, 361.893, 354.031, 358.246, 365.061, 352.595, 353.099]] 
[[352.627, 344.211, 354.292, 353.785, 355.458, 352.404, 351.467, 353.533, 357.225, 353.921, 354.408, 376.184, 376.991, 360.352, 365.928, 361.648]] 
[[366.219, 351.774, 349.885, 344.313, 349.5, 347.426, 354.155, 351.319, 359.051, 352.848, 348.652, 370.467, 368.358, 354.188, 358.302, 353.714]] 
[[350.711, 356.528, 346.813, 347.403, 346.171, 357.06, 357.654, 350.205, 355.32, 350.785, 359.627, 371.01, 364.1, 363.106, 350.221, 346.556]] 
[[361.182, 358.167, 344.653, 354.69, 347.105, 358.349, 343.664, 349.931, 352.572, 344.832, 358.291, 359.044, 354.54, 352.088, 348.535, 349.585]] 
[[355.532, 354.148, 345.821, 371.736, 350.458, 355.817, 350.114, 361.893, 352.712, 353.487, 437.525, 435.474, 425.178, 429.79, 414.258, 411.065]] 
[[356.285, 354.515, 398.809, 380.515, 360.844, 398.09, 422.185, 395.554, 388.39, 415.67, 424.529, 391.826, 400.085, 420.863, 403.851, 402.153, 407.038, 411.389, 443.679, 424.552, 401.008, 403.34, 415.667, 388.732, 400.428, 409.759, 398.157, 398.138, 406.803, 411.378, 398.285, 376.86]] 
[[342.606, 407.36, 369.729, 394.208, 372.877, 386.757, 369.016, 394.564, 367.03, 371.659, 376.862, 366.824, 369.542, 423.729, 426.491, 424.488, 406.119, 436.302, 417.815, 404.082, 411.702, 413.899, 409.271, 440.464, 420.821, 398.28, 402.622, 400.597, 401.687, 405.498, 401.853, 403.321]] 
[[416.505, 442.198, 479.288, 445.088, 493.535, 516.226, 561.719, 527.997, 626.888, 567.107, 585.223, 657.006, 627.646, 675.925, 748.248, 680.314, 707.318, 750.347, 797.983, 764.425, 809.354, 925.196, 858.492, 819.948, 873.868, 939.872, 986.461, 1066.035, 1032.066, 993.795, 1069.02, 1090.814]] 
[[432.793, 373.552, 392.065, 439.793, 468.224, 593.531, 507.521, 473.19, 524.175, 540.308, 587.538, 605.45, 624.256, 669.587, 636.127, 680.128, 704.307, 719.882, 764.997, 731.472, 777.792, 804.012, 880.814, 825.89, 913.3, 985.41, 926.539, 948.082, 1049.91, 990.516, 1008.215, 1078.833]] 
[[380.986, 396.976, 417.743, 463.494, 436.726, 485.009, 494.953, 543.872, 564.736, 501.327, 601.464, 568.8, 632.598, 698.674, 742.521, 657.655, 705.024, 748.77, 827.323, 792.96, 756.001, 830.828, 880.438, 846.21, 890.705, 910.95, 928.272, 990.94, 934.042, 952.66, 1005.806, 1023.357]] 
[[405.737, 453.804, 517.321, 477.744, 528.757, 616.17, 612.102, 604.378, 618.806, 715.608, 657.884, 625.031, 672.636, 742.63, 710.381, 756.856, 1100.169, 773.453, 799.977, 816.772, 836.163, 854.735, 925.784, 894.83, 859.73, 965.237, 929.196, 974.206, 997.097, 1036.312, 1056.486, 1095.827]] 
[[464.759, 404.186, 555.68, 494.251, 594.188, 642.181, 681.795, 919.78, 760.029, 820.291, 952.337, 1079.338, 993.468, 1122.536, 1170.805, 1219.13, 1268.42, 1324.9189999999999, 1505.72, 1346.6019999999999, 1390.882, 1433.296, 1527.208, 1625.751, 1566.162, 1629.22, 1627.399, 1622.601, 1617.799, 1609.6570000000002, 1608.7, 1598.223]] 
[[358.216, 385.356, 385.859, 375.305, 362.663, 357.436, 356.499, 355.711, 356.701, 355.424, 361.15, 358.07, 352.458, 347.666, 349.393, 364.681, 358.317, 376.924, 355.784, 351.587, 382.054, 362.854, 359.171, 358.898, 355.468, 360.909, 365.26, 345.884, 348.811, 350.927, 355.064, 351.513]] 
[[397.656, 395.023, 383.59, 378.495, 377.629, 366.743, 367.31, 369.87, 357.576, 352.5, 351.704, 354.878, 363.223, 354.714, 360.076, 382.128, 388.117, 372.478, 384.275, 359.314, 366.648, 356.004, 351.493, 352.45, 357.672, 352.558, 367.162, 356.873, 359.923, 360.543, 360.715, 350.803]] 
[[374.708, 352.736, 356.088, 364.717, 359.785, 356.507, 354.438, 364.911, 355.22, 357.188, 359.558, 359.529, 361.153, 340.564, 357.718, 348.456, 352.981, 348.159, 351.036, 348.384, 375.493, 354.741, 368.577, 372.173, 358.822, 353.11, 356.103, 351.548, 360.604, 369.998, 369.579, 355.224]] 
[[379.313, 403.883, 401.941, 394.458, 389.617, 381.2, 375.628, 370.927, 396.92, 381.42, 368.932, 385.65, 371.067, 372.74, 381.437, 378.213, 360.437, 369.648, 365.161, 367.839, 392.762, 364.163, 356.945, 363.933, 384.932, 371.372, 369.486, 363.838, 368.882, 379.538, 367.498, 370.598, 355.14, 360.627, 362.864, 355.155, 373.761, 361.302, 359.399, 370.68, 369.879, 379.256, 352.856, 351.117, 362.119, 353.584, 367.671, 362.469, 498.077, 491.943, 479.477, 476.216, 464.701, 435.699, 414.612, 419.099, 401.663, 396.042, 382.445, 359.722, 366.534, 382.668, 360.504, 443.968]] 
[[387.354, 396.898, 380.578, 391.727, 377.171, 378.697, 375.827, 370.03, 397.238, 394.023, 383.861, 382.748, 397.333, 441.813, 380.077, 441.521, 402.92, 406.008, 411.136, 403.157, 389.765, 383.566, 388.426, 383.779, 376.78, 377.68, 373.627, 378.111, 366.262, 375.214, 383.336, 347.766, 358.763, 397.13, 367.287, 370.454, 369.247, 361.632, 369.224, 380.473, 347.918, 375.798, 367.337, 365.935, 383.22, 378.858, 382.02, 368.113, 362.712, 360.042, 360.171, 373.825, 350.662, 341.517, 349.972, 361.948, 351.601, 369.342, 353.725, 352.087, 359.505, 341.305, 362.139, 351.937]] 
[[357.032, 383.401, 369.285, 370.654, 391.345, 362.904, 380.898, 395.288, 357.163, 373.175, 363.012, 377.253, 389.787, 385.832, 381.681, 384.86, 375.63, 403.1, 378.348, 385.678, 380.433, 377.956, 377.319, 415.99, 368.659, 360.782, 385.501, 377.997, 384.507, 374.77, 364.279, 363.211, 381.942, 370.069, 350.878, 410.608, 408.949, 395.337, 402.235, 396.493, 379.636, 375.687, 366.833, 370.032, 366.474, 367.426, 374.434, 363.764, 365.557, 347.073, 349.857, 374.256, 370.645, 358.372, 359.514, 342.704, 371.066, 341.83, 376.339, 368.216, 362.306, 354.848, 362.492, 348.065]] 
[[375.927, 364.938, 363.448, 384.721, 375.677, 391.814, 388.849, 387.923, 366.636, 377.191, 368.436, 366.391, 358.452, 363.914, 416.58, 380.043, 369.028, 395.95, 379.009, 404.313, 376.176, 398.84, 370.213, 372.12, 369.654, 384.586, 378.676, 390.796, 371.983, 370.94, 374.576, 375.708, 383.302, 369.383, 373.389, 374.735, 373.502, 390.088, 391.608, 358.415, 391.256, 378.456, 388.232, 374.315, 379.654, 400.592, 375.277, 362.687, 392.859, 393.555, 367.158, 387.987, 354.172, 376.898, 359.551, 351.797, 374.183, 360.074, 358.512, 356.176, 383.133, 382.817, 382.387, 358.646]] 
[[393.4, 384.221, 404.979, 404.728, 398.533, 394.794, 461.651, 441.556, 404.066, 487.927, 457.292, 572.405, 491.159, 513.969, 524.451, 567.423, 610.605, 578.258, 628.468, 647.589, 685.235, 727.726, 647.202, 689.716, 728.043, 747.693, 808.676, 758.489, 854.799, 824.481, 864.719, 884.882, 904.774, 980.045, 919.059, 1011.475, 928.471, 975.034, 1008.574, 1028.076, 1042.782, 1059.981, 1129.745, 1138.638, 1063.411, 1072.549, 1160.819, 1179.7350000000001, 1124.815, 1188.526, 1206.865, 1243.824, 1309.1109999999999, 1274.8229999999999, 1312.3220000000001, 1238.649, 1326.792, 1335.345, 1378.099, 1346.1779999999999, 1384.696, 1399.72, 1414.801, 1440.884]] 
[[388.84, 404.172, 486.705, 449.553, 398.915, 447.388, 484.474, 494.756, 511.764, 552.296, 523.41, 563.651, 696.757, 621.887, 591.354, 561.459, 648.642, 619.776, 704.381, 676.273, 714.357, 734.554, 775.002, 743.53, 833.472, 778.323, 853.708, 813.923, 910.47, 879.571, 918.8, 953.125, 966.643, 987.659, 1006.438, 1030.09, 1071.654, 1040.341, 1127.944, 1100.914, 1067.243, 1137.002, 1146.156, 1187.594, 1156.335, 1220.893, 1190.268, 1228.085, 1244.087, 1261.301, 1301.395, 1361.653, 1266.163, 1308.09, 1313.932, 1350.092, 1411.1689999999999, 1358.395, 1370.351, 1413.434, 1482.999, 1421.6770000000001, 1502.537, 1535.233]] 
[[387.271, 453.196, 395.485, 481.786, 414.101, 450.002, 485.049, 570.249, 612.543, 511.518, 481.143, 527.458, 563.034, 605.808, 654.82, 622.99, 689.301, 658.217, 723.438, 691.856, 729.568, 892.284, 742.354, 779.923, 750.015, 927.163, 891.754, 775.563, 795.137, 918.859, 932.298, 952.557, 978.083, 1023.419, 988.235, 1059.342, 1026.154, 1064.597, 1081.986, 1143.673, 1087.911, 1101.642, 1142.285, 1160.023, 1334.748, 1194.446, 1233.076, 1271.519, 1384.578, 1400.8890000000001, 1337.4479999999999, 1412.606, 1486.59, 1559.318, 1497.984, 1432.884, 1394.663, 1480.424, 1529.7069999999999, 1549.3110000000001, 1595.8609999999999, 1623.065, 1659.171, 1672.4740000000002]] 
[[378.117, 425.995, 431.866, 389.299, 444.569, 559.508, 447.532, 472.411, 491.447, 505.071, 546.681, 579.469, 669.832, 544.809, 709.489, 597.347, 665.496, 725.401, 958.103, 759.359, 826.583, 772.592, 843.145, 783.635, 851.839, 974.884, 880.63, 927.906, 973.145, 992.12, 1008.378, 1026.995, 1044.06, 1153.879, 1077.356, 1048.379, 1112.039, 1084.789, 1149.3600000000001, 1166.3029999999999, 1181.471, 1198.249, 1221.742, 1229.813, 1271.0, 1294.104, 1232.67, 1297.466, 1314.564, 1352.312, 1322.173, 1437.973, 1354.068, 1370.995, 1380.421, 1433.216, 1476.199, 1513.315, 1575.2849999999999, 1539.924, 1515.781, 1577.286, 1600.342, 1619.592]] 
[[386.17, 417.016, 438.892, 397.069, 470.159, 439.201, 478.98, 518.636, 487.916, 556.61, 526.93, 573.38, 592.534, 687.813, 600.446, 632.473, 738.491, 684.501, 701.031, 789.328, 755.182, 729.792, 824.867, 794.844, 836.195, 871.93, 843.935, 881.362, 898.731, 915.096, 928.249, 944.868, 1007.919, 954.584, 971.794, 1011.139, 1031.067, 1051.251, 1063.755, 1098.37, 1067.286, 1106.903, 1120.05, 1133.717, 1152.9470000000001, 1191.4859999999999, 1165.657, 1202.495, 1219.011, 1259.711, 1229.761, 1330.28, 1266.826, 1283.8519999999999, 1344.243, 1466.539, 1386.0140000000001, 1464.383, 1409.659, 1468.1390000000001, 1493.2069999999999, 1544.787, 1507.144, 1549.95]] 
[[383.217, 416.856, 530.424, 442.169, 480.836, 557.74, 594.977, 626.428, 745.843, 665.929, 683.817, 701.657, 790.172, 737.796, 754.905, 800.258, 846.203, 814.326, 925.618, 870.324, 840.804, 882.198, 920.824, 937.956, 954.838, 977.185, 1019.729, 988.091, 1027.443, 1045.392, 1084.503, 1056.685, 1152.599, 1083.866, 1100.055, 1160.2, 1200.783, 1180.865, 1211.241, 1234.949, 1274.056, 1241.913, 1276.836, 1294.908, 1308.84, 1336.8220000000001, 1399.966, 1344.12, 1462.69, 1505.24, 1413.656, 1461.0520000000001, 1638.266, 1495.028, 1677.292, 1514.778, 1531.978, 1575.441, 1539.972, 1602.827, 1667.353, 1642.363, 1674.8, 1692.5059999999999]] 
[[452.711, 407.269, 422.22, 478.01, 456.116, 553.972, 496.538, 587.106, 678.685, 626.112, 640.474, 699.072, 718.898, 734.546, 752.581, 791.152, 760.848, 823.739, 793.078, 829.116, 845.704, 862.629, 881.073, 903.83, 942.126, 908.254, 965.418, 994.097, 997.004, 997.723, 1038.376, 1007.573, 1046.462, 1064.217, 1104.233, 1080.634, 1143.206, 1107.691, 1173.698, 1289.836, 1133.555, 1187.218, 1327.479, 1362.465, 1408.201, 1372.9850000000001, 1426.7730000000001, 1447.202, 1490.374, 1457.728, 1495.507, 1557.5610000000001, 1533.49, 1503.241, 1612.473, 1543.941, 1565.104, 1604.337, 1654.74, 1622.7849999999999, 1679.856, 1649.775, 1690.786, 1707.549, 1716.862]] 
[[413.805, 449.107, 373.869, 447.398, 464.651, 542.14, 480.648, 572.647, 491.194, 586.057, 529.874, 615.19, 586.085, 651.053, 694.824, 614.538, 755.077, 647.516, 693.755, 709.365, 796.734, 744.915, 759.025, 919.031, 799.885, 840.016, 806.635, 868.951, 910.054, 833.836, 942.362, 915.338, 974.647, 945.1, 984.554, 999.62, 1033.906, 1107.566, 1173.98, 1209.512, 1294.276, 1240.791, 1357.3890000000001, 1311.82, 1320.911, 1362.615, 1471.362, 1390.835, 1431.2649999999999, 1355.358, 1393.151, 1479.811, 1519.967, 1443.999, 1472.184, 1510.817, 1527.783, 1549.463, 1556.598, 1569.115, 1606.5520000000001, 1624.275, 1645.719, 1648.637, 1658.855]] 
[[389.677, 414.482, 469.092, 419.559, 444.992, 470.555, 563.253, 530.38, 502.581, 470.538, 555.732, 598.598, 564.585, 605.278, 621.953, 638.843, 677.499, 648.257, 688.308, 728.678, 839.822, 690.235, 732.366, 750.779, 791.402, 760.965, 824.912, 843.828, 857.791, 873.428, 927.821, 884.766, 1000.149, 945.909, 1054.615, 1021.059, 1116.113, 1054.483, 1074.5819999999999, 1146.183, 1108.998, 1157.302, 1174.717, 1213.368, 1180.56, 1248.489, 1212.4, 1252.828, 1272.258, 1318.693, 1278.528, 1347.8600000000001, 1317.026, 1352.255, 1392.751, 1360.286, 1399.292, 1415.311, 1430.104, 1451.805, 1486.046, 1453.954, 1515.638, 1539.547, 1485.208]] 
[[483.653, 427.943, 388.161, 428.995, 481.011, 495.729, 537.817, 637.442, 505.509, 550.512, 567.963, 581.499, 691.575, 613.57, 629.745, 654.476, 692.434, 783.934, 697.381, 712.35, 802.415, 819.081, 862.221, 765.487, 823.486, 700.572, 854.829, 873.386, 894.144, 993.182, 937.821, 1061.157, 1003.841, 1019.242, 1155.2649999999999, 1080.566, 1047.472, 1194.222, 1168.658, 1084.993, 1251.272, 1195.076, 1255.891, 1296.828, 1316.858, 1264.549, 1180.44, 1318.317, 1386.5810000000001, 1338.667, 1360.621, 1398.533, 1432.402, 1475.563, 1400.145, 1431.434, 1467.099, 1481.28, 1501.009, 1509.692, 1526.205, 1544.06, 1565.7, 1579.6689999999999, 1592.391]] 
[[469.966, 422.91, 503.236, 611.43, 560.52, 523.366, 560.333, 628.787, 597.392, 688.322, 628.582, 706.497, 641.093, 794.254, 708.603, 806.035, 722.623, 816.591, 737.041, 853.86, 877.656, 813.052, 986.42, 935.339, 879.561, 988.172, 1030.8, 999.241, 1043.421, 1092.526, 1058.583, 1212.175, 1095.777, 1111.0, 1233.705, 1128.705, 1143.465, 1236.228, 1250.314, 1295.755, 1262.674, 1307.049, 1354.4850000000001, 1375.541, 1306.93, 1370.138, 1390.549, 1405.7350000000001, 1425.4279999999999, 1441.733, 1455.499, 1516.048, 1465.909, 1484.978, 1516.3609999999999, 1557.75, 1528.4, 1593.74, 1558.924, 1599.0929999999998, 1620.3029999999999, 1729.5030000000002, 1650.433, 1686.5520000000001, 1727.366]] 
[[382.754, 454.486, 406.573, 503.748, 441.795, 426.817, 453.325, 497.703, 510.983, 528.531, 544.881, 562.563, 589.067, 648.113, 612.694, 584.001, 711.641, 676.279, 635.182, 779.961, 816.552, 730.977, 898.139, 850.998, 932.96, 901.193, 942.525, 989.292, 1035.365, 949.357, 1070.859, 989.651, 1022.2139999999999, 1073.0819999999999, 1094.891, 1106.58, 1146.001, 1116.129, 1154.868, 1171.75, 1238.621, 1188.318, 1203.426, 1337.761, 1234.516, 1253.216, 1269.21, 1286.402, 1349.539, 1320.124, 1359.708, 1374.442, 1418.051, 1385.372, 1568.1570000000002, 1415.762, 1454.4470000000001, 1501.704, 1588.9070000000002, 1592.934, 1678.78, 1613.748, 1721.266, 1623.9940000000001, 1678.921]] 
[[396.73, 407.098, 412.942, 472.546, 489.636, 425.953, 568.931, 497.082, 528.564, 655.401, 625.092, 659.513, 583.3, 693.662, 772.984, 710.65, 647.933, 723.065, 788.824, 758.306, 799.764, 823.772, 844.339, 883.238, 852.202, 893.894, 936.642, 968.866, 897.192, 997.729, 1036.721, 1119.011, 1062.495, 1150.101, 1192.877, 1273.166, 1222.696, 1303.335, 1434.674, 1340.2640000000001, 1563.645, 1511.468, 1458.213, 1585.574, 1621.2530000000002, 1752.292, 1652.1100000000001, 1690.767, 1770.149, 1854.5819999999999, 1800.512, 1928.1109999999999, 1882.242, 2007.352, 1948.421, 2035.202, 2097.925, 2136.615, 2170.446, 2246.758, 2283.801, 2323.167, 2353.603, 2388.288, 2381.573]] 
[[360.715, 359.591, 356.658, 379.919, 410.636, 381.425, 391.187, 376.76, 367.582, 374.957, 381.823, 376.269, 366.51, 366.058, 348.128, 375.327, 397.381, 373.182, 374.358, 346.301, 373.532, 353.614, 360.458, 366.606, 386.035, 385.581, 368.292, 375.202, 373.037, 348.507]] 
[[372.673, 368.083, 392.174, 367.368, 380.423, 360.217, 364.815, 356.046, 355.674, 381.881, 354.311, 404.174, 365.815, 364.227, 361.13, 380.287, 371.765, 367.621, 366.519, 366.258, 364.193, 356.185, 385.207, 360.516, 345.694, 379.204, 370.888, 360.679, 342.558, 355.809, 354.938, 345.571]] 
[[437.792, 452.837, 446.089, 459.347, 415.356, 413.322, 413.373, 406.204, 388.995, 407.101, 404.08, 398.471, 385.424, 381.192, 379.522, 363.671, 360.967, 356.127, 359.715, 356.664, 366.774, 362.188, 371.681, 382.446, 367.092, 353.77, 361.957, 374.153, 353.773, 400.902, 363.888, 351.446, 364.924, 380.084, 350.522, 344.465]] 
[[368.369, 376.573, 364.488, 348.561, 365.707, 370.372, 381.162, 386.388, 363.807, 375.028, 363.42, 358.653, 382.544, 363.59, 383.773, 372.318, 354.891, 373.286, 362.31, 371.651, 360.723, 362.322, 371.373, 348.678, 372.669, 362.874, 353.927, 381.947, 382.378, 353.103, 362.396, 344.843, 349.324, 350.405, 356.124]] 
[[350.536, 367.857, 367.928, 376.417, 392.546, 374.993, 386.13, 376.459, 375.4, 359.751, 369.367, 369.298, 366.126, 357.732, 353.99, 359.908, 354.842, 364.451, 365.381, 373.828, 379.142, 371.77, 365.062, 351.009, 340.852, 355.178, 357.471, 384.365, 359.703, 344.485, 372.229, 360.035, 353.201, 344.454, 352.707]] 
[[367.001, 361.984, 371.181, 366.949, 357.134, 356.072, 352.833, 376.593, 366.159, 361.151, 375.927, 351.761, 363.12, 363.52, 355.718, 368.246, 353.482, 385.51, 390.971, 372.353, 371.139, 366.084, 349.037, 343.651, 343.599, 344.902, 351.032, 358.569, 348.505, 361.71, 344.703, 370.127, 361.396, 350.305]] 
[[358.746, 369.449, 354.932, 377.287, 377.723, 389.755, 368.888, 376.845, 366.985, 395.129, 384.826, 366.516, 348.256, 376.896, 360.269, 352.549, 377.183, 348.289, 377.809, 363.156, 400.822, 401.23, 349.204, 357.15]] 
[[356.785, 379.434, 405.819, 358.324, 405.665, 356.136, 403.038, 375.363, 377.527, 356.196, 372.208, 361.012, 378.201, 363.266, 349.143, 359.965, 362.16, 399.599, 353.793, 386.444, 387.968, 373.404, 364.122]] 
[[395.924, 1449.79, 382.135, 414.75, 396.155, 401.571, 601.384, 449.978, 447.47, 554.406, 552.22, 553.013, 544.846, 542.42, 531.068, 1909.645, 1852.645, 3073.625, 444.774, 427.416, 411.879, 393.299, 431.351, 439.631, 427.567, 425.288, 404.921, 388.003, 386.118, 360.951]] 
[[1441.5810000000001, 464.317, 472.195, 454.003, 428.268, 418.834, 414.071, 402.478, 1400.31, 1386.885, 431.293, 413.635, 398.228, 373.162, 430.449, 418.283, 362.108, 356.698]] 
[[432.069, 389.519, 407.16, 370.478, 365.565, 378.52, 373.884, 375.381, 370.397, 360.516, 356.819, 381.049, 349.726, 365.636, 368.723, 373.911, 353.45, 355.363, 350.772]] 
[[364.054, 447.534, 438.962, 430.937, 414.563, 397.22, 387.412, 385.235, 385.238, 386.282, 359.109, 355.839, 351.65, 359.946, 358.844, 389.513, 375.402, 378.922, 359.839, 358.784, 360.066, 382.816, 347.366]] 
[[353.814, 358.743, 361.605, 373.483, 404.594, 373.584, 377.969, 362.486, 359.776, 357.86, 350.025, 380.407, 352.325, 352.43, 360.914, 351.515, 348.821, 359.612, 349.949, 344.185, 347.796, 386.852, 365.968]] 
[[394.158, 428.965, 375.936, 385.251, 381.143, 373.86, 356.654, 356.582, 373.791, 368.4, 377.452, 362.521, 345.328, 355.4, 340.26, 358.732, 360.975]] 
[[360.978, 368.472, 362.421, 380.467, 357.319, 364.24, 352.247, 370.014, 368.476, 360.093, 360.404, 370.018, 365.982, 353.724, 355.474, 349.402, 350.28, 349.145, 369.454, 364.1]] 
[[391.04, 367.523, 384.082, 407.956, 414.155, 365.289, 365.428, 351.375, 384.854, 369.096, 381.304, 374.398, 364.372, 355.909, 376.091, 365.83, 393.781, 380.95, 1351.411, 375.854, 357.19, 366.297, 352.299, 349.732, 357.11]] 
[[362.998, 371.407, 372.7, 369.55, 365.866, 392.658, 360.549, 378.999, 363.675, 394.411, 395.788, 376.024, 385.976, 360.41, 352.324, 354.048, 366.625, 350.899, 349.022, 345.615, 358.118, 354.848, 358.267, 346.673]] 
[[372.997, 364.902, 364.109, 360.054, 364.592, 403.825, 362.874, 370.354, 366.632, 359.355, 371.568, 343.549, 350.836, 356.166, 342.411, 361.539]] 
[[377.462, 370.63, 351.163, 354.535, 354.891, 356.556, 351.737, 358.708, 361.408, 351.769, 365.862, 353.826]] 
[[400.915, 375.649, 364.578, 378.157, 379.383, 369.535, 353.046, 361.81, 351.701, 353.181, 357.727, 359.043, 365.398, 344.635]] 
[[358.41, 408.87, 397.005, 386.481, 375.301, 371.264, 350.655, 362.448, 366.601, 367.959, 397.709, 355.321, 358.313, 379.722, 346.877, 371.777, 384.983, 355.055, 353.133, 353.333, 346.473, 353.571, 349.908]] 
[[363.982, 380.481, 375.349, 383.512, 374.752, 357.935, 356.838, 341.965, 353.182, 357.494, 349.551, 346.062, 346.08, 351.822, 346.537]] 
[[378.604, 381.642, 360.97, 372.36, 374.142, 372.454, 359.625, 362.739, 380.368, 362.304, 376.096, 350.494, 341.316, 350.675, 345.436, 343.028, 360.974, 362.387]] 
[[390.513, 393.061, 381.547, 376.799, 358.72, 390.699, 350.465, 373.04, 347.041, 362.617, 347.912]] 
[[365.324, 390.88, 372.464, 383.213, 396.377, 361.307, 343.68, 369.708, 363.276, 369.409, 351.272, 370.376, 366.382]] 
[[363.289, 376.449, 359.997, 384.586, 374.545, 389.686, 362.175, 389.035, 366.806, 352.2, 362.091, 357.872, 354.074]] 
[[373.519, 382.466, 365.479, 376.84, 376.139, 377.09, 353.593, 366.197, 380.086, 363.317, 384.335, 346.597, 356.232, 373.689, 358.374]] 
[[379.415, 375.449, 360.677, 376.223, 381.458, 369.12, 355.804, 362.974, 351.261, 348.124, 356.844, 377.128, 356.927, 342.64, 350.796]] 
[[356.133, 354.863, 381.876, 352.401, 377.865, 348.526, 352.066, 355.952]] 
[[360.115, 360.158, 382.345, 367.647, 381.828, 367.449, 350.709, 368.286, 371.276, 352.345, 348.592, 361.123, 343.149, 354.236, 346.633, 365.036]] 
[[372.429, 373.839, 374.348, 360.28, 357.674, 378.351, 373.059, 373.665, 346.592, 349.146, 347.252, 351.53, 364.806, 357.427]] 
[[382.892, 398.268, 365.212, 395.47, 391.286, 370.761, 379.871, 355.116, 352.277, 358.294, 417.132, 346.897, 361.231, 378.647, 362.101, 358.907]] 
[[374.306, 374.228, 358.49, 362.851, 354.686, 369.837, 353.516, 348.669, 350.454, 365.543, 374.17, 363.921, 351.485]] 
[[365.058, 367.238, 395.546, 383.482, 370.787, 359.47, 359.898, 388.735, 363.703, 362.963, 377.539, 379.165, 386.086, 358.266, 353.922]] 
[[392.58, 361.499, 380.501, 380.071, 402.027, 366.078, 386.78, 369.142, 364.82, 372.136, 354.637, 346.229, 353.269, 357.416, 367.134]] 
[[377.849, 360.142, 376.392, 376.937, 368.436, 411.534, 388.475, 375.752, 362.652, 350.834, 353.191, 426.733, 401.521, 373.909, 353.266, 352.141, 419.989, 405.686, 368.331, 359.204]] 
[[356.347, 376.532, 350.778, 385.838, 385.835, 371.362, 380.334, 360.271, 358.688, 357.488, 380.44, 374.75, 365.373, 354.312, 350.484, 367.012, 376.885, 351.801]] 
[[401.142, 389.34, 431.416, 396.97, 377.426, 378.428, 357.216, 368.519, 379.139, 397.672, 391.205]] 
[[402.944, 388.123, 450.939, 392.068, 405.288, 433.94, 431.4, 449.704, 457.996, 420.058, 467.175, 483.252, 503.823, 396.118]] 
[[403.173, 397.0, 413.684, 404.515, 394.004, 413.015, 436.106, 428.26, 415.386, 377.697]] 
[[378.347, 395.818, 409.993, 405.549, 390.464, 401.27, 406.972, 415.515, 408.965, 384.201, 410.684, 390.815, 397.681, 394.777, 420.283]] 
[[391.697, 396.598, 380.933, 380.122, 375.688, 377.085, 390.962, 374.422]] 
[[392.827, 455.043, 397.238, 455.159, 433.748, 430.274, 443.629, 445.844, 441.375, 420.878, 441.912, 373.839, 371.639, 391.533, 392.906]] 
[[457.293, 429.592, 441.555, 479.245, 504.112, 685.475, 518.309, 568.681, 605.625, 573.158, 599.567, 700.82, 637.636, 786.459, 717.48]] 
[[437.697, 405.673, 402.726, 353.245, 362.397, 450.402, 372.761, 347.498, 359.918, 347.616, 346.297]] 
[[415.748, 413.301, 393.361, 373.593, 409.807, 365.099, 367.829, 344.124, 354.596, 349.094, 359.37, 368.567, 362.316, 348.88, 347.307, 368.1]] 
[[375.812, 368.78, 386.2, 377.086, 367.715, 377.505, 368.59, 360.106, 362.338, 353.689, 355.546]] 
[[400.444, 395.431, 439.65, 431.289, 393.465, 372.455, 388.723, 365.491, 362.378, 374.565, 350.072, 356.218]] 
[[386.753, 360.343, 391.121, 407.66, 390.216, 387.307, 377.219, 367.869, 363.746]] 
[[414.868, 446.631, 419.863, 411.622, 440.432, 432.806, 422.051, 400.097, 377.786, 384.553, 377.287, 381.563, 386.451, 362.343, 353.32]] 
[[385.565, 384.765, 374.966, 373.684, 394.677, 381.695, 366.391, 381.613, 375.447, 384.433, 408.259, 400.899, 371.88]] 
[[388.682, 416.496, 428.273, 391.971, 383.051, 426.446, 394.443, 389.429, 402.147, 430.429, 433.724, 438.995, 379.931, 385.045, 441.555, 388.405, 403.842, 417.819]] 
[[397.547, 432.884, 435.831, 437.455, 444.679, 446.657, 420.899, 393.184, 389.229, 394.601, 406.586, 407.887, 424.637, 382.881, 397.004]] 
average response time [0]379.35
average response time [1]348.987
average response time [2]353.07
average response time [3]342.042
average response time [4]349.7
average response time [5]343.381
average response time [6]356.895
average response time [7]350.668
average response time [8]347.181
average response time [9]343.398
average response time [10]356.6165
average response time [11]346.959
average response time [12]352.09299999999996
average response time [13]351.634
average response time [14]345.6325
average response time [15]346.5825
average response time [16]345.2175
average response time [17]344.9335
average response time [18]356.7605
average response time [19]349.57
average response time [20]358.852
average response time [21]355.26175
average response time [22]351.53075
average response time [23]353.39824999999996
average response time [24]353.0015
average response time [25]354.293
average response time [26]348.57375
average response time [27]353.59775
average response time [28]371.06025
average response time [29]353.75825000000003
average response time [30]352.35587499999997
average response time [31]349.69625
average response time [32]353.250875
average response time [33]349.493875
average response time [34]356.366375
average response time [35]350.4425
average response time [36]348.25712500000003
average response time [37]356.759125
average response time [38]352.37425
average response time [39]358.34525
average response time [40]356.551125
average response time [41]358.21925
average response time [42]351.6526875
average response time [43]358.9451875
average response time [44]356.256375
average response time [45]357.777125
average response time [46]355.0106875
average response time [47]354.579375
average response time [48]352.32675
average response time [49]381.563
average response time [50]400.29303125
average response time [51]398.06484375
average response time [52]735.49709375
average response time [53]708.06903125
average response time [54]706.619375
average response time [55]769.74434375
average response time [56]1161.79103125
average response time [57]360.06290624999997
average response time [58]365.94196875
average response time [59]358.4315
average response time [60]384.712921875
average response time [61]376.098875
average response time [62]373.932296875
average response time [63]376.8485
average response time [64]883.089890625
average response time [65]942.235234375
average response time [66]983.9820625
average response time [67]1004.840296875
average response time [68]951.508640625
average response time [69]1093.7875625
average response time [70]1089.3540615384616
average response time [71]1025.046276923077
average response time [72]962.4503384615384
average response time [73]1011.9080153846154
average response time [74]1103.4531846153845
average response time [75]1024.6431692307692
average response time [76]1250.6962923076924
average response time [77]371.8543666666667
average response time [78]366.34071875
average response time [79]384.34205555555553
average response time [80]365.71362857142856
average response time [81]364.41722857142855
average response time [82]361.24776470588233
average response time [83]370.82891666666666
average response time [84]373.2857391304348
average response time [85]666.4747666666667
average response time [86]581.4887777777777
average response time [87]372.57568421052633
average response time [88]381.54491304347823
average response time [89]362.3788260869565
average response time [90]370.31811764705884
average response time [91]361.6355
average response time [92]412.13304
average response time [93]366.14375
average response time [94]363.4851875
average response time [95]359.04558333333335
average response time [96]365.3398571428571
average response time [97]367.4421304347826
average response time [98]359.03613333333334
average response time [99]363.0896666666667
average response time [100]370.21945454545454
average response time [101]369.5129230769231
average response time [102]368.6773076923077
average response time [103]368.9302
average response time [104]362.9893333333333
average response time [105]359.96025
average response time [106]361.3079375
average response time [107]362.88557142857144
average response time [108]373.397625
average response time [109]361.7043076923077
average response time [110]371.4572
average response time [111]370.28793333333334
average response time [112]378.1487
average response time [113]366.91833333333335
average response time [114]388.043
average response time [115]434.4877142857143
average response time [116]408.284
average response time [117]400.7556
average response time [118]383.438375
average response time [119]419.1896
average response time [120]580.3338
average response time [121]380.56636363636363
average response time [122]371.31825
average response time [123]368.4879090909091
average response time [124]385.84841666666665
average response time [125]381.3593333333333
average response time [126]400.77819999999997
average response time [127]383.40569230769233
average response time [128]407.81572222222223
average response time [129]414.13073333333335
NUMBER OF THREADS: [1, 2, 4, 8, 16, 32, 64, 65, 66, 67, 68, 69, 70]
WORKLOAD: HFU_LV; PAL CONFIG: default 
TOTAL EXECUTION TIME (Concurrent Parallel Requests): 112900.574


