[[394.657]] 
RATE (RPS) =====================================: 1

[[380.432]] 
RATE (RPS) =====================================: 1

[[377.616]] 
RATE (RPS) =====================================: 1

[[381.093]] 
RATE (RPS) =====================================: 1

[[394.849]] 
RATE (RPS) =====================================: 1

[[382.682]] 
RATE (RPS) =====================================: 1

[[393.432]] 
RATE (RPS) =====================================: 1

[[398.149]] 
RATE (RPS) =====================================: 1

[[390.789]] 
RATE (RPS) =====================================: 1

[[384.713]] 
RATE (RPS) =====================================: 1

[[426.042, 427.831]] 
RATE (RPS) =====================================: 2

[[390.522, 446.965]] 
RATE (RPS) =====================================: 2

[[433.37, 394.285]] 
RATE (RPS) =====================================: 2

[[381.256, 428.207]] 
RATE (RPS) =====================================: 2

[[493.264, 426.685]] 
RATE (RPS) =====================================: 2

[[390.673, 433.618]] 
RATE (RPS) =====================================: 2

[[436.584, 385.896]] 
RATE (RPS) =====================================: 2

[[423.444, 376.945]] 
RATE (RPS) =====================================: 2

[[378.132, 432.599]] 
RATE (RPS) =====================================: 2

[[471.09, 430.168]] 
RATE (RPS) =====================================: 2

[[410.516, 439.531, 463.907, 481.088]] 
RATE (RPS) =====================================: 4

[[477.917, 437.357, 494.466, 529.429]] 
RATE (RPS) =====================================: 4

[[388.097, 477.982, 433.44, 507.995]] 
RATE (RPS) =====================================: 4

[[430.299, 500.604, 432.129, 502.718]] 
RATE (RPS) =====================================: 4

[[599.272, 449.239, 398.462, 514.241]] 
RATE (RPS) =====================================: 4

[[431.558, 389.639, 460.888, 502.811]] 
RATE (RPS) =====================================: 4

[[420.367, 458.19, 523.234, 477.897]] 
RATE (RPS) =====================================: 4

[[392.805, 419.055, 502.273, 437.659]] 
RATE (RPS) =====================================: 4

[[409.355, 453.654, 521.011, 463.842]] 
RATE (RPS) =====================================: 4

[[439.945, 386.032, 464.28, 544.694]] 
RATE (RPS) =====================================: 4

[[402.346, 470.894, 411.664, 653.544, 475.195, 497.182, 558.718, 490.473]] 
RATE (RPS) =====================================: 8

[[397.403, 435.206, 542.518, 450.117, 568.924, 600.436, 638.072, 667.525]] 
RATE (RPS) =====================================: 8

[[399.455, 445.032, 555.014, 461.51, 454.247, 503.596, 525.704, 551.011]] 
RATE (RPS) =====================================: 8

[[485.586, 395.298, 419.636, 539.285, 563.864, 471.358, 629.096, 580.582]] 
RATE (RPS) =====================================: 8

[[414.061, 446.931, 467.075, 509.002, 615.873, 532.341, 640.333, 548.118]] 
RATE (RPS) =====================================: 8

[[389.168, 425.323, 510.226, 467.354, 673.201, 522.353, 560.601, 688.55]] 
RATE (RPS) =====================================: 8

[[522.183, 393.331, 428.371, 462.025, 540.449, 575.24, 634.4, 672.137]] 
RATE (RPS) =====================================: 8

[[486.374, 396.849, 420.309, 503.699, 538.581, 648.523, 600.248, 550.877]] 
RATE (RPS) =====================================: 8

[[454.462, 399.183, 505.949, 541.919, 574.12, 615.968, 685.8, 638.649]] 
RATE (RPS) =====================================: 8

[[388.333, 429.656, 972.176, 986.709, 1014.882, 564.335, 597.229, 630.395]] 
RATE (RPS) =====================================: 7

[[433.73, 389.154, 513.299, 458.34, 532.972, 562.809, 660.622, 599.086, 739.143, 683.455, 754.262, 787.83, 820.434, 899.133, 858.767, 917.791]] 
RATE (RPS) =====================================: 16

[[558.251, 391.048, 469.285, 423.918, 498.191, 598.302, 664.447, 740.807, 695.666, 770.868, 813.895, 857.396, 898.876, 1017.187, 929.878, 964.93]] 
RATE (RPS) =====================================: 15

[[421.508, 461.869, 668.392, 534.445, 613.539, 564.527, 676.773, 711.528, 744.426, 775.73, 804.788, 845.263, 925.402, 865.583, 940.335, 968.626]] 
RATE (RPS) =====================================: 16

[[415.591, 493.28, 521.861, 556.06, 634.67, 589.931, 694.703, 651.305, 943.545, 709.594, 750.629, 777.996, 808.99, 841.116, 957.773, 899.066]] 
RATE (RPS) =====================================: 16

[[433.82, 487.031, 510.196, 592.132, 628.985, 532.68, 648.883, 670.519, 706.136, 778.685, 735.682, 885.069, 803.72, 826.716, 896.778, 925.695]] 
RATE (RPS) =====================================: 16

[[435.014, 379.622, 454.824, 487.368, 526.347, 551.115, 665.786, 581.288, 614.026, 684.683, 714.899, 744.313, 782.185, 860.101, 819.353, 890.502]] 
RATE (RPS) =====================================: 16

[[440.005, 393.932, 468.377, 490.942, 520.187, 554.944, 587.721, 613.475, 695.35, 648.107, 759.034, 715.393, 784.571, 816.55, 875.491, 904.975]] 
RATE (RPS) =====================================: 16

[[447.081, 395.215, 455.59, 486.56, 522.155, 637.123, 547.616, 580.64, 657.195, 689.939, 726.479, 880.318, 910.676, 749.54, 940.607, 768.049]] 
RATE (RPS) =====================================: 16

[[397.782, 560.387, 466.547, 425.77, 494.397, 609.001, 682.587, 557.914, 632.336, 710.154, 743.982, 780.892, 905.459, 811.65, 847.064, 951.791]] 
RATE (RPS) =====================================: 16

[[391.063, 436.746, 463.452, 494.935, 523.92, 562.794, 648.907, 590.235, 656.396, 696.125, 734.449, 768.901, 803.862, 847.893, 964.164, 1005.367]] 
RATE (RPS) =====================================: 15

[[478.168, 388.273, 423.494, 510.315, 541.033, 660.69, 571.636, 609.543, 685.73, 723.107, 778.062, 886.387, 840.121, 1007.519, 917.235, 955.037, 1035.282, 1075.058, 1117.035, 1802.101, 2152.53, 1144.532, 1181.775, 1218.676, 1253.977, 1287.436, 1370.495, 1296.913, 1421.623, 1379.0439999999999, 2319.33, 1447.371]] 
RATE (RPS) =====================================: 15

[[581.552, 1397.437, 1580.627, 526.125, 501.995, 621.3, 565.831, 1529.125, 845.465, 3030.918, 3012.092, 1098.624, 1101.948, 894.321, 776.573, 2971.948, 1064.3, 807.479, 1099.158, 717.718, 712.975, 1972.466, 1966.56, 1277.604, 1373.684, 1330.288, 1544.942, 3726.663, 1487.576, 1623.086, 3401.09, 1554.324]] 
RATE (RPS) =====================================: 11

[[401.55, 533.814, 473.209, 423.553, 551.836, 581.804, 617.464, 652.551, 689.749, 727.986, 767.293, 801.734, 839.121, 874.83, 995.954, 908.6, 942.868, 1020.63, 1067.292, 1122.923, 1202.536, 1154.426, 1273.926, 1349.807, 1383.429, 1426.386, 1467.3310000000001, 1498.749, 1547.2649999999999, 1648.587, 1592.25, 1541.373]] 
RATE (RPS) =====================================: 17

[[577.29, 412.024, 442.167, 460.046, 616.998, 652.397, 683.948, 712.543, 781.657, 735.422, 856.925, 804.276, 886.741, 921.451, 999.357, 948.72, 1028.062, 1060.06, 1096.787, 1187.405, 1119.991, 1239.057, 1270.6190000000001, 1318.4769999999999, 1461.923, 1377.843, 1477.414, 1510.886, 1539.7060000000001, 1574.5520000000001, 1614.883, 1643.7150000000001]] 
RATE (RPS) =====================================: 16

[[504.848, 436.751, 505.236, 560.189, 559.316, 602.784, 574.22, 615.661, 589.027, 613.931, 638.922, 656.51]] 
RATE (RPS) =====================================: 12

[[394.477, 430.655, 464.74, 454.773, 521.325, 625.258, 628.185, 655.596, 720.38, 674.914, 752.314, 749.774, 825.403, 768.207, 802.034, 830.916, 845.377]] 
RATE (RPS) =====================================: 17

[[412.248, 475.335, 492.221, 505.87, 588.875, 537.549, 603.231, 628.223, 677.724, 630.862, 744.176, 705.481, 772.993, 763.846, 804.466, 813.08, 846.934, 872.366]] 
RATE (RPS) =====================================: 18

[[428.197, 437.371, 468.44, 498.945, 568.633, 593.327, 507.935, 630.281, 666.519, 683.447, 707.619, 717.143, 790.416, 736.399, 799.207, 803.967]] 
RATE (RPS) =====================================: 16

[[441.284, 396.407, 442.984, 464.096, 453.426, 477.662, 509.466, 544.202, 575.778, 585.439, 579.655, 628.879, 581.371, 665.138]] 
RATE (RPS) =====================================: 14

[[405.809, 443.962, 464.888, 488.221, 510.493, 579.078, 534.663, 588.011, 639.577, 677.058, 587.623, 734.678, 633.107, 648.125, 724.133]] 
RATE (RPS) =====================================: 15

[[575.869, 406.289, 423.897, 468.02, 408.302, 449.447, 494.373, 578.079, 602.202, 517.615, 560.503, 620.432, 583.171, 703.208, 630.725, 634.204, 709.308, 661.52, 734.952, 707.789, 761.291, 733.407, 775.258, 804.611, 842.912, 742.434, 779.737, 817.801, 856.103, 894.857, 934.334, 843.982, 882.14, 921.398, 957.618, 994.449, 938.136, 1029.625, 1068.024, 1108.589, 1003.168, 948.675, 1032.335, 1130.407, 1056.122, 1092.309, 1154.08, 1116.372, 1176.696, 1191.7069999999999, 1196.649, 1089.502, 1326.084, 1109.219, 1151.49, 1190.169, 1123.47, 1197.282, 1309.501, 1365.672, 1275.874, 1098.921, 1357.011, 1153.983]] 
RATE (RPS) =====================================: 38

[[396.116, 486.918, 426.72, 547.676, 476.98, 396.659, 548.561, 590.023, 628.385, 410.301, 453.86, 483.12, 518.341, 556.762, 700.72, 632.849, 772.215, 602.752, 683.767, 636.996, 713.756, 748.665, 782.124, 821.651, 767.315, 802.879, 837.187, 809.649, 863.722, 837.884, 866.569, 904.508, 867.666, 967.513, 895.456, 919.59, 1034.976, 983.812, 1103.237, 1053.671, 1126.035, 1157.709, 866.414, 1175.558, 889.53, 1221.308, 915.711, 1226.174, 944.242, 1333.774, 1255.63, 955.591, 974.086, 1363.548, 1436.728, 1379.253, 972.826, 1010.993, 1441.341, 1472.203, 1020.974, 1498.521, 1052.568, 1082.574]] 
RATE (RPS) =====================================: 44

[[444.502, 520.589, 420.922, 502.995, 442.736, 579.037, 448.049, 541.523, 495.274, 719.987, 676.04, 612.132, 522.027, 724.059, 550.173, 765.656, 787.595, 825.492, 855.495, 891.298, 603.946, 554.379, 634.533, 669.743, 894.052, 691.443, 734.796, 805.594, 892.762, 747.162, 921.876, 1040.903, 997.558, 933.338, 1101.574, 1043.666, 1118.897, 1152.003, 783.223, 731.871, 901.351, 794.313, 829.824, 914.508, 1131.844, 929.65, 1295.781, 959.694, 1217.4, 1096.592, 1256.065, 943.729, 1263.3890000000001, 1291.749, 857.368, 936.838, 1038.5720000000001, 973.529, 1059.348, 1144.321, 1215.779, 1280.377, 1355.963, 1196.62]] 
RATE (RPS) =====================================: 45

[[396.193, 393.367, 418.529, 549.387, 415.912, 449.43, 553.121, 430.607, 458.574, 584.549, 541.097, 488.92, 599.736, 595.207, 624.148, 609.155, 650.42, 635.809, 667.005, 678.613, 688.014, 727.693, 799.934, 753.512, 870.095, 826.5, 889.975, 916.541, 633.781, 947.654, 655.561, 951.419, 984.977, 673.552, 703.485, 1046.531, 997.665, 718.732, 1111.974, 743.741, 1055.452, 819.733, 1133.902, 760.674, 885.209, 829.748, 911.674, 1170.784, 1251.978, 939.697, 1277.92, 1312.9279999999999, 1357.307, 956.885, 988.817, 1382.259, 1424.347, 1013.839, 1043.793, 1084.3, 1135.074, 1209.171, 1400.296, 1433.132]] 
RATE (RPS) =====================================: 46

[[399.307, 425.979, 468.798, 435.198, 417.791, 491.493, 538.078, 478.378, 583.519, 621.672, 523.967, 644.754, 546.603, 682.511, 561.13, 709.362, 588.384, 613.945, 716.545, 654.246, 749.502, 671.213, 750.071, 688.0, 797.199, 756.954, 822.028, 783.431, 808.565, 822.934, 827.992, 850.591, 858.447, 878.516, 880.873, 919.387, 952.702, 887.061, 1028.502, 1064.745, 956.547, 895.285, 1081.764, 906.065, 946.23, 1075.136, 951.936, 1095.184, 955.671, 994.079, 1145.794, 1041.589, 1187.194, 1212.943, 1288.416, 1243.888, 1117.825, 1008.014, 1148.996, 1176.547, 1238.949, 1193.686, 1271.56, 1290.546]] 
RATE (RPS) =====================================: 45

[[380.03, 453.827, 414.153, 474.789, 474.431, 522.554, 594.183, 540.45, 483.64, 532.641, 602.802, 609.495, 676.741, 621.055, 652.072, 793.201, 732.09, 822.771, 672.691, 848.789, 882.339, 688.232, 723.541, 897.88, 934.388, 967.53, 728.226, 991.747, 751.759, 784.018, 814.28, 851.044, 925.915, 991.282, 874.689, 1116.35, 937.483, 1000.719, 1027.376, 1103.485, 1070.188, 942.532, 1124.437, 949.429, 977.25, 1440.618, 1093.518, 1004.423, 1145.839, 1221.769, 1277.87, 1361.98, 1289.8890000000001, 1430.483, 1003.039, 1372.649, 1071.115, 1445.743, 1471.88, 1085.721, 1118.028, 1147.671, 1474.596, 1504.018]] 
RATE (RPS) =====================================: 39

[[422.632, 407.097, 446.868, 474.349, 496.819, 456.772, 523.214, 499.993, 545.128, 590.653, 528.229, 564.251, 600.725, 602.67, 639.999, 676.524, 711.484, 751.897, 798.378, 603.046, 828.57, 912.129, 863.068, 623.687, 665.737, 700.537, 929.081, 820.697, 723.148, 759.095, 947.885, 842.332, 881.182, 920.152, 967.333, 1005.507, 977.586, 941.938, 1003.297, 1068.277, 989.369, 1016.039, 1216.359, 1042.373, 1114.088, 1152.459, 1224.454, 1258.568, 1056.994, 1142.347, 1321.652, 1271.316, 1333.3310000000001, 1162.67, 1297.253, 1206.868, 1220.644, 1317.8809999999999, 1293.24, 1332.634, 1348.932, 1304.0, 1351.441, 1366.7060000000001]] 
RATE (RPS) =====================================: 38

[[401.925, 428.784, 600.182, 471.069, 609.92, 714.224, 637.656, 659.04, 480.259, 736.563, 575.343, 493.767, 757.283, 546.241, 694.369, 556.225, 761.449, 577.065, 794.83, 604.435, 640.132, 727.321, 670.557, 755.087, 861.342, 844.914, 833.733, 824.738, 844.417, 835.917, 863.52, 856.829, 888.516, 920.51, 869.654, 896.819, 926.324, 912.316, 956.891, 1020.443, 917.247, 948.897, 1066.465, 998.424, 1082.045, 1047.132, 1121.145, 1126.786, 1158.68, 1179.307, 1072.215, 1229.603, 1170.354, 1261.2440000000001, 1195.259, 1288.407, 1217.933, 1361.507, 1307.034, 1387.44, 1407.699, 1200.662, 1429.571, 1475.454]] 
RATE (RPS) =====================================: 42

[[397.426, 440.606, 507.074, 460.045, 407.405, 441.896, 530.894, 508.686, 483.468, 542.369, 570.432, 525.944, 592.14, 553.369, 586.871, 623.264, 652.308, 690.158, 583.248, 714.669, 606.268, 736.677, 860.893, 809.037, 759.945, 594.37, 952.183, 862.67, 888.778, 605.537, 960.125, 626.327, 738.354, 656.01, 967.228, 676.844, 1002.976, 1177.419, 740.187, 1072.426, 754.784, 788.803, 1175.384, 1264.286, 1200.993, 785.574, 1373.449, 835.99, 1251.34, 1283.849, 968.807, 903.298, 848.667, 971.439, 1307.576, 1344.187, 985.018, 1382.7060000000001, 1008.658, 1034.926, 1072.609, 1368.975, 1080.433, 1099.002]] 
RATE (RPS) =====================================: 46

[[388.649, 418.891, 455.107, 495.992, 414.227, 523.162, 434.614, 556.836, 461.044, 503.373, 580.677, 540.259, 632.85, 570.08, 647.483, 652.081, 716.414, 604.21, 697.962, 705.514, 702.965, 732.79, 733.905, 761.863, 762.976, 794.26, 784.695, 819.715, 818.221, 834.67, 862.47, 806.189, 901.022, 852.739, 870.758, 911.341, 1187.45, 1134.658, 1069.357, 969.869, 1272.8310000000001, 852.429, 1158.241, 1191.551, 869.895, 907.846, 1064.722, 1251.613, 975.374, 1323.937, 1091.323, 1267.127, 1435.9769999999999, 1341.8310000000001, 1383.423, 1090.279, 1439.003, 1511.534, 1468.295, 1105.646, 1549.8029999999999, 1154.078, 1577.751, 1189.221]] 
RATE (RPS) =====================================: 41

[[427.524, 444.848, 524.673, 428.321, 477.476, 462.548, 537.682, 623.762, 572.721, 514.751, 460.369, 641.078, 681.411, 527.552, 709.15, 804.273, 743.463, 543.878, 825.479, 634.921, 678.24, 545.8, 575.684, 695.67, 747.472, 768.085, 786.556, 824.07, 868.423, 787.295, 813.172, 880.896, 870.545, 912.397, 972.581, 981.33, 1055.371, 928.864, 1006.377, 1044.221, 1084.932, 1800.522, 1082.169, 1166.273, 1808.47, 1209.167, 1960.115, 1812.3609999999999, 1596.929, 2077.357, 1498.526, 1136.338, 1653.181, 1242.638, 1189.578, 1598.385, 2160.743, 1675.4940000000001, 1533.077, 1352.451, 1807.226, 1842.355, 1726.028, 1862.704, 1344.691]] 
RATE (RPS) =====================================: 37

[[400.52, 433.056, 485.086, 420.177, 511.12, 640.789, 420.942, 565.349, 674.128, 714.96, 465.349, 751.779, 507.224, 564.75, 599.314, 647.152, 771.911, 679.215, 716.161, 811.919, 908.868, 752.177, 801.357, 992.707, 839.725, 928.918, 817.903, 1018.029, 1051.642, 845.453, 1139.57, 1081.632, 878.295, 1161.399, 1200.112, 954.823, 899.004, 1231.033, 971.07, 1270.3600000000001, 1004.688, 1339.717, 1038.126, 1075.187, 1410.549, 1101.797, 1143.085, 1473.7069999999999, 1513.1509999999998, 1549.326, 1168.4279999999999, 1247.967, 1199.311, 1312.15, 1583.106, 1606.536, 1640.316, 1692.704, 1411.237, 1729.993, 1632.269, 1436.003, 1485.709, 1507.546, 1544.615]] 
RATE (RPS) =====================================: 32

[[430.96, 469.888, 394.822, 430.312, 496.012, 517.97, 502.336, 542.915, 559.464, 554.171, 588.705, 591.264, 606.499, 634.839, 666.601, 701.979, 712.975, 535.486, 620.816, 565.678, 705.986, 722.266, 610.944, 745.916, 787.464, 798.248, 593.97, 631.95, 813.436, 641.463, 678.206, 673.507, 711.738, 771.812, 725.805, 865.919, 732.868, 758.228, 798.457]] 
RATE (RPS) =====================================: 39

[[404.483, 434.774, 448.705, 396.085, 425.766, 453.431, 443.607, 477.858, 452.358, 485.897, 469.143, 487.64, 511.597, 459.748, 514.364, 570.789, 516.602, 618.427, 630.779, 665.287, 400.126, 697.795, 405.868, 487.11, 427.744, 694.569, 734.708, 491.548, 754.933, 524.518, 561.202, 578.038, 759.61, 742.688, 773.025, 772.319, 524.022, 778.488, 561.905, 802.896, 612.252, 640.611, 814.722]] 
RATE (RPS) =====================================: 43

[[404.424, 469.541, 421.231, 502.038, 416.322, 523.701, 471.207, 565.607, 483.674, 518.714, 550.016, 561.556, 546.326, 610.363, 559.317, 555.939, 590.579, 599.058, 604.653, 632.15, 633.808, 679.864, 717.36, 745.522, 727.475, 762.402, 559.898, 791.241, 799.942, 802.424, 520.38, 824.811, 541.945, 892.081, 836.188, 546.421, 879.312, 553.816, 596.214]] 
RATE (RPS) =====================================: 39

[[399.677, 470.101, 408.416, 446.94, 468.384, 437.268, 452.175, 475.634, 515.254, 534.981, 448.233, 554.299, 580.053, 470.296, 610.247, 536.85, 489.387, 682.182, 612.9, 690.668, 520.079, 553.267, 682.965, 597.223, 553.873, 634.228, 698.572, 711.922, 604.54, 677.187, 626.16, 721.258, 666.227, 857.722, 717.938, 687.13, 876.475, 697.831, 741.157, 726.778, 836.887, 865.457, 696.182]] 
RATE (RPS) =====================================: 43

[[415.434, 410.24, 405.513, 444.132, 406.449, 470.854, 457.231, 479.866, 517.61, 457.982, 538.606, 579.258, 506.763, 560.012, 598.836, 617.697, 689.934, 633.213, 546.794, 588.075, 622.884, 658.936, 622.293, 670.52, 690.906, 766.321, 621.98, 706.644, 798.517, 685.229, 553.129, 735.736, 742.634, 768.131, 568.147, 602.504, 625.067, 768.092, 641.108, 768.827, 778.163, 624.34, 642.622, 778.115, 639.161, 664.25]] 
RATE (RPS) =====================================: 46

[[393.322, 457.28, 403.994, 401.161, 452.971, 458.635, 432.654, 544.587, 468.048, 452.946, 487.974, 578.794, 531.438, 469.411, 490.174, 541.458, 558.153, 576.795, 612.44, 504.869, 464.977, 520.499, 555.838, 567.338, 511.857, 550.802, 522.55, 537.821, 532.394, 663.807, 697.593, 548.316, 516.833, 611.377, 472.403, 485.803, 533.416, 586.055, 503.386, 569.307]] 
RATE (RPS) =====================================: 40

[[407.587, 955.901, 496.978, 494.877, 1188.144, 542.272, 1279.142, 1347.108, 422.001, 719.831, 672.561, 771.53, 1131.969, 447.071, 694.29, 807.245, 869.383, 798.905, 1581.613, 865.066, 415.326, 458.7, 540.914, 1413.056, 479.902, 1424.715, 805.602, 842.93, 881.221, 920.116, 949.935, 982.761, 1421.946, 982.098, 1464.3600000000001, 450.411, 496.446, 1503.877, 973.853, 456.253, 485.293]] 
RATE (RPS) =====================================: 31

[[388.331, 415.422, 409.072, 432.445, 495.486, 471.678, 538.157, 424.374, 563.199, 500.134, 571.568, 607.088, 657.942, 816.748, 729.786, 849.64, 501.097, 875.63, 541.331, 903.519, 937.492, 600.678, 550.524, 617.315, 644.72, 674.725, 904.797, 702.589, 946.748, 974.855, 862.066, 650.637, 683.836, 950.523, 693.028, 707.755, 952.856, 720.218, 745.007, 773.898, 928.109, 938.566, 740.881, 777.677, 731.2, 851.507]] 
RATE (RPS) =====================================: 46

[[408.387, 405.786, 451.066, 401.255, 418.225, 422.738, 436.297, 542.037, 471.988, 461.455, 557.377, 820.2, 1386.838, 4708.118, 441.544, 1567.858, 468.448, 731.089, 745.067, 1173.907, 443.847, 1040.025, 748.792, 678.146, 749.003, 967.095, 944.965, 682.063, 487.235, 702.662, 741.197, 1481.758, 1417.721, 1407.0810000000001, 1447.029, 1479.769, 1493.185, 1526.605]] 
RATE (RPS) =====================================: 26

[[414.446, 510.395, 434.998, 418.724, 508.011, 411.696, 521.618, 495.26, 433.157, 555.843, 582.618, 504.269, 559.263, 704.046, 503.036, 571.681, 609.517, 683.391, 697.367, 529.537, 716.856, 750.939, 781.417, 567.87, 511.971, 547.062, 532.096, 677.768, 694.36, 703.614, 448.73, 698.135, 705.244, 724.573, 784.826, 417.969, 783.114, 810.843, 442.119, 388.249, 489.388, 769.642, 810.996]] 
RATE (RPS) =====================================: 43

[[416.63, 410.798, 418.506, 419.072, 427.508, 472.581, 505.508, 485.064, 418.795, 547.947, 595.632, 479.334, 511.363, 561.561, 590.666, 604.931, 633.13, 559.522, 577.61, 641.237, 590.141, 635.194, 585.118, 657.338, 666.613, 694.923, 716.533, 572.471, 589.642, 676.87, 584.979, 615.197, 603.597, 645.409, 666.138, 650.207, 832.349, 674.551, 702.176, 673.229, 703.623, 647.798]] 
RATE (RPS) =====================================: 42

[[421.786, 462.314, 604.155, 545.272, 612.552, 466.579, 422.193, 649.37, 661.808, 438.966, 681.211, 690.279, 724.206, 408.565, 709.069, 425.942, 460.251, 708.584, 767.158, 435.191, 694.881, 441.059, 476.693, 699.649, 449.173, 460.31, 701.319, 490.688, 522.858, 520.534, 630.296, 675.991, 502.504, 785.416, 696.607, 747.442, 776.001, 800.744]] 
RATE (RPS) =====================================: 38

[[394.087, 486.846, 425.826, 428.023, 513.329, 491.551, 434.575, 484.987, 489.37, 522.317, 546.017, 494.62, 568.489, 607.901, 634.631, 660.038, 482.801, 596.182, 548.25, 621.533, 644.615, 650.814, 652.709, 658.307, 691.769, 730.416, 774.86, 616.317, 803.348, 830.45, 874.286, 658.569, 939.415, 599.107, 867.299, 940.379, 973.151, 596.86, 601.166, 675.345, 628.992, 927.766, 861.911, 613.701, 900.633, 636.004, 627.706, 870.796]] 
RATE (RPS) =====================================: 48

[[403.939, 388.325, 432.948, 451.737, 402.537, 457.787, 423.789, 474.38, 511.684, 447.69, 452.868, 559.938, 467.058, 488.032, 545.373, 472.937, 498.275, 528.638, 555.519, 559.29, 518.343, 599.136, 543.404, 707.799, 630.288, 527.636, 566.156, 735.054, 792.806, 806.693, 836.044, 856.442, 980.139, 927.735, 848.114, 453.46, 492.187, 925.244, 522.516, 586.095, 533.357, 875.132, 870.08, 506.369, 885.363, 504.056, 928.199, 869.797]] 
RATE (RPS) =====================================: 48

[[433.155, 626.111, 480.054, 480.971, 427.037, 437.574, 454.836, 616.274, 501.498, 556.29, 514.471, 583.389, 614.526, 624.974, 533.149, 583.24, 600.909, 629.176, 628.579, 566.383, 604.077, 635.734, 512.844, 516.247, 540.43, 551.84, 465.952, 536.263, 476.901, 556.248, 566.979, 522.86, 607.748, 513.928, 520.29, 523.539, 565.588, 629.436]] 
RATE (RPS) =====================================: 38

[[503.163, 607.716, 482.817, 513.225, 487.219, 550.258, 574.323, 572.526, 543.572, 544.136, 558.784, 428.762, 423.606, 444.58, 471.865, 465.702, 515.188, 568.654, 486.644, 594.537, 500.768, 607.016, 595.818, 609.86, 626.265, 401.758, 622.766, 381.739, 404.862, 563.3, 540.348]] 
RATE (RPS) =====================================: 31

[[396.645, 535.884, 396.842, 439.28, 666.713, 521.326, 583.725, 439.041, 456.864, 562.562, 607.712, 433.129, 605.114, 435.12, 631.451, 444.847, 540.146, 431.632, 438.306, 531.046, 548.572, 454.671, 489.418, 539.552, 586.372, 517.158, 620.647, 407.252]] 
RATE (RPS) =====================================: 28

[[424.401, 431.172, 396.471, 421.335, 427.025, 439.234, 535.452, 425.117, 402.608, 417.304, 436.755, 454.076, 467.589, 547.995, 486.37, 551.983, 585.977, 597.128, 597.514, 629.297, 476.482, 419.451, 438.331, 579.401, 449.64, 452.513, 481.573, 507.095, 510.209, 528.098, 502.971, 569.748, 538.943, 489.84, 619.455, 720.945, 654.945, 518.412, 510.342]] 
RATE (RPS) =====================================: 39

[[490.745, 430.958, 568.124, 467.712, 391.637, 500.101, 411.627, 466.545, 517.286, 449.983, 485.347, 478.718, 473.285, 497.416, 505.879, 537.221, 574.778, 606.791, 631.06, 660.175, 397.108, 695.832, 421.182, 409.343, 658.582, 409.384, 439.591, 595.482, 462.207, 611.661]] 
RATE (RPS) =====================================: 30

[[419.004, 393.058, 409.925, 412.431, 464.312, 415.204, 495.475, 442.6, 428.585, 462.384, 516.33, 545.164, 599.56, 629.094, 403.525, 574.684, 585.832, 609.658, 728.012, 635.379, 666.847, 419.716, 710.354, 705.223, 715.992]] 
RATE (RPS) =====================================: 25

[[420.779, 467.655, 486.966, 417.686, 515.604, 485.729, 544.425, 572.397, 544.191, 490.307, 590.546, 631.855, 560.681, 659.657, 586.648, 1548.2350000000001, 622.243, 1175.743, 726.035, 706.309, 754.293, 1467.241, 1265.187, 997.496, 1295.375, 1332.371, 1378.561, 786.911, 1331.142, 909.712, 943.839, 903.186, 1654.4569999999999, 978.759, 1011.572, 960.601, 1038.403, 1079.812, 972.044, 1057.484, 1078.982, 934.244]] 
RATE (RPS) =====================================: 28

[[1415.909, 1174.932, 1409.559, 441.136, 1393.3690000000001, 1229.385, 1423.761, 1508.173, 1418.136, 1434.894, 1318.8899999999999, 455.214, 465.86, 1197.105, 431.51, 426.661, 437.986, 1427.034, 1394.359, 437.504, 421.443, 398.502, 431.477, 471.852, 522.399, 385.126, 511.36]] 
RATE (RPS) =====================================: 14

[[437.837, 404.038, 447.838, 408.455, 442.917, 534.375, 470.179, 491.938, 432.471, 520.997, 430.443, 523.374, 476.798, 442.533, 490.531, 519.495, 480.032, 419.194, 418.929, 444.719, 435.617, 472.07, 510.616, 416.941, 506.753, 406.356, 506.087, 504.411, 504.161, 389.65]] 
RATE (RPS) =====================================: 30

[[405.3, 458.882, 433.501, 476.78, 519.423, 574.321, 667.924, 782.311, 410.058, 711.076, 797.022, 487.526, 418.285, 790.365, 477.559, 773.845, 817.742, 492.199, 423.621, 510.171, 805.072, 535.951, 651.583, 547.294, 792.656, 781.766, 604.106, 793.177, 805.81, 588.383, 625.777, 809.066, 841.397, 808.407, 542.759, 831.602, 872.004, 532.575]] 
RATE (RPS) =====================================: 38

[[396.421, 402.215, 1468.896, 433.847, 1475.867, 1482.234, 433.259, 444.447, 480.5, 431.043, 501.931, 527.963, 451.651, 520.245, 561.98, 605.355, 434.846, 614.57, 614.998, 428.361, 458.074, 1234.691, 419.808, 1229.461, 588.438, 611.503, 389.166, 628.757, 592.831, 1121.367, 578.136, 591.271, 1182.094]] 
RATE (RPS) =====================================: 26

[[468.958, 516.642, 446.071, 544.935, 516.685, 618.445, 437.516, 515.846, 512.656, 431.128, 631.64, 516.153, 396.37, 439.133, 603.392, 668.327, 740.924, 430.985, 458.171, 425.436, 776.958, 468.215, 445.963, 411.733, 554.662, 1370.101, 586.412, 429.833, 777.578, 600.371, 657.039, 526.949, 477.307, 608.372, 636.239, 551.58, 478.303, 566.464, 719.095, 571.43, 597.089, 558.268, 594.973, 898.923, 716.243, 595.371, 1408.228, 1517.844, 1458.8899999999999, 1392.849, 578.826, 1519.991, 1407.59]] 
RATE (RPS) =====================================: 46

[[395.853, 478.951, 426.591, 448.215, 546.187, 524.868, 458.843, 414.856, 459.678, 569.056, 516.187, 555.377, 481.103, 629.394, 708.541, 790.678, 883.8, 549.001, 499.527, 507.965, 584.308, 543.694, 586.669, 628.842, 600.208, 625.187, 630.744, 851.214, 624.189, 937.296, 653.77, 606.379, 652.083, 594.452, 999.105, 633.554, 698.87, 560.42, 1032.316, 1103.251, 713.169, 1173.899, 561.967, 1252.179, 587.154, 740.354, 1249.984, 547.567, 645.169]] 
RATE (RPS) =====================================: 44

[[433.658, 500.64, 431.512, 803.821, 660.271, 391.425, 424.316, 419.441, 510.66, 449.455, 664.111, 533.267, 1307.761, 402.438, 437.349, 585.169, 664.066, 604.017, 673.267, 685.626, 724.671, 437.554, 451.823, 487.941, 503.692, 712.864, 669.651, 517.883, 614.841, 687.96, 756.716, 673.612, 823.016, 1733.979, 1623.914, 1157.356, 866.977, 1040.063, 452.08, 655.928, 498.633, 1415.84, 533.219, 677.117, 577.233, 1158.128, 1232.876, 607.534, 653.893, 704.107, 615.621, 1270.673, 1350.949]] 
RATE (RPS) =====================================: 43

[[500.569, 431.333, 472.442, 543.274, 492.304, 487.514, 568.394, 640.662, 435.845, 704.058, 784.522, 451.791, 850.298, 443.867, 619.141, 411.387, 532.638, 449.903, 501.876, 424.268, 848.067, 485.85, 578.928, 507.919, 582.628, 872.071, 590.169, 422.767, 616.01, 909.296, 513.533, 1143.127, 997.624, 407.903, 484.477, 552.846, 518.795, 1183.064, 561.245, 570.143, 1252.412, 494.406, 557.085, 1344.488, 540.189, 552.592, 1422.5149999999999, 558.807]] 
RATE (RPS) =====================================: 43

[[410.47, 442.554, 477.456, 446.655, 548.304, 418.381, 615.657, 480.909, 434.78, 664.023, 478.426, 719.14, 860.891, 514.067, 420.43, 526.46, 906.802, 1068.844, 983.201, 428.813, 456.031, 1096.565, 564.671, 481.539, 564.832, 1165.657, 577.462, 434.559, 516.446, 456.457, 579.513, 1209.816, 1287.813, 594.614, 674.437, 1346.022, 496.701, 594.185, 675.83, 1413.502, 1505.187, 1577.585, 1655.741, 676.837, 707.069, 450.842, 1688.964, 772.629, 449.019, 1729.886, 505.854, 1835.857]] 
RATE (RPS) =====================================: 39

[[486.257, 432.721, 550.917, 536.273, 429.262, 587.389, 684.102, 760.244, 431.951, 543.864, 587.066, 462.804, 840.026, 498.272, 912.292, 527.208, 577.355, 558.422, 604.28, 612.227, 651.879, 691.053, 949.671, 610.17, 732.601, 607.037, 635.208, 697.877, 935.184, 996.088, 1084.958, 666.403, 1176.938, 574.141, 608.328, 641.845, 676.309, 633.31, 679.512, 717.451, 1130.006, 1192.083, 606.972, 633.317, 647.362, 1225.5720000000001, 659.865, 1272.107, 688.535, 1340.243]] 
RATE (RPS) =====================================: 43

[[456.065, 410.252, 437.614, 465.582, 483.414, 464.65, 501.395, 566.846, 395.022, 533.25, 615.756, 563.853, 443.455, 478.247, 536.484, 622.667, 452.595, 701.304, 503.255, 771.429, 473.95, 841.595, 899.345, 473.067, 953.682, 564.608, 506.014, 615.386, 550.69, 987.715, 627.334, 412.229, 1073.03, 648.429, 417.644, 1077.681, 452.94, 480.556, 1068.24, 500.005, 498.146]] 
RATE (RPS) =====================================: 38

[[450.54, 523.938, 441.292, 443.686, 455.09, 443.575, 465.162, 514.996, 501.562, 608.217, 524.283, 412.723, 523.081, 432.592, 514.77, 547.272, 580.039, 513.597, 535.489, 570.956, 544.689, 569.719, 622.873, 573.646, 603.221, 635.2, 669.622, 531.852, 645.66, 521.607, 531.969, 581.048, 452.72, 486.724, 510.073, 532.309, 540.935, 507.603, 568.696, 663.431, 480.491, 680.988]] 
RATE (RPS) =====================================: 42

[[495.641, 406.482, 434.116, 480.74, 432.398, 543.165, 724.432, 443.656, 597.979, 759.106, 468.852, 432.617, 503.082, 812.808, 872.282, 449.003, 426.62, 889.804, 452.419, 882.973, 1012.006, 414.038, 891.157, 414.922, 442.511, 451.943, 532.747, 1031.145, 538.505, 908.54, 576.157, 669.717, 399.884, 567.771, 650.16, 1003.284, 455.218, 626.198]] 
RATE (RPS) =====================================: 35

[[449.368, 424.722, 408.846, 505.222, 440.652, 558.219, 410.586, 451.644, 609.675, 694.203, 986.833, 793.398, 870.354, 440.686, 460.286, 432.268, 1133.002, 464.438, 1033.985, 496.538, 1206.632, 430.982, 475.14, 487.956, 515.374, 481.086, 516.455, 525.496, 567.357, 642.694, 594.185, 1160.7640000000001, 652.592, 1272.416, 683.687, 439.233, 1321.2069999999999, 1368.968, 716.072, 605.996, 652.925, 722.69, 396.272, 782.946, 728.922, 409.402, 844.684, 1346.6190000000001, 415.815, 465.082, 1385.411]] 
RATE (RPS) =====================================: 42

[[402.707, 427.569, 450.835, 469.142, 418.573, 462.37, 492.288, 489.053, 459.796, 486.486, 655.512, 531.198, 502.103, 480.083, 478.122, 519.181, 646.516, 438.037, 903.006, 439.157, 523.274, 668.437, 756.529, 1089.195, 940.666, 400.364, 418.535, 469.236, 423.322, 510.49, 442.549, 1123.931, 1195.786, 424.077, 496.088, 435.714, 412.116, 1160.531, 465.047, 547.26, 454.7, 463.589, 573.746, 1182.706, 622.192, 647.751, 693.463, 411.942, 410.64, 407.578, 689.864, 435.662, 411.412, 451.29, 1093.215]] 
RATE (RPS) =====================================: 49

[[446.209, 449.104, 389.637, 504.826, 467.329, 439.267, 433.59, 478.719, 475.141, 530.877, 515.33, 410.552, 607.257, 475.369, 561.89, 690.418, 525.251, 576.75, 426.405, 768.849, 598.034, 649.106, 548.786, 439.322, 686.137, 479.165, 564.952, 454.689, 539.718, 471.243, 576.117, 742.022, 650.075, 600.084, 569.883, 726.999, 641.902, 739.159, 763.817, 521.518, 608.99, 556.265, 534.845, 578.83, 690.995, 776.272, 592.984, 845.82, 595.544, 628.435, 681.39, 573.261, 905.148, 629.321, 986.72, 586.799, 593.546, 648.808, 707.434, 761.692]] 
RATE (RPS) =====================================: 60

[[449.921, 491.281, 408.503, 1021.426, 416.749, 1341.479, 413.189, 548.607, 1017.35, 685.462, 1273.711, 551.127, 1018.648, 1220.4279999999999, 599.004, 582.83, 1451.211, 537.385, 629.536, 632.759, 685.589, 1177.739, 542.931, 1440.8229999999999, 1559.295, 1476.929, 551.097, 583.875, 725.426, 1568.0990000000002, 1463.685, 1640.781, 734.383, 1519.267, 538.299, 1530.672, 566.607, 1426.176, 1405.4180000000001, 1642.376, 432.143, 1423.7649999999999, 669.118, 1178.275, 510.204, 1419.8029999999999, 623.175, 1397.4769999999999, 480.506, 543.284, 448.376]] 
RATE (RPS) =====================================: 28

[[446.363, 394.282, 495.05, 404.566, 551.733, 657.761, 761.708, 440.737, 398.618, 461.55, 519.673, 469.955, 421.455, 425.393, 762.966, 849.937, 933.413, 1031.671, 458.96, 402.51, 479.963, 433.457, 446.2, 507.915, 481.098, 1048.73, 644.03, 533.556, 497.683, 717.653, 1090.473, 660.428, 449.981, 515.167, 486.048, 527.247, 544.994, 586.809, 623.113, 541.169, 578.9, 620.556, 636.553, 618.581, 1039.147, 1111.808, 652.373, 635.881, 692.636, 1156.202, 1269.891, 702.669, 540.978, 601.743, 1315.251, 1390.896, 629.027, 665.528]] 
RATE (RPS) =====================================: 49

[[447.677, 466.823, 402.625, 565.565, 483.873, 403.169, 576.082, 433.74, 394.627, 481.774, 465.825, 578.46, 630.825, 490.796, 509.604, 598.108, 694.733, 614.538, 503.635, 423.177, 702.602, 568.409, 708.116, 440.727, 552.615, 466.874, 597.134, 513.603, 708.302, 559.357, 618.011, 733.837, 768.175, 642.568, 691.59, 726.636, 775.234, 744.95, 798.442, 847.048, 785.304, 810.832, 915.207, 829.281, 482.344, 847.745, 893.269, 564.559, 1204.539, 1187.323, 945.189, 396.984, 583.647, 405.991, 1333.667, 605.385, 889.942]] 
RATE (RPS) =====================================: 54

[[2763.549, 529.583, 511.051, 489.248, 1144.283, 510.575, 421.969, 414.473, 455.476, 506.42, 1065.9470000000001, 604.2, 597.386, 3449.584, 1785.799, 1585.752, 742.236, 524.364, 546.182, 603.868, 971.645, 524.87, 451.653, 530.842, 525.297, 688.503, 456.489, 524.027, 402.334, 477.777, 447.524, 1710.473, 1413.796, 472.813, 1582.251, 1484.166, 661.921, 1365.621, 1485.751, 498.244, 2468.149, 455.562, 812.65, 1522.923, 672.757, 451.315, 456.904, 485.504, 513.605, 2563.636, 3410.699, 3469.23]] 
RATE (RPS) =====================================: 35

[[416.565, 445.102, 468.361, 448.877, 486.209, 465.795, 514.96, 457.445, 541.353, 412.662, 482.246, 585.939, 514.532, 479.106, 539.379, 609.892, 548.784, 437.561, 643.766, 741.865, 601.528, 458.41, 809.14, 637.464, 884.017, 492.66, 529.143, 947.014, 1000.871, 432.603, 598.508, 437.373, 507.285, 1048.145, 1220.625, 474.317, 1284.949, 587.761, 483.13, 590.116, 618.087, 634.117, 725.959, 656.799, 522.335, 403.921, 440.975, 687.669, 512.429, 763.628, 707.372, 445.03, 552.006, 1110.917, 459.372, 1127.688, 1234.695, 514.31, 1263.1390000000001, 561.236, 628.621]] 
RATE (RPS) =====================================: 53

[[400.637, 440.269, 416.894, 544.026, 426.954, 486.525, 556.603, 434.451, 516.917, 424.883, 442.606, 524.197, 444.917, 518.869, 495.734, 490.969, 519.707, 531.642, 517.63, 644.98, 542.876, 725.352, 482.428, 982.12, 776.446, 543.607, 457.203, 484.865, 843.869, 512.883, 567.096, 541.112, 665.579, 438.829, 485.103, 733.987, 513.008, 1055.145, 915.367, 769.499, 1117.965, 504.897, 788.141, 844.057, 886.344, 502.057, 898.939, 531.268, 1115.754, 397.943, 1178.549, 941.085, 1075.382, 1009.251, 1100.606, 1157.05, 462.218, 500.236, 466.5, 391.952]] 
RATE (RPS) =====================================: 52

[[393.256, 472.046, 400.555, 485.882, 571.502, 419.351, 414.156, 449.175, 633.966, 486.533, 523.497, 466.813, 434.106, 683.092, 752.937, 472.219, 584.984, 482.902, 505.189, 791.854, 881.593, 560.915, 469.877, 919.63, 560.108, 604.787, 507.687, 972.273, 399.72, 637.341, 528.771, 1028.332, 546.447, 641.083, 430.654, 1045.737, 1175.255, 629.943, 1242.602, 1307.787, 435.2, 430.729, 501.611, 444.34, 463.042, 499.126, 575.973, 524.771, 473.102, 1221.272, 1255.691, 508.575, 1330.606]] 
RATE (RPS) =====================================: 45

[[461.973, 429.005, 449.603, 466.589, 502.001, 393.808, 523.884, 474.196, 533.627, 485.21, 391.725, 460.625, 514.946, 551.257, 595.632, 419.681, 444.349, 656.48, 459.945, 560.398, 445.9, 517.139, 520.22, 433.134, 460.485, 664.363, 873.664, 463.884, 754.336, 919.068, 427.102, 416.294, 947.099, 475.696, 505.467, 424.631, 498.539, 459.519, 433.576, 918.71, 455.763, 430.903, 479.806, 503.97, 439.273, 491.618, 1048.015, 935.204, 461.865, 490.945, 466.647, 1122.944]] 
RATE (RPS) =====================================: 50

[[440.483, 503.13, 409.771, 435.97, 429.186, 486.269, 490.781, 461.672, 550.783, 475.792, 531.63, 520.652, 633.837, 556.839, 448.34, 522.266, 556.513, 551.613, 560.128, 591.811, 580.522, 544.529, 659.547, 547.117, 754.673, 540.771, 575.556, 795.558, 535.961, 400.768, 624.25, 541.447, 541.109, 415.404, 556.518, 450.513, 600.092, 618.991, 511.509, 689.572, 629.435, 411.887, 652.428, 507.037, 741.209, 442.274, 535.494, 627.989, 418.088, 640.746, 722.304, 847.102, 464.167, 400.436, 920.47, 472.261, 620.922]] 
RATE (RPS) =====================================: 57

[[442.405, 457.584, 414.35, 464.127, 471.026, 513.318, 417.503, 513.368, 534.629, 602.22, 510.373, 412.03, 698.723, 433.863, 405.559, 463.952, 488.422, 461.42, 487.929, 722.245, 785.814, 451.065, 552.384, 451.97, 564.352, 438.822, 577.014, 440.527, 547.861, 573.445, 750.2, 593.238, 592.562, 477.219, 419.749, 563.133, 465.824, 737.33, 588.579, 617.133, 641.432, 412.688, 661.021, 433.445, 443.095, 492.514, 448.453, 675.204, 473.491, 618.191, 456.324, 697.43, 766.878, 491.612]] 
RATE (RPS) =====================================: 54

[[474.929, 428.989, 466.506, 416.839, 541.791, 458.423, 430.03, 601.175, 439.194, 477.352, 660.147, 814.544, 726.384, 462.424, 553.951, 566.566, 429.766, 474.542, 569.659, 396.003, 473.967, 826.157, 939.199, 425.286, 1037.924, 402.041, 483.923, 434.672, 1078.139, 412.773, 463.816, 500.521, 1091.953, 1187.066, 1266.576, 506.637, 393.659, 421.557, 429.181, 444.032, 416.587, 436.945, 487.204, 1183.812, 495.128, 408.14, 471.418, 409.179, 484.04, 1136.8600000000001, 566.854, 497.303]] 
RATE (RPS) =====================================: 45

[[414.982, 474.861, 467.06, 402.485, 480.495, 524.724, 427.959, 435.872, 559.082, 477.282, 519.828, 714.085, 641.761, 792.042, 449.574, 495.405, 424.621, 517.38, 531.163, 851.79, 930.889, 444.56, 580.16, 1004.435, 576.666, 621.646, 615.195, 453.74, 631.842, 1098.946, 1177.402, 635.837, 467.574, 628.758, 519.57, 1146.613, 528.29, 566.314, 1197.811, 600.293, 588.384, 623.317, 1373.141, 1239.412, 1406.584, 609.121, 534.292, 449.353, 527.904, 1428.949, 441.789, 491.91, 1450.626, 480.097, 1465.931, 484.196, 1579.0, 467.128, 486.725, 544.868, 417.057]] 
RATE (RPS) =====================================: 49

[[485.37, 434.408, 572.12, 428.545, 399.38, 490.901, 429.253, 437.067, 589.264, 406.893, 425.299, 438.62, 604.435, 451.124, 481.083, 427.17, 441.581, 623.276, 465.834, 453.052, 823.857, 457.728, 694.886, 906.064, 501.399, 449.789, 983.334, 483.958, 1136.354, 1014.208, 446.672, 468.156, 410.51, 1168.279, 482.633, 1221.663, 1297.246, 413.545, 405.177, 444.709, 472.58, 516.193, 539.522, 561.347, 1272.743, 596.661, 1344.776, 424.373, 408.58, 472.532, 429.488, 499.338, 477.06, 541.353, 438.377, 495.937, 472.891, 527.921, 1646.358, 1905.7469999999998, 1396.983, 1777.6019999999999, 464.347, 430.81]] 
RATE (RPS) =====================================: 53

[[480.751, 447.048, 421.798, 443.669, 413.221, 483.717, 506.402, 416.695, 502.129, 514.891, 419.86, 416.927, 442.088, 438.419, 514.262, 559.4, 464.661, 502.448, 482.038, 661.993, 556.737, 542.129, 493.311, 420.179, 435.278, 532.345, 678.208, 476.861, 517.559, 462.298, 545.135, 720.556, 478.057, 1415.9189999999999, 1427.604, 646.506, 488.158, 548.94, 521.453, 575.268, 667.865, 417.736, 461.541, 659.807, 415.538, 667.01, 674.737, 796.191, 430.542, 711.851, 900.289, 474.988, 535.535, 740.55, 949.734, 557.289, 768.115, 390.88, 444.619, 580.59, 777.149, 593.342, 407.726, 619.106, 393.933, 728.603, 877.3, 428.419, 665.955, 718.199]] 
RATE (RPS) =====================================: 68

[[466.824, 441.432, 510.07, 527.774, 699.565, 415.914, 590.178, 404.038, 477.011, 898.412, 758.531, 416.638, 439.545, 491.507, 473.948, 534.096, 438.772, 478.585, 478.613, 490.993, 500.126, 901.678, 518.72, 566.96, 488.421, 473.313, 662.983, 591.352, 513.155, 896.043, 545.324, 572.253, 610.054, 432.919, 627.017, 687.706, 466.428, 893.08, 428.136, 494.557, 455.287, 929.021, 595.829, 650.768, 1016.524, 1129.925, 501.443, 1215.1390000000001, 476.819, 544.532, 584.147, 458.626, 457.041, 1169.811, 569.341, 469.172, 462.886, 473.465, 458.224, 473.114, 1277.022, 479.502, 1120.221, 1315.37, 500.229, 423.821, 442.82, 557.047, 492.178, 386.355]] 
RATE (RPS) =====================================: 63

[[392.838, 399.11, 510.99, 437.571, 451.603, 510.269, 649.08, 544.622, 534.16, 765.865, 574.551, 427.885, 475.054, 819.408, 619.537, 896.455, 560.635, 608.403, 685.597, 965.755, 642.532, 792.772, 1032.003, 1113.137, 471.892, 682.973, 448.503, 527.111, 565.326, 649.531, 833.559, 486.964, 511.889, 661.86, 693.633, 826.985, 1164.545, 701.512, 751.97, 496.599, 811.153, 1223.869, 813.147, 872.692, 1272.047, 648.519, 518.111, 1324.546, 560.028, 712.331, 428.958, 863.534, 599.718, 730.134, 879.317, 429.821, 458.095, 896.599, 710.571, 540.006, 480.618, 1283.922, 944.258, 798.335, 878.871, 944.894, 654.805, 470.01, 794.608, 930.198]] 
RATE (RPS) =====================================: 63

[[401.796, 465.789, 467.184, 405.135, 423.472, 457.74, 627.705, 496.074, 527.162, 714.247, 440.417, 454.809, 524.767, 562.517, 1312.465, 492.494, 533.326, 746.468, 407.862, 849.661, 576.073, 602.432, 410.829, 933.427, 633.341, 418.939, 1226.192, 719.073, 656.566, 460.218, 417.125, 562.228, 977.888, 748.392, 606.506, 647.56, 786.292, 1033.888, 832.13, 635.447, 523.305, 821.787, 417.229, 1024.485, 453.502, 784.575, 548.88, 450.494, 775.911, 1003.147, 1145.444, 528.811, 797.197, 1413.325, 547.396, 1465.3220000000001, 1541.8600000000001, 566.341, 1159.873, 430.67, 608.378, 488.472, 742.508, 618.683, 650.004, 483.589, 524.29, 414.84, 569.686, 1150.422]] 
RATE (RPS) =====================================: 59

[[409.474, 415.034, 388.826, 465.902, 437.998, 420.679, 504.38, 466.847, 545.1, 446.717, 505.466, 458.012, 409.212, 532.986, 495.948, 470.205, 629.762, 538.02, 543.842, 589.888, 507.522, 651.507, 586.002, 627.808, 610.114, 522.772, 539.265, 651.844, 637.55, 658.562, 763.462, 698.299, 718.064, 774.513, 546.983, 793.466, 633.98, 844.161, 794.449, 693.905, 836.519, 550.305, 708.109, 617.762, 859.863, 953.545, 899.193, 659.432, 697.298, 745.073, 816.246, 785.655, 855.448, 748.887, 952.194, 813.215, 867.147, 912.647, 653.017, 861.249, 695.752, 900.911, 780.915, 948.625, 929.298, 906.601, 999.857, 786.561, 694.817, 960.644]] 
RATE (RPS) =====================================: 70

[[419.348, 445.2, 516.546, 508.071, 480.277, 658.714, 709.717, 475.489, 777.501, 486.316, 534.193, 999.005, 845.102, 1079.124, 537.567, 590.907, 447.657, 515.654, 604.701, 524.314, 439.057, 569.312, 586.845, 453.56, 623.702, 497.799, 433.193, 643.637, 443.451, 707.123, 524.306, 758.305, 575.134, 795.951, 625.449, 952.077, 674.071, 737.831, 410.332, 814.704, 435.297, 477.081, 725.707, 825.721, 775.569, 405.563, 516.932, 647.422, 430.514, 781.809, 884.132, 536.312, 618.619, 765.613, 791.032, 430.882, 721.889, 633.154, 687.655, 800.28, 463.303, 898.973, 735.723, 958.35, 667.415, 800.042, 743.991, 744.047, 449.548, 773.535]] 
RATE (RPS) =====================================: 69

[[404.37, 485.838, 429.613, 480.098, 412.67, 587.356, 502.255, 529.084, 405.87, 431.896, 592.406, 693.327, 573.36, 614.129, 422.425, 414.394, 489.683, 437.246, 756.883, 438.737, 489.327, 548.334, 585.503, 468.81, 440.983, 798.986, 526.896, 521.448, 611.583, 578.254, 531.748, 830.957, 591.344, 601.216, 900.298, 630.58, 761.861, 707.617, 654.493, 950.008, 516.48, 395.674, 587.654, 671.057, 622.288, 521.708, 1029.281, 726.846, 665.13, 736.794, 772.283, 548.85, 471.741, 635.318, 1033.423, 742.376, 1104.83, 619.753, 744.454, 634.982, 681.654, 438.947, 805.131, 733.597, 439.717, 1026.094, 461.186, 507.584, 662.134, 1087.285]] 
RATE (RPS) =====================================: 65

[[430.772, 473.029, 487.199, 404.779, 422.432, 389.556, 512.158, 563.516, 612.311, 489.392, 471.131, 450.076, 530.133, 412.517, 508.304, 633.307, 547.345, 467.568, 520.55, 538.536, 557.357, 653.738, 572.126, 617.481, 666.768, 643.98, 702.234, 568.263, 525.282, 486.354, 733.419, 562.866, 624.592, 647.102, 559.515, 708.182, 603.55, 664.318, 638.361, 460.989, 744.042, 722.649, 691.783, 785.123, 743.424, 795.348, 505.909, 793.937, 744.9, 677.919, 802.976, 587.731, 601.748, 778.387, 628.711, 640.13, 791.441, 691.819, 631.31, 758.333, 625.731, 692.431, 816.431, 714.06, 751.673, 795.283, 603.713, 644.696, 670.877, 799.576]] 
RATE (RPS) =====================================: 70

average response time [0]394.657
average response time [1]380.432
average response time [2]377.616
average response time [3]381.093
average response time [4]394.849
average response time [5]382.682
average response time [6]393.432
average response time [7]398.149
average response time [8]390.789
average response time [9]384.713
TOTAL AVERAGE RESPONSE TIME ====================: 387.84119999999996
NUMBER OF THREADS ==============================: 1
TOTAL AVERAGE RATE (RPS) =====================================: 1.0
average response time [10]426.9365
average response time [11]418.7435
average response time [12]413.8275
average response time [13]404.7315
average response time [14]459.97450000000003
average response time [15]412.14549999999997
average response time [16]411.24
average response time [17]400.1945
average response time [18]405.3655
average response time [19]450.629
TOTAL AVERAGE RESPONSE TIME ====================: 420.37880000000007
NUMBER OF THREADS ==============================: 2
TOTAL AVERAGE RATE (RPS) =====================================: 2.0
average response time [20]448.7605
average response time [21]484.79224999999997
average response time [22]451.87850000000003
average response time [23]466.4375
average response time [24]490.3035
average response time [25]446.224
average response time [26]469.922
average response time [27]437.948
average response time [28]461.9655
average response time [29]458.73775
TOTAL AVERAGE RESPONSE TIME ====================: 461.69695
NUMBER OF THREADS ==============================: 4
TOTAL AVERAGE RATE (RPS) =====================================: 4.0
average response time [30]495.002
average response time [31]537.525125
average response time [32]486.946125
average response time [33]510.588125
average response time [34]521.71675
average response time [35]529.597
average response time [36]528.5169999999999
average response time [37]518.1825
average response time [38]552.00625
average response time [39]697.964375
TOTAL AVERAGE RESPONSE TIME ====================: 537.8045249999999
NUMBER OF THREADS ==============================: 8
TOTAL AVERAGE RATE (RPS) =====================================: 7.9
average response time [40]663.1766875
average response time [41]705.8090625
average response time [42]720.170875
average response time [43]702.881875
average response time [44]691.4204375
average response time [45]636.964125
average response time [46]641.815875
average response time [47]649.6739375
average response time [48]661.1070625
average response time [49]661.8255624999999
TOTAL AVERAGE RESPONSE TIME ====================: 673.48455
NUMBER OF THREADS ==============================: 16
TOTAL AVERAGE RATE (RPS) =====================================: 15.8
average response time [50]1046.23525
average response time [51]1459.2435625
average response time [52]1002.5258125
average response time [53]1031.6669375
average response time [54]571.4495833333333
average response time [55]655.5487058823529
average response time [56]659.7488888888889
average response time [57]627.365375
average response time [58]524.6990714285714
average response time [59]577.2950666666667
TOTAL AVERAGE RESPONSE TIME ====================: 815.5778253699813
NUMBER OF THREADS ==============================: 32
TOTAL AVERAGE RATE (RPS) =====================================: 15.1
average response time [60]890.676703125
average response time [61]879.7631562500001
average response time [62]863.49225
average response time [63]846.25053125
average response time [64]848.815890625
average response time [65]920.615203125
average response time [66]907.2435
average response time [67]901.579984375
average response time [68]831.207484375
average response time [69]902.8916875
TOTAL AVERAGE RESPONSE TIME ====================: 879.2536390625
NUMBER OF THREADS ==============================: 64
TOTAL AVERAGE RATE (RPS) =====================================: 42.4
average response time [70]1039.2406
average response time [71]1021.1107846153847
average response time [72]638.2532051282051
average response time [73]567.6287674418604
average response time [74]615.3210256410257
average response time [75]610.1163488372093
average response time [76]610.1903260869565
average response time [77]519.2369
average response time [78]849.8338780487804
average response time [79]694.6707391304348
TOTAL AVERAGE RESPONSE TIME ====================: 716.5602574929856
NUMBER OF THREADS ==============================: 65
TOTAL AVERAGE RATE (RPS) =====================================: 39.6
average response time [80]933.1015263157894
average response time [81]590.8524186046511
average response time [82]587.1783571428572
average response time [83]588.6214736842105
average response time [84]651.6263333333334
average response time [85]611.4664166666666
average response time [86]545.7763157894736
average response time [87]522.3153870967742
average response time [88]509.32239285714286
average response time [89]503.67171794871797
TOTAL AVERAGE RESPONSE TIME ====================: 604.3932339439617
NUMBER OF THREADS ==============================: 66
TOTAL AVERAGE RATE (RPS) =====================================: 38.1
average response time [90]508.192
average response time [91]535.53392
average response time [92]878.2229285714286
average response time [93]888.2791111111111
average response time [94]462.9918333333333
average response time [95]636.770947368421
average response time [96]676.8553333333333
average response time [97]675.0773962264151
average response time [98]662.5033469387755
average response time [99]725.860641509434
TOTAL AVERAGE RESPONSE TIME ====================: 665.0287458392252
NUMBER OF THREADS ==============================: 67
TOTAL AVERAGE RATE (RPS) =====================================: 32.4
average response time [100]641.9800416666667
average response time [101]780.5458653846154
average response time [102]719.69914
average response time [103]598.181
average response time [104]534.7127619047619
average response time [105]607.7388947368421
average response time [106]683.9212745098039
average response time [107]581.9023818181818
average response time [108]593.6432833333333
average response time [109]925.4156666666667
TOTAL AVERAGE RESPONSE TIME ====================: 666.7740310020871
NUMBER OF THREADS ==============================: 68
TOTAL AVERAGE RATE (RPS) =====================================: 41.9
average response time [110]654.5281896551725
average response time [111]649.3174385964912
average response time [112]1023.286076923077
average response time [113]636.6518524590164
average response time [114]644.7663
average response time [115]644.8791509433962
average response time [116]551.1675576923077
average response time [117]556.0723157894737
average response time [118]533.6119444444445
average response time [119]588.4954423076923
TOTAL AVERAGE RESPONSE TIME ====================: 648.2776268811072
NUMBER OF THREADS ==============================: 69
TOTAL AVERAGE RATE (RPS) =====================================: 49.4
average response time [120]690.471737704918
average response time [121]653.255640625
average response time [122]578.1436714285715
average response time [123]605.5478571428572
average response time [124]705.1199857142857
average response time [125]683.5151714285714
average response time [126]676.0758714285714
average response time [127]636.3907428571429
average response time [128]620.8019571428572
average response time [129]618.4739857142857
TOTAL AVERAGE RESPONSE TIME ====================: 646.779662118706
NUMBER OF THREADS ==============================: 70
TOTAL AVERAGE RATE (RPS) =====================================: 62.9
average response time sent to Stackdriver [0]484.79224999999997
average response time sent to Stackdriver [1]552.00625
average response time sent to Stackdriver [2]661.1070625
average response time sent to Stackdriver [3]1002.5258125
average response time sent to Stackdriver [4]524.6990714285714
average response time sent to Stackdriver [5]524.6990714285714
average response time sent to Stackdriver [6]524.6990714285714
average response time sent to Stackdriver [7]524.6990714285714
average response time sent to Stackdriver [8]524.6990714285714
average response time sent to Stackdriver [9]524.6990714285714
average response time sent to Stackdriver [10]524.6990714285714
average response time sent to Stackdriver [11]524.6990714285714
average response time sent to Stackdriver [12]524.6990714285714
average response time sent to Stackdriver [13]524.6990714285714
average response time sent to Stackdriver [14]524.6990714285714
average response time sent to Stackdriver [15]524.6990714285714
average response time sent to Stackdriver [16]524.6990714285714
average response time sent to Stackdriver [17]846.25053125
average response time sent to Stackdriver [18]902.8916875
average response time sent to Stackdriver [19]615.3210256410257
average response time sent to Stackdriver [20]694.6707391304348
average response time sent to Stackdriver [21]545.7763157894736
average response time sent to Stackdriver [22]888.2791111111111
average response time sent to Stackdriver [23]662.5033469387755
average response time sent to Stackdriver [24]598.181
average response time sent to Stackdriver [25]925.4156666666667
average response time sent to Stackdriver [26]636.6518524590164
average response time sent to Stackdriver [27]588.4954423076923
average response time sent to Stackdriver [28]605.5478571428572
NUMBER OF THREADS: [1, 2, 4, 8, 16, 32, 64, 65, 66, 67, 68, 69, 70]
WORKLOAD: HFU_LV;  
TOTAL EXECUTION TIME (Concurrent Parallel Requests): 311221.297


