[[400.197, 392.675, 396.273, 420.044, 442.243, 401.04, 394.942, 426.919, 459.612, 460.985, 415.001, 463.403, 488.998, 497.783, 471.327, 517.241, 380.679, 382.558, 479.801, 528.545, 527.842, 555.613, 474.826, 506.442, 452.697, 396.055, 514.1, 501.851, 385.775, 537.317, 514.426, 408.039, 558.502, 414.643, 570.893, 529.979, 432.744, 484.849, 520.524, 449.691, 390.848, 515.322, 524.878, 536.484, 456.806, 554.417, 561.624, 463.8, 556.489, 486.141]] 
AVERAGE RESPONSE TIME: 472.07766
NUMBER OF THREADS: [50]
WORKLOAD: LV_HF; PAL CONFIG: cache; NUMBER OF REPLICAS: 4 
TOTAL EXECUTION TIME (Concurrent Parallel Requests): 1036.913


[[424.081, 379.116, 385.846, 410.692, 386.579, 401.23, 444.585, 436.609, 462.485, 375.877, 412.831, 420.951, 474.051, 400.616, 500.681, 411.663, 418.178, 398.057, 458.745, 409.002, 456.92, 397.051, 388.476, 419.618, 425.596, 473.478, 410.413, 418.765, 421.168, 479.767, 438.051, 422.887, 471.04, 441.535, 492.035, 414.003, 497.568, 498.15, 435.838, 453.265, 429.16, 452.882, 516.421, 526.651, 470.53, 429.418, 530.547, 432.78, 515.067, 393.302]] 
AVERAGE RESPONSE TIME: 439.28514
NUMBER OF THREADS: [50]
WORKLOAD: LV_HF; PAL CONFIG: cache; NUMBER OF REPLICAS: 4 
TOTAL EXECUTION TIME (Concurrent Parallel Requests): 1062.699


[[456.743, 399.313, 389.102, 383.767, 430.949, 385.512, 477.7, 442.942, 421.793, 458.419, 385.011, 465.999, 440.499, 503.523, 468.564, 455.353, 399.643, 542.275, 446.691, 471.874, 545.877, 500.402, 434.567, 439.078, 549.23, 407.332, 448.613, 487.986, 401.465, 505.058, 441.112, 477.392, 513.54, 379.674, 422.115, 539.539, 566.846, 472.469, 435.887, 460.586, 571.358, 391.551, 416.029, 419.893, 570.334, 600.332, 418.359, 396.284, 397.197, 414.05]] 
AVERAGE RESPONSE TIME: 456.99654
NUMBER OF THREADS: [50]
WORKLOAD: LV_HF; PAL CONFIG: cache; NUMBER OF REPLICAS: 4 
TOTAL EXECUTION TIME (Concurrent Parallel Requests): 1044.608


[[547.993, 535.653, 543.389, 527.829, 530.232, 579.741, 562.999, 517.248, 523.171, 510.313, 503.252, 495.02, 571.875, 453.755, 462.08, 472.704, 510.457, 463.295, 541.167, 436.392, 532.115, 2458.257, 2471.358, 1972.913, 1959.08, 609.1, 541.915, 534.919, 569.073, 619.277, 506.858, 498.275, 635.823, 683.008, 893.506, 442.24, 585.524, 1242.579, 529.306, 546.376, 497.012, 435.481, 479.612, 427.962, 446.581, 390.412, 455.721, 464.211, 507.289, 478.798]] 
AVERAGE RESPONSE TIME: 674.06292
NUMBER OF THREADS: [50]
WORKLOAD: LV_HF; PAL CONFIG: cache; NUMBER OF REPLICAS: 4 
TOTAL EXECUTION TIME (Concurrent Parallel Requests): 2678.649


[[600.192, 690.489, 528.221, 673.649, 645.0, 759.094, 579.31, 683.933, 517.903, 633.701, 438.085, 581.062, 476.271, 548.007, 638.457, 417.03, 419.25, 492.463, 537.432, 651.922, 439.967, 401.021, 701.562, 740.881, 594.077, 561.897, 618.422, 650.542, 628.521, 720.416, 686.871, 537.849, 447.898, 627.089, 610.023, 689.173, 531.596, 565.41, 592.297, 679.305, 637.794, 688.297, 590.021, 532.263, 404.518, 626.489, 680.94, 689.263, 644.099, 513.849]] 
AVERAGE RESPONSE TIME: 590.87642
NUMBER OF THREADS: [50]
WORKLOAD: LV_HF; PAL CONFIG: cache; NUMBER OF REPLICAS: 4 
TOTAL EXECUTION TIME (Concurrent Parallel Requests): 1122.187


[[419.861, 390.029, 380.188, 439.161, 480.418, 420.026, 459.985, 443.432, 392.472, 495.716, 478.934, 481.221, 499.968, 513.896, 381.937, 501.88, 405.456, 540.303, 523.287, 580.294, 559.755, 487.463, 603.648, 417.182, 573.016, 522.784, 599.736, 461.095, 436.814, 446.99, 402.864, 448.748, 570.142, 503.455, 461.982, 426.193, 456.8, 480.367, 513.459, 431.458, 468.385, 537.311, 476.284, 442.13, 556.502, 494.323, 454.073, 457.991, 511.128, 436.761]] 
AVERAGE RESPONSE TIME: 477.34606
NUMBER OF THREADS: [50]
WORKLOAD: LV_HF; PAL CONFIG: cache; NUMBER OF REPLICAS: 4 
TOTAL EXECUTION TIME (Concurrent Parallel Requests): 948.594


[[417.22, 448.268, 477.947, 385.819, 394.724, 498.437, 422.643, 417.224, 401.449, 441.614, 435.048, 523.613, 444.906, 439.529, 459.68, 445.601, 484.116, 527.223, 514.933, 476.804, 548.905, 503.581, 378.243, 571.013, 518.332, 487.351, 525.429, 390.594, 535.722, 477.176, 568.071, 510.543, 395.1, 473.45, 557.489, 500.655, 475.87, 563.715, 603.995, 423.707, 637.587, 442.172, 472.307, 465.874, 370.056, 399.979, 408.245, 431.91, 545.135, 376.02]] 
AVERAGE RESPONSE TIME: 472.30048
NUMBER OF THREADS: [50]
WORKLOAD: LV_HF; PAL CONFIG: cache; NUMBER OF REPLICAS: 4 
TOTAL EXECUTION TIME (Concurrent Parallel Requests): 1071.044


[[478.412, 391.888, 401.655, 379.144, 390.098, 385.997, 423.289, 424.509, 402.472, 405.699, 426.701, 439.207, 409.853, 446.314, 485.681, 447.838, 387.89, 401.964, 417.923, 405.485, 405.87, 428.419, 428.179, 436.357, 417.668, 465.542, 434.477, 418.342, 443.281, 447.562, 451.124, 386.679, 412.588, 449.478, 449.969, 405.686, 532.547, 471.703, 384.312, 425.829, 457.591, 416.106, 494.76, 438.055, 385.309, 502.442, 526.943, 378.35, 424.179, 531.185]] 
AVERAGE RESPONSE TIME: 432.05102
NUMBER OF THREADS: [50]
WORKLOAD: LV_HF; PAL CONFIG: cache; NUMBER OF REPLICAS: 4 
TOTAL EXECUTION TIME (Concurrent Parallel Requests): 1110.552


[[430.689, 399.704, 446.567, 416.452, 426.455, 388.166, 435.384, 425.833, 459.495, 415.882, 494.58, 478.497, 442.588, 401.565, 501.743, 432.127, 482.715, 513.795, 549.68, 510.968, 375.873, 465.87, 428.354, 403.758, 372.632, 494.318, 473.875, 448.287, 527.686, 500.797, 563.334, 546.259, 488.201, 595.199, 534.281, 476.853, 624.17, 555.383, 643.566, 676.877, 716.15, 507.648, 435.198, 476.4, 719.542, 507.377, 508.464, 543.885, 583.419, 392.772]] 
AVERAGE RESPONSE TIME: 492.78625999999997
NUMBER OF THREADS: [50]
WORKLOAD: LV_HF; PAL CONFIG: cache; NUMBER OF REPLICAS: 4 
TOTAL EXECUTION TIME (Concurrent Parallel Requests): 1128.694


[[398.244, 445.465, 404.405, 384.933, 382.551, 373.304, 387.667, 407.415, 392.646, 410.102, 424.345, 401.58, 459.041, 455.582, 394.001, 416.266, 454.274, 387.592, 474.478, 379.439, 427.255, 397.008, 457.811, 504.731, 395.83, 460.067, 395.342, 507.74, 391.645, 465.735, 422.944, 460.086, 490.797, 373.836, 485.523, 380.487, 397.976, 563.043, 494.333, 511.953, 504.188, 523.372, 384.718, 406.072, 414.695, 432.919, 454.229, 479.17, 506.292, 470.766]] 
AVERAGE RESPONSE TIME: 435.87786
NUMBER OF THREADS: [50]
WORKLOAD: LV_HF; PAL CONFIG: cache; NUMBER OF REPLICAS: 4 
TOTAL EXECUTION TIME (Concurrent Parallel Requests): 944.712


[[389.92, 402.239, 426.092, 438.507, 383.225, 376.952, 459.53, 406.078, 378.977, 490.197, 422.046, 404.511, 457.47, 417.519, 482.975, 402.476, 516.0, 422.482, 386.94, 452.444, 517.137, 400.295, 540.221, 466.352, 397.988, 563.239, 486.675, 399.604, 570.997, 365.574, 393.102, 596.784, 431.45, 397.193, 470.526, 378.894, 423.753, 421.766, 441.911, 459.705, 590.657, 438.965, 465.564, 470.446, 447.193, 503.821, 460.825, 560.217, 509.347, 461.121]] 
AVERAGE RESPONSE TIME: 450.95804
NUMBER OF THREADS: [50]
WORKLOAD: LV_HF; PAL CONFIG: cache; NUMBER OF REPLICAS: 4 
TOTAL EXECUTION TIME (Concurrent Parallel Requests): 934.253


[[438.856, 384.761, 392.136, 432.629, 455.652, 436.671, 493.195, 447.969, 413.125, 495.477, 450.645, 508.715, 559.344, 612.916, 396.957, 401.3, 414.022, 427.779, 453.318, 605.582, 642.991, 416.237, 471.076, 659.503, 425.717, 470.157, 423.813, 395.08, 440.22, 428.045, 621.61, 656.574, 480.455, 425.664, 722.406, 671.432, 462.087, 733.038, 411.492, 383.279, 422.992, 483.876, 436.209, 438.534, 450.002, 385.856, 380.411, 402.191, 635.197, 397.449]] 
AVERAGE RESPONSE TIME: 479.89284
NUMBER OF THREADS: [50]
WORKLOAD: LV_HF; PAL CONFIG: cache; NUMBER OF REPLICAS: 4 
TOTAL EXECUTION TIME (Concurrent Parallel Requests): 1151.089


[[418.53, 454.478, 376.587, 396.612, 385.01, 411.588, 421.772, 430.318, 409.031, 422.903, 403.835, 442.749, 432.278, 383.488, 405.326, 448.856, 377.922, 392.189, 447.08, 479.784, 476.43, 501.972, 414.974, 389.849, 413.392, 413.059, 457.842, 414.612, 392.109, 409.175, 436.982, 475.727, 440.542, 426.268, 464.942, 467.052, 589.848, 512.936, 493.567, 558.516, 596.745, 464.971, 376.999, 584.137, 607.737, 477.307, 584.433, 618.069, 595.283, 637.319]] 
AVERAGE RESPONSE TIME: 460.6626
NUMBER OF THREADS: [50]
WORKLOAD: LV_HF; PAL CONFIG: cache; NUMBER OF REPLICAS: 4 
TOTAL EXECUTION TIME (Concurrent Parallel Requests): 1132.033


[[411.161, 448.999, 386.634, 379.426, 428.124, 390.451, 455.161, 433.465, 393.14, 487.406, 417.539, 407.281, 450.163, 376.554, 410.059, 505.558, 453.782, 479.594, 427.989, 509.305, 494.375, 432.71, 383.618, 465.037, 505.859, 385.028, 591.712, 527.291, 494.499, 404.49, 432.808, 532.514, 588.743, 388.0, 490.947, 465.339, 597.685, 523.68, 502.06, 478.767, 594.62, 604.875, 503.64, 442.047, 508.393, 474.855, 572.669, 506.652, 502.62, 555.831]] 
AVERAGE RESPONSE TIME: 472.0631
NUMBER OF THREADS: [50]
WORKLOAD: LV_HF; PAL CONFIG: cache; NUMBER OF REPLICAS: 4 
TOTAL EXECUTION TIME (Concurrent Parallel Requests): 1043.456


