[[400.758]] 
RATE (RPS) =====================================: 1

[[343.018]] 
RATE (RPS) =====================================: 1

[[348.55]] 
RATE (RPS) =====================================: 1

[[397.332]] 
RATE (RPS) =====================================: 1

[[345.978]] 
RATE (RPS) =====================================: 1

[[346.54]] 
RATE (RPS) =====================================: 1

[[351.763]] 
RATE (RPS) =====================================: 1

[[382.831]] 
RATE (RPS) =====================================: 1

[[350.329]] 
RATE (RPS) =====================================: 1

[[344.162]] 
RATE (RPS) =====================================: 1

[[375.889, 352.618]] 
RATE (RPS) =====================================: 2

[[394.181, 387.708]] 
RATE (RPS) =====================================: 2

[[368.405, 358.561]] 
RATE (RPS) =====================================: 2

[[349.802, 345.349]] 
RATE (RPS) =====================================: 2

[[398.281, 390.795]] 
RATE (RPS) =====================================: 2

[[364.85, 356.246]] 
RATE (RPS) =====================================: 2

[[356.497, 343.956]] 
RATE (RPS) =====================================: 2

[[346.12, 357.509]] 
RATE (RPS) =====================================: 2

[[395.909, 389.166]] 
RATE (RPS) =====================================: 2

[[352.305, 348.07]] 
RATE (RPS) =====================================: 2

[[360.715, 364.073, 353.469, 358.461]] 
RATE (RPS) =====================================: 4

[[342.611, 359.353, 356.029, 352.349]] 
RATE (RPS) =====================================: 4

[[405.469, 409.131, 394.385, 400.895]] 
RATE (RPS) =====================================: 4

[[342.043, 352.079, 353.022, 356.857]] 
RATE (RPS) =====================================: 4

[[377.668, 346.142, 358.41, 352.702]] 
RATE (RPS) =====================================: 4

[[468.728, 457.801, 454.293, 457.825]] 
RATE (RPS) =====================================: 4

[[399.938, 364.722, 374.666, 372.061]] 
RATE (RPS) =====================================: 4

[[368.752, 354.031, 358.44, 357.139]] 
RATE (RPS) =====================================: 4

[[382.517, 385.324, 378.864, 379.2]] 
RATE (RPS) =====================================: 4

[[347.041, 355.053, 344.692, 346.213]] 
RATE (RPS) =====================================: 4

[[363.281, 351.168, 346.045, 351.182, 359.64, 357.423, 353.951, 355.96]] 
RATE (RPS) =====================================: 8

[[355.746, 349.435, 350.159, 378.225, 349.104, 356.665, 363.878, 350.993]] 
RATE (RPS) =====================================: 8

[[438.581, 442.291, 427.835, 434.843, 439.015, 436.78, 434.271, 432.077]] 
RATE (RPS) =====================================: 8

[[359.161, 375.155, 353.236, 353.998, 357.172, 356.348, 369.399, 356.737]] 
RATE (RPS) =====================================: 8

[[346.277, 342.495, 348.818, 353.915, 344.536, 361.034, 363.249, 356.273]] 
RATE (RPS) =====================================: 8

[[429.18, 434.434, 420.997, 415.365, 416.456, 422.223, 423.926, 403.728]] 
RATE (RPS) =====================================: 8

[[370.445, 381.687, 363.128, 377.314, 367.684, 382.459, 363.688, 353.227]] 
RATE (RPS) =====================================: 8

[[375.734, 348.857, 364.032, 360.572, 351.871, 349.317, 365.028, 347.177]] 
RATE (RPS) =====================================: 8

[[394.054, 405.254, 393.699, 382.061, 394.706, 390.422, 383.248, 385.029]] 
RATE (RPS) =====================================: 8

[[371.418, 378.951, 350.272, 380.186, 365.333, 351.289, 384.324, 392.786]] 
RATE (RPS) =====================================: 8

[[382.372, 378.798, 398.25, 382.887, 377.942, 390.626, 355.299, 394.572, 374.962, 370.325, 372.83, 373.693, 363.688, 371.103, 360.116, 359.849]] 
RATE (RPS) =====================================: 16

[[433.75, 437.383, 425.788, 427.137, 423.151, 422.569, 425.373, 420.213, 411.634, 406.889, 404.409, 410.764, 398.403, 389.412, 399.849, 387.83]] 
RATE (RPS) =====================================: 16

[[365.971, 385.386, 395.564, 383.088, 379.94, 382.625, 382.09, 368.727, 377.801, 366.462, 400.708, 375.312, 374.769, 356.842, 372.298, 380.146]] 
RATE (RPS) =====================================: 16

[[421.866, 402.895, 391.946, 409.176, 397.963, 400.658, 447.301, 425.242, 403.724, 421.532, 409.563, 434.088, 411.248, 408.385, 423.684, 404.648]] 
RATE (RPS) =====================================: 16

[[417.929, 415.592, 399.196, 1368.406, 393.899, 400.915, 385.907, 375.969, 375.394, 376.005, 369.242, 363.325, 365.12, 371.027, 380.075, 354.094]] 
RATE (RPS) =====================================: 15

[[423.012, 404.093, 400.801, 397.237, 400.123, 401.373, 386.264, 407.846, 389.574, 394.568, 377.374, 383.019, 403.887, 374.967, 370.621, 375.648]] 
RATE (RPS) =====================================: 16

[[359.711, 348.422, 361.015, 346.349, 400.094, 353.494, 384.309, 370.694, 364.246, 352.146, 360.267, 363.644, 360.185, 359.805, 363.829, 350.513]] 
RATE (RPS) =====================================: 16

[[352.121, 365.981, 344.664, 345.555, 351.575, 360.388, 383.727, 357.14, 364.458, 357.884, 360.255, 366.836, 349.384, 383.167, 358.69, 360.34]] 
RATE (RPS) =====================================: 16

[[400.745, 391.446, 389.988, 400.073, 386.895, 405.714, 400.564, 385.423, 385.851, 370.653, 378.994, 380.286, 368.119, 376.084, 373.648, 359.485]] 
RATE (RPS) =====================================: 16

[[357.563, 362.44, 349.427, 353.183, 353.698, 344.199, 387.772, 348.382, 360.452, 363.058, 387.035, 354.025, 354.933, 369.038, 366.322, 364.744]] 
RATE (RPS) =====================================: 16

[[348.681, 348.138, 367.735, 369.244, 392.049, 392.554, 384.881, 382.552, 386.82, 388.101, 371.928, 378.748, 372.519, 379.008, 361.975, 358.985, 362.344, 362.443, 379.124, 367.863, 359.862, 429.315, 345.798, 345.649, 401.196, 406.691, 401.969, 404.029, 411.989, 396.884, 378.911, 372.431]] 
RATE (RPS) =====================================: 32

[[361.035, 358.768, 363.294, 364.637, 361.757, 371.29, 364.76, 371.061, 374.929, 383.423, 387.892, 383.659, 404.555, 386.677, 388.825, 397.171, 382.357, 388.285, 390.121, 377.174, 387.015, 381.023, 364.374, 395.436, 364.021, 366.93, 365.17, 355.595, 371.227, 366.063, 364.795, 352.046]] 
RATE (RPS) =====================================: 32

[[358.037, 362.498, 372.52, 378.125, 367.89, 356.012, 369.35, 377.785, 356.878, 356.005, 390.81, 367.244, 372.87, 356.421, 373.424, 360.398, 352.79, 362.258, 351.059, 356.412, 357.137, 346.172, 360.743, 373.418, 373.835, 376.525, 360.455, 374.679, 364.232, 367.75, 370.113, 356.005]] 
RATE (RPS) =====================================: 32

[[382.813, 420.951, 410.363, 377.866, 400.876, 1204.0819999999999, 393.288, 396.778, 395.636, 390.175, 388.124, 409.463, 377.281, 376.525, 372.042, 378.525, 378.524, 386.93, 350.825, 352.73, 360.259, 368.847, 369.307, 360.111, 376.172, 446.199, 426.05, 427.359, 410.916, 403.022, 408.55, 378.385]] 
RATE (RPS) =====================================: 31

[[409.877, 422.298, 410.285, 391.356, 400.294, 397.499, 392.435, 392.426, 398.382, 403.378, 382.249, 386.659, 375.016, 388.268, 382.262, 383.615, 402.471, 383.44, 376.795, 352.91, 360.244, 361.977, 356.66, 390.031, 346.64, 392.868, 387.734, 369.098, 377.068, 370.055, 367.319, 371.995]] 
RATE (RPS) =====================================: 32

[[345.768, 366.291, 362.641, 372.763, 369.358, 355.711, 369.758, 371.737, 350.713, 361.576, 345.079, 361.347, 349.696, 353.799, 352.774, 375.418, 353.911, 350.109, 358.614, 357.763, 353.801, 364.139, 360.58, 357.262, 363.536, 369.485, 357.808, 365.485, 370.807, 352.489, 374.499, 368.013]] 
RATE (RPS) =====================================: 32

[[349.501, 348.426, 425.501, 356.322, 361.76, 408.001, 387.545, 388.121, 391.986, 395.494, 395.767, 402.06, 389.021, 385.337, 387.987, 382.62, 385.546, 404.448, 391.188, 365.599, 368.558, 366.526, 383.445, 368.174, 372.305, 375.29, 357.326, 366.146, 361.234, 345.958, 348.407, 350.737]] 
RATE (RPS) =====================================: 32

[[381.588, 383.043, 368.832, 366.336, 372.019, 386.835, 364.813, 398.711, 382.888, 380.684, 380.988, 388.283, 376.793, 378.754, 398.644, 378.951, 367.558, 376.451, 394.497, 397.247, 398.086, 416.198, 387.473, 388.582, 388.984, 405.83, 386.785, 388.629, 388.046, 387.043, 391.243, 381.262]] 
RATE (RPS) =====================================: 32

[[355.302, 365.568, 350.77, 362.516, 353.515, 368.442, 374.865, 370.806, 369.855, 358.854, 366.505, 354.573, 375.777, 361.228, 354.578, 358.804, 369.123, 353.865, 346.741, 369.136, 356.239, 359.708, 344.23, 352.915, 363.238, 368.695, 364.673, 352.792, 386.682, 363.995, 369.338, 351.427]] 
RATE (RPS) =====================================: 32

[[405.703, 400.123, 396.237, 399.578, 400.74, 389.405, 398.583, 389.005, 382.331, 379.619, 379.346, 384.223, 372.107, 383.61, 391.073, 395.54, 375.72, 388.109, 373.29, 384.821, 382.716, 370.306, 389.037, 386.616, 385.694, 363.401, 377.0, 372.975, 378.439, 369.406, 377.084, 371.443]] 
RATE (RPS) =====================================: 32

[[358.399, 373.166, 362.194, 366.823, 380.276, 366.787, 370.906, 377.483, 372.804, 373.459, 363.359, 373.611, 373.88, 355.058, 359.755, 359.68, 364.994, 358.91, 369.108, 349.855, 360.263, 368.788, 371.372, 352.976, 354.869, 360.844, 364.602, 355.405, 356.359, 362.628, 372.101, 354.343, 361.056]] 
RATE (RPS) =====================================: 33

[[430.646, 424.652, 411.387, 421.512, 412.601, 403.686, 420.452, 408.969, 392.37, 401.105, 411.358, 393.006, 390.023, 397.287, 385.733, 389.159, 382.014, 386.182, 419.562, 369.175, 392.99, 385.196, 390.161, 365.539, 384.123, 385.557, 382.905, 389.891, 385.489, 373.241, 379.54, 367.81, 369.801]] 
RATE (RPS) =====================================: 33

[[355.708, 357.901, 354.89, 363.756, 361.814, 396.871, 345.753, 364.999, 381.842, 361.816, 392.075, 365.647, 380.245, 359.813, 368.766, 390.628, 357.651, 357.658, 346.75, 370.17, 368.815, 375.699, 364.519, 352.778, 356.839, 375.012, 364.018, 349.124, 363.678, 357.659, 360.96, 356.408, 353.695]] 
RATE (RPS) =====================================: 33

[[394.019, 390.714, 395.888, 388.928, 385.564, 381.378, 378.592, 375.879, 372.069, 374.366, 381.375, 371.403, 378.529, 356.35, 366.533, 383.884, 354.45, 368.807, 350.734, 343.473, 385.246, 356.842, 363.967, 349.302, 348.631, 356.4, 357.211, 384.796, 377.485, 357.55, 367.875, 356.912, 358.17]] 
RATE (RPS) =====================================: 33

[[349.927, 359.445, 344.816, 355.125, 374.631, 374.414, 366.525, 384.756, 364.277, 362.993, 359.926, 389.781, 360.017, 368.452, 403.736, 380.654, 365.566, 376.882, 364.191, 375.007, 368.016, 380.317, 377.623, 357.32, 354.359, 362.959, 374.103, 351.159, 368.704, 369.207, 374.898, 362.859, 360.619]] 
RATE (RPS) =====================================: 33

[[352.779, 368.711, 361.924, 392.075, 365.876, 362.434, 365.222, 363.814, 359.329, 356.069, 353.428, 363.46, 350.444, 362.705, 377.038, 349.255, 355.402, 355.632, 430.023, 432.549, 357.266, 415.272, 417.219, 411.337, 436.717, 402.542, 410.383, 403.23, 400.505, 401.052, 384.882, 388.771, 385.688]] 
RATE (RPS) =====================================: 33

[[349.909, 362.443, 352.479, 358.394, 357.72, 392.489, 393.658, 393.17, 387.053, 389.357, 385.588, 378.514, 364.89, 370.414, 380.734, 384.877, 372.88, 351.214, 371.432, 357.934, 406.548, 357.339, 402.918, 397.798, 364.478, 376.59, 374.385, 367.382, 374.772, 361.014, 396.7, 386.531, 1388.033]] 
RATE (RPS) =====================================: 32

[[345.445, 359.135, 351.78, 350.643, 362.74, 353.927, 362.951, 352.611, 367.452, 366.33, 348.946, 353.803, 351.054, 355.188, 355.529, 367.2, 370.379, 341.156, 360.303, 365.488, 362.398, 374.301, 355.543, 373.207, 368.227, 370.987, 350.367, 354.57, 353.472, 356.075, 363.208, 347.63, 346.096]] 
RATE (RPS) =====================================: 33

[[387.91, 394.716, 361.343, 370.547, 376.183, 382.946, 398.371, 370.923, 473.348, 451.68, 451.35, 450.439, 452.263, 455.266, 441.569, 439.411, 444.712, 457.253, 448.475, 434.16, 424.699, 433.335, 434.232, 425.65, 443.651, 424.791, 421.609, 441.937, 417.32, 416.977, 415.325, 416.963, 410.162]] 
RATE (RPS) =====================================: 33

[[355.69, 367.364, 385.568, 368.577, 377.295, 369.765, 370.539, 394.898, 367.427, 395.954, 351.605, 365.806, 351.865, 382.782, 366.489, 354.587, 359.198, 358.115, 356.125, 371.526, 353.191, 387.882, 393.907, 364.148, 359.684, 367.777, 371.785, 379.957, 362.22, 383.679, 361.687, 366.186, 348.24]] 
RATE (RPS) =====================================: 33

[[388.669, 368.117, 361.057, 358.306, 407.174, 385.169, 391.411, 398.665, 384.235, 381.384, 391.448, 387.593, 397.166, 420.493, 372.618, 394.501, 401.409, 405.822, 409.608, 402.949, 396.587, 384.586, 387.646, 367.972, 373.375, 371.024, 369.22, 380.154, 381.062, 354.239, 369.378, 433.619, 427.684, 416.597]] 
RATE (RPS) =====================================: 34

[[352.356, 353.593, 371.447, 356.8, 379.933, 389.877, 389.443, 362.496, 368.068, 368.823, 386.445, 359.141, 388.573, 376.697, 360.387, 361.232, 362.733, 360.42, 369.144, 371.588, 368.494, 352.811, 367.501, 372.743, 358.837, 374.209, 370.736, 362.749, 344.264, 350.209, 362.495, 369.662, 364.26, 351.126]] 
RATE (RPS) =====================================: 34

[[352.053, 353.435, 360.262, 378.358, 376.805, 398.013, 376.643, 362.259, 391.237, 359.863, 356.534, 360.665, 364.676, 372.926, 358.741, 366.794, 361.494, 358.164, 382.601, 395.808, 372.442, 372.131, 381.771, 378.593, 382.826, 359.848, 374.91, 351.971, 355.574, 376.542, 377.57, 363.276, 348.974, 350.565]] 
RATE (RPS) =====================================: 34

[[419.976, 408.076, 408.186, 404.683, 417.022, 395.981, 395.238, 396.853, 394.58, 401.075, 388.486, 388.988, 384.243, 379.576, 384.928, 379.381, 366.15, 363.006, 366.017, 356.337, 362.322, 363.437, 346.852, 381.425, 354.439, 355.052, 355.349, 356.852, 360.114, 370.894, 356.341, 363.723, 358.393, 352.549]] 
RATE (RPS) =====================================: 34

[[354.324, 362.001, 344.025, 362.996, 373.294, 364.418, 365.314, 369.39, 355.891, 362.643, 364.976, 356.042, 358.269, 347.414, 360.479, 361.766, 350.694, 376.003, 349.552, 386.335, 366.402, 358.182, 368.237, 368.638, 348.923, 368.602, 350.045, 362.627, 344.975, 343.303, 360.226, 355.456, 352.243, 366.271]] 
RATE (RPS) =====================================: 34

[[418.757, 392.096, 387.175, 386.906, 399.334, 387.404, 387.161, 394.211, 397.039, 387.357, 385.174, 393.357, 374.256, 387.28, 384.122, 364.434, 380.86, 372.108, 369.325, 368.153, 379.103, 364.66, 356.71, 361.817, 366.33, 359.227, 373.366, 382.05, 390.455, 361.689, 361.86, 373.344, 347.789, 358.236]] 
RATE (RPS) =====================================: 34

[[369.595, 346.425, 365.553, 354.124, 364.001, 353.045, 373.736, 364.095, 364.259, 363.928, 379.576, 375.991, 355.743, 366.916, 367.737, 362.506, 360.786, 391.133, 383.815, 368.202, 359.09, 381.214, 366.326, 361.365, 371.05, 371.113, 356.064, 376.742, 393.556, 373.029, 377.227, 351.977, 357.31, 366.938]] 
RATE (RPS) =====================================: 34

[[376.227, 356.363, 367.031, 370.842, 389.579, 375.149, 383.125, 382.005, 383.876, 373.487, 380.143, 364.375, 346.651, 416.03, 351.643, 406.114, 408.277, 397.381, 391.709, 401.175, 391.517, 397.5, 383.031, 401.367, 379.137, 382.425, 395.146, 384.867, 369.166, 369.565, 366.824, 371.967, 360.601, 368.154]] 
RATE (RPS) =====================================: 34

[[348.738, 353.15, 357.001, 382.795, 370.928, 382.498, 385.574, 374.434, 384.013, 375.05, 384.003, 383.086, 376.538, 378.521, 369.366, 391.43, 368.336, 364.561, 373.911, 355.794, 363.299, 371.765, 353.658, 348.72, 360.884, 363.637, 373.399, 350.131, 371.485, 374.905, 368.134, 359.448, 361.602, 367.674]] 
RATE (RPS) =====================================: 34

[[353.559, 349.761, 368.043, 353.628, 358.797, 350.431, 349.554, 367.496, 391.893, 359.307, 369.098, 354.563, 375.087, 356.37, 366.269, 352.299, 380.408, 375.903, 375.534, 347.803, 365.165, 355.262, 357.963, 364.265, 352.241, 353.726, 374.562, 364.464, 367.258, 351.133, 358.513, 356.012, 359.795, 349.519]] 
RATE (RPS) =====================================: 34

[[400.646, 402.035, 397.939, 398.291, 387.462, 393.677, 399.01, 387.058, 389.624, 380.843, 401.422, 394.29, 375.51, 362.197, 375.492, 381.996, 370.511, 356.512, 378.478, 362.284, 364.892, 351.314, 355.824, 375.765, 380.549, 351.063, 348.66, 354.586, 882.521, 371.768, 345.172, 390.371, 355.465, 356.085, 361.051]] 
RATE (RPS) =====================================: 35

[[408.971, 394.489, 385.322, 389.616, 372.95, 384.246, 386.9, 388.337, 389.805, 370.253, 381.847, 372.902, 372.888, 378.46, 362.234, 374.361, 373.483, 362.941, 366.314, 362.872, 352.48, 364.016, 347.832, 356.192, 362.395, 353.68, 361.177, 370.686, 358.618, 366.893, 362.695, 374.377, 360.388, 361.369, 364.318]] 
RATE (RPS) =====================================: 35

[[358.665, 358.239, 346.279, 367.72, 345.431, 364.903, 369.121, 365.318, 369.223, 370.021, 364.891, 368.523, 354.357, 360.204, 358.864, 367.015, 373.431, 361.313, 373.262, 379.01, 387.641, 385.724, 1028.218, 1222.493, 385.043, 387.76, 363.994, 355.34, 360.454, 357.963, 359.652, 351.034, 356.079, 352.847, 348.868]] 
RATE (RPS) =====================================: 33

[[406.882, 414.24, 397.0, 400.216, 408.039, 402.016, 389.004, 401.468, 387.456, 384.404, 391.584, 376.847, 385.404, 395.45, 365.688, 375.715, 377.182, 370.859, 403.289, 371.773, 396.437, 371.512, 362.298, 360.802, 371.512, 369.305, 374.675, 392.567, 365.159, 365.88, 384.732, 359.055, 359.103, 362.242, 364.547]] 
RATE (RPS) =====================================: 35

[[361.56, 392.24, 359.059, 360.714, 371.858, 365.823, 374.663, 386.719, 404.165, 377.266, 365.82, 374.312, 363.222, 361.169, 360.821, 420.816, 412.524, 397.857, 425.107, 396.992, 408.641, 401.957, 401.236, 397.48, 401.409, 402.458, 400.286, 384.147, 393.509, 393.483, 375.479, 378.439, 391.878, 370.861, 1372.853]] 
RATE (RPS) =====================================: 34

[[403.656, 419.039, 398.131, 407.955, 395.852, 394.137, 393.654, 383.464, 395.616, 389.843, 375.19, 391.248, 385.467, 378.454, 382.448, 370.548, 414.234, 366.902, 367.389, 380.539, 384.253, 1247.456, 357.146, 386.449, 388.649, 368.999, 376.521, 367.824, 367.325, 365.99, 369.516, 367.044, 387.469, 368.016, 371.187]] 
RATE (RPS) =====================================: 34

[[388.233, 384.501, 385.9, 378.354, 369.469, 367.833, 357.079, 357.277, 363.949, 363.927, 369.735, 355.261, 368.392, 353.628, 360.476, 356.283, 360.29, 378.183, 352.056, 360.726, 390.159, 384.81, 353.367, 370.438, 360.225, 358.575, 369.296, 363.458, 390.058, 375.375, 377.567, 371.366, 357.739, 364.468, 365.263]] 
RATE (RPS) =====================================: 35

[[377.798, 375.773, 370.266, 369.941, 368.985, 360.841, 371.149, 356.008, 366.564, 373.492, 359.516, 374.451, 363.983, 349.386, 355.647, 344.786, 363.118, 371.21, 381.666, 366.839, 361.961, 361.515, 359.947, 370.046, 358.087, 386.729, 398.703, 371.143, 372.332, 385.875, 357.627, 371.339, 358.353, 358.616, 352.924]] 
RATE (RPS) =====================================: 35

[[390.053, 384.347, 384.056, 371.019, 406.107, 366.967, 361.475, 365.53, 385.495, 363.719, 369.592, 382.712, 369.497, 367.592, 365.986, 355.027, 371.306, 376.862, 401.161, 383.784, 367.595, 372.657, 349.734, 373.398, 361.692, 366.181, 372.779, 367.258, 353.013, 380.6, 384.424, 353.913, 349.45, 368.69, 350.502]] 
RATE (RPS) =====================================: 35

[[357.288, 360.355, 363.4, 352.682, 374.586, 363.623, 362.833, 392.844, 424.82, 385.013, 383.999, 375.862, 408.715, 401.142, 357.806, 384.533, 374.523, 371.879, 367.433, 364.689, 361.216, 403.418, 394.883, 372.19, 363.727, 370.372, 358.166, 349.263, 361.459, 379.224, 356.621, 409.85, 1097.557, 391.148, 355.823]] 
RATE (RPS) =====================================: 34

[[373.898, 368.8, 387.064, 367.121, 370.984, 362.495, 359.617, 361.706, 387.92, 390.508, 354.32, 372.707, 358.462, 348.269, 359.921, 391.861, 348.938, 350.547, 367.186, 360.776, 348.555, 352.812, 367.963, 349.375, 355.504, 380.966, 359.059, 391.041, 360.565, 388.476, 363.521, 395.954, 355.082, 364.057, 369.08, 362.47]] 
RATE (RPS) =====================================: 36

[[365.949, 361.144, 357.935, 360.573, 349.691, 357.751, 350.315, 358.817, 354.392, 350.406, 369.672, 365.336, 364.225, 358.581, 378.35, 372.127, 354.626, 365.946, 400.737, 398.676, 393.331, 387.326, 374.643, 369.86, 377.7, 366.618, 363.901, 359.602, 371.581, 357.456, 352.727, 352.581, 357.651, 367.23, 375.976, 345.329]] 
RATE (RPS) =====================================: 36

[[373.626, 366.409, 343.206, 374.602, 366.04, 356.002, 351.842, 384.401, 380.782, 369.388, 378.139, 378.779, 359.966, 358.132, 347.079, 349.118, 390.368, 378.316, 386.675, 394.387, 372.041, 377.39, 377.921, 392.933, 367.388, 368.435, 369.608, 384.06, 364.115, 377.405, 372.23, 346.016, 372.828, 360.995, 377.341, 358.935]] 
RATE (RPS) =====================================: 36

[[347.374, 374.688, 363.95, 372.039, 374.356, 358.534, 395.434, 369.679, 371.864, 372.251, 378.293, 386.691, 390.23, 371.071, 370.162, 381.483, 365.823, 378.39, 385.795, 372.359, 351.22, 368.739, 367.256, 372.169, 358.627, 366.14, 367.628, 367.073, 366.364, 364.85, 363.628, 377.715, 377.286, 359.695, 413.262, 410.71]] 
RATE (RPS) =====================================: 36

[[391.808, 414.129, 472.764, 435.214, 479.788, 497.806, 515.424, 537.353, 591.457, 555.853, 604.395, 655.119, 622.873, 703.14, 841.924, 653.719, 777.699, 800.991, 719.279, 834.19, 862.725, 1041.675, 930.819, 869.615, 885.762, 986.821, 948.987, 919.366, 1073.382, 1009.841, 1032.388, 1080.366, 1101.687, 1194.896, 1121.194, 1135.913]] 
RATE (RPS) =====================================: 27

[[413.201, 382.63, 434.909, 583.066, 458.85, 483.861, 535.957, 504.26, 636.149, 580.331, 739.234, 589.809, 768.307, 654.904, 620.715, 722.338, 663.924, 763.097, 890.621, 776.717, 850.694, 921.774, 790.557, 937.674, 879.138, 987.903, 945.917, 1017.023, 984.956, 1062.113, 1131.448, 1012.753, 1065.226, 1085.98, 1136.501, 1155.071]] 
RATE (RPS) =====================================: 28

[[375.652, 398.117, 443.725, 609.365, 410.822, 529.912, 452.012, 553.063, 452.012, 638.451, 609.609, 573.12, 744.587, 644.161, 677.622, 695.603, 754.346, 757.153, 819.22, 769.033, 827.286, 851.698, 894.639, 865.075, 980.268, 951.972, 894.165, 1055.175, 899.758, 1003.951, 1044.198, 964.963, 1140.049, 1052.792, 1065.549, 1087.199]] 
RATE (RPS) =====================================: 29

[[415.828, 489.16, 451.007, 516.297, 487.856, 559.937, 525.259, 605.131, 576.041, 641.681, 661.024, 602.844, 671.723, 746.621, 771.468, 676.682, 700.223, 775.309, 851.966, 784.304, 806.704, 885.252, 922.051, 979.019, 1048.534, 1186.294, 1234.781, 1075.134, 1118.182, 1265.461, 1298.469, 1340.598, 1534.223, 1479.501, 1377.499, 1413.52]] 
RATE (RPS) =====================================: 24

[[473.637, 422.527, 516.47, 600.998, 545.74, 644.645, 686.382, 727.574, 803.26, 762.038, 793.919, 773.879, 779.678, 768.219, 773.095, 768.762, 758.265, 758.65, 757.11, 757.165, 744.119, 738.328, 742.789, 732.77, 729.03, 733.773, 724.656, 726.616, 707.659, 705.36, 702.698, 707.84, 695.448, 685.702, 682.799, 682.785]] 
RATE (RPS) =====================================: 36

[[359.769, 352.946, 359.589, 370.797, 374.646, 362.287, 360.662, 366.921, 352.655, 361.254, 360.531, 360.61, 402.636, 351.604, 382.402, 382.068, 391.289, 384.516, 372.294, 357.715, 355.134, 348.522, 354.098, 352.672, 359.649, 356.831, 351.48, 368.203, 363.78, 351.825, 348.034, 372.661, 370.416, 373.609, 361.603, 354.335]] 
RATE (RPS) =====================================: 36

[[364.93, 360.202, 361.141, 367.982, 351.451, 345.992, 360.964, 362.494, 353.956, 373.581, 361.729, 368.678, 351.716, 357.313, 348.029, 363.86, 351.9, 359.604, 374.987, 376.668, 353.315, 369.298, 361.647, 357.932, 352.909, 348.326, 372.212, 358.815, 352.3, 371.543, 360.687, 370.046, 363.45, 367.965, 352.998, 353.327, 364.011]] 
RATE (RPS) =====================================: 37

[[344.9, 381.89, 350.247, 375.396, 367.146, 360.182, 357.616, 360.903, 358.364, 364.26, 377.617, 376.508, 362.153, 368.914, 359.636, 359.264, 374.223, 350.69, 344.52, 357.809, 366.903, 357.77, 348.822, 365.235, 389.944, 352.334, 383.094, 387.554, 364.042, 367.192, 368.487, 393.677, 394.35, 389.5, 375.601, 374.979, 365.422]] 
RATE (RPS) =====================================: 37

[[365.391, 343.616, 344.53, 353.976, 371.604, 359.229, 358.536, 371.354, 365.187, 383.476, 373.6, 373.774, 354.182, 365.472, 366.487, 352.495, 354.154, 372.272, 350.364, 349.56, 344.435, 369.385, 347.556, 382.901, 355.35, 354.866, 366.461, 353.51, 359.028, 359.544, 355.761, 400.861, 358.224, 380.709, 379.923, 367.943, 345.857]] 
RATE (RPS) =====================================: 37

[[364.65, 344.394, 376.958, 382.902, 368.104, 361.88, 353.143, 373.672, 359.053, 608.66, 374.116, 360.17, 358.522, 362.662, 350.131, 353.57, 349.719, 359.119, 371.901, 350.659, 357.228, 381.736, 358.775, 373.032, 359.738, 360.285, 360.273, 377.138, 364.37, 345.998, 371.579, 357.96, 369.625, 355.812, 376.604, 359.492, 365.671]] 
RATE (RPS) =====================================: 37

[[378.78, 378.551, 378.788, 375.94, 362.933, 366.436, 382.214, 378.634, 378.598, 376.108, 375.263, 374.036, 363.505, 364.243, 356.055, 356.772, 370.003, 345.26, 357.323, 369.663, 378.659, 375.923, 376.01, 363.249, 396.221, 384.055, 412.907, 376.987, 364.345, 356.567, 386.858, 373.808, 356.576, 399.31, 358.078, 384.503, 351.632]] 
RATE (RPS) =====================================: 37

[[382.377, 359.53, 363.638, 356.47, 360.745, 359.076, 382.122, 376.98, 368.022, 497.564, 483.687, 464.562, 483.031, 476.706, 451.065, 442.722, 455.174, 451.355, 435.915, 447.281, 424.255, 432.515, 411.86, 411.186, 393.421, 381.344, 375.384, 379.63, 378.866, 362.774, 400.317, 509.985, 497.621, 483.976, 487.421, 483.34, 471.049]] 
RATE (RPS) =====================================: 37

[[402.018, 419.905, 394.738, 392.96, 395.65, 407.902, 391.529, 399.866, 405.145, 401.494, 398.687, 401.943, 397.727, 399.623, 402.092, 408.063, 394.073, 396.638, 409.803, 422.902, 379.543, 391.625, 413.225, 399.314, 395.747, 402.546, 395.199, 397.614, 418.67, 393.142, 388.142, 382.46, 394.807, 383.27, 385.874, 384.531, 388.028]] 
RATE (RPS) =====================================: 37

[[385.527, 402.243, 419.114, 447.089, 459.086, 478.187, 518.296, 487.162, 531.514, 546.414, 614.02, 557.93, 575.085, 615.41, 655.938, 630.064, 688.248, 657.686, 735.567, 706.515, 759.704, 1505.673, 865.004, 777.363, 798.661, 818.58, 907.95, 870.579, 840.667, 906.437, 926.334, 965.407, 1003.644, 1047.148, 1017.694, 1079.395, 1048.634]] 
RATE (RPS) =====================================: 31

[[380.269, 392.952, 407.196, 422.302, 517.999, 488.346, 432.252, 520.345, 536.386, 609.814, 552.948, 568.495, 609.44, 626.224, 666.269, 635.03, 733.066, 682.074, 770.387, 738.422, 803.249, 776.263, 815.173, 878.552, 847.872, 818.956, 904.859, 920.6, 865.691, 958.435, 928.609, 1022.601, 959.552, 975.636, 1021.071, 1041.885, 1060.583]] 
RATE (RPS) =====================================: 33

[[428.172, 388.484, 524.897, 422.06, 483.155, 430.362, 454.38, 509.667, 530.403, 564.863, 534.213, 584.726, 593.745, 612.718, 676.416, 618.896, 636.583, 716.199, 669.997, 728.712, 793.722, 820.444, 747.495, 751.696, 875.792, 841.052, 809.549, 869.945, 978.657, 1041.464, 1013.893, 866.258, 909.385, 878.324, 1076.821, 1016.769, 1039.18]] 
RATE (RPS) =====================================: 32

[[384.761, 422.031, 392.457, 434.437, 450.233, 496.324, 459.383, 525.588, 495.048, 537.071, 561.885, 573.469, 589.491, 612.215, 672.607, 620.521, 639.961, 679.61, 746.412, 778.094, 796.073, 684.653, 827.845, 956.656, 794.988, 853.779, 825.73, 881.282, 962.14, 1041.127, 990.526, 1063.656, 1083.758, 1099.797, 1118.165, 1127.618, 1148.217, 1160.409]] 
RATE (RPS) =====================================: 30

[[371.85, 1410.68, 409.052, 457.967, 474.979, 425.14, 485.825, 526.527, 494.648, 538.126, 556.217, 571.395, 713.145, 581.56, 649.794, 603.032, 656.563, 697.631, 716.216, 754.161, 727.499, 793.678, 806.737, 749.512, 812.504, 843.283, 901.516, 842.818, 912.93, 852.528, 922.085, 939.952, 986.215, 949.066, 998.174, 1067.194, 1010.149, 1030.323]] 
RATE (RPS) =====================================: 34

[[367.472, 383.297, 407.126, 426.776, 486.58, 438.501, 448.259, 512.086, 490.933, 529.888, 568.272, 538.031, 599.897, 575.385, 635.2, 656.94, 699.864, 589.226, 711.205, 655.952, 715.993, 733.465, 752.56, 809.663, 765.581, 874.809, 834.096, 881.271, 919.774, 893.587, 929.57, 943.116, 988.413, 1040.14, 948.655, 989.991, 1036.958, 1054.656]] 
RATE (RPS) =====================================: 35

[[372.118, 389.72, 465.127, 405.925, 427.291, 516.139, 460.94, 477.731, 542.844, 519.724, 660.734, 628.711, 556.839, 709.175, 582.835, 647.616, 663.953, 707.71, 748.338, 725.486, 809.347, 761.585, 772.047, 816.577, 827.213, 847.82, 911.9, 889.918, 845.409, 913.096, 955.99, 921.108, 956.052, 972.929, 989.804, 1063.323, 1025.137, 996.796]] 
RATE (RPS) =====================================: 36

[[424.537, 439.306, 386.461, 450.095, 465.812, 488.194, 544.581, 574.767, 513.474, 484.822, 595.857, 567.068, 629.773, 669.282, 593.701, 882.593, 632.169, 818.592, 768.275, 719.194, 667.542, 873.068, 913.789, 885.75, 962.296, 918.733, 1005.201, 967.85, 1006.325, 1048.017, 1015.883, 1098.431, 1136.099, 1177.574, 1038.58, 1187.541, 1207.377, 1218.571]] 
RATE (RPS) =====================================: 27

[[367.963, 437.151, 385.66, 471.806, 444.387, 462.315, 498.027, 463.173, 527.555, 495.752, 570.024, 537.562, 581.862, 648.024, 618.101, 587.042, 647.03, 709.944, 660.771, 839.292, 733.007, 801.671, 765.604, 842.86, 924.724, 895.238, 865.268, 835.002, 939.232, 988.68, 961.711, 1025.019, 991.495, 1030.87, 1097.047, 1115.958, 1036.129, 1052.041]] 
RATE (RPS) =====================================: 32

[[379.855, 399.373, 459.517, 491.985, 508.785, 597.229, 539.783, 514.19, 551.765, 616.132, 593.493, 652.272, 628.162, 709.756, 676.331, 648.134, 758.238, 729.071, 703.962, 789.313, 760.873, 824.367, 794.085, 834.186, 904.566, 849.066, 861.798, 965.093, 917.625, 928.021, 960.311, 976.674, 1049.82, 985.847, 1007.379, 1053.629, 1073.6779999999999, 1100.887]] 
RATE (RPS) =====================================: 33

[[389.256, 401.366, 445.47, 416.96, 454.947, 471.427, 560.56, 485.994, 520.366, 488.484, 551.115, 593.328, 563.036, 600.382, 666.889, 617.029, 676.293, 695.604, 616.037, 708.86, 729.808, 760.117, 798.546, 813.296, 760.461, 826.949, 1002.83, 845.252, 859.123, 898.339, 922.6, 984.886, 930.289, 1040.853, 985.935, 1001.093, 1040.792, 1058.356]] 
RATE (RPS) =====================================: 33

[[388.769, 406.248, 517.899, 678.494, 403.967, 445.041, 526.569, 562.002, 595.927, 664.886, 702.4, 793.117, 739.319, 708.069, 751.175, 791.809, 871.482, 845.489, 807.896, 925.217, 862.943, 885.102, 927.998, 946.013, 1137.846, 1031.031, 971.993, 944.233, 1028.531, 974.763, 1113.878, 1035.44, 1048.433, 1111.986, 1133.729, 1169.522, 1142.147, 1175.596]] 
RATE (RPS) =====================================: 27

[[410.452, 368.652, 465.172, 491.063, 402.774, 496.012, 512.079, 554.917, 529.213, 563.807, 580.616, 595.493, 758.847, 607.594, 630.528, 690.004, 641.845, 652.81, 690.673, 735.694, 753.852, 772.443, 809.368, 777.577, 841.994, 816.273, 854.813, 972.769, 863.052, 885.624, 922.213, 899.732, 981.972, 1009.039, 940.285, 1017.403, 1094.376, 1049.495]] 
RATE (RPS) =====================================: 34

[[375.67, 427.11, 409.809, 430.46, 447.976, 510.493, 458.166, 510.599, 529.369, 588.221, 531.939, 541.59, 625.832, 566.191, 588.177, 676.643, 647.83, 613.591, 672.314, 748.548, 683.159, 697.104, 727.127, 744.414]] 
RATE (RPS) =====================================: 39

[[381.072, 423.311, 392.148, 426.029, 440.543, 438.698, 467.305, 435.429, 476.263, 564.167, 483.558, 447.454, 490.065, 536.25, 552.267, 573.728, 606.828, 569.626, 630.324, 582.089, 648.44, 677.635, 691.083, 707.096]] 
RATE (RPS) =====================================: 39

[[383.876, 425.772, 384.591, 412.069, 434.573, 468.591, 431.882, 465.015, 466.596, 477.513, 494.573, 455.751, 493.464, 498.17, 464.42, 508.379, 553.283, 509.422]] 
RATE (RPS) =====================================: 39

[[388.722, 406.776, 416.069, 437.256, 458.196, 469.092, 491.804, 546.749, 521.841, 496.049, 554.8, 580.894, 545.347, 573.364, 590.064, 559.89, 601.964, 659.472, 615.327, 647.056, 662.673, 679.165, 733.871, 688.341, 712.49, 723.388]] 
RATE (RPS) =====================================: 39

[[412.677, 370.0, 437.163, 398.834, 440.619, 459.94, 477.21, 480.512, 497.815, 514.364, 438.182, 496.203, 501.84, 514.029, 517.785, 529.347, 530.17, 544.898, 562.295, 563.411]] 
RATE (RPS) =====================================: 39

[[384.616, 421.859, 456.418, 503.41, 539.255, 554.787, 583.933, 700.792, 583.538, 616.453, 585.844, 624.017, 682.387, 652.003, 734.897, 691.464, 736.361, 753.074, 771.478, 775.029, 789.139, 809.631, 817.868]] 
RATE (RPS) =====================================: 39

[[392.211, 410.567, 408.485, 396.967, 406.187, 418.618, 430.923, 498.475, 443.07, 461.998, 449.743, 454.944, 449.929, 457.679, 470.448, 480.976, 492.783]] 
RATE (RPS) =====================================: 39

[[427.481, 391.721, 434.113, 453.161, 452.177, 451.98, 483.829, 452.425, 455.454, 470.921, 477.346, 557.458, 500.594, 460.703, 498.242, 531.816, 567.33, 538.898, 568.227, 574.158]] 
RATE (RPS) =====================================: 39

[[384.087, 423.043, 442.176, 499.995, 438.448, 442.247, 492.418, 568.774, 520.667, 657.313, 590.874, 677.21, 754.747, 703.538, 777.507, 813.204, 891.617, 840.123, 923.979, 981.287, 1062.922, 924.838, 1008.456, 1132.802, 1066.464, 1177.233, 1312.042, 1248.004]] 
RATE (RPS) =====================================: 32

[[396.984, 468.246, 424.051, 541.021, 487.628, 520.53, 564.981, 558.662, 441.393, 398.181, 394.908, 377.019, 371.103]] 
RATE (RPS) =====================================: 39

[[419.994, 417.678, 402.626, 397.359, 390.859, 383.903, 392.723, 366.498, 362.06, 372.008, 350.883, 359.943, 364.956, 370.276, 378.116, 361.149, 348.37, 371.006, 381.967, 369.257]] 
RATE (RPS) =====================================: 40

[[416.181, 406.912, 382.115, 363.321, 374.134, 383.494, 345.896, 369.751, 358.464, 368.068, 354.894, 352.298, 351.857, 367.347, 381.06, 351.208, 365.661, 360.258]] 
RATE (RPS) =====================================: 40

[[361.53, 384.131, 370.371, 367.147, 372.721, 363.042, 362.607, 369.091, 360.31, 362.05, 1382.789, 1356.393, 389.996, 377.781, 383.609, 368.105, 366.78, 344.746, 348.109]] 
RATE (RPS) =====================================: 38

[[387.598, 371.604, 385.731, 367.611, 366.205, 351.238, 369.354, 369.311, 352.03, 365.895, 402.095, 374.593, 373.952, 363.107, 348.365, 348.5, 352.87, 375.137, 347.6]] 
RATE (RPS) =====================================: 40

[[381.184, 366.912, 372.841, 361.663, 391.916, 374.584, 394.358, 384.707, 377.929, 365.347, 356.616, 353.319, 369.217, 372.521, 367.285, 351.0, 345.6, 343.889, 362.11, 349.663, 357.089, 384.744]] 
RATE (RPS) =====================================: 40

[[370.889, 357.399, 347.936, 371.743, 344.996, 357.188, 379.162, 368.916, 359.947, 353.712, 362.445, 355.845, 382.774, 364.424, 358.434, 349.801, 345.555, 369.302, 362.636]] 
RATE (RPS) =====================================: 40

[[368.971, 353.723, 372.055, 379.899, 352.613, 372.786, 360.659, 360.864, 350.624, 343.334, 351.467, 377.782, 349.261, 346.53, 568.825, 349.248, 350.296, 357.631, 370.389, 355.54, 345.424, 346.529]] 
RATE (RPS) =====================================: 40

[[443.036, 434.027, 440.495, 428.526, 418.517, 410.385, 390.014, 364.477, 373.859, 356.933, 353.635, 386.985, 354.296, 389.081, 357.995, 350.657]] 
RATE (RPS) =====================================: 40

[[361.314, 360.399, 347.086, 382.957, 391.049, 354.887, 346.771, 372.397, 359.357, 368.25, 359.863, 358.222, 358.478, 361.249, 371.858, 350.659, 347.094, 348.832, 376.803, 344.444]] 
RATE (RPS) =====================================: 40

[[347.114, 396.047, 378.95, 394.45, 357.207, 355.132, 350.649, 362.13, 352.024, 375.361, 374.68, 355.77, 350.268, 367.227, 382.069, 366.099, 353.633, 365.536, 349.536]] 
RATE (RPS) =====================================: 40

[[376.447, 365.46, 358.004, 354.627, 359.532, 369.528, 367.503, 354.14, 356.38, 360.608, 379.26, 366.811, 398.458, 387.984, 381.794, 366.369, 364.631, 356.258, 359.147, 366.201, 379.337, 391.571, 357.433]] 
RATE (RPS) =====================================: 45

[[445.721, 427.927, 408.187, 388.675, 441.143, 410.22, 406.032, 1370.613, 1372.866, 380.415, 361.423, 351.366, 424.406, 410.485, 382.867, 382.928, 363.574, 361.507, 354.879, 368.373]] 
RATE (RPS) =====================================: 43

[[361.176, 354.143, 354.439, 364.582, 351.043, 377.377, 351.134, 368.659, 370.555, 354.729, 356.72, 353.29, 342.637, 351.767, 355.085, 350.993, 360.641, 361.271, 346.511, 356.098]] 
RATE (RPS) =====================================: 45

[[429.101, 408.882, 402.779, 402.431, 355.838, 384.529, 371.602, 368.271, 372.74, 362.071, 359.883, 372.849, 365.344, 397.078, 365.229, 361.923, 352.589, 358.933, 360.211, 371.385, 352.248]] 
RATE (RPS) =====================================: 45

[[367.696, 371.884, 400.684, 393.468, 376.966, 383.369, 370.209, 381.763, 1272.749, 359.68, 370.669, 372.928, 358.223, 357.959, 347.668, 360.875, 371.828, 385.659, 361.512, 1373.21, 1359.846, 358.635]] 
RATE (RPS) =====================================: 42

[[367.826, 361.765, 432.802, 424.135, 410.125, 409.836, 381.751, 366.904, 385.198, 379.969, 365.237, 411.611, 363.168, 358.783, 363.803, 359.577, 355.713, 403.064]] 
RATE (RPS) =====================================: 45

[[365.088, 360.025, 356.495, 376.915, 352.559, 369.936, 375.071, 359.77, 357.168, 373.587, 364.929, 371.072, 377.107, 371.06, 345.769, 352.952, 348.15, 342.92, 358.492, 362.653, 372.431, 347.538]] 
RATE (RPS) =====================================: 45

[[356.97, 384.691, 376.331, 371.965, 381.06, 366.38, 390.625, 563.478, 373.638, 379.052, 361.045, 371.311, 360.148, 352.726, 354.7, 373.384, 373.253]] 
RATE (RPS) =====================================: 45

[[380.304, 356.596, 363.762, 385.248, 366.655, 381.397, 357.553, 369.574, 362.629, 370.803, 373.913, 346.929, 394.644, 375.463, 361.181, 394.812, 367.339, 367.568, 398.738, 379.287, 362.023, 390.476, 568.348, 361.356, 370.598, 377.244, 363.567]] 
RATE (RPS) =====================================: 45

[[473.175, 450.785, 453.123, 478.038, 450.746, 457.852, 1855.316, 429.277, 944.898, 1443.894, 1139.214, 773.725, 1555.06, 1379.2069999999999, 622.847, 1866.652, 424.205, 373.413, 399.874, 391.102, 388.435, 1384.313]] 
RATE (RPS) =====================================: 38

[[363.283, 361.78, 372.03, 365.252, 369.142, 383.857, 375.721, 379.505, 5389.829, 400.65, 388.337, 380.647, 361.697, 358.082, 362.794, 365.755, 349.626, 573.754, 1732.024, 379.883, 353.563, 356.76]] 
RATE (RPS) =====================================: 48

[[440.111, 453.374, 635.677, 569.725, 500.33, 728.018, 653.709, 771.428, 814.692, 894.491, 811.057, 925.171, 1043.494, 972.002, 1079.445, 1130.835, 1154.642, 1177.031, 1232.396, 1279.583, 1326.674, 1378.569]] 
RATE (RPS) =====================================: 41

[[427.933, 535.605, 462.452, 583.573, 606.241, 662.46, 785.112, 841.421, 700.515, 865.274, 988.814, 910.635, 1023.692, 1039.108, 1093.376, 1136.2359999999999, 1844.688, 1173.831, 1314.217, 1226.687, 1354.429, 1424.2, 1561.194, 1609.571, 1462.556, 1660.687]] 
RATE (RPS) =====================================: 36

[[1072.79, 980.029, 976.382, 973.818, 964.815, 1024.606, 1009.496, 996.357, 993.146, 968.343, 962.472, 952.656, 939.816, 939.351, 1375.5, 937.922, 912.266, 911.705, 887.217, 857.676, 871.493, 855.974, 849.802, 814.64, 778.451, 767.519]] 
RATE (RPS) =====================================: 46

[[357.603, 1444.973, 362.442, 390.379, 362.496, 358.968, 366.701, 356.125, 346.476, 384.665, 361.493, 369.747, 360.497, 357.345, 402.305, 357.688, 368.831, 360.536, 348.989, 378.109, 1081.642, 365.106, 369.653]] 
RATE (RPS) =====================================: 48

[[386.672, 355.54, 372.043, 378.393, 365.093, 369.371, 370.923, 395.629, 371.498, 402.295, 363.661, 370.335, 357.731, 373.283, 400.582, 376.04, 347.347, 354.57, 356.996]] 
RATE (RPS) =====================================: 50

[[364.989, 375.245, 386.348, 403.164, 360.104, 373.604, 401.36, 381.746, 393.589, 382.456, 365.399, 394.397, 354.023, 364.262, 381.986, 392.588, 371.401, 381.655, 354.107, 373.977, 355.398, 362.468, 359.109, 359.457]] 
RATE (RPS) =====================================: 50

[[378.364, 386.197, 364.494, 361.288, 369.808, 364.229, 348.829, 368.448, 458.018, 434.457, 415.145, 407.739, 377.403, 362.655, 347.833, 359.972, 357.715, 365.725, 345.56, 354.764, 352.283]] 
RATE (RPS) =====================================: 50

[[358.876, 350.535, 374.817, 397.268, 1053.911, 362.934, 379.836, 351.626, 386.465, 363.376, 365.502, 362.912, 363.671, 367.918, 360.13, 366.491, 370.413, 366.699, 372.325, 350.433, 355.722, 365.404, 353.228]] 
RATE (RPS) =====================================: 49

[[412.877, 468.79, 520.216, 642.96, 567.858, 674.36, 703.883, 773.756, 705.853, 931.955, 809.344, 850.458, 994.125, 932.58, 1037.581, 1085.281, 1190.203, 1118.194, 1250.35, 1177.677]] 
RATE (RPS) =====================================: 44

[[418.666, 451.94, 493.968, 650.214, 530.4, 590.245, 603.357, 659.195, 710.317, 817.271, 753.196, 852.995, 951.379, 896.082, 978.892, 1020.332, 1452.937, 1042.395]] 
RATE (RPS) =====================================: 52

[[431.078, 478.405, 541.366, 475.142, 576.296, 588.125, 695.486, 606.774, 655.602, 751.838, 687.758, 797.591, 800.253, 828.438, 879.328, 936.04, 981.582]] 
RATE (RPS) =====================================: 55

[[435.375, 482.548, 595.172, 503.584, 593.944, 644.243, 678.599, 717.659, 742.385, 857.205, 766.908, 1023.819, 867.864, 935.344, 1043.02, 1081.429, 1155.7, 1085.861, 1240.791, 1167.081]] 
RATE (RPS) =====================================: 48

[[485.664, 415.093, 508.682, 600.188, 525.55, 628.889, 745.103, 843.536, 784.232, 875.186, 978.8, 910.294, 1000.833, 1057.727, 1091.598, 1116.965, 1223.179, 1155.415, 1295.914, 1326.649, 1385.116, 1406.129, 1450.777, 1506.356]] 
RATE (RPS) =====================================: 43

[[478.385, 610.844, 511.084, 550.172, 670.142, 652.208, 707.78, 762.23, 810.096, 853.637, 898.761, 939.753, 994.893, 1038.098, 1043.69, 1153.194, 1075.051, 1166.951, 1203.398, 1334.368, 1257.8890000000001, 1365.349, 1420.334, 1460.291]] 
RATE (RPS) =====================================: 44

[[420.104, 459.669, 522.969, 511.002, 557.993, 603.206, 527.735, 641.565, 687.522, 804.27, 675.548, 720.193, 826.889, 851.413]] 
RATE (RPS) =====================================: 55

[[416.078, 537.505, 443.458, 557.825, 602.101, 649.38, 662.353, 700.155, 755.853, 812.044, 863.109, 974.079, 903.437, 1015.658, 1124.691, 1065.533, 1162.276, 1199.635, 1295.387, 1219.606, 1309.665, 1348.501, 1391.835, 1412.445, 1461.585, 1518.22]] 
RATE (RPS) =====================================: 42

[[1100.378, 489.667, 864.03, 535.145, 655.441, 932.491, 1122.504, 997.932, 1499.359, 1215.842, 1352.364, 1612.83, 2227.471, 1389.627, 1494.564, 1643.621, 1565.357, 1683.481, 1702.452, 1738.913]] 
RATE (RPS) =====================================: 41

[[435.917, 498.835, 545.135, 552.497, 590.525, 639.122, 690.154, 837.731, 714.849, 958.798, 894.116, 819.577, 979.065, 1030.767, 1060.1]] 
RATE (RPS) =====================================: 53

[[417.97, 413.889, 458.476, 506.366, 623.495, 540.085, 635.892, 651.811, 658.414, 643.048, 751.874, 681.806, 797.513, 895.964]] 
RATE (RPS) =====================================: 55

[[485.288, 596.366, 703.478, 796.226, 852.492, 854.38, 901.204, 944.613, 1004.015, 1008.25, 1015.018, 940.851, 1061.129, 979.681, 1085.288]] 
RATE (RPS) =====================================: 55

[[512.017, 643.243, 743.545, 822.136, 1104.532, 991.271, 1159.492, 1316.202, 1168.372, 1379.674, 1472.534, 1577.662, 610.307, 610.163, 612.461, 595.401]] 
RATE (RPS) =====================================: 53

[[392.268, 363.378, 492.056, 593.034, 2207.15, 793.388, 429.655, 411.119, 421.872, 395.286, 820.127, 926.198, 1027.313, 1134.685, 358.996, 393.708, 1220.261, 433.028, 1450.63, 1273.5810000000001, 1422.034, 367.828, 390.413, 437.521, 1475.655, 398.955, 419.614, 381.674, 356.17, 374.305]] 
RATE (RPS) =====================================: 52

[[476.737, 461.012, 456.247, 435.402, 426.683, 500.275, 601.631, 703.412, 939.612, 371.336, 379.801, 802.786, 1158.596, 1021.234, 366.253, 366.106, 373.087, 1209.455, 348.81, 351.413, 1382.449, 1235.181, 350.554, 360.584, 1471.748, 356.864, 353.342, 1416.663, 361.049]] 
RATE (RPS) =====================================: 53

[[464.023, 457.657, 375.964, 378.116, 931.669, 388.398, 379.615, 377.005, 361.633, 1273.84, 360.757, 1227.027, 1948.091, 376.288, 383.168, 1499.338, 375.941, 395.597, 392.538, 374.979, 378.969, 376.841, 970.16, 374.12, 1730.028, 1372.222, 438.152]] 
RATE (RPS) =====================================: 54

[[403.378, 356.366, 406.938, 391.97, 358.006, 369.213, 383.808, 383.946, 365.585, 391.529, 399.71, 360.735, 387.367, 369.813, 1389.526, 365.254, 372.428, 917.714, 1784.623, 349.64, 356.256, 360.595, 388.888, 371.071, 360.103, 375.089, 359.101, 378.105, 364.094]] 
RATE (RPS) =====================================: 58

[[364.539, 2338.285, 375.96, 378.54, 397.529, 380.444, 2232.671, 2217.55, 365.779, 363.495, 374.429, 380.54, 363.002, 375.308, 2084.924, 2094.574, 362.339, 2070.05, 2060.15, 350.406, 2441.022, 2781.247, 360.634, 370.23, 376.847, 2708.442, 383.887, 362.803]] 
RATE (RPS) =====================================: 50

[[359.388, 398.48, 368.848, 356.348, 367.633, 367.071, 500.103, 496.314, 358.784, 478.533, 423.754, 367.548, 1499.358, 376.004, 402.436, 1106.488, 1471.451, 372.069, 391.914, 770.795, 1266.069, 375.316, 1683.063, 377.602, 386.942, 372.698, 388.5, 373.959, 365.649]] 
RATE (RPS) =====================================: 55

[[363.127, 381.513, 374.462, 383.448, 360.353, 372.941, 368.093, 366.836, 372.072, 371.456, 390.949, 385.063, 389.243, 360.826, 367.89, 357.849, 355.581, 354.943, 368.784, 360.89, 366.74, 358.555, 373.622, 370.831, 368.457, 363.397, 378.723, 384.739, 373.731, 388.168, 385.139, 355.642]] 
RATE (RPS) =====================================: 60

[[380.02, 369.142, 410.415, 373.134, 365.481, 381.07, 383.494, 376.253, 1545.5729999999999, 379.92, 376.821, 1790.757, 781.87, 1882.699, 367.049, 349.351, 402.523, 393.771, 355.607, 372.065, 457.334, 1423.002, 435.083, 443.712, 389.413, 418.504, 389.921, 371.593, 368.352, 380.191]] 
RATE (RPS) =====================================: 56

[[394.142, 373.134, 374.883, 375.88, 387.919, 493.074, 376.124, 443.693, 372.991, 430.121, 368.421, 384.767, 383.69, 387.171, 360.247, 368.481, 371.802, 381.41, 1384.5230000000001, 937.363, 392.161, 393.836, 1104.27, 1730.6480000000001, 1215.296, 408.645, 378.946, 2874.615, 1867.6390000000001, 362.479, 351.404]] 
RATE (RPS) =====================================: 59

[[364.408, 363.541, 1382.355, 393.289, 393.515, 410.4, 378.929, 1363.8310000000001, 404.054, 387.112, 390.614, 375.842, 388.968, 371.752, 369.916, 378.674, 367.964, 434.267, 404.628, 394.039, 386.177, 366.25, 361.005, 363.545, 366.673, 356.689, 389.387, 360.137, 392.097]] 
RATE (RPS) =====================================: 63

[[363.516, 365.659, 375.553, 445.475, 359.874, 404.94, 387.482, 396.796, 392.766, 375.431, 390.03, 398.583, 370.532, 391.086, 376.256, 364.878, 380.254, 367.55, 375.498, 363.733, 354.398, 396.127, 1868.962, 365.238, 364.417, 914.656, 399.244, 365.294, 1772.307, 391.576, 397.841]] 
RATE (RPS) =====================================: 63

[[489.429, 498.535, 382.781, 386.661, 462.159, 474.379, 468.329, 369.685, 381.08, 392.341, 1880.6480000000001, 1869.9560000000001, 379.078, 1130.212, 404.887, 1662.48, 1765.917, 380.721, 363.246, 356.716, 400.326, 383.903, 1382.4470000000001, 1355.108, 423.478, 378.378, 354.905, 350.482, 392.369, 362.002, 375.21, 361.004]] 
RATE (RPS) =====================================: 58

[[355.835, 358.518, 539.049, 387.002, 538.225, 357.624, 375.956, 493.856, 504.673, 501.436, 357.475, 364.654, 458.259, 367.053, 1120.216, 1440.667, 369.432, 361.082, 1064.976, 1079.189, 939.535, 1396.036, 373.654, 380.961, 421.456, 390.289, 385.894, 399.534, 382.432, 1443.623, 380.999, 1434.923, 363.423, 1390.078]] 
RATE (RPS) =====================================: 57

[[352.605, 384.464, 384.712, 368.311, 563.402, 398.227, 368.281, 378.581, 374.718, 380.643, 395.235, 377.04, 371.91, 373.845, 389.099, 360.766, 383.054, 351.198, 357.142, 378.095, 353.389, 355.139, 364.329, 391.751]] 
RATE (RPS) =====================================: 65

[[389.469, 379.826, 381.928, 381.114, 381.644, 365.81, 367.762, 360.145, 397.532, 396.487, 394.641, 392.733, 377.761, 373.575, 351.476, 585.563, 367.925, 367.696, 367.738, 373.228, 362.007, 572.383, 366.035]] 
RATE (RPS) =====================================: 65

[[394.526, 365.331, 366.639, 392.583, 377.163, 362.33, 1399.417, 1859.58, 381.578, 432.381, 402.839, 391.745, 382.588, 372.421, 356.165, 361.01, 357.334, 415.455, 384.387, 385.655, 382.166, 369.992, 373.394, 376.937, 356.418, 348.649, 367.68]] 
RATE (RPS) =====================================: 63

[[365.281, 421.834, 408.743, 416.556, 396.658, 411.457, 427.728, 424.139, 377.981, 371.295, 387.021, 379.215, 359.268, 366.52, 375.552, 370.396, 353.666, 347.046, 393.942, 373.224, 380.618, 359.754, 350.531]] 
RATE (RPS) =====================================: 65

[[373.124, 395.89, 393.884, 362.205, 367.931, 388.815, 372.319, 357.564, 357.416, 367.515, 366.632, 349.061, 349.457, 360.445, 358.879, 349.342, 349.229, 357.415, 374.213, 362.262, 344.933, 359.108, 349.843]] 
RATE (RPS) =====================================: 65

average response time [0]400.758
average response time [1]343.018
average response time [2]348.55
average response time [3]397.332
average response time [4]345.978
average response time [5]346.54
average response time [6]351.763
average response time [7]382.831
average response time [8]350.329
average response time [9]344.162
TOTAL AVERAGE RESPONSE TIME ====================: 361.1261
NUMBER OF THREADS ==============================: 1
TOTAL AVERAGE RATE (RPS) =====================================: 1.0
average response time [10]364.25350000000003
average response time [11]390.9445
average response time [12]363.48299999999995
average response time [13]347.57550000000003
average response time [14]394.538
average response time [15]360.548
average response time [16]350.2265
average response time [17]351.8145
average response time [18]392.5375
average response time [19]350.1875
TOTAL AVERAGE RESPONSE TIME ====================: 366.6108499999999
NUMBER OF THREADS ==============================: 2
TOTAL AVERAGE RATE (RPS) =====================================: 2.0
average response time [20]359.17949999999996
average response time [21]352.5855
average response time [22]402.46999999999997
average response time [23]351.00025
average response time [24]358.7305
average response time [25]459.66175
average response time [26]377.84675
average response time [27]359.5905
average response time [28]381.47625
average response time [29]348.24975
TOTAL AVERAGE RESPONSE TIME ====================: 375.079075
NUMBER OF THREADS ==============================: 4
TOTAL AVERAGE RATE (RPS) =====================================: 4.0
average response time [30]354.83125
average response time [31]356.775625
average response time [32]435.711625
average response time [33]360.15075
average response time [34]352.074625
average response time [35]420.788625
average response time [36]369.954
average response time [37]357.8235
average response time [38]391.059125
average response time [39]371.819875
TOTAL AVERAGE RESPONSE TIME ====================: 377.09890000000007
NUMBER OF THREADS ==============================: 8
TOTAL AVERAGE RATE (RPS) =====================================: 8.0
average response time [40]375.457
average response time [41]414.034625
average response time [42]377.9830625
average response time [43]413.3699375
average response time [44]444.5059375
average response time [45]393.1504375
average response time [46]362.4201875
average response time [47]360.1353125
average response time [48]384.623
average response time [49]361.0169375
TOTAL AVERAGE RESPONSE TIME ====================: 388.66964375000003
NUMBER OF THREADS ==============================: 16
TOTAL AVERAGE RATE (RPS) =====================================: 15.9
average response time [50]378.4505
average response time [51]374.85515625
average response time [52]364.9953125
average response time [53]414.9679375
average response time [54]383.862625
average response time [55]360.7103125
average response time [56]377.073
average response time [57]385.37737500000003
average response time [58]361.71109375
average response time [59]384.165
TOTAL AVERAGE RESPONSE TIME ====================: 378.61683125
NUMBER OF THREADS ==============================: 32
TOTAL AVERAGE RATE (RPS) =====================================: 31.9
average response time [60]364.42766666666665
average response time [61]394.034
average response time [62]364.6653636363636
average response time [63]370.10066666666665
average response time [64]367.977696969697
average response time [65]381.6070606060606
average response time [66]406.35263636363635
average response time [67]358.12548484848486
average response time [68]423.3186666666667
average response time [69]368.8338787878788
TOTAL AVERAGE RESPONSE TIME ====================: 379.94431212121214
NUMBER OF THREADS ==============================: 33
TOTAL AVERAGE RATE (RPS) =====================================: 32.9
average response time [70]388.8510882352941
average response time [71]366.44976470588233
average response time [72]368.6565882352941
average response time [73]377.54482352941176
average response time [74]359.99870588235297
average response time [75]378.03367647058826
average response time [76]367.4755
average response time [77]380.66026470588235
average response time [78]369.0725882352941
average response time [79]361.3435588235294
TOTAL AVERAGE RESPONSE TIME ====================: 371.8086558823529
NUMBER OF THREADS ==============================: 34
TOTAL AVERAGE RATE (RPS) =====================================: 34.0
average response time [80]389.72465714285715
average response time [81]371.3230571428571
average response time [82]407.9685714285714
average response time [83]381.83834285714283
average response time [84]414.4806571428571
average response time [85]407.646
average response time [86]368.10617142857143
average response time [87]367.0461714285714
average response time [88]371.2620857142857
average response time [89]395.79834285714287
TOTAL AVERAGE RESPONSE TIME ====================: 387.5194057142857
NUMBER OF THREADS ==============================: 35
TOTAL AVERAGE RATE (RPS) =====================================: 34.5
average response time [90]366.8772222222222
average response time [91]365.7989166666667
average response time [92]370.1916111111111
average response time [93]373.1341111111111
average response time [94]786.1211666666667
average response time [95]782.4335555555556
average response time [96]763.5089444444444
average response time [97]874.32175
average response time [98]703.177361111111
average response time [99]364.1678611111111
TOTAL AVERAGE RESPONSE TIME ====================: 574.9732499999999
NUMBER OF THREADS ==============================: 36
TOTAL AVERAGE RATE (RPS) =====================================: 32.4
average response time [100]360.75562162162163
average response time [101]367.4903783783784
average response time [102]362.47494594594593
average response time [103]369.71083783783786
average response time [104]372.56197297297297
average response time [105]423.86394594594594
average response time [106]398.28364864864864
average response time [107]736.4856486486486
average response time [108]726.7514324324325
average response time [109]714.5701081081081
TOTAL AVERAGE RESPONSE TIME ====================: 483.29485405405404
NUMBER OF THREADS ==============================: 37
TOTAL AVERAGE RATE (RPS) =====================================: 35.5
average response time [110]749.6846578947368
average response time [111]743.175552631579
average response time [112]706.1365263157895
average response time [113]723.2896578947368
average response time [114]788.8731578947369
average response time [115]733.0262368421053
average response time [116]757.7697631578948
average response time [117]715.3402105263158
average response time [118]835.9726052631579
average response time [119]727.3822368421053
TOTAL AVERAGE RESPONSE TIME ====================: 748.0650605263157
NUMBER OF THREADS ==============================: 38
TOTAL AVERAGE RATE (RPS) =====================================: 32.1
average response time [120]573.0138333333333
average response time [121]526.7253333333333
average response time [122]462.66333333333336
average response time [123]567.7176923076923
average response time [124]484.36469999999997
average response time [125]642.0979565217391
average response time [126]442.5884117647059
average response time [127]487.4017
average response time [128]777.0005357142857
average response time [129]457.28515384615383
TOTAL AVERAGE RESPONSE TIME ====================: 542.0858650154577
NUMBER OF THREADS ==============================: 39
TOTAL AVERAGE RATE (RPS) =====================================: 38.3
average response time [130]378.08155
average response time [131]369.60661111111114
average response time [132]473.22673684210525
average response time [133]366.98926315789475
average response time [134]367.477
average response time [135]361.216
average response time [136]367.475
average response time [137]390.807375
average response time [138]361.09845
average response time [139]364.9411578947368
TOTAL AVERAGE RESPONSE TIME ====================: 380.0919144005848
NUMBER OF THREADS ==============================: 40
TOTAL AVERAGE RATE (RPS) =====================================: 39.8
average response time [140]368.58621739130433
average response time [141]490.68035000000003
average response time [142]357.1425
average response time [143]375.043619047619
average response time [144]502.6127272727273
average response time [145]383.4037222222222
average response time [146]361.89486363636365
average response time [147]381.8092352941176
average response time [148]379.5558148148148
average response time [149]824.3250454545455
TOTAL AVERAGE RESPONSE TIME ====================: 442.5054095133713
NUMBER OF THREADS ==============================: 45
TOTAL AVERAGE RATE (RPS) =====================================: 43.8
average response time [150]669.2714090909091
average response time [151]907.8388181818182
average response time [152]1049.7887307692308
average response time [153]945.1631538461538
average response time [154]444.0334347826087
average response time [155]372.0001052631579
average response time [156]374.7013333333333
average response time [157]375.28219047619046
average response time [158]395.6735652173913
average response time [159]842.41505
TOTAL AVERAGE RESPONSE TIME ====================: 637.6167790960793
NUMBER OF THREADS ==============================: 50
TOTAL AVERAGE RATE (RPS) =====================================: 46.2
average response time [160]770.7656111111111
average response time [161]688.8883529411764
average response time [162]830.92655
average response time [163]971.578125
average response time [164]956.60825
average response time [165]629.2912857142858
average response time [166]977.0159230769231
average response time [167]1291.17345
average response time [168]749.8125333333334
average response time [169]619.7573571428571
TOTAL AVERAGE RESPONSE TIME ====================: 848.5817438319688
NUMBER OF THREADS ==============================: 55
TOTAL AVERAGE RATE (RPS) =====================================: 48.8
average response time [170]881.8852666666667
average response time [171]957.43825
average response time [172]718.7300666666666
average response time [173]656.4938620689655
average response time [174]680.079111111111
average response time [175]476.58106896551726
average response time [176]1061.2723571428571
average response time [177]580.1074827586207
average response time [178]371.06446875
average response time [179]570.4706666666667
TOTAL AVERAGE RESPONSE TIME ====================: 695.4122600797072
NUMBER OF THREADS ==============================: 60
TOTAL AVERAGE RATE (RPS) =====================================: 54.6
average response time [180]659.025
average response time [181]450.34682758620687
average response time [182]491.4823225806452
average response time [183]656.839125
average response time [184]631.7062941176471
average response time [185]381.49733333333336
average response time [186]393.67295652173914
average response time [187]470.9764074074074
average response time [188]383.40978260869565
average response time [189]363.8035652173913
TOTAL AVERAGE RESPONSE TIME ====================: 488.2759614373066
NUMBER OF THREADS ==============================: 65
TOTAL AVERAGE RATE (RPS) =====================================: 62.3
average response time sent to Stackdriver [0]459.66175
average response time sent to Stackdriver [1]362.4201875
average response time sent to Stackdriver [2]370.10066666666665
average response time sent to Stackdriver [3]369.0725882352941
average response time sent to Stackdriver [4]395.79834285714287
average response time sent to Stackdriver [5]360.75562162162163
average response time sent to Stackdriver [6]749.6846578947368
average response time sent to Stackdriver [7]715.3402105263158
average response time sent to Stackdriver [8]487.4017
average response time sent to Stackdriver [9]368.58621739130433
average response time sent to Stackdriver [10]824.3250454545455
average response time sent to Stackdriver [11]372.0001052631579
average response time sent to Stackdriver [12]830.92655
average response time sent to Stackdriver [13]749.8125333333334
average response time sent to Stackdriver [14]680.079111111111
average response time sent to Stackdriver [15]570.4706666666667
average response time sent to Stackdriver [16]656.839125
NUMBER OF THREADS: [1, 2, 4, 8, 16, 32, 33, 34, 35, 36, 37, 38, 39, 40, 45, 50, 55, 60, 65]
WORKLOAD: HFU_LV AND HFU_HV;  
TOTAL EXECUTION TIME (Concurrent Parallel Requests): 183437.468
TOTAL NUMBER OF REPLICAS USED: 5

