[[384.559]] 
RATE (RPS) =====================================: 1

[[334.748]] 
RATE (RPS) =====================================: 1

[[333.316]] 
RATE (RPS) =====================================: 1

[[374.665]] 
RATE (RPS) =====================================: 1

[[332.66]] 
RATE (RPS) =====================================: 1

[[331.058]] 
RATE (RPS) =====================================: 1

[[331.856]] 
RATE (RPS) =====================================: 1

[[378.502]] 
RATE (RPS) =====================================: 1

[[329.97]] 
RATE (RPS) =====================================: 1

[[330.452]] 
RATE (RPS) =====================================: 1

[[340.669, 329.97]] 
RATE (RPS) =====================================: 2

[[379.749, 369.385]] 
RATE (RPS) =====================================: 2

[[327.467, 331.09]] 
RATE (RPS) =====================================: 2

[[338.919, 334.953]] 
RATE (RPS) =====================================: 2

[[341.952, 345.619]] 
RATE (RPS) =====================================: 2

[[375.759, 372.004]] 
RATE (RPS) =====================================: 2

[[341.806, 341.572]] 
RATE (RPS) =====================================: 2

[[348.388, 333.935]] 
RATE (RPS) =====================================: 2

[[337.582, 332.603]] 
RATE (RPS) =====================================: 2

[[373.766, 369.651]] 
RATE (RPS) =====================================: 2

[[361.1, 348.364, 351.651, 339.115]] 
RATE (RPS) =====================================: 4

[[344.853, 328.943, 334.242, 335.109]] 
RATE (RPS) =====================================: 4

[[376.959, 372.805, 372.78, 372.17]] 
RATE (RPS) =====================================: 4

[[351.531, 336.077, 325.414, 328.681]] 
RATE (RPS) =====================================: 4

[[339.526, 345.496, 341.372, 342.056]] 
RATE (RPS) =====================================: 4

[[332.657, 349.048, 337.83, 339.46]] 
RATE (RPS) =====================================: 4

[[369.537, 364.723, 363.014, 364.541]] 
RATE (RPS) =====================================: 4

[[337.377, 349.203, 332.166, 335.225]] 
RATE (RPS) =====================================: 4

[[351.843, 360.301, 348.202, 341.558]] 
RATE (RPS) =====================================: 4

[[330.448, 327.298, 333.874, 333.819]] 
RATE (RPS) =====================================: 4

[[371.264, 366.085, 369.992, 360.776, 362.132, 357.002, 359.409, 354.36]] 
RATE (RPS) =====================================: 8

[[349.927, 333.339, 345.669, 333.064, 335.459, 346.971, 342.744, 344.447]] 
RATE (RPS) =====================================: 8

[[361.061, 338.019, 365.225, 341.221, 346.121, 357.584, 361.472, 350.299]] 
RATE (RPS) =====================================: 8

[[372.068, 368.409, 371.748, 370.167, 367.582, 363.864, 361.62, 361.424]] 
RATE (RPS) =====================================: 8

[[336.101, 338.156, 339.432, 328.303, 335.531, 340.044, 329.548, 331.57]] 
RATE (RPS) =====================================: 8

[[345.806, 337.781, 334.384, 331.325, 334.167, 346.166, 339.013, 330.852]] 
RATE (RPS) =====================================: 8

[[368.507, 380.336, 362.703, 356.277, 353.96, 358.458, 355.702, 350.941]] 
RATE (RPS) =====================================: 8

[[339.337, 332.241, 341.927, 330.292, 357.959, 338.198, 341.124, 339.527]] 
RATE (RPS) =====================================: 8

[[339.523, 336.552, 334.881, 344.444, 331.958, 342.644, 344.496, 332.888]] 
RATE (RPS) =====================================: 8

[[350.278, 329.562, 341.368, 339.166, 338.797, 335.172, 340.43, 333.441]] 
RATE (RPS) =====================================: 8

[[381.5, 372.601, 370.688, 371.88, 368.778, 368.497, 364.272, 370.164, 377.501, 384.624, 426.406, 385.39, 384.754, 399.561, 423.105, 425.466]] 
RATE (RPS) =====================================: 16

[[331.995, 368.005, 327.734, 330.387, 344.122, 351.462, 340.916, 343.22, 339.087, 336.773, 343.632, 347.11, 336.552, 336.1, 346.214, 331.72]] 
RATE (RPS) =====================================: 16

[[356.853, 334.693, 347.264, 344.532, 347.661, 342.824, 336.37, 339.151, 344.374, 365.058, 354.734, 340.29, 339.936, 354.25, 339.709, 336.055]] 
RATE (RPS) =====================================: 16

[[384.853, 384.816, 368.954, 374.44, 370.049, 366.402, 362.913, 362.337, 360.436, 355.009, 358.605, 353.558, 356.667, 357.748, 352.334, 345.784]] 
RATE (RPS) =====================================: 16

[[341.441, 330.869, 334.98, 356.239, 346.469, 343.269, 343.57, 340.868, 337.055, 342.164, 346.097, 341.951, 346.066, 342.596, 346.595, 339.545]] 
RATE (RPS) =====================================: 16

[[331.864, 347.476, 332.966, 337.773, 333.849, 344.116, 330.763, 362.967, 334.673, 335.337, 359.773, 341.179, 344.377, 353.852, 345.15, 334.459]] 
RATE (RPS) =====================================: 16

[[373.689, 378.696, 372.295, 382.608, 370.092, 370.842, 372.179, 370.739, 364.123, 366.26, 355.425, 362.125, 365.412, 354.262, 361.303, 348.411]] 
RATE (RPS) =====================================: 16

[[347.393, 342.406, 327.337, 331.837, 344.627, 343.343, 342.494, 357.856, 353.244, 359.119, 347.055, 348.681, 356.853, 343.12, 353.533, 338.993]] 
RATE (RPS) =====================================: 16

[[325.928, 332.916, 338.504, 341.912, 342.221, 372.94, 342.449, 340.019, 340.421, 349.411, 346.024, 344.234, 351.084, 353.17, 360.064, 353.453]] 
RATE (RPS) =====================================: 16

[[375.349, 365.916, 370.437, 367.13, 363.544, 367.668, 356.289, 362.094, 358.337, 358.349, 371.178, 353.879, 345.104, 358.951, 343.746, 345.402]] 
RATE (RPS) =====================================: 16

[[437.506, 450.936, 448.264, 467.094, 437.093, 451.397, 429.127, 444.602, 426.593, 390.399, 422.437, 493.178, 470.089, 440.238, 478.745, 421.635, 446.016, 427.827, 442.81, 429.062, 383.419, 439.934, 358.651, 366.32, 379.215, 345.952, 425.008, 378.465, 407.037, 403.892, 415.445, 403.128]] 
RATE (RPS) =====================================: 32

[[372.687, 920.733, 1102.633, 468.572, 1137.336, 451.22, 467.85, 463.796, 468.329, 409.034, 435.299, 438.49, 422.506, 432.413, 432.902, 451.781, 414.98, 427.549, 419.875, 354.175, 394.598, 416.685, 413.099, 412.458, 419.131, 415.541, 408.292, 439.687, 430.332, 3530.591, 2444.784, 2240.191]] 
RATE (RPS) =====================================: 27

[[378.604, 377.228, 374.247, 374.357, 373.537, 364.617, 371.926, 357.049, 365.971, 365.473, 358.685, 373.828, 348.014, 348.389, 339.206, 340.18, 345.739, 335.566, 350.494, 340.019, 345.88, 355.461, 351.659, 356.472, 343.322, 358.992, 342.346, 349.034, 339.826, 351.525, 340.921, 338.876]] 
RATE (RPS) =====================================: 32

[[384.534, 387.298, 378.118, 375.086, 371.141, 370.031, 373.158, 446.796, 372.663, 368.248, 368.937, 351.976, 350.016, 395.566, 349.208, 344.233, 348.481, 349.55, 348.54, 364.682, 358.99, 349.42, 347.664, 347.107, 340.898, 353.78, 347.904, 330.99, 368.505, 359.977, 360.884, 340.758]] 
RATE (RPS) =====================================: 32

[[374.307, 369.91, 365.001, 368.26, 363.601, 368.521, 355.95, 363.725, 358.338, 371.018, 362.434, 352.198, 373.521, 359.465, 345.931, 335.068, 363.857, 352.04, 333.232, 344.193, 350.282, 338.082, 405.834, 378.539, 381.02, 339.57, 364.276, 351.335, 351.427, 346.923, 351.213, 347.428]] 
RATE (RPS) =====================================: 32

[[336.278, 352.48, 352.307, 350.397, 349.832, 353.756, 352.742, 360.873, 346.077, 351.251, 357.033, 358.478, 372.468, 370.478, 345.866, 362.702, 369.896, 344.3, 352.034, 358.171, 350.333, 353.59, 404.491, 410.663, 431.624, 405.412, 415.979, 403.995, 409.555, 412.122, 413.572, 399.275]] 
RATE (RPS) =====================================: 32

[[370.742, 374.655, 386.823, 360.797, 363.284, 367.796, 357.802, 369.569, 351.748, 348.643, 344.825, 355.665, 339.448, 335.698, 339.25, 341.775, 330.234, 340.275, 337.903, 342.81, 333.9, 340.12, 339.425, 340.183, 352.827, 355.19, 339.64, 344.791, 345.111, 332.786, 339.771, 344.399]] 
RATE (RPS) =====================================: 32

[[344.093, 343.315, 348.165, 352.082, 342.495, 356.905, 345.34, 373.703, 338.831, 356.844, 346.734, 351.886, 334.481, 348.01, 338.089, 341.89, 334.878, 346.535, 353.527, 344.011, 340.383, 355.335, 340.783, 347.789, 339.133, 342.035, 342.555, 341.367, 347.395, 352.546, 342.586, 340.29]] 
RATE (RPS) =====================================: 32

[[354.289, 367.587, 371.466, 372.038, 356.088, 357.255, 352.694, 349.132, 353.439, 343.621, 366.261, 343.345, 353.502, 333.632, 360.582, 343.021, 346.469, 345.418, 345.327, 359.068, 344.677, 338.141, 339.79, 339.783, 341.58, 336.658, 383.537, 357.869, 349.02, 367.08, 354.882, 336.209]] 
RATE (RPS) =====================================: 32

[[360.392, 336.57, 379.59, 367.327, 335.124, 354.476, 341.257, 347.955, 344.18, 341.31, 337.367, 333.782, 338.14, 338.774, 339.291, 354.274, 380.252, 347.394, 350.622, 341.166, 350.602, 347.099, 345.227, 353.955, 337.002, 332.925, 347.382, 343.506, 373.959, 338.244, 346.394, 340.664]] 
RATE (RPS) =====================================: 32

[[354.89, 351.544, 347.69, 343.999, 341.438, 371.583, 353.198, 354.358, 351.095, 376.347, 344.691, 357.423, 345.414, 331.198, 338.317, 338.936, 331.096, 330.18, 352.229, 370.441, 335.278, 333.154, 341.213, 339.325, 336.143, 332.013, 333.154, 350.511, 374.141, 340.414, 339.179, 361.63, 350.238]] 
RATE (RPS) =====================================: 33

[[337.203, 356.363, 353.084, 341.563, 344.105, 355.681, 352.415, 352.405, 344.567, 367.25, 347.46, 357.109, 342.777, 345.411, 345.788, 361.465, 345.12, 340.378, 337.086, 342.268, 333.68, 361.102, 342.903, 357.46, 338.407, 346.699, 334.81, 342.337, 341.637, 342.122, 344.291, 338.233, 334.764]] 
RATE (RPS) =====================================: 33

[[341.438, 341.566, 337.54, 335.725, 343.847, 346.75, 357.78, 360.229, 358.101, 351.967, 367.915, 346.083, 341.847, 332.948, 347.593, 338.597, 356.09, 356.334, 357.41, 391.311, 368.729, 368.309, 358.97, 356.336, 354.919, 348.81, 348.773, 339.669, 341.934, 338.733, 352.692, 335.91, 337.32]] 
RATE (RPS) =====================================: 33

[[339.578, 350.94, 342.361, 342.833, 343.593, 342.24, 345.113, 336.603, 336.299, 335.377, 344.875, 333.604, 351.123, 341.482, 332.156, 345.551, 357.727, 348.766, 338.53, 356.797, 359.668, 344.608, 343.048, 355.782, 337.511, 335.826, 333.1, 335.725, 337.767, 343.515, 342.672, 332.457, 332.413]] 
RATE (RPS) =====================================: 33

[[340.308, 337.394, 356.214, 346.619, 346.314, 361.996, 347.1, 353.427, 344.46, 347.399, 338.979, 334.535, 350.643, 346.699, 343.475, 340.437, 343.16, 343.494, 333.443, 339.786, 331.712, 349.858, 341.569, 332.452, 334.564, 333.289, 332.577, 354.481, 347.342, 343.321, 362.858, 343.98, 335.639]] 
RATE (RPS) =====================================: 33

[[369.495, 368.855, 370.644, 371.281, 367.107, 364.284, 372.713, 360.398, 363.991, 361.032, 384.319, 357.923, 360.347, 347.633, 381.012, 363.822, 342.483, 346.742, 353.053, 357.602, 347.032, 348.697, 354.435, 349.461, 347.362, 346.438, 347.246, 345.984, 349.142, 349.996, 365.407, 341.803, 344.333]] 
RATE (RPS) =====================================: 33

[[341.556, 362.137, 348.654, 357.385, 361.803, 353.248, 355.377, 343.291, 356.195, 346.816, 350.893, 338.427, 352.318, 338.733, 366.209, 344.807, 336.782, 337.592, 340.513, 378.107, 347.113, 338.985, 347.268, 366.868, 354.14, 356.151, 364.945, 367.42, 342.046, 359.231, 360.601, 359.451, 340.579]] 
RATE (RPS) =====================================: 33

[[388.205, 361.327, 406.579, 423.606, 445.974, 490.668, 458.072, 683.966, 530.299, 498.889, 590.965, 556.546, 597.994, 614.426, 685.618, 659.282, 702.217, 720.984, 733.33, 752.025, 828.245, 769.963, 788.864, 835.195, 857.87, 872.356, 890.79, 910.674, 926.187, 943.349, 987.771, 954.457, 997.899]] 
RATE (RPS) =====================================: 33

[[370.772, 420.317, 443.915, 464.192, 484.359, 500.219, 517.631, 536.984, 554.994, 637.544, 572.114, 578.033, 634.989, 677.855, 646.187, 691.744, 735.668, 702.33, 746.734, 766.938, 783.71, 804.149, 823.581, 842.089, 860.012, 932.024, 875.735, 967.839, 935.009, 878.743, 972.648, 1020.061, 986.314]] 
RATE (RPS) =====================================: 32

[[362.074, 433.372, 381.225, 484.891, 385.154, 429.187, 486.083, 531.991, 499.115, 570.248, 615.11, 529.295, 574.258, 628.928, 659.567, 728.761, 671.456, 742.485, 682.865, 756.477, 779.418, 794.625, 814.842, 858.266, 874.741, 817.502, 890.252, 998.554, 907.139, 1070.268, 921.219, 1022.96, 1069.78]] 
RATE (RPS) =====================================: 30

[[364.753, 462.614, 383.916, 399.697, 419.499, 463.822, 476.783, 496.496, 517.956, 534.803, 554.526, 679.645, 570.562, 586.803, 633.607, 601.083, 669.461, 687.539, 729.522, 794.07, 761.796, 806.79, 874.894, 817.313, 885.285, 826.34, 892.841, 911.71, 927.952, 947.053, 1026.134, 964.605, 987.821, 1026.695]] 
RATE (RPS) =====================================: 32

[[390.261, 542.531, 434.739, 474.746, 618.633, 661.143, 701.397, 743.777, 786.112, 827.684, 870.853, 916.943, 960.379, 1004.168, 1050.908, 1089.424, 1130.4180000000001, 1171.854, 1218.257, 1262.65, 1353.25, 1295.743, 1479.046, 1523.259, 1373.156, 1548.069, 1589.988, 1674.778, 1628.479, 1698.4479999999999, 1682.993, 1679.7730000000001, 1681.174, 1665.437]] 
RATE (RPS) =====================================: 13

[[361.859, 357.845, 359.274, 350.609, 355.044, 345.933, 339.88, 353.081, 346.084, 343.914, 345.356, 349.213, 342.849, 338.738, 337.544, 331.959, 336.39, 346.538, 332.521, 329.93, 333.691, 337.387, 340.834, 341.983, 359.7, 346.267, 342.596, 346.737, 343.774, 340.93, 339.955, 348.018, 331.291, 335.1]] 
RATE (RPS) =====================================: 34

[[365.954, 362.892, 362.729, 354.8, 354.074, 370.719, 352.266, 341.489, 341.466, 354.847, 340.741, 368.418, 355.615, 346.319, 341.551, 340.58, 331.546, 366.663, 353.311, 343.542, 344.529, 375.771, 362.785, 342.566, 343.103, 337.47, 346.133, 332.693, 349.159, 338.846, 338.486, 333.593, 332.735, 334.761]] 
RATE (RPS) =====================================: 34

[[358.098, 361.691, 361.652, 356.805, 359.989, 345.947, 344.447, 341.191, 342.779, 344.341, 335.809, 334.08, 364.116, 328.358, 351.166, 359.974, 339.966, 348.962, 351.765, 349.444, 370.18, 354.472, 357.462, 354.991, 352.573, 346.371, 339.891, 335.958, 347.609, 347.491, 340.862, 336.376, 337.403, 333.989]] 
RATE (RPS) =====================================: 34

[[334.459, 339.859, 360.095, 356.252, 347.88, 349.732, 342.828, 339.683, 336.877, 338.425, 386.285, 343.474, 342.439, 346.213, 342.756, 329.342, 339.92, 336.454, 348.595, 338.62, 343.009, 341.161, 333.45, 336.133, 338.105, 371.458, 360.911, 337.741, 341.965, 334.017, 335.941, 335.279, 339.982, 335.634]] 
RATE (RPS) =====================================: 34

[[359.202, 349.264, 344.444, 341.915, 352.816, 342.144, 342.173, 346.412, 342.357, 343.504, 341.695, 397.114, 380.033, 375.058, 366.55, 363.562, 421.748, 358.013, 362.31, 355.158, 350.487, 336.387, 361.054, 347.596, 360.034, 345.805, 360.475, 346.873, 355.651, 353.377, 350.994, 348.591, 346.957, 342.803]] 
RATE (RPS) =====================================: 34

[[331.45, 336.885, 345.388, 363.59, 347.854, 344.141, 337.229, 335.454, 343.042, 338.294, 342.51, 334.92, 345.987, 335.674, 344.033, 356.06, 340.295, 353.782, 357.996, 346.472, 333.833, 349.383, 336.623, 341.26, 352.678, 346.596, 349.304, 349.574, 351.093, 336.283, 338.343, 332.629, 339.121, 330.029]] 
RATE (RPS) =====================================: 34

[[334.332, 339.654, 345.609, 347.039, 364.863, 346.948, 351.247, 334.584, 349.603, 345.376, 358.837, 359.676, 343.824, 349.611, 339.891, 349.76, 362.418, 339.752, 358.339, 354.108, 335.592, 342.25, 345.632, 336.126, 336.025, 337.709, 335.21, 342.294, 338.164, 366.409, 342.076, 348.591, 348.637, 337.85]] 
RATE (RPS) =====================================: 34

[[367.692, 361.393, 363.091, 356.473, 357.448, 367.992, 349.084, 354.533, 364.702, 356.368, 343.14, 346.768, 344.543, 334.68, 338.294, 328.775, 374.316, 341.442, 330.754, 350.813, 337.21, 332.17, 334.777, 359.852, 356.519, 343.019, 335.209, 336.93, 334.061, 338.453, 337.909, 343.447, 347.035, 337.994]] 
RATE (RPS) =====================================: 34

[[332.855, 335.39, 335.944, 365.204, 350.492, 351.896, 349.158, 356.857, 358.405, 357.458, 356.698, 363.238, 357.292, 358.932, 355.996, 354.404, 357.399, 347.901, 367.58, 347.699, 360.72, 341.804, 354.982, 343.63, 356.165, 348.593, 339.312, 344.629, 346.975, 354.484, 361.019, 372.214, 355.704, 366.994, 346.657]] 
RATE (RPS) =====================================: 35

[[397.916, 387.832, 398.755, 381.439, 389.235, 390.624, 391.307, 378.299, 413.94, 428.275, 445.056, 483.029, 503.595, 449.667, 533.322, 608.72, 649.713, 539.24, 558.556, 604.174, 666.318, 642.043, 676.095, 691.059, 729.294, 699.64, 738.23, 799.566, 765.013, 737.802, 822.567, 845.283, 789.316, 871.707, 841.621]] 
RATE (RPS) =====================================: 35

[[362.619, 447.639, 377.998, 385.972, 401.903, 440.704, 458.726, 477.753, 539.212, 508.662, 481.049, 540.617, 588.123, 556.742, 598.25, 618.621, 636.889, 675.913, 646.283, 687.451, 748.546, 693.907, 711.574, 797.494, 743.607, 759.213, 816.907, 785.985, 825.509, 845.066, 906.848, 856.526, 868.725, 904.428, 921.025]] 
RATE (RPS) =====================================: 35

[[419.169, 383.222, 353.893, 448.989, 422.057, 463.641, 472.147, 490.15, 506.504, 522.681, 571.269, 540.101, 584.166, 601.723, 618.42, 682.163, 652.268, 621.02, 684.731, 725.498, 696.435, 756.182, 773.612, 720.082, 808.078, 781.14, 821.007, 829.797, 858.518, 899.663, 963.15, 921.166, 997.972, 1015.663, 960.239]] 
RATE (RPS) =====================================: 34

[[399.502, 353.545, 370.419, 400.758, 415.299, 432.572, 448.124, 465.441, 481.631, 499.988, 583.715, 554.614, 525.485, 496.027, 578.996, 618.538, 635.24, 584.305, 692.167, 644.434, 786.994, 752.031, 716.658, 809.871, 851.097, 774.729, 812.154, 850.402, 873.472, 929.72, 898.672, 868.891, 939.96, 958.204, 972.068]] 
RATE (RPS) =====================================: 35

[[355.466, 398.279, 366.242, 414.274, 454.028, 426.827, 463.619, 482.26, 497.193, 537.43, 573.764, 596.104, 632.693, 671.398, 706.524, 782.835, 733.967, 808.307, 822.702, 984.034, 884.498, 832.72, 847.1, 887.826, 908.332, 918.901, 967.405, 997.404, 965.773, 1003.05, 1019.223, 1037.496, 1075.901, 1042.216, 1083.012]] 
RATE (RPS) =====================================: 29

[[357.121, 381.038, 397.647, 414.431, 428.675, 443.041, 459.361, 477.34, 496.682, 513.647, 542.277, 559.741, 624.641, 567.537, 660.873, 577.634, 625.79, 690.855, 659.764, 700.303, 739.963, 708.949, 745.684, 786.576, 751.047, 791.599, 807.702, 824.389, 964.127, 835.056, 849.482, 866.369, 881.326, 898.525, 936.629]] 
RATE (RPS) =====================================: 35

[[372.495, 434.701, 408.131, 441.919, 458.704, 479.366, 493.675, 535.992, 502.35, 544.176, 584.042, 600.552, 551.141, 606.805, 631.633, 683.835, 631.674, 695.514, 641.546, 702.052, 740.132, 714.955, 755.568, 791.907, 829.323, 754.601, 792.668, 860.057, 828.467, 894.476, 919.923, 995.09, 936.353, 943.853, 986.675]] 
RATE (RPS) =====================================: 35

[[351.723, 393.674, 369.111, 404.712, 423.608, 437.154, 453.32, 492.414, 462.983, 511.354, 551.667, 515.798, 663.776, 547.319, 609.424, 558.934, 661.378, 781.51, 738.669, 689.091, 804.005, 772.503, 840.825, 816.609, 852.436, 867.904, 881.332, 896.192, 934.862, 906.018, 943.165, 961.978, 976.175, 1015.415, 986.82]] 
RATE (RPS) =====================================: 34

[[360.648, 427.579, 377.825, 398.0, 428.073, 444.472, 459.862, 478.209, 556.547, 510.476, 616.973, 559.923, 629.288, 569.773, 662.228, 677.625, 625.521, 687.531, 703.83, 719.812, 734.969, 820.946, 768.326, 977.769, 840.322, 879.958, 921.21, 953.314, 969.436, 983.121, 1050.814, 991.405, 1007.106, 1048.758, 1061.21]] 
RATE (RPS) =====================================: 31

[[358.144, 402.509, 375.597, 415.11, 428.605, 444.414, 461.16, 478.18, 495.849, 533.059, 607.179, 502.47, 622.725, 558.117, 519.825, 622.053, 642.802, 657.8, 697.224, 665.901, 709.021, 748.588, 718.536, 780.693, 751.003, 812.224, 785.158, 827.762, 862.122, 836.518, 878.715, 890.153, 905.122, 926.129, 939.774, 973.078]] 
RATE (RPS) =====================================: 36

[[353.39, 376.916, 421.174, 388.436, 430.006, 493.278, 437.409, 455.007, 518.469, 490.205, 551.773, 568.07, 516.091, 577.578, 592.907, 606.987, 624.436, 639.292, 677.805, 654.401, 710.871, 681.884, 768.827, 737.305, 707.015, 770.488, 799.297, 840.98, 898.624, 868.636, 931.348, 948.739, 891.671, 958.587, 999.931, 968.395]] 
RATE (RPS) =====================================: 36

[[367.699, 384.961, 424.95, 391.417, 429.68, 446.716, 461.274, 478.33, 494.701, 513.078, 529.597, 544.269, 562.663, 583.799, 595.591, 620.667, 692.101, 646.018, 752.372, 719.485, 691.325, 808.43, 779.702, 742.056, 808.476, 845.138, 815.044, 875.824, 846.453, 900.324, 943.846, 906.041, 941.072, 957.48, 972.266, 988.915]] 
RATE (RPS) =====================================: 36

[[374.693, 392.604, 435.396, 405.338, 470.353, 508.474, 523.377, 565.04, 535.774, 574.815, 687.687, 586.187, 628.657, 646.303, 597.538, 671.603, 691.284, 705.64, 727.414, 762.753, 733.929, 771.276, 815.503, 863.28, 775.892, 818.858, 854.983, 914.524, 862.701, 947.591, 982.885, 1015.022, 1050.684, 1105.819, 1079.387, 1114.545]] 
RATE (RPS) =====================================: 31

[[354.269, 395.21, 363.9, 400.195, 498.571, 412.52, 438.975, 456.216, 495.437, 514.608, 541.287, 581.057, 553.957, 612.561, 581.827, 621.541, 660.717, 631.087, 671.594, 690.305, 733.568, 698.888, 786.357, 731.35, 747.735, 833.986, 786.309, 797.85, 883.828, 854.156, 821.201, 901.366, 949.228, 1023.581, 971.124, 986.2]] 
RATE (RPS) =====================================: 35

[[370.774, 392.986, 401.522, 419.354, 435.955, 458.457, 471.116, 509.52, 479.844, 593.181, 515.051, 610.524, 519.507, 534.766, 608.282, 625.026, 639.162, 659.355, 739.728, 667.587, 685.141, 761.464, 779.686, 797.24, 836.242, 882.838, 799.535, 839.739, 886.773, 901.981, 916.944, 956.031, 930.157, 976.326, 990.262, 1006.679]] 
RATE (RPS) =====================================: 35

[[383.674, 400.771, 441.699, 416.44, 450.217, 463.426, 485.334, 533.348, 585.843, 607.872, 627.765, 685.212, 632.184, 653.714, 691.213, 755.035, 701.975, 762.875, 708.788, 770.428, 834.383, 802.455, 773.233, 857.435, 832.163, 869.047, 936.106, 907.872, 873.918, 959.526, 936.508, 965.417, 985.398, 1023.253, 998.348, 1031.924]] 
RATE (RPS) =====================================: 34

[[421.544, 373.997, 395.69, 421.287, 441.487, 452.661, 474.181, 490.446, 505.255, 520.609, 539.517, 561.191, 579.419, 594.58, 612.704, 632.777, 656.093, 678.257, 697.856, 736.54, 706.615, 800.152, 744.73, 755.903, 843.526, 813.228, 784.303, 874.025, 838.126, 933.357, 896.829, 866.518, 956.577, 994.126, 1121.424, 1025.997]] 
RATE (RPS) =====================================: 34

[[389.607, 356.275, 509.154, 427.482, 397.237, 466.176, 436.055, 490.69, 527.872, 499.768, 539.175, 583.463, 549.33, 587.484, 605.047, 620.162, 635.372, 674.416, 692.756, 641.111, 701.963, 716.866, 814.565, 724.197, 752.403, 866.185, 811.568, 828.733, 870.379, 991.02, 964.352, 875.887, 892.035, 912.82, 979.069, 999.637]] 
RATE (RPS) =====================================: 36

[[351.378, 391.205, 369.302, 428.603, 392.157, 428.857, 445.816, 533.656, 457.096, 472.605, 490.74, 529.362, 549.773, 564.277, 638.19, 597.182, 655.941, 668.933, 706.775, 677.068, 715.15, 730.768, 771.566, 737.631, 778.516, 797.042, 813.496, 853.272, 822.515, 909.142, 879.413, 848.817, 961.952, 904.133, 921.329, 954.295]] 
RATE (RPS) =====================================: 36

[[383.157, 350.679, 395.134, 424.024, 478.714, 525.412, 493.787, 582.448, 533.292, 551.517, 613.877, 577.986, 623.402, 663.906, 634.802, 706.004, 664.67, 737.229, 775.424, 697.691, 738.441, 780.277, 844.41, 795.967, 807.262, 892.516, 844.512, 861.694, 901.267, 911.493, 948.841, 921.658, 956.792, 995.39, 966.469, 1025.116, 998.89]] 
RATE (RPS) =====================================: 36

[[358.76, 378.36, 398.749, 416.09, 430.136, 448.051, 521.12, 460.979, 478.452, 595.542, 541.055, 558.262, 669.212, 594.029, 609.765, 627.038, 665.999, 679.703, 697.484, 764.423, 711.959, 768.481, 715.689, 774.818, 792.314, 808.88, 823.273, 840.506, 880.44, 852.208, 889.712, 907.449, 937.521, 1074.895, 1041.239, 962.915, 1126.551]] 
RATE (RPS) =====================================: 34

[[391.113, 425.758, 481.298, 429.282, 507.546, 540.345, 607.33, 546.774, 627.499, 686.096, 720.425, 744.917, 772.445, 806.377, 711.827, 833.94, 861.439, 897.445]] 
RATE (RPS) =====================================: 37

[[363.353, 356.333, 346.471, 339.381, 356.752, 349.572, 342.505, 344.178, 331.06, 340.61, 346.92, 341.259, 340.506, 350.104, 342.319, 343.77, 340.64, 350.407, 374.203, 335.733, 364.995, 365.79, 352.991]] 
RATE (RPS) =====================================: 37

[[354.693, 341.231, 343.089, 343.727, 345.515, 368.368, 361.482, 358.927, 338.94, 343.58, 354.054, 343.569, 343.758, 331.213, 332.428, 332.177, 330.616, 332.416]] 
RATE (RPS) =====================================: 37

[[331.599, 340.0, 351.265, 349.499, 346.515, 373.909, 362.427, 355.198, 342.065, 340.5, 333.959, 343.464, 338.211, 343.897, 346.782, 340.65, 342.734, 351.35, 339.087, 339.445, 343.929, 340.207, 331.921, 343.817, 335.796]] 
RATE (RPS) =====================================: 37

[[347.902, 337.08, 340.495, 340.106, 356.075, 356.674, 337.111, 350.179, 356.366, 336.522, 335.883, 344.055, 330.387, 343.72, 337.023]] 
RATE (RPS) =====================================: 37

[[334.925, 358.359, 362.252, 357.394, 343.082, 363.61, 349.929, 336.215, 354.982, 330.602, 345.012, 346.617, 338.166, 356.01, 337.4, 352.855, 340.841, 338.195, 331.149]] 
RATE (RPS) =====================================: 37

[[343.595, 348.175, 350.21, 346.372, 352.281, 342.564, 357.66, 339.232, 339.048, 337.256, 334.012, 331.458, 367.252, 345.518, 345.893, 353.038, 338.382, 333.011, 346.833, 331.466, 329.678]] 
RATE (RPS) =====================================: 37

[[344.702, 355.53, 341.406, 350.219, 340.052, 337.642, 338.737, 346.536, 340.467, 332.137, 352.687, 341.219, 349.601, 337.951, 352.482, 332.882, 333.651]] 
RATE (RPS) =====================================: 37

[[347.655, 347.488, 337.139, 342.773, 380.207, 357.969, 346.677, 347.316, 351.978, 375.623, 343.77, 352.46, 348.615, 342.034, 344.853, 348.929, 339.995, 349.466, 344.549]] 
RATE (RPS) =====================================: 38

[[377.614, 353.898, 360.75, 344.704, 344.729, 352.955, 348.716, 334.808, 361.402, 339.795, 341.862, 341.051, 340.504, 346.364, 342.939, 338.688, 352.934, 339.775, 347.699, 366.062, 349.136, 336.427, 340.517]] 
RATE (RPS) =====================================: 38

[[336.272, 339.168, 341.644, 335.084, 346.286, 342.027, 327.721, 341.351, 342.593, 335.32, 355.595, 341.35, 348.062, 345.952, 372.39, 361.735, 354.987, 342.382, 338.902, 329.594]] 
RATE (RPS) =====================================: 38

[[341.104, 363.09, 336.692, 364.613, 379.118, 355.307, 352.297, 353.915, 352.974, 347.529, 341.931, 345.693, 352.512, 352.438, 338.109, 339.854, 331.44, 339.801, 345.219, 337.665, 349.244, 353.66]] 
RATE (RPS) =====================================: 38

[[364.519, 360.591, 340.4, 340.526, 333.182, 338.889, 354.422, 341.815, 343.36, 358.653, 345.387, 340.939, 341.261, 338.014, 332.151, 338.321, 329.931, 332.673, 344.312, 343.366]] 
RATE (RPS) =====================================: 38

[[330.106, 358.362, 345.313, 354.968, 359.057, 359.472, 333.273, 333.967, 341.943, 339.319, 344.941, 343.702, 356.748, 354.097, 353.149]] 
RATE (RPS) =====================================: 38

[[364.899, 351.511, 344.204, 348.816, 338.955, 345.915, 365.842, 335.857, 346.458, 342.894, 348.823, 353.877, 348.334, 343.111, 333.698, 372.39, 339.714, 350.493, 343.317, 333.301, 337.214, 336.474]] 
RATE (RPS) =====================================: 38

[[338.137, 341.64, 339.887, 359.498, 349.017, 338.145, 346.072, 334.304, 339.373, 335.83, 331.991, 334.338, 329.076, 330.251, 342.303]] 
RATE (RPS) =====================================: 38

[[347.424, 346.826, 335.948, 331.031, 361.094, 350.37, 337.864, 351.653, 335.122, 353.428, 332.35, 336.906, 340.863, 348.149, 352.777, 343.713, 348.591, 333.81]] 
RATE (RPS) =====================================: 38

[[374.452, 357.063, 370.077, 361.599, 344.996, 358.83, 393.829, 381.647, 359.225, 365.567, 358.783, 337.728, 340.387, 337.924, 337.201, 334.566, 352.55, 343.994, 344.066, 354.208, 330.15]] 
RATE (RPS) =====================================: 38

[[339.336, 372.629, 362.42, 346.805, 351.703, 339.529, 355.729, 352.046, 345.747, 355.007, 351.406, 339.033, 355.056, 351.136, 333.841, 355.255, 353.92, 337.753, 345.058]] 
RATE (RPS) =====================================: 39

[[337.922, 364.122, 348.923, 343.773, 340.566, 355.247, 346.524, 343.376, 356.789, 352.529, 348.205, 343.523, 352.815, 353.442, 345.839, 340.691, 332.479, 344.275, 340.639, 340.51, 329.234, 345.744, 366.643, 348.936, 344.51]] 
RATE (RPS) =====================================: 39

[[360.982, 353.828, 339.116, 339.664, 401.122, 343.189, 334.763, 364.368, 356.179, 344.887, 360.037, 362.825, 336.901, 344.272, 356.791, 332.74, 334.223, 338.104, 337.269, 339.924, 332.586]] 
RATE (RPS) =====================================: 39

[[338.88, 342.663, 376.738, 342.472, 355.413, 338.416, 336.276, 342.842, 339.104, 331.072, 357.529, 373.42, 361.628, 346.42, 345.05, 347.652, 329.584]] 
RATE (RPS) =====================================: 39

[[338.696, 347.204, 340.365, 333.738, 373.541, 365.391, 355.078, 355.569, 348.714, 342.721, 335.97, 348.892, 338.819, 347.388, 338.658, 332.525, 393.007, 387.531, 362.726, 361.252]] 
RATE (RPS) =====================================: 39

[[340.165, 348.146, 347.552, 360.767, 371.315, 362.128, 358.496, 348.553, 350.546, 340.991, 354.263, 336.044, 336.635, 330.472, 349.253, 355.718, 337.334, 334.102]] 
RATE (RPS) =====================================: 39

[[348.127, 340.901, 334.403, 337.1, 369.622, 348.413, 354.302, 359.151, 342.941, 353.344, 328.459, 340.107, 344.449, 336.868, 337.651, 333.723]] 
RATE (RPS) =====================================: 39

[[339.786, 342.134, 338.154, 342.248, 343.102, 350.884, 337.97, 361.93, 347.22, 333.657, 367.882, 345.343, 358.972, 339.718, 347.069, 338.798, 351.208, 351.568, 334.487]] 
RATE (RPS) =====================================: 39

[[349.687, 345.26, 374.713, 372.322, 350.248, 357.026, 379.091, 343.317, 349.636, 354.343, 351.814, 348.982, 345.555, 351.141, 356.739, 333.915, 334.916, 329.43, 336.654, 336.118]] 
RATE (RPS) =====================================: 39

[[330.528, 333.982, 336.338, 364.884, 334.916, 343.067, 352.984, 334.217, 345.932, 335.744, 334.966, 356.044, 333.187, 331.842, 350.552, 330.243, 341.476, 332.405]] 
RATE (RPS) =====================================: 39

[[387.83, 356.686, 355.311, 338.554, 332.342, 352.177, 335.25, 355.527, 359.213, 354.534, 335.507, 344.71, 713.428, 357.575, 1370.972, 371.033, 351.593, 349.071, 709.903, 1337.781]] 
RATE (RPS) =====================================: 38

[[334.22, 340.953, 337.87, 351.111, 342.719, 346.745, 336.929, 339.336, 350.95, 380.968, 337.499, 362.932, 342.791, 333.08, 1358.346, 360.62, 341.485, 724.822, 1346.7060000000001, 341.498, 371.366, 350.741, 1331.175]] 
RATE (RPS) =====================================: 37

[[349.068, 352.658, 346.413, 345.046, 333.135, 337.471, 341.677, 346.07, 340.144, 351.636, 375.934, 351.754, 343.712, 1044.771, 1333.716, 863.164, 1477.2359999999999, 353.013, 1361.479, 333.747, 349.083, 367.104, 869.603, 1335.104]] 
RATE (RPS) =====================================: 35

[[411.906, 392.04, 380.273, 373.914, 365.943, 360.735, 354.134, 369.634, 1031.636, 343.479, 412.41, 399.305, 410.185, 396.047, 376.417, 361.98, 360.606, 1659.9299999999998, 1049.635]] 
RATE (RPS) =====================================: 37

[[345.667, 346.241, 340.607, 365.094, 351.729, 376.468, 363.215, 360.495, 362.938, 351.428, 345.978, 343.438, 345.454, 344.216, 341.655, 383.354, 342.498, 347.581, 1193.018, 1501.7640000000001, 869.727]] 
RATE (RPS) =====================================: 38

[[350.255, 346.204, 351.078, 364.909, 342.846, 345.307, 353.795, 342.59, 344.472, 346.553, 404.758, 400.084, 400.77, 378.168, 379.31, 385.371, 363.273, 881.996, 344.901, 1799.836, 350.808]] 
RATE (RPS) =====================================: 39

[[341.732, 355.98, 365.763, 348.612, 349.445, 357.736, 346.939, 336.678, 344.218, 333.278, 347.235, 334.448, 348.593, 358.957, 1060.908, 1349.962, 715.732, 1484.641, 867.625, 1640.789, 882.955, 376.554, 1481.465, 1331.348, 874.385]] 
RATE (RPS) =====================================: 34

[[424.379, 414.931, 406.413, 393.0, 392.551, 386.631, 388.053, 888.483, 1830.76, 1710.746, 361.132, 352.489, 382.113, 358.578, 342.704, 337.861, 1338.556, 343.771, 339.439, 341.613, 333.232]] 
RATE (RPS) =====================================: 37

[[352.7, 335.435, 344.024, 344.959, 357.314, 358.482, 347.569, 346.43, 347.788, 348.654, 1036.15, 335.701, 1353.1399999999999, 351.922, 1486.378, 354.687, 351.708, 1647.671, 352.973, 360.831, 353.265, 873.773, 1034.312, 714.499]] 
RATE (RPS) =====================================: 35

[[393.555, 402.208, 394.563, 380.512, 346.568, 340.827, 349.198, 362.077, 357.615, 360.863, 349.349, 353.537, 348.472, 346.385, 337.499]] 
RATE (RPS) =====================================: 40

[[379.222, 354.761, 349.321, 343.069, 342.5, 342.028, 363.72, 347.217, 359.966, 351.939, 339.338, 361.618, 346.869, 352.571, 351.566, 1659.529, 344.004, 871.895, 1464.67, 355.775, 346.486, 343.524, 349.895]] 
RATE (RPS) =====================================: 43

[[407.78, 390.047, 375.305, 368.113, 363.684, 350.134, 368.071, 367.873, 342.023, 343.374, 352.822, 332.964, 1167.357, 371.547, 1645.969, 375.276, 1323.851, 1351.469, 362.431, 392.166, 345.32, 891.79]] 
RATE (RPS) =====================================: 41

[[399.211, 446.854, 500.92, 531.807, 560.379, 612.229, 680.568, 733.043, 787.486, 830.391, 944.376, 876.493, 1064.012, 988.793, 1091.806, 1271.659, 1206.523, 1135.117, 1305.955, 1354.759, 1404.454, 1509.804, 1440.495, 1547.1950000000002, 1589.905, 1624.7269999999999]] 
RATE (RPS) =====================================: 32

[[401.802, 456.814, 510.284, 523.614, 557.552, 594.341, 657.265, 710.333, 846.789, 719.847, 743.942, 853.792, 908.397, 1085.141, 1021.757, 953.824, 1128.834, 1234.621, 1345.596, 1157.952, 1268.436, 1440.098, 1376.321]] 
RATE (RPS) =====================================: 36

[[388.335, 447.871, 496.293, 556.323, 612.543, 641.218, 701.131, 763.802, 800.865, 836.879, 905.915, 966.519, 1027.167, 1068.302, 1121.113, 1160.938, 1236.363, 1288.147, 1350.651, 1420.445, 1474.061, 1530.0230000000001, 1583.4969999999998]] 
RATE (RPS) =====================================: 34

[[402.077, 392.06, 390.792, 376.257, 376.926, 373.231, 351.514, 338.392, 366.193, 371.188, 346.913, 343.222, 335.409, 353.881, 345.592, 342.397, 341.836, 348.365, 339.879, 339.131, 333.895]] 
RATE (RPS) =====================================: 45

[[334.347, 371.528, 339.463, 355.295, 347.675, 349.408, 346.915, 339.922, 357.322, 353.873, 354.906, 355.239, 338.665, 345.895, 343.471, 343.549, 333.526, 334.565, 346.966, 334.593, 332.202, 354.398, 345.146]] 
RATE (RPS) =====================================: 45

[[339.041, 373.594, 358.836, 358.572, 377.662, 362.906, 356.139, 352.006, 356.614, 352.713, 333.896, 342.166, 350.274, 331.774, 343.421, 339.936, 351.011, 334.929, 345.169, 335.592]] 
RATE (RPS) =====================================: 45

[[343.695, 346.085, 346.127, 341.44, 358.664, 361.842, 359.021, 353.379, 353.06, 370.126, 353.909, 339.823, 334.951, 342.694, 394.056, 391.483, 375.575, 347.86, 345.045, 345.317, 331.806, 339.555]] 
RATE (RPS) =====================================: 45

[[340.467, 368.428, 378.687, 370.121, 336.471, 352.514, 334.774, 347.776, 334.022, 358.535, 356.052, 349.059, 347.956, 347.052, 339.12, 343.523, 344.936, 335.199, 345.82, 348.991, 328.67, 348.267, 354.115]] 
RATE (RPS) =====================================: 45

[[356.673, 354.365, 344.717, 342.136, 341.777, 347.722, 356.0, 354.555, 381.181, 347.788, 351.975, 361.27, 346.763, 372.457, 346.175, 356.246, 338.612, 348.948, 346.462, 335.76, 330.115, 345.832, 335.87, 345.782]] 
RATE (RPS) =====================================: 50

[[339.028, 346.566, 351.192, 338.916, 338.663, 334.813, 342.207, 360.811, 352.271, 345.302, 350.541, 344.553, 354.262, 346.957, 339.346, 342.656, 347.546, 339.358, 334.027, 357.094, 335.701, 339.682, 339.579, 331.674, 333.758]] 
RATE (RPS) =====================================: 50

[[367.446, 377.402, 346.752, 366.256, 366.733, 353.985, 365.604, 332.365, 345.927, 345.069, 332.397, 339.429, 332.954, 330.521, 334.144, 359.239, 345.401]] 
RATE (RPS) =====================================: 50

[[407.922, 455.465, 480.422, 529.672, 573.025, 615.669, 662.853, 698.416, 739.772, 777.038, 802.233, 833.503, 883.105, 934.972, 984.896, 1023.431, 1073.528, 1088.945, 1131.004]] 
RATE (RPS) =====================================: 46

[[422.848, 442.604, 488.446, 539.162, 576.102, 675.849, 612.539, 708.073, 751.7, 849.332, 783.082, 887.903, 940.184, 990.578, 1028.641, 1066.653, 1115.415, 1220.345, 1152.5720000000001, 1255.426, 1268.632, 1308.579, 1360.563, 1412.5140000000001]] 
RATE (RPS) =====================================: 40

[[413.698, 462.643, 683.856, 506.815, 608.867, 545.954, 693.728, 720.217, 762.881, 858.383, 794.767, 891.24, 945.646, 974.07, 1015.014, 1050.446, 1138.248, 1252.749, 1069.851, 1281.9270000000001, 1154.416, 1322.842, 1367.328, 1402.81]] 
RATE (RPS) =====================================: 40

[[408.876, 465.612, 507.125, 530.552, 645.865, 574.81, 681.217, 745.753, 802.791, 903.708, 842.802, 929.172, 987.068, 1034.196, 1087.214, 1141.593, 1187.511, 1238.739, 1240.807, 1285.279, 1328.4180000000001, 1365.097, 1413.021, 1521.934, 1457.2649999999999, 1568.856, 1668.267, 1605.534]] 
RATE (RPS) =====================================: 35

[[394.791, 410.39, 438.565, 482.75, 558.998, 612.903, 649.263, 692.349, 730.906, 779.432, 827.223, 879.136, 935.689, 983.139, 1033.477, 1060.208, 1106.016, 1270.009, 1151.537, 1199.075, 1507.025, 1287.846, 1332.939, 1378.776, 1517.937]] 
RATE (RPS) =====================================: 39

[[392.758, 473.49, 395.893, 495.836, 533.679, 577.803, 625.738, 676.943, 682.954, 728.586, 773.416, 817.057, 864.275, 903.085, 893.491, 947.017]] 
RATE (RPS) =====================================: 50

[[400.716, 433.784, 473.323, 515.447, 561.704, 615.216, 735.966, 659.008, 819.862, 756.812, 834.072, 831.746, 915.849, 850.989, 950.48, 980.69, 1027.377]] 
RATE (RPS) =====================================: 49

[[399.364, 418.273, 459.839, 463.58, 507.154, 553.466, 590.329, 597.743, 641.197, 690.459, 730.786, 752.893, 803.297, 790.126]] 
RATE (RPS) =====================================: 55

[[395.641, 427.739, 476.36, 529.061, 570.583, 571.173, 592.888, 631.953, 705.754, 641.489, 735.521, 842.587, 775.195, 857.008, 859.519, 911.214, 963.5, 994.583]] 
RATE (RPS) =====================================: 55

[[598.035, 417.921, 504.245, 439.777, 446.371, 424.585, 420.993, 523.569, 411.073, 501.685, 537.528, 351.683, 555.67, 338.155, 595.22, 696.708, 632.229, 724.465, 784.258, 350.452, 350.879, 912.532, 841.937, 343.683, 331.517, 893.304, 958.609, 335.692]] 
RATE (RPS) =====================================: 55

[[350.881, 388.153, 446.926, 365.166, 478.671, 351.449, 518.963, 572.0, 350.733, 657.53, 601.872, 683.223, 344.003, 676.947, 332.261, 767.14, 814.994, 699.371, 334.553, 345.879, 837.555, 350.631, 879.796, 384.863, 347.601, 355.919, 341.592, 349.541, 842.068, 336.212]] 
RATE (RPS) =====================================: 55

[[347.358, 358.102, 406.716, 343.271, 336.373, 368.021, 358.362, 411.611, 438.775, 494.482, 359.898, 536.021, 342.39, 349.088, 334.652, 341.829, 346.879, 349.836, 373.647, 418.166, 348.989, 337.83, 360.619, 415.64, 455.35, 336.984, 338.877, 466.412, 335.232]] 
RATE (RPS) =====================================: 55

[[414.713, 383.557, 345.922, 443.091, 336.272, 367.011, 355.04, 349.111, 409.864, 345.904, 367.703, 352.25, 408.158, 457.569, 351.025, 1012.89, 510.961, 671.181, 555.486, 713.372, 341.122, 731.364, 477.564, 697.558]] 
RATE (RPS) =====================================: 54

[[468.51, 454.88, 453.686, 421.464, 399.996, 470.994, 399.654, 381.179, 1369.9470000000001, 454.082, 422.512, 597.793, 412.283, 3544.487, 1535.437, 2327.322, 550.145, 2794.609, 528.845, 492.784, 526.647, 448.339, 436.029, 428.809, 817.025, 663.083, 385.698, 376.455, 612.335]] 
RATE (RPS) =====================================: 50

[[353.782, 505.817, 596.236, 357.237, 692.147, 345.005, 910.181, 777.878, 363.524, 361.691, 921.642, 980.177, 1030.395, 1090.211, 335.345, 349.711, 1122.198, 1171.773, 1210.555, 1235.478, 332.474, 1271.4180000000001, 335.229]] 
RATE (RPS) =====================================: 48

[[516.315, 388.848, 370.358, 357.602, 384.993, 605.13, 373.748, 353.632, 356.558, 373.131, 593.581, 842.746, 674.677, 957.325, 1023.261, 665.997, 1065.869, 1280.232, 1116.821, 1307.9569999999999, 611.451, 609.983, 1423.1019999999999, 1337.843, 1520.634, 533.089]] 
RATE (RPS) =====================================: 47

[[344.766, 497.688, 332.743, 399.483, 371.727, 477.918, 468.713, 351.618, 373.489, 348.793, 443.247, 336.593, 398.253, 389.578, 369.163, 354.957, 346.701, 341.904, 335.882, 346.042, 346.967, 332.275, 349.619]] 
RATE (RPS) =====================================: 55

[[343.273, 369.328, 349.108, 386.723, 340.158, 362.901, 381.506, 339.077, 367.951, 355.922, 343.871, 346.612, 340.168, 332.621, 364.528, 362.094, 349.944, 340.865, 344.992, 337.693, 340.525, 347.512]] 
RATE (RPS) =====================================: 60

[[339.275, 369.751, 386.638, 365.757, 359.628, 381.728, 348.637, 367.958, 364.095, 356.578, 374.994, 349.151, 337.652, 335.333, 332.547, 338.882, 344.515, 332.2]] 
RATE (RPS) =====================================: 60

[[357.106, 352.474, 361.784, 356.457, 362.072, 359.987, 375.629, 344.854, 356.209, 335.166, 353.238, 340.964, 345.614, 334.464, 346.577, 372.243, 344.65, 341.862, 349.016, 335.799, 338.437, 333.424, 350.712, 340.25]] 
RATE (RPS) =====================================: 60

[[356.11, 355.919, 347.049, 349.673, 399.818, 404.309, 350.021, 339.665, 356.758, 355.592, 346.347, 343.477, 328.792, 341.298, 334.832, 337.085, 339.796, 333.657, 332.723, 336.82, 340.912, 355.126, 342.819, 359.53, 362.608]] 
RATE (RPS) =====================================: 60

[[391.74, 351.712, 355.021, 393.36, 373.15, 370.088, 349.432, 361.523, 347.903, 366.096, 338.048, 348.697, 343.173, 336.932, 340.595, 342.324, 331.709, 333.031, 336.936, 375.789, 351.31, 346.649, 354.938]] 
RATE (RPS) =====================================: 60

[[453.689, 425.807, 366.529, 341.817, 338.098, 338.131, 348.792, 342.326, 342.362, 350.279, 363.136, 335.543, 339.331, 332.62, 383.811, 352.825, 345.623, 394.904, 337.501, 340.264]] 
RATE (RPS) =====================================: 60

[[356.216, 372.192, 352.783, 357.616, 361.904, 345.882, 346.571, 339.42, 365.231, 337.991, 363.73, 345.639, 370.831, 344.638, 333.413, 410.35]] 
RATE (RPS) =====================================: 60

[[353.157, 357.747, 360.5, 370.413, 371.836, 374.427, 370.332, 347.322, 360.781, 347.419, 369.34, 370.669, 379.88, 341.102, 343.065, 344.402, 350.683, 349.071, 336.11, 365.65, 344.58, 351.723, 336.21, 342.061]] 
RATE (RPS) =====================================: 60

[[346.749, 363.83, 362.567, 373.897, 351.182, 344.053, 354.638, 357.806, 344.163, 345.092, 343.69, 341.364, 351.252, 334.701, 364.336, 354.717, 350.084, 356.892, 355.533, 331.133, 353.066, 362.881, 341.404, 338.558, 336.292, 355.675]] 
RATE (RPS) =====================================: 60

[[339.838, 353.228, 340.333, 385.18, 354.379, 366.79, 343.826, 356.724, 351.297, 354.849, 339.909, 333.285, 335.505, 344.923, 351.778, 335.922, 338.888, 352.709, 343.97, 354.389, 345.963, 342.085, 332.99, 339.93, 355.333, 333.234, 351.293, 343.208, 339.555]] 
RATE (RPS) =====================================: 60

[[337.922, 351.698, 353.114, 446.183, 438.887, 357.34, 376.441, 370.084, 364.713, 341.595, 355.389, 338.727, 355.969, 336.041, 334.87, 365.734, 359.138, 330.383, 344.14, 343.981, 331.74]] 
RATE (RPS) =====================================: 65

[[344.079, 341.587, 356.066, 372.779, 387.687, 364.541, 336.929, 358.731, 356.519, 338.922, 345.778, 348.156, 340.121, 329.555, 332.156, 335.663, 336.652, 329.045, 344.67, 355.091, 342.483, 330.151]] 
RATE (RPS) =====================================: 65

[[335.766, 398.654, 373.096, 351.194, 354.549, 381.442, 346.198, 347.242, 365.887, 377.117, 362.006, 353.44, 352.413, 354.04, 334.201, 363.687, 345.07, 343.299, 334.294, 333.833, 343.342, 336.624, 344.577, 364.696, 347.547, 332.959, 328.947]] 
RATE (RPS) =====================================: 65

[[355.323, 406.412, 418.305, 415.61, 395.529, 424.704, 370.487, 371.979, 359.511, 346.693, 404.871, 333.271, 345.4, 343.584, 352.698, 350.47, 343.228, 336.631, 334.639, 344.251, 338.049, 358.658, 343.43, 340.358, 341.957, 332.676, 335.283]] 
RATE (RPS) =====================================: 65

[[344.231, 349.849, 345.582, 339.564, 370.023, 370.763, 359.954, 357.76, 346.402, 351.117, 361.444, 344.961, 342.126, 340.066, 368.505, 342.287, 329.991, 331.952, 343.485, 342.13]] 
RATE (RPS) =====================================: 65

[[361.866, 340.902, 364.797, 385.002, 372.97, 374.631, 367.752, 357.022, 367.513, 335.125, 349.137, 332.258, 339.864, 367.63, 345.912, 357.505, 345.06, 338.932, 353.062, 343.721, 340.177, 388.726, 342.013, 351.374, 358.463, 336.292]] 
RATE (RPS) =====================================: 65

[[411.833, 427.155, 403.488, 367.324, 341.95, 362.674, 369.983, 376.819, 344.745, 365.664, 366.375, 350.258, 341.365, 362.819, 342.4, 352.708, 342.521, 366.054, 347.029, 343.746, 338.369, 349.58, 335.197, 336.373, 328.586, 345.305, 339.102, 368.056, 352.519, 349.287, 340.036]] 
RATE (RPS) =====================================: 65

[[356.555, 340.256, 357.596, 375.018, 384.198, 362.848, 350.732, 359.624, 368.502, 354.102, 341.81, 425.452, 359.495, 400.806, 387.845, 368.25, 364.843, 343.76, 335.607, 344.452, 340.008, 334.683]] 
RATE (RPS) =====================================: 65

[[335.359, 375.688, 369.041, 348.081, 346.694, 359.482, 351.045, 348.04, 348.572, 347.769, 356.061, 360.28, 335.395, 336.851, 343.397, 358.631, 348.226, 335.699, 332.095, 336.062, 337.038, 343.415, 336.156, 337.045]] 
RATE (RPS) =====================================: 65

[[352.57, 353.492, 337.264, 356.64, 340.556, 369.133, 348.749, 354.636, 359.89, 357.379, 339.723, 345.428, 340.561, 335.05, 344.345, 355.061, 335.438, 334.424, 364.326, 343.819, 337.868, 334.77, 339.257, 357.706, 338.51]] 
RATE (RPS) =====================================: 65

average response time [0]384.559
average response time [1]334.748
average response time [2]333.316
average response time [3]374.665
average response time [4]332.66
average response time [5]331.058
average response time [6]331.856
average response time [7]378.502
average response time [8]329.97
average response time [9]330.452
TOTAL AVERAGE RESPONSE TIME ====================: 346.1786
NUMBER OF THREADS ==============================: 1
TOTAL AVERAGE RATE (RPS) =====================================: 1.0
average response time [10]335.3195
average response time [11]374.567
average response time [12]329.2785
average response time [13]336.936
average response time [14]343.7855
average response time [15]373.8815
average response time [16]341.68899999999996
average response time [17]341.1615
average response time [18]335.0925
average response time [19]371.7085
TOTAL AVERAGE RESPONSE TIME ====================: 348.34195000000005
NUMBER OF THREADS ==============================: 2
TOTAL AVERAGE RATE (RPS) =====================================: 2.0
average response time [20]350.0575
average response time [21]335.78675
average response time [22]373.6785
average response time [23]335.42575
average response time [24]342.1125
average response time [25]339.74875
average response time [26]365.45375
average response time [27]338.49275
average response time [28]350.476
average response time [29]331.35975
TOTAL AVERAGE RESPONSE TIME ====================: 346.2592
NUMBER OF THREADS ==============================: 4
TOTAL AVERAGE RATE (RPS) =====================================: 4.0
average response time [30]362.6275
average response time [31]341.4525
average response time [32]352.62525
average response time [33]367.11025
average response time [34]334.835625
average response time [35]337.43674999999996
average response time [36]360.8605
average response time [37]340.075625
average response time [38]338.42325
average response time [39]338.52675
TOTAL AVERAGE RESPONSE TIME ====================: 347.39739999999995
NUMBER OF THREADS ==============================: 8
TOTAL AVERAGE RATE (RPS) =====================================: 8.0
average response time [40]385.9491875
average response time [41]340.9393125
average response time [42]345.234625
average response time [43]363.4315625
average response time [44]342.485875
average response time [45]341.910875
average response time [46]366.7788125
average response time [47]346.1181875
average response time [48]345.921875
average response time [49]360.2108125
TOTAL AVERAGE RESPONSE TIME ====================: 353.89811249999997
NUMBER OF THREADS ==============================: 16
TOTAL AVERAGE RATE (RPS) =====================================: 16.0
average response time [50]423.7973125
average response time [51]701.79840625
average response time [52]354.92009375
average response time [53]362.66059375
average response time [54]358.95309375
average response time [55]372.1259375
average response time [56]348.99640625
average response time [57]346.06284375
average response time [58]351.98312500000003
average response time [59]347.6938125
TOTAL AVERAGE RESPONSE TIME ====================: 396.8991625
NUMBER OF THREADS ==============================: 32
TOTAL AVERAGE RATE (RPS) =====================================: 31.5
average response time [60]347.04424242424244
average response time [61]346.301303030303
average response time [62]350.3689393939394
average response time [63]342.41333333333336
average response time [64]343.6219393939394
average response time [65]357.63854545454546
average response time [66]351.98912121212123
average response time [67]692.8664242424243
average response time [68]708.0434242424243
average response time [69]696.1244848484848
TOTAL AVERAGE RESPONSE TIME ====================: 453.64117575757575
NUMBER OF THREADS ==============================: 33
TOTAL AVERAGE RATE (RPS) =====================================: 32.6
average response time [70]696.5995882352942
average response time [71]1139.1314705882353
average response time [72]343.9065882352941
average response time [73]348.88682352941174
average response time [74]348.12376470588237
average response time [75]343.67570588235293
average response time [76]355.66341176470587
average response time [77]343.17073529411766
average response time [78]346.1187058823529
average response time [79]347.2613529411765
TOTAL AVERAGE RESPONSE TIME ====================: 461.25381470588235
NUMBER OF THREADS ==============================: 34
TOTAL AVERAGE RATE (RPS) =====================================: 31.7
average response time [80]352.9908571428571
average response time [81]589.9499428571429
average response time [82]646.1853142857143
average response time [83]673.3290285714286
average response time [84]656.4492285714285
average response time [85]747.9658
average response time [86]656.1663142857143
average response time [87]678.4100285714286
average response time [88]687.8245142857143
average response time [89]711.5102571428572
TOTAL AVERAGE RESPONSE TIME ====================: 640.0781285714286
NUMBER OF THREADS ==============================: 35
TOTAL AVERAGE RATE (RPS) =====================================: 33.8
average response time [90]662.0366388888889
average response time [91]662.673
average response time [92]679.4933333333333
average response time [93]727.7169166666666
average response time [94]666.18225
average response time [95]683.2981944444444
average response time [96]731.7999722222222
average response time [97]687.2646388888888
average response time [98]675.8419722222222
average response time [99]659.6653611111111
TOTAL AVERAGE RESPONSE TIME ====================: 683.5972277777779
NUMBER OF THREADS ==============================: 36
TOTAL AVERAGE RATE (RPS) =====================================: 34.9
average response time [100]719.0310810810811
average response time [101]697.352945945946
average response time [102]643.992
average response time [103]348.68921739130434
average response time [104]344.4323888888889
average response time [105]344.32904
average response time [106]343.3052
average response time [107]346.1892105263158
average response time [108]343.47304761904763
average response time [109]342.8177058823529
TOTAL AVERAGE RESPONSE TIME ====================: 447.3611837334937
NUMBER OF THREADS ==============================: 37
TOTAL AVERAGE RATE (RPS) =====================================: 36.6
average response time [110]349.97347368421055
average response time [111]347.97082608695655
average response time [112]343.92075
average response time [113]348.8275
average response time [114]343.1356
average response time [115]347.2278
average response time [116]346.64077272727275
average response time [117]339.32413333333335
average response time [118]343.77327777777776
average response time [119]354.2305714285714
TOTAL AVERAGE RESPONSE TIME ====================: 346.5024705038123
NUMBER OF THREADS ==============================: 38
TOTAL AVERAGE RATE (RPS) =====================================: 38.0
average response time [120]349.6531052631579
average response time [121]346.69024
average response time [122]348.2747619047619
average response time [123]347.3622941176471
average response time [124]352.38925
average response time [125]347.91555555555556
average response time [126]344.3475625
average response time [127]345.9015789473684
average response time [128]350.04535
average response time [129]340.18372222222223
TOTAL AVERAGE RESPONSE TIME ====================: 347.27634205107125
NUMBER OF THREADS ==============================: 39
TOTAL AVERAGE RATE (RPS) =====================================: 39.0
average response time [130]488.44984999999997
average response time [131]494.1244347826087
average response time [132]591.78075
average response time [133]516.3267894736842
average response time [134]472.5030952380952
average response time [135]456.06114285714284
average response time [136]677.43912
average response time [137]574.6397619047619
average response time [138]587.0985416666666
average response time [139]361.54853333333335
TOTAL AVERAGE RESPONSE TIME ====================: 521.9972019256293
NUMBER OF THREADS ==============================: 40
TOTAL AVERAGE RATE (RPS) =====================================: 37.0
average response time [140]479.19491304347827
average response time [141]572.2439090909091
average response time [142]1016.8831153846154
average response time [143]891.1892173913044
average response time [144]972.9739565217391
average response time [145]357.5785714285714
average response time [146]346.03778260869564
average response time [147]349.81255
average response time [148]353.4324090909091
average response time [149]348.285
TOTAL AVERAGE RESPONSE TIME ====================: 568.7631424560223
NUMBER OF THREADS ==============================: 45
TOTAL AVERAGE RATE (RPS) =====================================: 41.1
average response time [150]349.54920833333335
average response time [151]343.46012
average response time [152]349.50729411764706
average response time [153]773.466894736842
average response time [154]910.73925
average response time [155]913.2665
average response time [156]1041.7529285714286
average response time [157]928.81516
average response time [158]673.8763125
average response time [159]727.237705882353
TOTAL AVERAGE RESPONSE TIME ====================: 701.1671374141604
NUMBER OF THREADS ==============================: 50
TOTAL AVERAGE RATE (RPS) =====================================: 44.9
average response time [160]599.8932857142858
average response time [161]693.4315555555555
average response time [162]543.6705357142857
average response time [163]503.54976666666664
average response time [164]379.7037931034483
average response time [165]474.94533333333334
average response time [166]799.1389310344828
average response time [167]723.9175652173914
average response time [168]755.5724230769231
average response time [169]376.43995652173913
TOTAL AVERAGE RESPONSE TIME ====================: 585.0263145938112
NUMBER OF THREADS ==============================: 55
TOTAL AVERAGE RATE (RPS) =====================================: 52.9
average response time [170]352.15327272727274
average response time [171]354.73994444444446
average response time [172]349.54116666666664
average response time [173]350.02943999999997
average response time [174]353.9198260869565
average response time [175]358.6694
average response time [176]356.5254375
average response time [177]355.77
average response time [178]350.59826923076923
average response time [179]346.9418275862069
TOTAL AVERAGE RESPONSE TIME ====================: 352.8888584242316
NUMBER OF THREADS ==============================: 60
TOTAL AVERAGE RATE (RPS) =====================================: 60.0
average response time [180]358.7661428571428
average response time [181]346.69822727272725
average response time [182]352.07851851851854
average response time [183]360.88914814814814
average response time [184]349.1096
average response time [185]354.52715384615385
average response time [186]357.0748387096774
average response time [187]361.65645454545455
average response time [188]346.92175
average response time [189]347.0638
TOTAL AVERAGE RESPONSE TIME ====================: 353.47856338978227
NUMBER OF THREADS ==============================: 65
TOTAL AVERAGE RATE (RPS) =====================================: 65.0
average response time sent to Stackdriver [0]338.49275
average response time sent to Stackdriver [1]423.7973125
average response time sent to Stackdriver [2]342.41333333333336
average response time sent to Stackdriver [3]343.67570588235293
average response time sent to Stackdriver [4]656.1663142857143
average response time sent to Stackdriver [5]666.18225
average response time sent to Stackdriver [6]643.992
average response time sent to Stackdriver [7]349.6531052631579
average response time sent to Stackdriver [8]494.1244347826087
average response time sent to Stackdriver [9]574.6397619047619
average response time sent to Stackdriver [10]891.1892173913044
average response time sent to Stackdriver [11]910.73925
average response time sent to Stackdriver [12]693.4315555555555
average response time sent to Stackdriver [13]723.9175652173914
average response time sent to Stackdriver [14]346.9418275862069
NUMBER OF THREADS: [1, 2, 4, 8, 16, 32, 33, 34, 35, 36, 37, 38, 39, 40, 45, 50, 55, 60, 65]
WORKLOAD: HFU_LV AND HFU_HV;  
TOTAL EXECUTION TIME (Concurrent Parallel Requests): 164666.774
TOTAL NUMBER OF REPLICAS USED: 5

