[[445.187, 469.831, 505.405, 542.343, 582.239, 408.155, 437.625, 490.994, 609.604, 535.34, 630.709, 629.718, 572.197, 669.906, 656.286, 698.162, 792.412, 733.454, 828.006, 684.912, 854.68, 883.067, 765.798, 693.496, 796.614, 895.93, 830.528, 868.744, 946.112, 968.408, 902.737, 999.645, 942.217, 1052.832, 981.407, 1018.193, 1058.19, 1055.66, 1103.309, 1068.837, 1109.509, 1129.173, 1156.567, 1165.098, 1229.958, 1268.537, 1307.884, 1343.434, 1151.126, 1189.419]] 
AVERAGE RESPONSE TIME: 853.19188
NUMBER OF THREADS: [50]
WORKLOAD: LV_HF; PAL CONFIG: compression; NUMBER OF REPLICAS: 2 
TOTAL EXECUTION TIME (Concurrent Parallel Requests): 1822.694


[[507.827, 450.146, 434.517, 478.784, 512.398, 504.231, 530.195, 559.929, 505.232, 581.924, 535.549, 619.515, 665.932, 567.826, 758.607, 694.876, 794.991, 833.154, 652.936, 573.906, 753.569, 691.737, 843.638, 879.401, 846.691, 930.883, 1664.144, 920.977, 988.869, 938.078, 930.618, 965.975, 1108.98, 995.457, 1027.772, 1137.827, 1284.347, 1225.619, 1161.413, 990.521, 930.397, 1326.564, 1269.899, 1357.788, 1407.221, 1447.717, 982.53, 1468.931, 1042.956, 982.557]] 
AVERAGE RESPONSE TIME: 885.31102
NUMBER OF THREADS: [50]
WORKLOAD: LV_HF; PAL CONFIG: compression; NUMBER OF REPLICAS: 2 
TOTAL EXECUTION TIME (Concurrent Parallel Requests): 1948.516


[[468.752, 402.453, 513.847, 462.222, 406.975, 498.826, 547.415, 605.534, 652.136, 733.172, 789.748, 671.1, 829.392, 427.252, 904.869, 458.024, 981.997, 916.563, 1007.497, 464.544, 1023.06, 1068.831, 1160.274, 483.829, 1093.742, 506.635, 1165.511, 521.1, 679.186, 561.01, 608.035, 816.009, 696.803, 747.545, 829.917, 911.939, 855.441, 1188.371, 1136.067, 1223.226, 1259.965, 898.816, 986.347, 920.487, 1459.601, 1244.425, 1371.431, 1259.402, 1291.44, 939.578]] 
AVERAGE RESPONSE TIME: 833.00682
NUMBER OF THREADS: [50]
WORKLOAD: LV_HF; PAL CONFIG: compression; NUMBER OF REPLICAS: 2 
TOTAL EXECUTION TIME (Concurrent Parallel Requests): 1955.008


[[455.522, 493.658, 538.478, 572.136, 616.259, 439.925, 471.07, 516.862, 736.128, 550.389, 625.169, 670.811, 762.422, 572.109, 608.932, 889.289, 641.458, 775.959, 668.249, 892.117, 699.519, 768.518, 915.778, 804.462, 941.462, 988.598, 870.929, 962.814, 801.673, 884.199, 994.437, 1026.611, 953.354, 1122.661, 1048.036, 966.228, 1004.205, 1041.17, 1106.32, 1067.36, 1150.8890000000001, 1185.9279999999999, 1233.8890000000001, 1135.575, 1270.388, 1305.675, 1045.331, 1134.433, 1333.7069999999999, 1176.636]] 
AVERAGE RESPONSE TIME: 868.75454
NUMBER OF THREADS: [50]
WORKLOAD: LV_HF; PAL CONFIG: compression; NUMBER OF REPLICAS: 2 
TOTAL EXECUTION TIME (Concurrent Parallel Requests): 1824.127


[[516.227, 397.176, 443.728, 542.279, 385.866, 582.508, 627.517, 669.427, 412.557, 719.014, 756.118, 423.847, 774.988, 823.256, 457.057, 972.565, 853.96, 900.246, 990.353, 449.656, 489.192, 523.683, 572.127, 978.501, 613.324, 1032.23, 1119.76, 1061.916, 614.143, 1148.193, 657.792, 708.461, 751.84, 799.223, 1200.31, 850.145, 949.083, 883.238, 995.278, 1234.124, 1030.494, 1080.286, 1268.17, 1130.308, 1306.259, 1351.74, 1392.368, 1440.687, 1184.932, 1115.078]] 
AVERAGE RESPONSE TIME: 843.6246
NUMBER OF THREADS: [50]
WORKLOAD: LV_HF; PAL CONFIG: compression; NUMBER OF REPLICAS: 2 
TOTAL EXECUTION TIME (Concurrent Parallel Requests): 1846.613


[[413.801, 418.386, 447.957, 432.65, 557.912, 485.668, 602.028, 647.024, 680.631, 723.786, 766.306, 815.754, 853.409, 906.709, 399.268, 977.923, 974.491, 1015.272, 1053.575, 1092.182, 463.683, 1121.5529999999999, 1219.1100000000001, 1170.633, 1256.982, 487.129, 1277.415, 1323.453, 1417.916, 1356.017, 453.253, 595.374, 485.538, 525.495, 627.769, 1464.944, 1404.763, 649.822, 1491.267, 1542.721, 1585.7469999999998, 1644.191, 1699.0990000000002, 679.253, 767.889, 710.912, 1724.2649999999999, 1760.424, 747.452, 790.892]] 
AVERAGE RESPONSE TIME: 934.19386
NUMBER OF THREADS: [50]
WORKLOAD: LV_HF; PAL CONFIG: compression; NUMBER OF REPLICAS: 2 
TOTAL EXECUTION TIME (Concurrent Parallel Requests): 2186.747


[[501.19, 427.393, 427.539, 580.057, 520.289, 628.436, 682.706, 492.851, 434.786, 761.179, 708.152, 521.233, 564.162, 646.997, 757.893, 574.295, 786.946, 844.391, 891.936, 937.461, 983.69, 639.049, 686.075, 1019.024, 710.385, 1055.85, 729.994, 1114.049, 1065.72, 757.276, 799.423, 1136.246, 1184.125, 1224.956, 825.652, 1270.278, 1311.433, 856.399, 1348.8319999999999, 1416.367, 1470.065, 883.694, 1502.758, 923.881, 962.489, 1530.984, 993.539, 1019.018, 1065.064, 1534.146]] 
AVERAGE RESPONSE TIME: 894.20706
NUMBER OF THREADS: [50]
WORKLOAD: LV_HF; PAL CONFIG: compression; NUMBER OF REPLICAS: 2 
TOTAL EXECUTION TIME (Concurrent Parallel Requests): 1966.978


[[504.022, 555.334, 478.592, 555.249, 602.706, 631.284, 460.551, 651.351, 491.417, 536.173, 666.551, 713.926, 763.894, 804.059, 540.848, 837.641, 882.773, 565.055, 959.786, 887.319, 1044.359, 981.64, 562.173, 1071.155, 604.175, 663.307, 1098.47, 1147.559, 1256.054, 1190.598, 1298.2559999999999, 667.973, 714.421, 1368.345, 748.341, 788.42, 1393.675, 816.792, 861.201, 906.268, 1411.825, 936.708, 977.234, 1427.462, 1467.319, 993.744, 1499.568, 1032.9, 1536.699, 1069.151]] 
AVERAGE RESPONSE TIME: 892.48646
NUMBER OF THREADS: [50]
WORKLOAD: LV_HF; PAL CONFIG: compression; NUMBER OF REPLICAS: 2 
TOTAL EXECUTION TIME (Concurrent Parallel Requests): 2042.713


[[590.313, 519.749, 737.454, 508.198, 595.189, 465.919, 680.862, 802.23, 607.376, 541.043, 777.621, 598.788, 818.591, 857.667, 607.569, 659.082, 699.351, 817.448, 745.22, 685.508, 849.007, 894.78, 1043.765, 933.12, 764.408, 982.187, 1218.188, 1047.812, 1088.298, 1136.922, 1233.754, 743.716, 1278.283, 1324.507, 1435.297, 1378.042, 744.338, 779.684, 1316.9270000000001, 809.801, 892.091, 1438.45, 1483.7359999999999, 1541.4769999999999, 1589.912, 1634.4389999999999, 1686.837, 1006.451, 881.649, 939.07]] 
AVERAGE RESPONSE TIME: 948.24252
NUMBER OF THREADS: [50]
WORKLOAD: LV_HF; PAL CONFIG: compression; NUMBER OF REPLICAS: 2 
TOTAL EXECUTION TIME (Concurrent Parallel Requests): 2153.794


[[454.176, 456.329, 556.956, 588.959, 475.2, 461.701, 628.173, 679.696, 721.757, 754.547, 521.379, 466.477, 778.853, 669.322, 548.943, 807.212, 601.407, 687.007, 842.461, 909.927, 956.538, 705.957, 742.411, 786.582, 982.582, 822.493, 1017.164, 861.102, 955.662, 896.547, 995.498, 1029.192, 1036.741, 1116.696, 1075.22, 1173.848, 1114.327, 1128.174, 1227.722, 1195.666, 1161.734, 1245.167, 1215.856, 1271.827, 1238.205, 1284.892, 1320.261, 1290.635, 1350.255, 1366.866]] 
AVERAGE RESPONSE TIME: 903.52604
NUMBER OF THREADS: [50]
WORKLOAD: LV_HF; PAL CONFIG: compression; NUMBER OF REPLICAS: 2 
TOTAL EXECUTION TIME (Concurrent Parallel Requests): 1756.9160000000002


