[[491.872, 485.316, 476.359, 484.065, 545.638, 489.521, 492.36, 514.267, 480.348, 495.455, 483.465, 520.967, 508.282, 505.119, 501.288, 493.832, 1499.41, 484.336, 481.655, 513.386, 545.291, 1489.871, 482.394, 1466.266, 486.242, 491.807, 488.393, 477.016, 475.862, 486.634, 468.539, 463.597, 467.558, 471.376, 538.233, 460.805, 446.705, 503.373, 484.617, 495.186, 494.448, 518.09, 482.419, 471.018, 467.704, 479.9, 459.437, 479.471, 466.376, 464.154, 464.44, 495.662, 458.484, 460.13, 458.173, 446.656, 548.964, 481.663, 518.852, 514.922, 541.643, 484.498, 489.789, 458.731, 504.941, 451.991, 489.223, 468.584, 472.83, 451.607, 465.879, 490.392, 468.516, 471.673, 490.333, 471.001, 485.737, 478.754, 494.569, 469.173, 469.408, 468.706, 486.332, 467.947, 470.068, 472.043, 497.96, 483.63, 464.312, 471.085, 476.782, 498.191, 505.732, 482.939, 461.863, 446.825, 458.603, 451.508, 469.259, 446.784]] 
AVERAGE RESPONSE TIME: 513.1751
NUMBER OF THREADS: [100]
WORKLOAD: LV_HF; PAL CONFIG: cache_and_compression; NUMBER OF REPLICAS: 1 
TOTAL EXECUTION TIME (Concurrent Parallel Requests): 1737.894


[[470.526, 454.394, 456.066, 455.159, 463.608, 511.224, 498.805, 484.47, 483.423, 474.221, 463.639, 482.79, 510.932, 476.818, 493.704, 501.669, 518.504, 476.936, 482.188, 478.019, 479.017, 504.473, 516.878, 498.135, 485.994, 524.365, 479.768, 485.03, 494.374, 481.18, 483.329, 504.186, 524.427, 525.209, 519.621, 490.714, 526.08, 489.982, 483.95, 486.686, 493.631, 1381.161, 504.103, 488.374, 507.751, 503.251, 508.153, 507.488, 512.484, 506.875, 530.992, 486.251, 516.75, 527.639, 523.591, 501.89, 484.581, 527.624, 497.681, 493.279, 478.202, 517.811, 493.423, 492.595, 501.139, 490.886, 579.543, 535.957, 526.276, 484.351, 503.434, 485.391, 486.765, 521.03, 501.455, 483.86, 490.912, 502.998, 495.668, 488.862, 529.101, 480.381, 517.304, 495.865, 475.075, 499.847, 476.337, 508.161, 485.141, 488.316, 492.024, 511.337, 479.817, 481.613, 466.176, 524.262, 492.143, 464.804, 472.105, 476.771]] 
AVERAGE RESPONSE TIME: 505.0118
NUMBER OF THREADS: [100]
WORKLOAD: LV_HF; PAL CONFIG: cache_and_compression; NUMBER OF REPLICAS: 1 
TOTAL EXECUTION TIME (Concurrent Parallel Requests): 1820.825


[[527.425, 498.073, 517.051, 492.044, 490.693, 504.205, 486.956, 494.27, 475.828, 503.849, 488.147, 493.176, 476.842, 472.015, 494.593, 468.4, 462.086, 500.561, 475.528, 474.553, 484.662, 463.84, 457.943, 489.773, 466.193, 478.309, 469.231, 464.341, 492.537, 494.419, 488.67, 508.304, 500.378, 485.314, 484.381, 488.468, 511.389, 498.216, 499.327, 503.877, 503.48, 492.133, 526.53, 497.101, 503.948, 497.879, 493.688, 495.294, 499.158, 491.061, 494.419, 502.408, 491.271, 483.507, 488.862, 495.942, 491.256, 485.262, 502.745, 497.542, 516.426, 495.517, 512.097, 500.233, 526.471, 514.838, 502.502, 512.925, 508.114, 496.918, 493.167, 486.62, 503.026, 515.336, 508.62, 508.695, 486.915, 493.314, 483.734, 582.871, 540.466, 519.055, 488.312, 479.36, 477.861, 516.454, 524.977, 471.19, 463.631, 487.996, 469.333, 470.543, 467.95, 473.075, 453.578, 525.366, 506.353, 509.048, 492.828, 461.018]] 
AVERAGE RESPONSE TIME: 494.06086
NUMBER OF THREADS: [100]
WORKLOAD: LV_HF; PAL CONFIG: cache_and_compression; NUMBER OF REPLICAS: 1 
TOTAL EXECUTION TIME (Concurrent Parallel Requests): 1772.001


[[500.406, 486.237, 1377.126, 474.964, 485.151, 483.169, 771.343, 482.626, 493.384, 479.641, 495.555, 488.36, 495.793, 488.699, 492.122, 496.656, 485.998, 518.764, 476.915, 476.721, 509.549, 488.721, 480.093, 486.217, 484.614, 486.445, 479.64, 472.189, 483.039, 491.319, 480.031, 478.641, 506.904, 491.481, 516.176, 1455.9470000000001, 493.473, 494.619, 477.827, 492.581, 488.978, 480.513, 495.645, 472.059, 471.627, 480.897, 498.441, 486.42, 527.215, 528.198, 530.281, 516.099, 501.169, 501.63, 508.649, 501.248, 476.914, 501.54, 500.745, 494.085, 472.502, 479.205, 463.57, 458.616, 450.544, 512.519, 468.65, 477.182, 479.747, 452.218, 479.737, 542.117, 493.359, 465.077, 488.317, 539.706, 457.89, 506.223, 549.051, 499.925, 501.627, 445.968, 448.848, 450.314, 560.236, 465.203, 465.965, 480.94, 520.959, 497.496, 473.574, 468.727, 505.81, 453.985, 485.796, 455.399, 478.503, 451.98, 466.078, 461.552]] 
AVERAGE RESPONSE TIME: 509.36604
NUMBER OF THREADS: [100]
WORKLOAD: LV_HF; PAL CONFIG: cache_and_compression; NUMBER OF REPLICAS: 1 
TOTAL EXECUTION TIME (Concurrent Parallel Requests): 1749.351


[[499.794, 498.217, 517.729, 511.565, 518.137, 549.099, 504.319, 515.994, 509.56, 504.281, 519.139, 495.698, 498.318, 486.932, 497.867, 497.36, 474.355, 506.09, 494.603, 489.999, 500.089, 492.89, 479.098, 486.83, 472.353, 509.155, 481.916, 487.38, 476.774, 471.201, 480.784, 471.74, 471.664, 482.268, 473.871, 488.928, 490.253, 520.049, 487.274, 479.314, 486.601, 464.685, 488.348, 481.245, 478.262, 486.595, 457.709, 469.349, 485.683, 490.756, 475.977, 491.173, 469.493, 476.455, 470.941, 472.188, 484.951, 502.292, 509.392, 488.173, 491.551, 460.786, 484.122, 482.485, 482.038, 463.005, 456.743, 478.325, 452.069, 462.634, 466.086, 510.253, 517.326, 495.731, 448.306, 450.357, 464.574, 466.463, 475.817, 453.64, 451.86, 444.789, 439.294, 447.3, 451.513, 452.948, 474.028, 445.325, 443.383, 440.892, 431.913, 428.951, 448.091, 428.321, 444.633, 448.6, 505.146, 443.106, 452.564, 454.495]] 
AVERAGE RESPONSE TIME: 478.62618
NUMBER OF THREADS: [100]
WORKLOAD: LV_HF; PAL CONFIG: cache_and_compression; NUMBER OF REPLICAS: 1 
TOTAL EXECUTION TIME (Concurrent Parallel Requests): 1496.786


[[511.137, 496.375, 505.597, 488.804, 492.848, 475.112, 476.471, 478.477, 487.738, 487.944, 486.622, 473.446, 477.752, 468.409, 484.282, 488.535, 469.326, 476.212, 481.386, 474.465, 473.506, 1436.991, 491.13, 487.369, 503.663, 484.2, 490.183, 468.732, 486.912, 474.586, 481.946, 465.806, 462.839, 502.497, 496.468, 490.774, 501.25, 497.067, 489.727, 486.027, 521.193, 490.863, 514.852, 502.744, 497.083, 489.783, 490.374, 488.125, 485.229, 478.251, 477.317, 476.92, 467.451, 490.315, 484.029, 491.702, 502.184, 484.149, 490.2, 543.496, 512.355, 524.172, 509.379, 512.545, 501.106, 506.642, 521.919, 490.136, 528.714, 527.276, 526.893, 519.166, 471.378, 489.129, 474.139, 478.056, 476.711, 470.625, 468.529, 478.85, 476.215, 487.692, 468.015, 473.401, 469.028, 475.311, 495.73, 489.354, 509.774, 537.455, 488.34, 485.505, 475.481, 467.26, 465.147, 503.598, 522.47, 476.469, 463.585, 465.3]] 
AVERAGE RESPONSE TIME: 499.01721
NUMBER OF THREADS: [100]
WORKLOAD: LV_HF; PAL CONFIG: cache_and_compression; NUMBER OF REPLICAS: 1 
TOTAL EXECUTION TIME (Concurrent Parallel Requests): 1625.696


