[[519.618, 617.397, 706.945, 1073.029, 661.569, 795.597, 412.357, 736.691, 962.213, 460.389, 552.37, 830.393, 753.548, 834.91, 1005.558, 1044.453, 1184.684, 1086.498, 1126.976, 1221.459, 1246.503, 1241.378, 1285.254, 1329.824, 1369.452, 1413.635, 1448.373, 1489.326, 1565.5610000000001, 1608.645, 1645.441, 1504.634, 1705.696, 1851.437, 1970.103, 1923.26, 2002.807, 2074.735, 2180.727, 2124.756, 2291.842, 2191.757, 2225.727, 2354.1530000000002, 2469.5299999999997, 2411.462, 2501.191, 2540.9700000000003, 2581.986, 2665.382, 2704.85, 2779.9030000000002, 2804.4139999999998, 2818.544, 2897.612, 2840.304, 2923.25, 2966.817, 2996.2889999999998, 3022.501, 3090.092, 3022.821, 3161.148, 3112.258, 3194.926, 3232.42, 3272.483, 3381.412, 3469.862, 3289.723, 3404.828, 3537.9809999999998, 3479.7780000000002, 3689.1530000000002, 3610.127, 3766.219, 3714.933, 3795.9210000000003, 3836.982, 3884.654, 3927.617, 3967.623, 4008.46, 4045.958, 4194.23, 4073.999, 4110.329, 4287.141, 4324.68, 4366.891, 4452.248, 4628.236, 4482.117, 4516.289, 4376.842, 4632.629, 4537.906, 4699.908, 4644.199, 4728.853, 4771.902, 4901.511, 4810.941, 4838.686, 4928.562, 4957.871, 5106.723, 5006.748, 5183.79, 5256.525, 5294.075, 5343.798, 5381.524, 5414.969, 5467.975, 5506.46, 5542.692, 5717.139, 5757.927, 5568.445, 5654.051, 5595.2029999999995, 5762.506, 5837.327, 5776.523, 6077.377, 6151.625, 6087.249, 6347.483, 5816.249, 6147.636, 6231.071, 6180.267, 6400.176, 5839.994, 6441.769, 6328.215, 6890.469, 6227.328, 5848.543, 6455.798, 6913.6, 6614.334, 6474.724, 6515.877, 6541.9400000000005, 6629.898, 6702.14, 6761.662, 5810.025]] 
AVERAGE RESPONSE TIME: 3668.8658866666665
NUMBER OF THREADS: [150]
WORKLOAD: LV_HF; PAL CONFIG: cache; NUMBER OF REPLICAS: 1 
TOTAL EXECUTION TIME (Concurrent Parallel Requests): 8255.481


[[490.497, 385.684, 417.04, 503.854, 559.536, 611.569, 725.206, 628.873, 674.788, 757.531, 791.108, 863.969, 884.902, 921.74, 957.024, 998.661, 1032.796, 1094.798, 1117.459, 1214.62, 1278.175, 1372.454, 1317.253, 1405.546, 1450.373, 1479.812, 1515.071, 1557.071, 1602.1660000000002, 1632.6950000000002, 1706.674, 1644.321, 1826.27, 1733.7069999999999, 1901.393, 1841.748, 1800.5349999999999, 1916.525, 1954.441, 2010.689, 2049.039, 2135.911, 2079.771, 2167.225, 2271.0, 2200.286, 2307.468, 2337.463, 2362.489, 2403.219, 2429.751, 2474.005, 2507.782, 2584.5370000000003, 2523.384, 2601.551, 2632.114, 2666.323, 2760.002, 2686.852, 2860.408, 2813.15, 2870.112, 2905.281, 2945.966, 3022.537, 2966.172, 3043.825, 3126.034, 3171.525, 3055.519, 3174.787, 3212.95, 3280.487, 3231.258, 3347.9030000000002, 3285.025, 3415.6, 3368.151, 3688.023, 3492.306, 3420.109, 3532.024, 3595.91, 3531.631, 3760.0789999999997, 3659.119, 3680.63, 3808.191, 3756.178, 3813.788, 3854.07, 3881.864, 3910.642, 3949.425, 4021.769, 3973.557, 4038.554, 4071.367, 4097.98, 4132.18, 4165.363, 4223.358, 4307.091, 4241.67, 4321.37, 4359.862, 4402.739, 4484.767, 4429.296, 4505.768, 4535.807, 4569.217, 4600.742, 4631.61, 4665.543, 4790.046, 4695.216, 4722.05, 4785.71, 4818.3, 4893.509, 4982.763, 4833.2119999999995, 5131.0869999999995, 5035.971, 5271.764, 5303.664, 5166.524, 5328.949, 5543.349, 5718.691, 5620.998, 5330.145, 5546.637, 5624.195, 5324.201, 5684.33, 5834.995, 5780.243, 5953.232, 5325.423, 5694.378, 5838.746, 5970.455, 6005.078, 5320.893, 5829.409, 5995.867, 6028.164]] 
AVERAGE RESPONSE TIME: 3264.6481933333334
NUMBER OF THREADS: [150]
WORKLOAD: LV_HF; PAL CONFIG: cache; NUMBER OF REPLICAS: 1 
TOTAL EXECUTION TIME (Concurrent Parallel Requests): 7709.635


[[410.616, 450.067, 577.068, 481.017, 530.935, 604.905, 686.17, 645.871, 720.451, 784.691, 836.996, 879.679, 916.027, 996.786, 943.507, 1153.893, 1042.345, 1101.078, 1174.234, 1210.321, 1259.8899999999999, 1354.85, 1262.468, 1365.003, 1456.983, 1397.204, 1471.728, 1510.712, 1560.609, 1598.623, 1731.222, 1632.0529999999999, 1671.22, 1760.173, 1798.279, 1924.06, 1825.03, 1988.863, 2142.0, 2260.723, 2068.393, 2017.803, 2282.843, 2175.108, 2304.986, 2113.163, 2326.565, 2363.438, 2451.675, 2484.556, 2379.35, 2503.998, 2533.4049999999997, 2573.892, 2603.601, 2670.715, 2769.281, 2800.998, 2681.042, 2969.45, 2924.334, 2814.0860000000002, 2832.462, 2970.9120000000003, 3017.095, 3037.582, 3073.982, 3104.75, 3137.5389999999998, 3177.813, 3208.013, 3288.052, 3229.777, 3318.532, 3354.611, 3418.235, 3518.236, 3464.904, 3596.214, 3544.518, 3622.91, 3660.618, 3704.994, 3744.832, 3779.638, 3817.429, 3856.381, 3894.377, 3954.8, 4042.464, 3980.752, 4069.506, 4096.672, 4125.885, 4151.105, 4189.09, 4264.7119999999995, 4403.027, 4303.564, 4342.472, 4465.183, 4408.236, 4496.633, 4526.989, 4558.493, 4589.389, 4630.818, 4662.864, 4705.134, 4734.449, 4865.278, 4772.18, 4799.6939999999995, 4931.427, 5089.655, 4865.625, 5124.963, 5139.862, 4903.108, 5151.205, 5264.024, 5201.564, 5274.489, 5350.229, 5295.185, 5414.716, 5452.516, 5350.523, 5755.816, 5458.094, 5494.777, 5814.3150000000005, 5886.906, 5960.985, 6094.966, 6033.8, 6123.608, 5461.735, 6179.998, 6123.604, 6211.435, 6240.1630000000005, 6282.073, 5430.424, 5475.591, 6298.216, 6419.332, 6328.341, 6358.474, 5447.735]] 
AVERAGE RESPONSE TIME: 3407.56204
NUMBER OF THREADS: [150]
WORKLOAD: LV_HF; PAL CONFIG: cache; NUMBER OF REPLICAS: 1 
TOTAL EXECUTION TIME (Concurrent Parallel Requests): 8026.505


[[444.242, 383.894, 456.642, 504.22, 546.277, 564.294, 607.372, 648.829, 728.793, 679.283, 777.172, 803.162, 834.163, 877.061, 913.969, 951.952, 1056.082, 1077.79, 972.616, 1115.946, 1195.159, 1152.895, 1238.16, 1301.819, 1249.289, 1446.761, 1392.3020000000001, 1319.423, 1465.108, 1502.286, 1582.088, 1531.237, 1623.3220000000001, 1712.344, 1656.289, 1739.2649999999999, 1777.308, 1803.688, 1886.363, 1831.223, 1918.891, 2084.416, 1946.363, 2025.31, 1964.068, 2133.553, 2078.434, 2202.08, 2270.641, 2313.596, 2344.7690000000002, 2425.023, 2376.907, 2447.651, 2485.089, 2513.605, 2555.178, 2596.096, 2632.882, 2675.82, 2711.384, 2800.395, 2836.305, 2747.493, 2854.6710000000003, 3001.936, 2942.5879999999997, 2873.941, 3007.894, 3037.26, 3120.664, 3155.338, 3058.216, 3187.359, 3224.818, 3272.192, 3300.963, 3379.133, 3359.442, 3433.676, 3516.5460000000003, 3451.574, 3594.6620000000003, 3543.0190000000002, 3631.924, 3785.226, 3665.23, 3704.7960000000003, 3904.523, 3812.522, 4034.954, 3838.5, 3964.983, 3908.389, 4185.999, 4091.271, 4119.814, 4018.188, 4194.332, 4236.509, 4356.352, 4260.314, 4289.431, 4374.746, 4411.506, 4440.988, 4477.483, 4516.066, 4652.1900000000005, 4579.927, 4680.853, 4761.878, 4788.861, 4820.541, 4839.876, 4880.334, 4917.015, 5141.916, 5178.467, 4943.824, 4978.629, 5013.501, 5057.566, 5182.66, 5214.664, 5225.279, 5311.094, 5531.719, 5234.561, 5600.982, 5687.943, 5317.628, 5533.734, 5615.954, 5700.752, 5319.362, 5720.086, 5317.04, 5712.611, 5751.82, 5793.552, 5315.305, 5850.945, 5796.222, 5887.059, 6016.303, 5956.041, 5901.809, 6032.134, 6099.381]] 
AVERAGE RESPONSE TIME: 3265.58662
NUMBER OF THREADS: [150]
WORKLOAD: LV_HF; PAL CONFIG: cache; NUMBER OF REPLICAS: 1 
TOTAL EXECUTION TIME (Concurrent Parallel Requests): 7647.623


[[875.616, 441.074, 762.283, 718.656, 536.511, 614.412, 578.345, 671.349, 496.403, 777.669, 880.076, 834.265, 908.122, 954.73, 988.95, 1045.061, 1066.422, 1106.433, 1140.894, 1182.974, 1216.685, 1272.5, 1292.8319999999999, 1329.2939999999999, 1372.2939999999999, 1555.001, 1388.901, 1452.65, 1478.375, 1553.204, 1593.818, 1626.856, 1666.0439999999999, 1714.502, 1755.998, 1842.079, 1789.962, 1917.672, 1868.0610000000001, 1959.3, 2003.951, 2043.831, 2084.138, 2121.262, 2161.033, 2197.946, 2238.576, 2297.684, 2375.555, 2440.533, 2478.495, 2513.557, 2549.9210000000003, 2578.987, 2604.073, 2646.594, 2774.6710000000003, 2664.508, 2699.583, 2782.105, 2816.367, 2851.392, 2881.1, 2917.91, 3044.767, 2941.179, 2973.999, 3078.053, 3101.935, 3126.194, 3166.141, 3200.685, 3220.994, 3265.854, 3303.002, 3335.724, 3417.865, 3366.284, 3436.846, 3470.702, 3504.803, 3533.71, 3610.899, 3555.005, 3765.958, 3628.416, 3654.593, 3808.261, 3673.948, 3836.869, 3854.235, 3886.258, 3921.42, 3949.284, 3981.0389999999998, 4019.472, 4051.384, 4134.715, 4077.691, 4153.625, 4191.868, 4277.835, 4222.17, 4401.048, 4311.118, 4341.767, 4421.202, 4451.052, 4489.411, 4557.08, 4597.773, 4628.698, 4666.827, 4746.617, 4784.505, 4680.442, 4818.603, 4904.765, 4857.732, 4990.13, 4943.153, 5022.988, 5167.7, 5068.439, 5107.807, 5197.057, 5275.765, 5230.2, 5582.096, 5657.106, 5518.182, 5815.155, 5582.107, 5705.274, 5742.464, 5653.151, 5218.005, 5254.407, 5834.096, 5873.241, 5772.1720000000005, 5899.55, 6117.288, 6060.342, 5954.724, 5988.009, 6117.515, 5280.69, 5870.006, 5208.071]] 
AVERAGE RESPONSE TIME: 3293.72838
NUMBER OF THREADS: [150]
WORKLOAD: LV_HF; PAL CONFIG: cache; NUMBER OF REPLICAS: 1 
TOTAL EXECUTION TIME (Concurrent Parallel Requests): 7627.028


