[[419.92]] 
RATE (RPS) =====================================: 1

[[371.716]] 
RATE (RPS) =====================================: 1

[[381.859]] 
RATE (RPS) =====================================: 1

[[376.232]] 
RATE (RPS) =====================================: 1

[[378.012]] 
RATE (RPS) =====================================: 1

[[375.629]] 
RATE (RPS) =====================================: 1

[[374.178]] 
RATE (RPS) =====================================: 1

[[399.752]] 
RATE (RPS) =====================================: 1

[[377.309]] 
RATE (RPS) =====================================: 1

[[373.943]] 
RATE (RPS) =====================================: 1

[[393.763, 445.433]] 
RATE (RPS) =====================================: 2

[[382.229, 421.521]] 
RATE (RPS) =====================================: 2

[[437.544, 382.118]] 
RATE (RPS) =====================================: 2

[[375.15, 418.772]] 
RATE (RPS) =====================================: 2

[[444.365, 397.239]] 
RATE (RPS) =====================================: 2

[[401.201, 449.033]] 
RATE (RPS) =====================================: 2

[[387.995, 450.67]] 
RATE (RPS) =====================================: 2

[[472.535, 397.422]] 
RATE (RPS) =====================================: 2

[[394.401, 424.459]] 
RATE (RPS) =====================================: 2

[[379.456, 419.586]] 
RATE (RPS) =====================================: 2

[[553.157, 450.267, 397.414, 488.814]] 
RATE (RPS) =====================================: 4

[[390.381, 482.268, 531.951, 420.632]] 
RATE (RPS) =====================================: 4

[[384.41, 429.988, 465.506, 512.784]] 
RATE (RPS) =====================================: 4

[[430.329, 376.303, 532.983, 564.515]] 
RATE (RPS) =====================================: 4

[[412.58, 444.662, 480.443, 516.305]] 
RATE (RPS) =====================================: 4

[[396.674, 443.322, 520.034, 470.577]] 
RATE (RPS) =====================================: 4

[[565.161, 412.743, 458.32, 478.621]] 
RATE (RPS) =====================================: 4

[[438.538, 392.099, 468.308, 506.401]] 
RATE (RPS) =====================================: 4

[[383.128, 432.059, 461.58, 500.487]] 
RATE (RPS) =====================================: 4

[[395.6, 500.535, 427.097, 518.898]] 
RATE (RPS) =====================================: 4

[[405.518, 507.249, 450.626, 536.068, 601.052, 648.929, 730.104, 778.863]] 
RATE (RPS) =====================================: 8

[[415.247, 562.848, 454.835, 486.785, 584.345, 707.705, 596.126, 637.04]] 
RATE (RPS) =====================================: 8

[[380.965, 539.257, 435.619, 467.455, 557.905, 690.876, 592.013, 628.083]] 
RATE (RPS) =====================================: 8

[[486.093, 381.262, 425.156, 516.156, 599.307, 535.97, 623.713, 674.194]] 
RATE (RPS) =====================================: 8

[[381.416, 422.148, 464.482, 578.072, 606.325, 510.759, 633.698, 678.248]] 
RATE (RPS) =====================================: 8

[[376.032, 461.773, 417.176, 498.009, 660.547, 552.499, 591.799, 681.961]] 
RATE (RPS) =====================================: 8

[[535.609, 417.693, 452.805, 548.544, 583.651, 631.335, 664.138, 711.869]] 
RATE (RPS) =====================================: 8

[[390.051, 425.891, 539.582, 467.804, 574.327, 611.267, 654.823, 705.522]] 
RATE (RPS) =====================================: 8

[[391.227, 453.056, 522.976, 667.037, 581.755, 704.856, 609.065, 732.384]] 
RATE (RPS) =====================================: 8

[[513.161, 466.082, 549.05, 595.677, 656.188, 745.811, 779.975, 682.066]] 
RATE (RPS) =====================================: 8

[[445.466, 400.101, 470.288, 687.009, 510.433, 709.516, 547.598, 758.655, 588.641, 833.964, 860.922, 909.225, 868.596, 981.846, 925.642, 1014.503]] 
RATE (RPS) =====================================: 15

[[393.572, 439.587, 471.094, 517.567, 565.496, 633.39, 685.218, 781.129, 713.551, 849.979, 795.642, 882.462, 1026.287, 920.832, 956.738, 1061.672]] 
RATE (RPS) =====================================: 14

[[386.369, 441.126, 506.375, 544.97, 574.353, 628.086, 714.866, 765.273, 800.237, 839.077, 1043.877, 898.007, 933.6, 977.882, 1595.3020000000001, 1064.163]] 
RATE (RPS) =====================================: 13

[[382.457, 426.217, 460.949, 495.324, 531.223, 571.582, 610.884, 724.813, 667.658, 753.0, 793.937, 886.087, 832.569, 923.695, 960.53, 997.936]] 
RATE (RPS) =====================================: 16

[[446.004, 388.296, 473.266, 602.845, 666.524, 495.704, 724.878, 678.195, 764.755, 808.108, 938.813, 839.48, 881.8, 963.371, 1016.779, 1055.8220000000001]] 
RATE (RPS) =====================================: 14

[[404.664, 507.756, 446.079, 626.709, 528.552, 656.11, 555.417, 682.749, 820.16, 767.692, 718.131, 847.477, 894.595, 937.77, 976.108, 1017.242]] 
RATE (RPS) =====================================: 15

[[388.699, 492.355, 419.668, 543.546, 567.296, 602.7, 692.313, 639.41, 732.911, 764.726, 803.528, 840.654, 882.011, 913.79, 949.429, 1002.167]] 
RATE (RPS) =====================================: 15

[[437.179, 387.496, 467.952, 507.079, 547.043, 634.816, 584.956, 667.346, 702.358, 791.786, 743.213, 830.579, 871.95, 918.09, 976.003, 1042.097]] 
RATE (RPS) =====================================: 15

[[471.638, 419.324, 541.407, 494.909, 557.133, 593.001, 631.72, 684.297, 725.963, 773.919, 975.423, 800.689, 867.829, 904.687, 991.514, 1026.669]] 
RATE (RPS) =====================================: 15

[[497.182, 399.083, 425.945, 558.306, 510.785, 589.872, 635.972, 750.601, 693.546, 783.664, 814.26, 862.062, 900.77, 942.66, 983.321, 1023.921]] 
RATE (RPS) =====================================: 15

[[384.294, 489.637, 424.693, 605.224, 522.08, 636.693, 672.794, 706.932, 752.188, 796.07, 932.498, 881.078, 1022.866, 967.679, 1044.281, 1972.29, 1071.987, 1137.796, 1252.894, 1216.685, 1272.2649999999999, 1316.53, 1372.356, 1434.157, 1489.893, 1529.3310000000001, 1627.742, 1665.749, 1562.136, 1687.5610000000001, 1724.3049999999998, 1774.3029999999999]] 
RATE (RPS) =====================================: 13

[[492.087, 386.06, 596.3, 538.792, 491.3, 619.737, 643.012, 659.705, 703.857, 743.197, 786.875, 830.89, 875.169, 910.927, 934.762, 953.276, 997.491, 1042.764]] 
RATE (RPS) =====================================: 31

[[396.402, 406.149, 449.819, 470.052, 504.339, 528.142, 573.167, 656.077, 601.74, 685.705, 726.469, 744.925, 767.971, 813.461, 919.519, 849.498, 977.934]] 
RATE (RPS) =====================================: 32

[[384.233, 428.035, 471.876, 509.391, 546.913, 589.762, 632.124, 672.694, 717.268, 732.818, 803.537, 846.425, 887.916, 910.396, 951.82, 1007.631, 1034.639]] 
RATE (RPS) =====================================: 30

[[382.38, 451.459, 477.088, 505.815, 539.863, 597.147, 690.364, 770.164, 811.172, 856.216, 905.617, 935.241, 986.697, 1021.063, 1051.779, 1084.25, 1118.07, 1063.405, 1168.2640000000001, 1225.077, 1261.255]] 
RATE (RPS) =====================================: 24

[[387.705, 419.926, 445.423, 477.663, 509.101, 542.599, 577.847, 622.79, 663.017, 706.168, 762.394, 805.704, 694.443, 812.269, 848.143]] 
RATE (RPS) =====================================: 32

[[455.573, 403.618, 480.406, 523.297, 553.0, 596.103, 630.538, 668.575, 690.823, 735.548, 766.14, 807.49, 848.937, 900.95, 968.264, 983.61, 1008.566, 1028.193]] 
RATE (RPS) =====================================: 30

[[386.26, 431.745, 466.376, 509.216, 514.817, 550.452, 590.869, 646.783, 715.585, 748.054, 787.552, 860.282, 801.844, 873.899, 915.934, 1091.211, 936.391, 1018.952, 1167.829, 1104.273, 1199.306]] 
RATE (RPS) =====================================: 27

[[461.653, 494.299, 518.098, 528.966, 566.17, 605.357, 645.665, 689.296, 769.325, 691.897, 782.977, 828.197, 836.121, 858.819, 888.576, 924.882, 971.931, 1047.691, 1094.826]] 
RATE (RPS) =====================================: 30

[[502.485, 446.326, 535.406, 561.121, 1356.223, 634.375, 675.281, 688.682, 725.597, 892.901, 787.27, 824.802, 906.901, 949.351, 970.636, 1008.564, 1887.386, 1130.069, 1073.959, 1136.967, 1167.461, 1439.249]] 
RATE (RPS) =====================================: 24

[[448.869, 1424.9850000000001, 431.348, 462.488, 487.76, 523.989, 551.5, 2457.676, 573.865, 684.149, 1425.873, 614.94, 2182.662, 698.938, 716.18, 1472.299, 1480.604, 792.129, 829.322]] 
RATE (RPS) =====================================: 27

[[388.753, 444.098, 474.536, 517.563, 554.094, 498.356, 570.421, 605.548, 499.012, 629.014, 694.119, 855.776, 917.795, 658.0]] 
RATE (RPS) =====================================: 33

[[1069.097, 428.951, 1605.262, 438.991, 1411.385, 445.519, 1419.942, 400.942, 483.826, 611.851]] 
RATE (RPS) =====================================: 29

[[404.315, 466.155, 406.808, 3372.332, 450.988, 475.689, 493.318, 496.139, 756.122, 580.222]] 
RATE (RPS) =====================================: 32

[[406.382, 413.846, 449.524, 498.088, 445.147, 1438.8310000000001, 1684.8609999999999]] 
RATE (RPS) =====================================: 31

[[454.364, 599.005, 477.923, 502.322, 1413.753, 457.965, 1409.33, 2132.103, 466.093, 1471.38, 471.881, 496.621, 528.37, 601.668, 557.307, 1449.253, 1271.436]] 
RATE (RPS) =====================================: 27

[[394.9, 417.743, 445.663, 471.114, 516.606, 485.705, 497.996, 1413.578, 1461.246, 452.801, 472.493]] 
RATE (RPS) =====================================: 31

[[426.886, 448.339, 400.57, 435.529, 439.666, 453.567, 465.83, 482.61]] 
RATE (RPS) =====================================: 33

[[392.111, 438.349, 455.192, 488.137, 515.651, 556.039, 590.168, 602.387, 667.311, 705.091, 715.548, 716.427]] 
RATE (RPS) =====================================: 33

[[391.46, 417.611, 447.049, 492.173, 502.365, 538.46, 581.542, 625.561, 693.834, 737.482, 726.393, 753.255, 792.758, 799.903, 820.453]] 
RATE (RPS) =====================================: 33

[[406.183, 446.002, 480.967, 527.622, 490.846, 504.703, 502.521, 543.151, 609.89, 535.065]] 
RATE (RPS) =====================================: 34

[[385.934, 412.772, 414.941, 443.235, 492.557, 502.272, 536.231, 551.05, 560.178, 581.551, 624.809, 671.964]] 
RATE (RPS) =====================================: 34

[[402.666, 443.715, 419.23]] 
RATE (RPS) =====================================: 34

[[447.587, 388.689, 458.736, 472.544, 496.997, 511.565, 547.619, 562.168]] 
RATE (RPS) =====================================: 34

[[401.494, 437.911, 419.291, 439.78, 456.889, 491.445, 559.061, 505.172]] 
RATE (RPS) =====================================: 34

[[457.356, 452.183, 458.285, 478.371, 510.863, 512.617, 480.798]] 
RATE (RPS) =====================================: 34

[[389.414, 410.742, 454.6, 398.142, 398.904, 462.747]] 
RATE (RPS) =====================================: 34

[[457.028, 396.077, 417.683, 450.979, 396.516, 533.152, 432.462, 454.989, 583.788, 586.631, 541.318, 429.936, 561.704, 571.782, 605.471]] 
RATE (RPS) =====================================: 34

[[394.536, 385.124, 417.258, 480.313, 431.152, 556.426, 452.343, 483.136, 628.855, 790.344, 667.478, 394.072, 846.067, 414.081, 910.464, 957.802]] 
RATE (RPS) =====================================: 34

[[423.566, 511.623, 459.568, 441.927, 479.553, 511.718, 522.304, 503.097, 538.419, 564.001, 587.067, 629.656, 501.893, 623.49, 653.159, 658.745]] 
RATE (RPS) =====================================: 34

[[400.151, 420.778, 403.092, 446.683, 461.966, 392.116, 394.506, 478.153, 522.076, 396.983, 538.668, 579.249]] 
RATE (RPS) =====================================: 35

[[420.364, 415.611, 427.676, 413.63, 464.094, 424.491, 454.517, 510.908, 425.542, 488.977, 511.154, 504.454, 536.383, 518.05, 580.819, 597.747, 506.405, 623.12, 490.343]] 
RATE (RPS) =====================================: 35

[[382.562, 389.097, 424.084, 466.186, 477.426, 518.052, 515.1, 534.881, 413.593, 435.439, 497.087, 428.614]] 
RATE (RPS) =====================================: 35

[[393.097, 426.864, 425.785, 456.581, 403.43, 482.89, 452.854, 404.407, 418.916, 457.834, 461.927, 487.782, 385.922, 513.276]] 
RATE (RPS) =====================================: 35

[[389.68, 422.684, 413.055, 430.741, 425.033, 425.887, 409.908, 424.045, 435.061]] 
RATE (RPS) =====================================: 35

[[491.56, 418.844, 527.498, 406.95, 567.083, 439.904, 589.878, 609.329, 649.266, 673.535, 399.574, 711.613, 681.551, 398.067, 689.245, 710.248]] 
RATE (RPS) =====================================: 35

[[385.549, 507.451, 442.2, 420.946, 521.521, 452.525, 481.358, 526.811, 534.008, 551.679, 567.655, 526.064, 586.108, 603.24, 587.283, 536.576, 568.683, 551.858]] 
RATE (RPS) =====================================: 35

[[399.478, 387.987, 423.788, 517.726, 459.404, 428.935, 536.502, 439.131, 553.584, 470.869, 515.836, 511.289, 545.588, 581.761, 435.395, 583.712]] 
RATE (RPS) =====================================: 35

[[437.677, 415.563, 438.821, 426.217, 448.429, 497.69, 471.658, 529.11, 513.141, 543.534, 584.382, 569.27, 469.526, 592.265, 640.953, 421.557, 453.234, 627.611, 567.393]] 
RATE (RPS) =====================================: 35

[[393.734, 429.968, 404.346, 429.23, 466.943, 441.841, 492.038, 450.739, 437.69, 425.734, 440.798]] 
RATE (RPS) =====================================: 35

[[390.474, 466.796, 389.637, 399.996, 449.841, 514.566, 423.497, 540.417, 413.296, 440.729, 492.39, 490.15, 516.705, 570.614, 584.426, 457.437]] 
RATE (RPS) =====================================: 36

[[422.975, 410.526, 424.009, 414.041, 449.643, 473.291, 502.929, 544.151, 433.749, 404.467, 432.851, 435.559, 432.094, 479.883]] 
RATE (RPS) =====================================: 36

[[442.304, 484.852, 417.912, 476.482, 411.582, 450.11, 410.192, 452.295, 424.865, 443.799, 402.14, 410.068, 461.224, 496.474]] 
RATE (RPS) =====================================: 36

[[422.172, 432.82, 481.638, 411.319, 392.203, 418.163, 427.668, 448.036, 432.28, 464.33, 387.75, 396.367, 448.125, 387.233]] 
RATE (RPS) =====================================: 36

[[1078.715, 412.604, 396.03, 441.183, 409.984, 421.114, 557.963, 1024.498, 540.001, 998.854, 517.755, 519.197, 491.532, 528.496, 553.419, 512.673, 522.168, 519.874, 543.417, 470.91, 584.196, 492.401, 2360.234, 4478.194, 2328.657, 2320.027, 2313.7, 443.373]] 
RATE (RPS) =====================================: 29

[[419.341, 417.712, 421.463, 403.342, 405.719, 429.911, 455.772, 465.987, 489.991, 531.325, 560.94, 629.226, 409.705, 562.039, 389.607, 610.141, 389.173, 568.721, 587.024, 379.504, 606.34]] 
RATE (RPS) =====================================: 36

[[404.402, 397.255, 402.43, 438.857, 435.096, 497.266, 544.607, 450.444, 407.437, 459.404, 1171.789, 496.291, 451.865, 1120.998, 1112.244, 1767.492, 1080.818, 772.398, 581.679]] 
RATE (RPS) =====================================: 31

[[398.254, 490.615, 427.841, 430.929, 454.494, 409.793, 529.381, 407.881, 399.126, 511.213, 656.61, 407.74, 713.483, 564.952, 781.397, 640.217, 718.724, 463.229]] 
RATE (RPS) =====================================: 36

[[430.574, 413.007, 443.134, 454.368, 454.472, 432.346, 580.141, 528.052, 638.071, 651.744, 431.238, 730.402, 741.326, 437.223, 513.978, 844.38, 765.958, 479.627]] 
RATE (RPS) =====================================: 36

[[406.781, 383.669, 446.846, 985.053, 1082.389, 427.987, 579.585, 412.757, 454.195, 597.256, 1662.4270000000001, 1237.649, 504.203, 1199.797, 1363.902, 1203.305, 1248.518, 1389.075, 387.017]] 
RATE (RPS) =====================================: 28

[[402.329, 400.282, 444.685, 460.001, 392.782, 430.449, 405.346, 428.836, 423.299, 453.148, 456.832, 496.148, 436.488, 443.362, 462.67, 429.865, 448.155, 472.086, 479.433, 395.645]] 
RATE (RPS) =====================================: 37

[[405.233, 427.601, 441.297, 404.925, 451.082, 424.836, 444.476, 479.266, 423.344, 463.612, 504.107, 545.408, 398.261, 582.714, 610.428, 657.771, 419.339]] 
RATE (RPS) =====================================: 37

[[413.063, 422.564, 456.223, 409.437, 467.496, 516.988, 412.979, 398.434, 508.836, 419.36, 518.241, 431.065, 474.134, 405.803]] 
RATE (RPS) =====================================: 37

[[410.261, 391.353, 426.533, 442.005, 473.313, 418.703, 466.316, 484.659, 541.066, 403.245, 431.637, 487.344, 411.112]] 
RATE (RPS) =====================================: 37

[[442.07, 387.968, 400.888, 388.612, 453.089, 402.763, 447.52, 396.076, 484.924, 398.688, 430.21, 517.928, 393.126, 517.024, 437.683, 376.793, 398.871]] 
RATE (RPS) =====================================: 37

[[397.484, 469.009, 435.894, 423.366, 429.135, 488.511, 424.433, 406.378, 462.332, 416.701, 496.128, 452.939, 514.322, 581.47, 640.506, 691.037, 726.518, 628.77, 458.686, 451.887, 513.085, 608.878, 436.731, 849.476]] 
RATE (RPS) =====================================: 37

[[493.423, 1443.642, 458.346, 483.346, 1216.657, 729.295, 1289.441, 440.992, 456.928, 1438.93, 2262.054, 701.294, 1499.118, 481.993, 2725.447, 449.82, 471.337, 475.396, 480.017, 437.548]] 
RATE (RPS) =====================================: 30

[[2712.751, 422.45, 462.312, 2650.418, 422.557, 2458.188, 633.507, 457.802, 1157.25, 453.072, 1450.041, 454.51, 467.429, 444.37, 464.125, 410.186, 1433.26, 1465.851, 474.696]] 
RATE (RPS) =====================================: 30

[[467.386, 5477.518, 628.695, 460.439, 529.944, 1355.964, 1425.941, 2175.941, 1557.176, 458.195, 1168.591, 962.786, 1553.3980000000001, 441.863, 1435.013, 408.733, 410.488, 448.105, 1724.6019999999999, 1388.18, 703.121, 1404.173, 2350.735, 1413.62, 417.708, 1396.5529999999999]] 
RATE (RPS) =====================================: 23

[[445.795, 419.791, 466.84, 1417.978, 433.535, 482.976, 1427.99, 1427.695, 469.765, 390.082, 1449.316, 3839.2039999999997, 1426.689, 1431.03, 1446.9859999999999, 1339.309, 1552.579, 1444.047, 403.756, 405.813, 456.235, 500.813, 1539.027, 1072.38, 1071.842]] 
RATE (RPS) =====================================: 23

[[1317.933, 1432.833, 1691.31, 399.687, 420.645, 420.949, 514.303, 463.921, 1245.163, 1334.826, 461.661, 943.04, 472.6, 432.997, 464.987, 2402.246, 719.134, 1451.4569999999999, 449.026, 524.628, 444.677, 466.604, 511.39, 450.107, 5450.446, 492.023, 2452.809, 510.736]] 
RATE (RPS) =====================================: 29

[[449.315, 431.211, 460.075, 452.165, 409.167, 465.538, 440.119, 456.229, 452.286, 530.238, 481.222, 677.628, 420.21, 453.491, 704.758, 1425.385, 445.459, 1132.677, 462.288, 467.719, 476.897, 437.411, 456.388, 1414.205, 446.553, 428.942]] 
RATE (RPS) =====================================: 35

[[404.306, 448.905, 404.758, 651.916, 397.207, 508.609, 1181.786, 414.527, 420.145, 467.455, 592.673, 522.122, 463.202, 572.414, 433.303, 428.007, 2086.028, 1088.37, 1127.732, 473.594, 413.096, 414.182, 452.78]] 
RATE (RPS) =====================================: 34

[[1464.126, 413.202, 494.235, 411.1, 449.72, 560.81, 449.262, 533.886, 404.137, 631.404, 450.003, 1475.021, 631.59, 644.955, 732.433, 412.259, 643.474, 450.78, 420.16, 503.518, 677.686, 451.682, 470.907, 515.823, 627.254, 564.061, 676.043, 451.098]] 
RATE (RPS) =====================================: 36

[[479.668, 421.576, 449.543, 525.299, 416.519, 549.552, 448.882, 462.54, 628.774, 573.516, 715.411, 1602.825, 432.532, 788.128, 724.078, 872.796, 485.53, 598.256, 795.907, 882.962, 705.236, 411.544, 783.101, 921.315, 1018.789, 879.374]] 
RATE (RPS) =====================================: 36

[[387.699, 436.095, 470.359, 408.532, 460.146, 586.396, 404.99, 651.816, 729.197, 472.562, 979.289, 822.865, 551.195, 566.168, 462.179, 703.786, 1064.771, 441.02, 408.609, 578.052, 436.181, 414.244, 452.622, 1050.8029999999999]] 
RATE (RPS) =====================================: 36

[[498.826, 500.281, 444.759, 533.118, 482.356, 539.866, 650.757, 586.766, 424.919, 476.152, 716.1, 658.737, 477.469, 483.049, 495.185, 524.327, 503.073, 633.969, 469.638, 545.508, 622.116, 626.935, 429.451, 446.683, 695.424]] 
RATE (RPS) =====================================: 38

[[464.588, 458.472, 452.021, 537.297, 453.622, 429.232, 468.941, 501.538, 598.532, 419.793, 518.205, 643.801, 444.038, 506.136, 484.547, 688.705, 491.105, 422.483, 636.324, 513.488, 677.202, 398.86, 745.608, 408.539]] 
RATE (RPS) =====================================: 38

[[414.713, 559.191, 426.742, 514.608, 480.458, 431.753, 529.361, 430.073, 582.331, 473.269, 556.252, 569.567, 432.898, 566.092, 665.631, 466.493, 472.666, 409.163, 470.82, 557.258, 676.616, 516.908, 500.946, 524.413, 582.409, 647.461, 523.809, 691.563]] 
RATE (RPS) =====================================: 38

[[412.137, 461.511, 415.654, 540.318, 415.925, 471.089, 620.817, 580.282, 434.044, 509.946, 673.98, 764.132, 410.215, 572.319, 599.435, 809.538, 469.123, 390.687, 664.07, 616.55, 396.236, 869.981, 964.517, 420.114, 437.286, 454.3, 453.845, 659.951, 747.107]] 
RATE (RPS) =====================================: 38

[[436.221, 439.902, 486.627, 440.452, 503.857, 470.745, 412.717, 546.601, 461.992, 484.668, 574.492, 435.593, 526.831, 500.107, 564.46, 611.715, 535.283, 609.697, 572.191, 675.27, 612.254, 392.464, 434.799, 660.416, 438.335, 565.276, 471.774, 517.242, 692.127, 450.166, 597.891, 717.322, 824.312]] 
RATE (RPS) =====================================: 39

[[413.887, 538.555, 400.362, 471.64, 569.127, 398.224, 444.0, 734.393, 663.196, 532.424, 578.093, 543.545, 672.182, 696.02, 767.864, 722.407, 699.642, 579.356, 528.131, 818.097, 906.9, 595.82, 961.696, 591.189, 1035.06, 1149.891, 549.408, 654.589, 712.514, 581.863, 656.107, 1202.089, 786.433, 709.121, 579.762, 635.876]] 
RATE (RPS) =====================================: 36

[[393.082, 447.12, 418.627, 439.86, 548.832, 440.04, 541.222, 492.882, 409.98, 613.265, 458.366, 434.978, 584.527, 547.795, 657.59, 504.449, 672.335, 802.868, 552.125, 433.554, 443.409, 539.428, 737.598, 412.677, 492.281, 436.144, 558.867, 514.723, 759.385, 487.133, 557.818, 619.402, 655.174, 728.539, 405.166, 728.805, 504.616, 772.297, 785.44]] 
RATE (RPS) =====================================: 39

[[444.249, 465.331, 486.494, 397.871, 447.694, 482.784, 545.823, 494.795, 599.777, 429.692, 631.933, 720.017, 809.35, 421.709, 910.963, 484.934, 443.813, 494.109, 980.244, 398.476, 681.423, 567.252, 457.883, 798.529, 483.289, 474.909, 908.505, 627.088, 493.59, 433.547, 516.871, 416.735, 516.46, 556.094, 962.524, 596.617, 424.446, 866.617, 633.211]] 
RATE (RPS) =====================================: 39

[[399.336, 431.51, 492.651, 433.351, 599.838, 686.192, 418.431, 511.617, 556.952, 659.639, 558.764, 488.314, 424.277, 546.897, 679.936, 797.242, 529.7, 456.886, 547.153, 640.748, 606.085, 661.413, 707.746, 502.059, 589.86, 663.158, 515.095, 708.075, 795.412, 748.534, 766.011, 620.583, 789.269, 497.539, 824.121, 554.348, 844.179, 678.708, 795.414]] 
RATE (RPS) =====================================: 39

[[503.479, 421.559, 462.017, 416.951, 439.11, 503.927, 464.53, 591.405, 437.224, 515.227, 636.214, 493.619, 432.465, 484.831, 693.853, 402.34, 613.824, 425.175, 700.999, 482.892, 735.484, 437.62, 760.572, 450.665, 548.729, 562.448, 702.454, 624.404, 723.474, 442.173, 815.867, 895.875, 553.812, 821.849, 900.611, 772.109, 852.529, 723.186, 404.928]] 
RATE (RPS) =====================================: 39

[[458.064, 428.828, 471.125, 421.971, 609.169, 451.929, 403.243, 534.745, 582.255, 439.265, 640.965, 673.414, 434.687, 450.532, 718.099, 558.047, 522.162, 662.651, 460.463, 529.89, 760.949, 723.107, 508.476, 664.243, 553.728, 557.051, 774.001, 491.373, 472.4, 618.944, 562.081, 734.602, 603.837, 678.582, 644.846, 724.587, 621.403, 495.173, 450.777]] 
RATE (RPS) =====================================: 39

[[394.891, 431.707, 471.906, 395.219, 473.848, 532.649, 690.464, 410.161, 484.318, 531.038, 453.665, 489.685, 746.566, 534.768, 492.49, 522.162, 786.845, 504.602, 524.551, 622.554, 538.337, 712.707, 580.115, 576.536, 522.35, 534.249, 461.02, 526.646, 463.115, 606.875, 782.039, 889.893, 964.937, 1060.323, 771.561, 884.578, 600.7, 533.969, 514.931]] 
RATE (RPS) =====================================: 38

[[410.518, 464.742, 465.218, 463.005, 540.459, 480.08, 426.429, 517.754, 457.749, 561.937, 667.598, 437.463, 488.109, 745.862, 557.997, 405.743, 509.707, 818.079, 568.64, 440.321, 515.0, 408.179, 601.393, 421.402, 447.001, 678.384, 488.367, 628.73, 580.651, 851.491, 510.856, 556.529, 466.843, 910.464, 547.439, 667.561, 771.934, 595.24, 958.762]] 
RATE (RPS) =====================================: 39

[[441.056, 408.669, 479.222, 431.381, 459.244, 416.657, 549.863, 507.28, 508.584, 437.11, 624.698, 415.544, 475.669, 527.187, 581.993, 502.21, 730.17, 710.711, 469.862, 415.802, 432.583, 566.903, 686.332, 765.783, 471.392, 524.774, 423.96, 435.149, 472.263, 524.349, 630.117, 654.861, 680.808, 499.377, 523.177, 833.088, 734.63, 585.09, 700.573]] 
RATE (RPS) =====================================: 39

[[399.024, 477.503, 479.666, 410.754, 467.266, 553.558, 698.344, 453.373, 456.486, 487.0, 396.747, 493.653, 627.268, 464.108, 770.178, 429.74, 747.147, 513.762, 824.17, 541.45, 810.744, 454.098, 481.845, 609.288, 864.367, 483.603, 544.028, 610.071, 676.762, 905.818, 741.915, 1007.625, 839.681, 635.632, 471.777, 770.771, 487.723, 881.023, 674.373, 544.556]] 
RATE (RPS) =====================================: 39

[[615.593, 452.083, 456.064, 461.314, 479.745, 592.488, 436.656, 801.865, 674.033, 643.874, 457.318, 920.575, 488.268, 589.701, 411.011, 987.975, 549.209, 744.885, 417.136, 482.676, 421.287, 470.472, 614.958, 540.459, 423.909, 473.288, 626.691, 557.576, 460.924, 503.077, 558.835, 723.457, 611.762, 800.985, 642.666, 612.974, 571.368, 465.092, 490.547, 493.43]] 
RATE (RPS) =====================================: 40

[[394.543, 440.731, 395.416, 457.194, 472.975, 422.223, 538.012, 439.098, 646.124, 483.889, 747.76, 517.022, 884.639, 416.209, 453.534, 539.809, 457.44, 954.459, 1086.531, 503.753, 685.935, 433.748, 1177.338, 786.962, 473.5, 534.904, 510.305, 477.121, 413.995, 570.811, 637.915, 453.396, 526.483, 632.506, 585.355, 443.804, 707.052, 1149.085, 441.758, 494.459]] 
RATE (RPS) =====================================: 37

[[519.884, 419.952, 610.427, 445.71, 398.159, 462.135, 485.643, 699.859, 484.137, 464.844, 478.047, 500.898, 414.456, 553.253, 577.702, 679.687, 665.32, 565.568, 428.575, 522.382, 743.204, 820.171, 719.736, 812.321, 1106.738, 426.45, 901.172, 1229.51, 977.708, 613.055, 465.805, 443.093, 1261.939, 500.058, 1336.018, 648.63, 753.108, 1421.444, 491.798, 424.498]] 
RATE (RPS) =====================================: 35

[[407.59, 452.278, 422.901, 468.512, 442.943, 404.674, 448.225, 522.643, 406.772, 469.569, 557.92, 508.157, 460.561, 438.039, 558.697, 601.004, 577.683, 673.142, 424.903, 439.924, 605.909, 822.591, 722.933, 483.667, 624.183, 515.289, 394.957, 458.323, 415.501, 861.556, 491.032, 543.368, 472.246, 580.877, 726.484, 466.949, 454.894, 528.74, 483.157, 795.242]] 
RATE (RPS) =====================================: 40

[[462.58, 452.085, 670.501, 503.874, 548.202, 591.786, 455.307, 394.586, 528.95, 449.959, 718.926, 545.603, 430.996, 447.077, 450.229, 439.295, 449.518, 575.715, 524.719, 604.294, 659.855, 482.91, 435.155, 405.05, 754.214, 650.272, 578.128, 687.368, 770.05, 397.947, 694.399, 602.187, 533.29, 614.752, 809.968, 937.921, 1004.983, 411.918, 441.758, 1073.09]] 
RATE (RPS) =====================================: 38

[[452.291, 578.612, 477.34, 402.006, 424.223, 663.084, 541.948, 420.386, 464.291, 569.528, 446.897, 477.398, 513.925, 569.989, 385.263, 577.271, 639.089, 396.883, 443.403, 652.551, 401.143, 429.074, 479.335, 549.156, 632.72, 697.943, 424.834, 465.737, 696.189, 468.886, 556.82, 790.077, 629.265, 869.068, 652.43, 730.914, 451.989, 404.679, 496.735, 909.385]] 
RATE (RPS) =====================================: 40

[[435.697, 461.832, 448.306, 472.602, 518.163, 465.778, 554.505, 579.885, 636.843, 706.821, 564.632, 396.857, 686.929, 410.383, 685.288, 759.102, 410.347, 426.958, 708.661, 498.05, 451.009, 405.152, 460.808, 429.445, 697.025, 747.598, 796.801, 480.594, 441.787, 643.935, 492.65, 722.927, 418.275, 392.083, 530.021, 455.798, 789.262, 534.693, 495.179, 472.564]] 
RATE (RPS) =====================================: 40

[[412.675, 400.007, 515.196, 448.097, 452.25, 604.847, 480.798, 405.167, 509.161, 614.887, 452.032, 707.395, 488.192, 440.167, 576.502, 453.359, 774.099, 486.618, 619.728, 468.367, 488.621, 566.506, 415.15, 663.609, 623.731, 427.101, 462.795, 497.775, 559.527, 521.264, 825.092, 730.877, 588.762, 537.817, 674.262, 540.5, 775.461, 590.622, 708.483, 715.871]] 
RATE (RPS) =====================================: 40

[[470.228, 624.329, 443.099, 740.032, 405.902, 462.112, 616.056, 778.847, 406.345, 873.702, 512.235, 970.209, 433.486, 538.41, 628.979, 399.318, 453.991, 759.379, 417.774, 443.085, 555.654, 815.441, 667.727, 987.695, 484.771, 415.6, 393.288, 458.027, 516.266, 483.926, 729.374, 524.998, 805.386, 404.511, 544.304, 452.974, 553.231, 453.813, 833.679, 907.706]] 
RATE (RPS) =====================================: 40

[[394.816, 490.248, 485.473, 554.351, 430.896, 496.45, 502.541, 393.146, 600.043, 704.877, 622.29, 552.195, 718.245, 802.448, 816.557, 943.73, 491.226, 901.248, 450.717, 584.669, 696.307, 601.718, 978.539, 466.923, 563.666, 492.476, 487.616, 579.742, 523.681, 604.339, 482.649, 639.781, 938.21, 626.855, 775.004, 579.11, 529.306, 1017.449, 873.492, 963.658, 588.855, 647.211, 1036.385, 731.086, 1118.688]] 
RATE (RPS) =====================================: 42

[[444.321, 434.315, 406.705, 519.717, 444.436, 400.06, 454.405, 422.961, 531.733, 556.918, 692.989, 409.198, 600.018, 447.54, 560.481, 469.048, 421.789, 404.133, 614.399, 436.032, 686.039, 460.625, 530.581, 670.797, 443.511, 481.289, 397.67, 490.099, 455.065, 517.136, 709.672, 692.868, 831.521, 523.219, 921.012, 517.816, 434.707, 620.409, 507.401, 714.592, 852.242, 744.254, 546.769, 406.279, 942.56]] 
RATE (RPS) =====================================: 45

[[384.084, 463.503, 510.472, 412.648, 450.656, 454.382, 398.236, 480.999, 582.721, 590.3, 767.725, 871.709, 522.54, 390.929, 476.819, 915.949, 410.525, 992.614, 414.83, 399.2, 482.605, 432.254, 496.922, 462.942, 594.564, 999.466, 683.456, 456.96, 498.588, 453.323, 590.482, 743.385, 467.551, 821.903, 1026.306, 461.274, 658.54, 553.66, 634.578, 514.016, 550.134, 644.139, 542.813, 1105.565, 468.799]] 
RATE (RPS) =====================================: 43

[[463.153, 477.8, 442.33, 492.502, 455.098, 417.934, 538.854, 448.332, 502.252, 632.072, 730.428, 432.851, 885.383, 441.701, 479.588, 487.678, 409.283, 460.21, 922.765, 506.289, 468.026, 479.999, 454.621, 571.997, 519.737, 450.168, 602.157, 439.706, 918.934, 1005.371, 436.602, 676.643, 458.776, 759.475, 837.541, 460.173, 518.849, 519.284, 464.805, 897.317, 402.681, 489.892, 987.883, 537.736, 519.162]] 
RATE (RPS) =====================================: 44

[[513.251, 467.916, 474.699, 410.988, 429.177, 492.792, 416.108, 415.346, 506.211, 434.703, 414.007, 449.743, 607.152, 449.641, 639.138, 743.273, 525.328, 541.346, 498.977, 672.554, 778.789, 603.009, 876.101, 448.261, 962.1, 691.692, 1145.675, 1035.666, 521.495, 767.93, 857.14, 952.646, 716.264, 1211.324, 411.075, 1023.366, 533.462, 448.193, 642.212, 1323.854, 1414.1019999999999, 1607.691, 1497.4470000000001, 588.625, 671.396]] 
RATE (RPS) =====================================: 37

[[442.461, 397.858, 396.496, 523.358, 433.124, 468.606, 416.097, 416.2, 558.024, 572.407, 474.862, 416.084, 430.449, 467.401, 511.491, 455.979, 569.505, 554.319, 574.762, 504.425, 758.604, 490.905, 461.033, 846.766, 690.636, 388.645, 620.085, 530.011, 922.929, 794.288, 498.256, 766.175, 419.386, 592.144, 848.583, 501.165, 636.355, 759.675, 518.572, 614.435, 898.657, 617.411, 962.724, 773.205, 847.873]] 
RATE (RPS) =====================================: 45

[[444.62, 462.777, 461.438, 585.311, 476.813, 484.298, 442.249, 479.977, 568.216, 486.628, 510.638, 655.237, 524.942, 586.514, 649.637, 725.425, 589.96, 523.424, 562.934, 712.371, 450.922, 754.316, 460.407, 834.683, 643.503, 642.59, 454.92, 756.023, 490.047, 541.443, 536.937, 679.919, 795.564, 467.969, 882.065, 501.509, 975.321, 724.34, 850.499, 1028.679, 1108.721, 510.154, 443.114, 599.34, 691.448]] 
RATE (RPS) =====================================: 43

[[493.822, 471.718, 390.196, 395.076, 614.146, 384.615, 435.773, 433.253, 695.942, 540.371, 614.146, 406.763, 724.144, 445.089, 399.888, 447.847, 531.523, 740.512, 448.602, 767.265, 473.114, 432.729, 477.103, 624.821, 791.124, 529.45, 655.573, 520.493, 519.143, 721.483, 837.84, 809.912, 552.077, 497.521, 953.575, 576.068, 412.725, 693.072, 846.841, 1070.124, 464.116, 1149.025, 493.246, 1236.052, 877.82]] 
RATE (RPS) =====================================: 42

[[410.25, 539.839, 461.19, 543.753, 458.281, 407.934, 481.531, 446.961, 594.205, 617.165, 479.87, 418.926, 577.858, 471.184, 717.928, 648.285, 493.828, 785.409, 462.508, 704.155, 683.796, 573.226, 778.856, 404.105, 439.336, 731.912, 814.294, 411.412, 841.897, 821.87, 542.288, 448.824, 933.465, 564.738, 404.755, 415.662, 658.751, 977.432, 571.113, 477.39, 881.551, 517.054, 1041.722, 418.227, 434.546]] 
RATE (RPS) =====================================: 44

[[476.244, 457.294, 477.612, 464.9, 524.164, 394.382, 536.662, 551.848, 552.202, 661.75, 410.643, 761.587, 582.241, 471.937, 568.401, 671.452, 433.495, 817.455, 580.338, 724.932, 416.965, 447.621, 498.342, 862.026, 429.192, 1072.172, 514.352, 817.108, 949.179, 577.813, 907.573, 1116.828, 984.963, 401.083, 1182.726, 608.38, 1037.357, 469.103, 408.141, 679.934, 1214.935, 480.658, 445.356, 474.741, 1267.076]] 
RATE (RPS) =====================================: 39

[[509.518, 461.972, 465.484, 418.399, 480.665, 454.981, 489.912, 570.288, 491.664, 520.991, 657.131, 423.279, 456.033, 591.639, 740.367, 845.084, 433.346, 440.442, 933.739, 476.164, 432.581, 628.916, 468.282, 455.303, 544.23, 477.361, 408.806, 588.372, 461.261, 596.746, 898.197, 441.797, 457.473, 705.752, 462.746, 473.54, 593.124, 758.616, 692.262, 544.554, 532.798, 416.667, 460.941, 622.567, 756.17, 447.248, 542.906, 644.662, 416.984, 712.176]] 
RATE (RPS) =====================================: 50

[[457.242, 455.463, 471.238, 558.049, 477.217, 568.915, 426.604, 442.156, 479.753, 668.153, 457.584, 565.588, 604.948, 795.033, 597.697, 398.87, 681.545, 418.226, 475.46, 427.646, 449.812, 850.282, 449.31, 511.36, 573.142, 447.603, 568.618, 499.1, 478.539, 551.966, 591.383, 622.97, 384.161, 454.783, 535.467, 712.119, 704.44, 718.002, 500.176, 732.176, 528.966, 464.005, 790.255, 756.298, 626.477, 611.691, 808.018, 681.262, 826.204, 565.954]] 
RATE (RPS) =====================================: 50

[[482.97, 481.235, 437.862, 447.476, 466.792, 567.152, 526.558, 506.574, 536.696, 607.832, 589.15, 837.876, 931.214, 612.614, 531.533, 756.342, 386.505, 986.878, 486.031, 426.277, 604.661, 563.614, 469.671, 419.296, 597.886, 760.829, 955.47, 700.919, 838.978, 442.031, 570.995, 953.514, 688.103, 1046.752, 647.285, 733.66, 694.69, 791.478, 1055.6970000000001, 527.472, 454.726, 1121.888, 1219.631, 751.505, 460.406, 808.534, 851.275, 1295.739, 537.821, 905.744]] 
RATE (RPS) =====================================: 45

[[473.743, 470.214, 427.143, 532.497, 626.288, 463.836, 403.578, 440.451, 520.501, 505.221, 571.411, 437.543, 385.657, 672.162, 613.556, 419.158, 467.854, 492.713, 560.649, 654.251, 381.49, 525.567, 450.063, 411.573, 758.298, 653.883, 847.615, 678.994, 424.928, 509.111, 716.003, 415.848, 606.557, 497.526, 567.726, 792.783, 450.468, 412.512, 474.014, 781.124, 950.413, 484.102, 1017.012, 1102.378, 605.377, 826.476, 757.9, 433.747, 459.719, 825.642]] 
RATE (RPS) =====================================: 48

[[453.207, 477.051, 441.933, 655.111, 525.692, 475.169, 436.979, 555.404, 541.067, 421.501, 663.496, 459.058, 755.007, 582.509, 452.678, 605.259, 431.921, 477.301, 655.887, 543.874, 416.431, 734.79, 441.765, 454.769, 544.06, 494.765, 451.632, 752.213, 536.509, 773.419, 532.48, 620.493, 487.184, 526.042, 824.169, 772.445, 519.075, 546.044, 888.137, 967.353, 1050.066, 509.709, 566.803, 1127.67, 603.966, 616.061, 510.08, 791.333, 565.781, 870.99]] 
RATE (RPS) =====================================: 48

[[440.211, 385.432, 486.336, 486.578, 529.156, 434.737, 568.99, 457.643, 402.175, 555.229, 462.423, 646.291, 744.642, 409.762, 467.011, 501.102, 839.931, 446.974, 517.428, 405.019, 562.827, 449.586, 530.082, 472.116, 529.256, 637.471, 491.066, 882.718, 593.325, 747.943, 893.553, 688.634, 1029.09, 566.345, 517.294, 1016.865, 719.921, 890.294, 619.225, 449.661, 540.443, 1068.705, 1048.469, 1148.013, 771.79, 978.977, 857.867, 456.985, 396.483, 500.61]] 
RATE (RPS) =====================================: 45

[[510.636, 497.073, 450.619, 418.49, 573.759, 414.172, 499.13, 519.68, 572.871, 507.308, 519.817, 598.575, 425.116, 467.52, 551.302, 637.917, 726.624, 562.729, 461.44, 624.055, 563.888, 518.184, 488.118, 700.51, 414.76, 730.843, 593.421, 744.724, 811.956, 540.774, 815.096, 636.681, 633.707, 475.365, 840.753, 909.843, 529.227, 600.919, 664.689, 722.29, 788.751, 974.13, 845.345, 397.73, 582.022, 671.414, 977.162, 1064.388, 838.626, 964.719]] 
RATE (RPS) =====================================: 49

[[526.57, 460.319, 403.367, 490.582, 560.699, 409.509, 511.365, 637.75, 439.241, 551.948, 639.519, 779.618, 596.981, 492.155, 428.641, 405.751, 719.168, 461.01, 410.576, 497.842, 451.157, 854.115, 452.871, 535.371, 439.395, 473.438, 576.052, 512.344, 791.534, 538.08, 667.438, 730.798, 789.34, 483.934, 576.085, 821.761, 837.532, 563.988, 843.344, 709.039, 598.471, 788.215, 581.347, 844.912, 574.786, 702.624, 599.397, 877.142, 742.976, 511.866]] 
RATE (RPS) =====================================: 50

[[439.505, 447.871, 528.892, 470.982, 641.289, 415.092, 508.786, 547.705, 461.542, 599.68, 505.181, 483.851, 676.559, 682.853, 736.618, 510.425, 590.527, 789.848, 548.898, 467.633, 761.4, 646.162, 430.567, 541.382, 498.781, 454.739, 823.735, 913.923, 727.448, 525.237, 809.794, 537.398, 987.872, 496.881, 1062.192, 616.677, 554.502, 684.479, 543.278, 490.416, 585.408, 558.367, 551.547, 631.817, 708.223, 742.149, 618.027, 605.284, 1075.378, 548.018]] 
RATE (RPS) =====================================: 48

[[439.639, 462.87, 676.443, 504.128, 534.681, 408.059, 432.085, 474.748, 742.844, 394.139, 422.088, 556.277, 454.648, 661.261, 834.994, 505.156, 629.743, 542.032, 736.282, 866.393, 984.578, 443.689, 415.188, 559.352, 620.439, 673.986, 732.063, 1043.562, 901.418, 410.176, 412.635, 442.975, 526.445, 944.567, 790.038, 1032.579, 543.658, 675.403, 403.156, 927.734, 417.954, 1106.249, 559.674, 744.438, 1032.898, 1116.819, 1190.298, 450.643, 569.235, 969.7]] 
RATE (RPS) =====================================: 44

[[555.646, 473.182, 582.572, 395.603, 662.076, 416.298, 464.681, 493.079, 661.055, 408.205, 453.026, 743.913, 542.579, 668.173, 792.325, 492.582, 628.47, 678.036, 492.281, 575.809, 758.255, 491.883, 667.736, 501.503, 904.437, 790.408, 664.005, 546.562, 587.266, 523.687, 649.078, 711.776, 916.044, 726.866, 535.624, 750.171, 560.335, 816.803, 804.024, 728.39, 861.354, 740.218, 927.499, 562.478, 840.474, 497.426, 755.805, 997.166, 610.194, 533.481, 831.489, 438.658, 971.006, 631.911, 467.423]] 
RATE (RPS) =====================================: 55

[[629.522, 477.958, 450.39, 484.171, 598.348, 460.215, 400.962, 515.441, 453.546, 609.354, 846.49, 454.373, 645.664, 991.52, 487.097, 536.704, 851.214, 432.144, 636.526, 538.954, 473.768, 1002.675, 737.519, 806.273, 610.287, 1069.062, 820.635, 456.562, 636.254, 1141.05, 891.376, 779.121, 1218.2350000000001, 855.065, 1292.954, 553.899, 1396.7359999999999, 408.347, 900.761, 763.418, 652.435, 437.464, 894.886, 993.004, 1439.199, 695.913, 743.745, 1052.468, 499.795, 701.095, 532.291, 756.756, 1108.171, 1199.336, 1286.51]] 
RATE (RPS) =====================================: 44

[[433.435, 435.704, 460.231, 390.458, 479.633, 494.791, 439.036, 508.824, 560.347, 682.153, 488.747, 404.168, 416.618, 597.246, 432.962, 481.386, 588.854, 447.215, 503.47, 454.577, 687.345, 493.18, 633.883, 516.91, 570.131, 774.415, 662.081, 619.276, 579.141, 615.998, 690.763, 652.442, 762.386, 669.338, 839.365, 401.677, 972.751, 767.0, 742.546, 830.94, 422.127, 1046.04, 449.345, 1119.142, 920.583, 798.626, 741.295, 694.479, 793.034, 829.227, 1145.35, 1226.557, 462.268, 422.15, 477.914]] 
RATE (RPS) =====================================: 51

[[497.985, 595.08, 437.404, 405.861, 509.031, 467.673, 412.603, 458.235, 745.736, 486.217, 596.164, 533.199, 787.024, 544.709, 1090.19, 675.475, 1169.521, 938.667, 652.364, 1059.209, 517.838, 676.373, 560.237, 412.753, 897.504, 703.517, 1032.96, 740.931, 899.138, 1081.175, 471.515, 1011.597, 889.81, 1182.262, 1219.013, 1079.547, 1139.287, 445.761, 1362.045, 933.266, 1458.937, 513.43, 850.411, 508.232, 1209.954, 1283.959, 1165.03, 654.974, 806.427, 1474.13, 883.528, 1264.089, 1302.671, 1534.932, 935.51]] 
RATE (RPS) =====================================: 36

[[604.439, 507.804, 466.957, 455.245, 485.166, 401.329, 641.066, 533.896, 437.275, 492.37, 542.17, 569.799, 651.533, 612.467, 787.471, 534.447, 720.795, 433.448, 848.341, 394.898, 462.672, 556.056, 616.483, 846.644, 721.425, 916.506, 934.591, 820.113, 466.193, 628.597, 731.525, 996.253, 422.619, 1088.133, 1182.59, 532.863, 932.64, 1264.797, 1364.076, 575.818, 742.27, 498.556, 617.517, 824.829, 428.115, 567.754, 644.534, 470.676, 763.77, 1445.694, 1345.498, 657.543, 491.174, 544.466, 407.733]] 
RATE (RPS) =====================================: 49

[[472.882, 468.321, 415.83, 543.71, 431.943, 451.239, 475.361, 425.079, 472.922, 507.029, 566.892, 513.8, 445.093, 597.466, 713.513, 444.53, 493.308, 495.212, 788.744, 445.274, 479.258, 543.427, 489.269, 555.156, 484.263, 601.322, 507.395, 448.852, 593.771, 486.073, 606.412, 561.064, 493.466, 738.653, 462.091, 548.408, 624.969, 457.605, 635.19, 801.475, 518.216, 936.856, 514.996, 653.888, 496.653, 518.559, 465.074, 642.339, 540.982, 661.449, 752.709, 594.956, 780.325, 699.254, 637.173]] 
RATE (RPS) =====================================: 55

[[448.052, 490.762, 395.569, 550.157, 477.986, 621.323, 478.82, 409.069, 389.314, 601.266, 551.52, 471.615, 553.508, 647.131, 660.055, 699.605, 613.004, 502.617, 717.803, 436.568, 551.802, 517.995, 690.227, 731.237, 576.875, 465.037, 745.977, 601.711, 665.439, 753.94, 442.471, 858.074, 759.763, 953.314, 1038.848, 1140.573, 781.818, 1316.629, 1415.705, 590.136, 1195.824, 670.346, 583.836, 628.653, 452.805, 757.158, 396.809, 533.125, 653.882, 741.946, 812.82, 602.765, 1423.665, 659.59, 699.209]] 
RATE (RPS) =====================================: 49

[[447.129, 444.766, 532.57, 417.71, 519.855, 633.133, 421.352, 427.054, 551.624, 673.29, 434.348, 477.235, 407.752, 477.621, 452.09, 528.696, 432.121, 621.615, 482.444, 457.798, 716.401, 447.976, 669.067, 738.311, 472.332, 523.328, 577.371, 468.151, 477.102, 577.414, 535.025, 617.257, 443.032, 772.375, 595.205, 842.341, 673.847, 757.01, 586.608, 1388.187, 962.257, 1376.6390000000001, 586.715, 495.568, 517.523, 409.282, 542.964, 823.139, 545.32, 951.033, 621.783, 961.307, 999.806, 867.894, 831.311]] 
RATE (RPS) =====================================: 53

[[476.376, 556.841, 545.884, 491.403, 487.477, 511.353, 781.919, 1651.5520000000001, 487.007, 522.692, 1638.8690000000001, 728.526, 1079.232, 762.048, 879.902, 1894.2849999999999, 1634.9740000000002, 1561.3339999999998, 1543.173, 1536.851, 1531.364, 1845.848, 622.702, 1502.8690000000001, 605.42, 609.527, 586.565, 852.958, 583.87, 572.162, 561.022, 1484.849, 542.486, 521.82, 573.598, 527.464, 1410.974, 484.615, 1392.319, 785.158, 1615.2240000000002, 1614.5720000000001, 599.029, 1583.058, 1582.841, 2198.714, 649.808, 640.091, 589.632, 484.926, 858.544, 536.443, 1450.556, 1437.743, 522.597]] 
RATE (RPS) =====================================: 34

[[1552.577, 1456.203, 525.514, 2629.881, 606.71, 551.331, 682.377, 710.948, 529.777, 562.794, 513.3, 561.45, 744.145, 508.133, 510.745, 607.84, 611.179, 833.424, 826.473, 1537.2649999999999, 1545.1570000000002, 1585.817, 1632.292, 1673.221, 1452.558, 1538.897, 1617.187, 1442.105, 1544.598, 1691.7179999999998, 1650.891, 1624.826, 1711.798, 1531.094, 1753.4560000000001, 501.702, 483.903, 765.324, 1611.7240000000002, 653.756, 493.238, 455.554, 598.176, 649.307, 596.8, 601.987, 698.031, 557.204, 552.453, 726.648, 551.18, 553.975, 492.288, 711.879, 780.938]] 
RATE (RPS) =====================================: 35

[[405.826, 458.704, 416.409, 453.464, 495.912, 422.924, 499.057, 555.071, 456.3, 468.228, 480.091, 569.697, 554.813, 403.747, 472.38, 453.949, 547.506, 582.49, 479.44, 441.764, 651.574, 590.472, 735.142, 865.845, 1026.092, 477.359, 412.584, 582.772, 1137.675, 483.278, 425.865, 491.606, 465.882, 1186.118, 474.252, 396.906, 558.052, 508.351, 550.887, 514.773, 1224.955, 506.66, 565.137, 1350.929, 578.15, 1490.962, 578.635, 602.573, 572.294, 704.528, 496.99, 726.081, 640.901, 816.241, 577.229, 640.625, 716.751, 711.119, 445.656, 629.223]] 
RATE (RPS) =====================================: 54

[[438.288, 437.793, 397.617, 518.069, 437.941, 555.368, 668.262, 554.298, 516.181, 450.577, 593.494, 637.711, 541.714, 505.749, 455.62, 725.76, 562.941, 833.743, 667.738, 618.59, 487.705, 1090.807, 924.542, 719.934, 565.538, 659.247, 772.805, 511.459, 497.013, 450.031, 506.048, 659.806, 542.094, 540.125, 708.812, 468.347, 802.901, 1028.329, 688.947, 870.72, 1012.232, 439.301, 879.145, 471.781, 1044.247, 788.717, 434.452, 469.487, 504.114, 472.87, 1085.224, 550.961, 502.0, 460.048, 650.052, 521.848, 754.511, 494.573, 600.763, 701.805]] 
RATE (RPS) =====================================: 55

[[501.816, 502.384, 485.904, 466.555, 466.681, 465.076, 441.339, 564.33, 475.441, 603.612, 701.668, 572.333, 398.28, 818.105, 469.674, 472.477, 561.491, 421.078, 595.87, 481.375, 873.141, 1255.567, 1431.8020000000001, 1134.53, 694.206, 976.85, 558.168, 647.105, 616.077, 1018.351, 521.476, 895.882, 462.939, 611.702, 769.766, 663.363, 497.991, 584.94, 685.343, 642.208, 713.323, 988.194, 486.463, 440.136, 727.496, 526.08, 672.968, 857.834, 1130.82, 1230.555, 568.015, 496.613, 531.168, 983.711, 650.497, 545.836, 869.326, 651.666, 557.528, 541.008]] 
RATE (RPS) =====================================: 54

[[572.64, 460.234, 489.452, 481.922, 426.705, 473.574, 454.061, 559.147, 513.525, 472.304, 490.179, 503.058, 527.803, 618.428, 532.135, 741.405, 623.727, 534.916, 540.21, 624.086, 576.578, 465.579, 901.25, 671.602, 460.18, 480.748, 776.081, 475.957, 874.63, 556.885, 516.973, 487.023, 620.221, 719.856, 588.484, 608.353, 861.38, 640.267, 952.705, 1046.084, 693.275, 854.024, 642.414, 445.015, 991.41, 552.713, 732.61, 1104.211, 1234.778, 617.496, 559.511, 623.326, 981.561, 1270.571, 435.987, 666.509, 520.264, 485.435, 615.049, 978.378]] 
RATE (RPS) =====================================: 56

[[546.688, 540.419, 461.502, 615.297, 459.283, 462.019, 533.285, 391.424, 750.126, 465.661, 851.793, 456.205, 471.935, 553.702, 480.298, 928.626, 1019.545, 498.182, 490.592, 590.793, 536.881, 1085.591, 505.967, 547.368, 1167.659, 559.958, 501.608, 565.667, 449.36, 533.221, 579.224, 623.965, 466.409, 724.146, 923.119, 1155.595, 784.101, 583.423, 984.743, 467.304, 1198.93, 543.546, 628.663, 553.885, 445.319, 506.21, 1232.339, 396.825, 712.231, 570.268, 1281.938, 1005.578, 833.596, 720.743, 585.621, 784.794, 636.201, 477.072, 463.941, 692.357]] 
RATE (RPS) =====================================: 52

[[419.782, 452.554, 479.659, 575.791, 450.592, 481.048, 613.698, 606.001, 492.403, 421.044, 452.648, 515.682, 651.044, 741.67, 438.069, 641.509, 466.542, 494.89, 569.494, 529.171, 476.781, 623.108, 844.126, 490.165, 570.714, 503.233, 569.818, 643.545, 891.716, 629.109, 580.642, 691.466, 450.039, 626.897, 600.474, 590.499, 501.984, 744.112, 537.66, 585.272, 687.624, 644.136, 843.233, 754.252, 715.097, 915.735, 733.736, 1001.773, 508.896, 531.582, 790.38, 613.59, 688.509, 718.21, 855.414, 481.575, 692.843, 775.216, 906.545, 414.228]] 
RATE (RPS) =====================================: 59

[[396.503, 418.059, 420.418, 461.679, 478.58, 429.539, 470.49, 488.403, 475.002, 628.483, 586.35, 410.925, 747.256, 578.459, 877.089, 709.535, 483.096, 444.837, 492.335, 796.59, 946.594, 606.563, 1024.635, 556.106, 632.063, 555.321, 719.201, 862.892, 674.527, 802.54, 714.507, 795.453, 828.711, 866.143, 570.835, 880.133, 861.916, 1018.92, 513.427, 463.36, 634.352, 574.087, 1055.525, 1173.667, 1089.897, 1242.838, 835.8, 1171.943, 1289.965, 687.963, 889.604, 397.608, 529.408, 464.411, 1398.692, 812.127, 913.118, 1214.666, 975.446, 849.83]] 
RATE (RPS) =====================================: 50

[[483.162, 465.23, 503.498, 405.059, 533.238, 463.802, 465.248, 571.831, 649.382, 492.834, 432.203, 805.646, 526.663, 472.567, 530.474, 618.783, 877.779, 549.616, 792.579, 434.547, 541.427, 479.935, 460.41, 610.008, 751.049, 595.704, 492.902, 433.076, 577.658, 865.759, 690.416, 772.765, 476.13, 704.098, 605.929, 680.147, 917.615, 892.644, 745.369, 794.769, 709.651, 986.12, 676.699, 812.765, 449.547, 563.819, 930.841, 875.315, 1127.225, 1021.506, 1210.243, 587.021, 692.467, 520.087, 889.237, 1182.839, 684.386, 1242.933, 537.752, 1314.824]] 
RATE (RPS) =====================================: 54

[[470.442, 448.952, 657.049, 501.811, 539.627, 520.734, 546.578, 471.707, 634.596, 408.195, 546.64, 584.69, 453.662, 435.738, 430.416, 707.796, 600.594, 525.991, 449.341, 899.094, 983.902, 1079.037, 1170.12, 658.072, 456.866, 414.028, 784.662, 513.847, 1211.381, 1314.644, 674.778, 632.968, 850.353, 440.995, 858.262, 743.218, 851.635, 685.795, 398.441, 1283.444, 513.132, 1361.064, 618.72, 693.656, 449.579, 857.376, 738.449, 715.306, 524.818, 491.788, 519.452, 782.841, 817.731, 928.012, 536.816, 537.988, 837.873, 561.139, 785.212, 643.024]] 
RATE (RPS) =====================================: 54

[[418.329, 428.841, 430.274, 517.951, 444.121, 462.536, 449.811, 465.107, 628.424, 516.732, 500.707, 408.354, 520.675, 713.899, 442.899, 417.877, 574.059, 586.168, 777.265, 462.048, 458.646, 678.807, 775.94, 487.054, 889.924, 497.382, 865.365, 677.802, 444.021, 416.9, 931.897, 741.33, 497.811, 471.249, 846.774, 516.599, 912.01, 492.88, 541.858, 911.049, 476.124, 540.684, 591.34, 965.519, 485.598, 666.541, 928.3, 956.375, 563.553, 1129.159, 996.699, 495.224, 1009.009, 510.605, 1169.464, 1186.795, 1028.261, 520.968, 695.305, 521.447]] 
RATE (RPS) =====================================: 55

[[477.863, 386.648, 489.261, 456.263, 567.975, 491.81, 591.386, 482.283, 748.319, 450.314, 604.739, 654.455, 512.589, 449.979, 816.672, 914.736, 441.227, 575.627, 521.121, 1026.187, 475.787, 436.304, 487.877, 758.009, 618.737, 444.35, 1055.514, 547.353, 851.08, 516.609, 678.615, 955.917, 533.8, 455.806, 437.255, 626.538, 610.4, 702.539, 470.057, 765.256, 625.572, 962.941, 541.471, 706.163, 1018.552, 643.482, 494.042, 762.886, 826.502, 698.024, 555.501, 878.851, 1054.566, 1155.993, 548.122, 900.344, 613.606, 656.098, 759.216, 843.409, 746.029, 843.622, 925.632, 664.567, 861.666]] 
RATE (RPS) =====================================: 60

[[385.931, 476.388, 441.935, 485.543, 517.024, 498.681, 426.051, 466.049, 568.159, 673.45, 541.625, 754.421, 430.142, 509.441, 466.63, 471.86, 970.697, 842.268, 1051.276, 573.549, 691.411, 842.377, 473.79, 1094.662, 416.743, 996.027, 897.703, 462.058, 1135.8319999999999, 402.139, 513.083, 1256.214, 1368.961, 529.573, 396.885, 447.454, 457.083, 1011.435, 480.558, 617.014, 549.427, 1419.867, 1513.926, 1074.419, 1159.06, 641.566, 1576.328, 709.821, 508.376, 616.904, 1732.938, 1616.251, 1143.784, 412.319, 460.951, 1196.024, 468.15, 1336.399, 593.19, 1453.503, 1545.3890000000001, 640.924, 1637.1970000000001, 417.922, 389.306]] 
RATE (RPS) =====================================: 46

[[413.7, 412.453, 407.731, 440.138, 489.391, 451.662, 529.709, 526.41, 573.563, 600.513, 693.485, 426.937, 790.806, 476.814, 563.391, 473.023, 796.252, 659.628, 638.092, 881.603, 571.058, 466.05, 515.834, 824.161, 512.757, 531.841, 622.537, 621.384, 700.284, 616.886, 571.442, 673.179, 783.019, 867.844, 693.041, 622.449, 795.921, 472.629, 722.938, 625.933, 874.686, 513.549, 739.964, 502.865, 798.55, 812.086, 511.244, 900.198, 810.633, 607.694, 533.581, 783.01, 466.36, 838.403, 501.299, 566.875, 735.31, 594.687, 881.924, 526.738, 740.611, 673.715, 844.857, 387.758, 459.418]] 
RATE (RPS) =====================================: 65

[[440.213, 544.366, 454.045, 411.875, 451.361, 464.044, 472.479, 479.807, 621.29, 740.002, 881.791, 487.162, 393.126, 562.94, 467.405, 557.913, 650.345, 758.802, 531.686, 501.191, 967.037, 485.601, 621.612, 579.277, 724.9, 1038.651, 505.497, 420.398, 872.128, 570.929, 1103.52, 616.861, 435.644, 1183.72, 1265.1390000000001, 748.876, 909.241, 432.639, 839.722, 485.838, 523.23, 656.228, 896.479, 942.991, 1273.341, 555.423, 1391.439, 1476.324, 986.063, 470.582, 401.448, 461.787, 1028.902, 562.068, 1504.691, 646.565, 452.362, 683.655, 509.431, 604.236, 688.816, 636.333, 739.985, 536.238, 478.643]] 
RATE (RPS) =====================================: 56

[[474.929, 478.741, 427.494, 692.323, 583.567, 477.626, 430.738, 581.735, 483.495, 456.51, 478.09, 457.877, 533.322, 707.774, 518.104, 506.075, 529.576, 416.514, 525.59, 763.102, 549.034, 656.6, 832.627, 554.31, 475.863, 562.655, 486.85, 438.983, 825.758, 479.371, 928.11, 500.611, 563.978, 613.008, 549.629, 460.286, 492.744, 760.067, 529.146, 926.293, 607.825, 908.934, 981.929, 715.112, 549.735, 416.271, 479.522, 706.749, 555.051, 607.954, 722.385, 607.698, 924.375, 451.688, 841.51, 623.983, 953.155, 957.696, 480.043, 988.293, 623.621, 460.007, 591.8, 508.524, 650.615]] 
RATE (RPS) =====================================: 65

[[455.829, 407.672, 449.822, 462.353, 415.454, 568.16, 456.703, 659.057, 470.356, 429.571, 469.567, 471.036, 517.327, 467.731, 624.601, 678.242, 689.644, 465.901, 436.528, 770.868, 773.494, 464.517, 846.725, 827.911, 447.546, 463.023, 955.995, 491.401, 910.784, 453.563, 578.17, 695.262, 430.485, 474.938, 959.389, 1026.683, 1040.007, 424.309, 719.146, 434.738, 490.501, 561.766, 424.834, 468.736, 557.608, 641.592, 420.157, 532.553, 590.698, 641.672, 468.016, 960.178, 385.003, 469.289, 685.072, 703.028, 929.05, 753.741, 964.738, 1057.105, 568.926, 422.404, 624.243, 759.418, 413.589]] 
RATE (RPS) =====================================: 62

[[392.748, 534.588, 529.508, 611.867, 418.162, 432.733, 523.458, 440.876, 680.432, 571.491, 481.604, 439.991, 733.527, 474.178, 569.458, 480.033, 563.513, 531.581, 554.183, 637.6, 477.362, 578.797, 412.546, 545.769, 440.857, 708.914, 490.198, 678.599, 521.763, 481.127, 620.938, 566.011, 456.401, 534.515, 705.295, 489.758, 680.741, 604.976, 526.121, 805.184, 692.068, 484.243, 863.762, 554.708, 577.232, 729.123, 596.493, 460.153, 651.121, 727.595, 499.875, 870.677, 721.51, 679.394, 794.663, 681.44, 476.297, 536.297, 571.946, 804.732, 657.427, 882.741, 389.25, 406.549, 458.493]] 
RATE (RPS) =====================================: 65

[[456.406, 403.791, 411.026, 452.865, 466.67, 416.516, 508.607, 409.793, 574.306, 662.24, 510.825, 433.53, 500.369, 428.84, 566.751, 464.38, 496.905, 659.508, 454.89, 483.068, 481.439, 551.933, 509.334, 584.195, 749.787, 544.178, 550.713, 436.102, 500.175, 838.112, 657.444, 614.585, 615.423, 649.227, 528.08, 754.898, 703.742, 718.65, 420.724, 717.676, 498.437, 758.279, 772.927, 875.187, 592.398, 676.851, 940.101, 535.611, 655.326, 857.63, 720.607, 696.201, 736.617, 976.909, 513.363, 763.459, 807.084, 541.904, 576.368, 804.501, 692.276, 560.458, 496.373, 483.617, 564.954]] 
RATE (RPS) =====================================: 65

[[505.034, 447.613, 468.285, 472.064, 469.772, 516.398, 499.545, 527.658, 500.31, 611.543, 505.914, 502.899, 553.897, 682.309, 549.178, 512.485, 575.754, 598.854, 750.397, 503.875, 532.364, 690.958, 485.862, 819.98, 412.868, 560.599, 911.406, 784.332, 554.075, 988.29, 425.698, 471.77, 425.462, 516.673, 433.829, 1034.021, 779.774, 1125.176, 871.759, 454.194, 975.281, 531.222, 489.2, 1060.444, 594.039, 525.251, 432.606, 1125.091, 510.834, 1116.81, 1323.4189999999999, 1188.234, 393.058, 450.178, 447.725, 553.465, 549.515, 1084.216, 1310.387, 442.207, 494.851, 425.465, 1089.598, 402.643, 450.433]] 
RATE (RPS) =====================================: 55

[[425.751, 518.777, 798.406, 521.664, 648.098, 651.517, 745.621, 412.066, 462.725, 547.915, 472.62, 493.874, 806.708, 935.423, 503.114, 777.311, 611.19, 446.661, 465.615, 548.137, 609.401, 486.0, 586.223, 514.244, 528.833, 541.566, 618.694, 627.406, 656.788, 587.738, 740.572, 659.862, 690.008, 595.248, 592.936, 740.798, 808.973, 627.947, 723.983, 685.369, 658.42, 826.668, 855.519, 958.292, 807.654, 599.909, 698.947, 1028.171, 770.209, 815.582, 1079.825, 1165.876, 651.319, 635.5, 790.015, 1218.963, 811.264, 702.941, 408.127, 636.461, 668.105, 757.893, 446.898, 429.454, 504.806]] 
RATE (RPS) =====================================: 61

average response time [0]419.92
average response time [1]371.716
average response time [2]381.859
average response time [3]376.232
average response time [4]378.012
average response time [5]375.629
average response time [6]374.178
average response time [7]399.752
average response time [8]377.309
average response time [9]373.943
TOTAL AVERAGE RESPONSE TIME ====================: 382.855
NUMBER OF THREADS ==============================: 1
TOTAL AVERAGE RATE (RPS) =====================================: 1.0
average response time [10]419.59799999999996
average response time [11]401.875
average response time [12]409.831
average response time [13]396.961
average response time [14]420.802
average response time [15]425.117
average response time [16]419.3325
average response time [17]434.97850000000005
average response time [18]409.43
average response time [19]399.521
TOTAL AVERAGE RESPONSE TIME ====================: 413.7446
NUMBER OF THREADS ==============================: 2
TOTAL AVERAGE RATE (RPS) =====================================: 2.0
average response time [20]472.413
average response time [21]456.308
average response time [22]448.172
average response time [23]476.03249999999997
average response time [24]463.49749999999995
average response time [25]457.65175
average response time [26]478.71124999999995
average response time [27]451.3365
average response time [28]444.3135
average response time [29]460.5325
TOTAL AVERAGE RESPONSE TIME ====================: 460.89685
NUMBER OF THREADS ==============================: 4
TOTAL AVERAGE RATE (RPS) =====================================: 4.0
average response time [30]582.301125
average response time [31]555.616375
average response time [32]536.521625
average response time [33]530.231375
average response time [34]534.3935
average response time [35]529.9745
average response time [36]568.2055
average response time [37]546.158375
average response time [38]582.7945
average response time [39]623.50125
TOTAL AVERAGE RESPONSE TIME ====================: 558.9698125
NUMBER OF THREADS ==============================: 8
TOTAL AVERAGE RATE (RPS) =====================================: 8.0
average response time [40]719.5253125
average response time [41]730.8885
average response time [42]794.5976875
average response time [43]688.6788125
average response time [44]734.04
average response time [45]711.7006875
average response time [46]702.2001875
average response time [47]694.3714375
average response time [48]716.257625
average response time [49]710.746875
TOTAL AVERAGE RESPONSE TIME ====================: 720.3007124999999
NUMBER OF THREADS ==============================: 16
TOTAL AVERAGE RATE (RPS) =====================================: 14.7
average response time [50]1123.34334375
average response time [51]733.6778333333333
average response time [52]651.2570000000001
average response time [53]713.3810588235294
average response time [54]852.4945714285715
average response time [55]618.3461333333333
average response time [56]724.9795
average response time [57]777.03
average response time [58]747.6182105263158
average response time [59]922.7732727272727
TOTAL AVERAGE RESPONSE TIME ====================: 786.4900923922356
NUMBER OF THREADS ==============================: 32
TOTAL AVERAGE RATE (RPS) =====================================: 27.3
average response time [60]961.0303157894737
average response time [61]593.3632142857143
average response time [62]831.5766
average response time [63]790.2088
average response time [64]762.3827142857143
average response time [65]868.2808235294118
average response time [66]639.0768181818182
average response time [67]444.124625
average response time [68]570.2009166666667
average response time [69]621.3532666666666
TOTAL AVERAGE RESPONSE TIME ====================: 708.1598094405466
NUMBER OF THREADS ==============================: 33
TOTAL AVERAGE RATE (RPS) =====================================: 30.9
average response time [70]504.695
average response time [71]514.7911666666666
average response time [72]421.87033333333335
average response time [73]485.738125
average response time [74]463.880375
average response time [75]478.639
average response time [76]419.0915
average response time [77]494.63439999999997
average response time [78]575.5906875000001
average response time [79]538.111625
TOTAL AVERAGE RESPONSE TIME ====================: 489.70422125000005
NUMBER OF THREADS ==============================: 34
TOTAL AVERAGE RATE (RPS) =====================================: 34.0
average response time [80]452.8684166666667
average response time [81]490.22552631578947
average response time [82]456.84341666666666
average response time [83]440.8260714285714
average response time [84]419.56600000000003
average response time [85]560.2590625
average response time [86]519.5286111111111
average response time [87]486.9365625
average response time [88]507.7911052631579
average response time [89]437.551
TOTAL AVERAGE RESPONSE TIME ====================: 477.2395772451963
NUMBER OF THREADS ==============================: 35
TOTAL AVERAGE RATE (RPS) =====================================: 35.0
average response time [90]471.31068750000003
average response time [91]447.15485714285717
average response time [92]441.73564285714286
average response time [93]425.0074285714286
average response time [94]956.4703214285714
average response time [95]482.523
average response time [96]683.8301052631579
average response time [97]522.5488333333333
average response time [98]553.8911666666667
average response time [99]840.6532105263158
TOTAL AVERAGE RESPONSE TIME ====================: 582.5125253289473
NUMBER OF THREADS ==============================: 36
TOTAL AVERAGE RATE (RPS) =====================================: 34.0
average response time [100]438.09205
average response time [101]475.51176470588234
average response time [102]446.75878571428575
average response time [103]445.19592307692307
average response time [104]427.8960588235294
average response time [105]516.8198333333333
average response time [106]921.7512
average response time [107]994.4618421052631
average response time [108]1237.1103076923077
average response time [109]1070.45892
TOTAL AVERAGE RESPONSE TIME ====================: 697.4056685451525
NUMBER OF THREADS ==============================: 37
TOTAL AVERAGE RATE (RPS) =====================================: 32.8
average response time [110]1012.2192142857143
average response time [111]572.2144615384616
average response time [112]624.6572608695652
average response time [113]593.23675
average response time [114]675.9097307692308
average response time [115]580.8156666666666
average response time [116]538.61856
average response time [117]515.1282083333333
average response time [118]524.0522857142857
average response time [119]559.8313448275862
TOTAL AVERAGE RESPONSE TIME ====================: 619.6683483004845
NUMBER OF THREADS ==============================: 38
TOTAL AVERAGE RATE (RPS) =====================================: 35.8
average response time [120]535.2666363636364
average response time [121]668.8739722222222
average response time [122]552.1127948717949
average response time [123]577.0678974358974
average response time [124]608.3857179487179
average response time [125]585.9084615384616
average response time [126]566.4529230769231
average response time [127]590.23
average response time [128]564.9650256410256
average response time [129]544.5672051282052
TOTAL AVERAGE RESPONSE TIME ====================: 579.3830634226885
NUMBER OF THREADS ==============================: 39
TOTAL AVERAGE RATE (RPS) =====================================: 38.6
average response time [130]604.672425
average response time [131]568.15565
average response time [132]584.694825
average response time [133]661.82735
average response time [134]528.350875
average response time [135]579.735425
average response time [136]545.818925
average response time [137]542.131125
average response time [138]555.58425
average response time [139]584.147225
TOTAL AVERAGE RESPONSE TIME ====================: 575.5118074999999
NUMBER OF THREADS ==============================: 40
TOTAL AVERAGE RATE (RPS) =====================================: 38.9
average response time [140]655.0869333333334
average response time [141]550.4295777777778
average response time [142]583.0014666666667
average response time [143]566.7564
average response time [144]707.3747777777778
average response time [145]585.3872444444445
average response time [146]616.8409333333333
average response time [147]613.2386222222223
average response time [148]589.0951555555556
average response time [149]652.9591777777778
TOTAL AVERAGE RESPONSE TIME ====================: 612.017028888889
NUMBER OF THREADS ==============================: 45
TOTAL AVERAGE RATE (RPS) =====================================: 42.4
average response time [150]550.08272
average response time [151]568.43852
average response time [152]681.51674
average response time [153]579.1455
average response time [154]602.12676
average response time [155]624.85368
average response time [156]631.57736
average response time [157]597.83926
average response time [158]615.69636
average response time [159]658.40118
TOTAL AVERAGE RESPONSE TIME ====================: 610.967808
NUMBER OF THREADS ==============================: 50
TOTAL AVERAGE RATE (RPS) =====================================: 47.7
average response time [160]645.1095636363636
average response time [161]751.0483272727273
average response time [162]631.4465454545455
average response time [163]839.3652727272728
average response time [164]684.2116181818182
average response time [165]558.1762909090909
average response time [166]675.0136
average response time [167]622.0197090909091
average response time [168]976.9648363636363
average response time [169]983.5226909090909
TOTAL AVERAGE RESPONSE TIME ====================: 736.6878454545454
NUMBER OF THREADS ==============================: 55
TOTAL AVERAGE RATE (RPS) =====================================: 46.1
average response time [170]612.1482666666667
average response time [171]624.1799166666667
average response time [172]669.6022166666667
average response time [173]648.7480666666667
average response time [174]659.71235
average response time [175]615.2870833333334
average response time [176]731.4737
average response time [177]686.2871333333334
average response time [178]679.2346166666666
average response time [179]644.30575
TOTAL AVERAGE RESPONSE TIME ====================: 657.0979100000001
NUMBER OF THREADS ==============================: 60
TOTAL AVERAGE RATE (RPS) =====================================: 54.3
average response time [180]667.2940615384615
average response time [181]782.4009692307692
average response time [182]625.5769692307692
average response time [183]689.0205076923077
average response time [184]609.5935384615385
average response time [185]604.2834615384616
average response time [186]579.9260307692308
average response time [187]599.7714
average response time [188]646.1391692307692
average response time [189]666.8092307692308
TOTAL AVERAGE RESPONSE TIME ====================: 647.0815338461538
NUMBER OF THREADS ==============================: 65
TOTAL AVERAGE RATE (RPS) =====================================: 60.0
average response time sent to Stackdriver [0]448.172
average response time sent to Stackdriver [1]546.158375
average response time sent to Stackdriver [2]702.2001875
average response time sent to Stackdriver [3]713.3810588235294
average response time sent to Stackdriver [4]961.0303157894737
average response time sent to Stackdriver [5]868.2808235294118
average response time sent to Stackdriver [6]419.0915
average response time sent to Stackdriver [7]486.9365625
average response time sent to Stackdriver [8]956.4703214285714
average response time sent to Stackdriver [9]427.8960588235294
average response time sent to Stackdriver [10]994.4618421052631
average response time sent to Stackdriver [11]1070.45892
average response time sent to Stackdriver [12]538.61856
average response time sent to Stackdriver [13]608.3857179487179
average response time sent to Stackdriver [14]584.694825
average response time sent to Stackdriver [15]655.0869333333334
average response time sent to Stackdriver [16]613.2386222222223
average response time sent to Stackdriver [17]602.12676
average response time sent to Stackdriver [18]751.0483272727273
average response time sent to Stackdriver [19]622.0197090909091
average response time sent to Stackdriver [20]624.1799166666667
average response time sent to Stackdriver [21]686.2871333333334
average response time sent to Stackdriver [22]689.0205076923077
NUMBER OF THREADS: [1, 2, 4, 8, 16, 32, 33, 34, 35, 36, 37, 38, 39, 40, 45, 50, 55, 60, 65]
WORKLOAD: HFU_LV;  
DATA COLLECTOR SETTING: COMPRESSION;  
TOTAL EXECUTION TIME (Concurrent Parallel Requests): 250400.602
NUMBER OF REPLICAS: 8

