[[]] 
[[385.972]] 
[[343.214]] 
[[344.37]] 
[[346.397]] 
[[382.879]] 
[[354.08]] 
[[371.649]] 
[[386.735]] 
[[379.914]] 
[[358.96, 346.93]] 
[[360.441, 363.078]] 
[[370.725, 354.919]] 
[[365.524, 371.075]] 
[[340.94, 341.879]] 
[[352.389, 364.774]] 
[[353.55, 353.788]] 
[[341.992, 354.683]] 
[[354.386, 353.201]] 
[[371.539, 376.474]] 
[[368.996, 364.461, 365.82, 342.8]] 
[[346.184, 352.502, 352.282, 349.498]] 
[[360.652, 345.151, 358.336, 349.643]] 
[[354.109, 355.918, 350.552, 348.565]] 
[[361.381, 347.074, 365.632, 347.749]] 
[[343.732, 339.888, 349.96, 350.452]] 
[[341.822, 354.839, 368.673, 352.522]] 
[[354.693, 373.814, 349.751, 351.97]] 
[[385.472, 384.479, 388.06, 377.588]] 
[[363.734, 389.402, 359.001, 367.218]] 
[[351.583, 341.748, 356.688, 340.55, 350.565, 359.295, 343.487, 346.284]] 
[[355.791, 353.995, 355.636, 348.194, 347.844, 351.51, 347.44, 348.387]] 
[[343.611, 358.776, 352.897, 353.601, 350.672, 349.506, 341.225, 353.096]] 
[[347.722, 356.424, 388.537, 358.069, 363.54, 352.763, 358.411, 342.534]] 
[[352.502, 360.839, 361.343, 368.093, 362.995, 377.736, 361.516, 370.062]] 
[[348.874, 349.61, 347.969, 348.731, 366.393, 358.51, 343.245, 349.705]] 
[[359.371, 354.603, 368.703, 358.981, 381.185, 364.047, 371.186, 354.403]] 
[[347.464, 357.97, 351.559, 354.174, 347.274, 365.47, 353.71, 361.037]] 
[[337.421, 352.692, 353.457, 352.058, 353.335, 351.949, 351.84, 348.326]] 
[[341.824, 340.841, 349.508, 350.373, 345.619, 346.786, 349.475, 342.846]] 
[[359.515, 346.632, 360.376, 343.147, 351.271, 357.198, 345.806, 352.656, 343.163, 344.786, 373.653, 345.784, 350.447, 353.338, 355.018, 351.344]] 
[[395.36, 369.956, 368.331, 357.533, 374.711, 356.078, 373.269, 350.003, 360.7, 356.722, 364.191, 346.706, 381.069, 350.078, 361.946, 367.636]] 
[[353.566, 354.322, 345.618, 353.095, 350.821, 355.292, 352.181, 353.65, 352.845, 347.823, 355.614, 352.39, 349.606, 349.885, 345.948, 344.25]] 
[[348.227, 376.223, 359.44, 343.582, 357.573, 338.952, 349.139, 350.89, 367.352, 361.716, 347.892, 358.131, 348.299, 353.132, 355.778, 351.218]] 
[[358.037, 383.569, 340.667, 349.015, 352.431, 350.389, 346.074, 382.496, 346.005, 373.999, 356.353, 345.688, 363.108, 352.952, 346.217, 352.132]] 
[[341.399, 342.393, 349.373, 341.753, 340.31, 353.244, 351.166, 348.402, 359.761, 360.255, 350.706, 365.344, 351.725, 359.532, 355.723, 349.654]] 
[[345.138, 347.53, 344.649, 364.188, 342.281, 366.933, 347.878, 374.236, 356.234, 364.804, 360.109, 359.096, 358.184, 358.695, 348.973, 350.539]] 
[[355.808, 343.696, 347.401, 349.062, 352.329, 347.259, 361.569, 382.318, 381.765, 350.402, 378.03, 370.026, 374.508, 372.307, 358.647, 364.235]] 
[[349.895, 353.745, 357.214, 348.329, 368.593, 357.428, 342.016, 350.374, 366.918, 357.257, 343.426, 355.647, 344.018, 347.743, 364.22, 357.127]] 
[[340.01, 342.209, 355.734, 342.869, 351.481, 339.025, 343.261, 340.855, 353.842, 350.198, 367.01, 351.769, 353.998, 352.186, 362.541, 345.298]] 
[[350.962, 355.399, 348.788, 363.486, 361.732, 367.833, 352.158, 358.029, 354.72, 360.924, 373.505, 356.609, 348.663, 364.444, 351.953, 341.85, 350.03, 366.281, 355.983, 342.522, 357.06, 363.926, 367.845, 356.642, 366.851, 353.5, 354.958, 361.121, 348.354, 353.227, 359.093, 345.175]] 
[[348.306, 346.227, 347.999, 349.689, 373.037, 347.197, 367.75, 363.131, 376.368, 357.536, 359.326, 351.942, 356.356, 358.109, 376.616, 357.55, 355.257, 373.204, 352.259, 353.624, 411.557, 420.39, 401.676, 403.297, 391.224, 389.363, 390.458, 391.346, 388.173, 382.791, 381.678, 377.769]] 
[[353.279, 396.494, 386.175, 353.461, 372.221, 353.581, 368.896, 366.241, 371.552, 366.746, 370.179, 364.61, 367.392, 363.865, 359.881, 360.952, 372.312, 356.657, 366.877, 376.026, 364.728, 347.799, 369.593, 359.128, 379.113, 366.317, 351.037, 358.34, 356.43, 344.72, 356.965, 346.51]] 
[[363.822, 339.727, 346.85, 365.207, 359.096, 363.856, 347.298, 368.52, 365.008, 380.324, 348.41, 354.334, 350.003, 357.606, 353.772, 350.9, 345.075, 344.357, 365.05, 354.208, 357.515, 361.576, 351.077, 351.0, 347.701, 367.102, 363.506, 368.848, 379.087, 361.037, 347.884, 355.058]] 
[[353.89, 345.175, 345.967, 349.02, 347.874, 348.431, 363.954, 347.396, 356.254, 364.832, 351.037, 382.592, 343.28, 360.684, 349.943, 376.259, 352.926, 350.386, 344.674, 357.168, 346.168, 370.604, 371.673, 355.592, 358.63, 355.019, 356.416, 357.851, 349.267, 352.382, 349.293, 352.642]] 
[[349.763, 371.886, 356.958, 373.011, 374.392, 365.595, 355.133, 358.858, 357.23, 353.14, 358.481, 376.685, 348.872, 355.28, 352.917, 362.327, 347.319, 352.354, 364.619, 346.088, 372.13, 357.916, 387.033, 382.732, 359.721, 373.467, 350.581, 365.207, 373.76, 359.807, 347.138, 354.732]] 
[[360.105, 360.443, 355.77, 382.756, 352.52, 380.867, 401.027, 382.621, 371.667, 355.017, 371.065, 357.096, 368.257, 362.242, 344.515, 355.443, 354.971, 352.91, 353.423, 366.558, 351.844, 349.962, 349.046, 360.531, 340.517, 350.465, 349.742, 357.027, 357.622, 363.358, 359.978, 358.119]] 
[[351.79, 354.414, 351.737, 351.387, 353.446, 353.979, 344.834, 357.285, 347.761, 367.722, 355.156, 342.712, 360.014, 367.502, 366.024, 362.483, 377.052, 359.76, 350.193, 357.946, 359.509, 355.234, 367.922, 354.528, 365.275, 359.179, 379.381, 362.745, 346.782, 353.928, 357.745, 352.105]] 
[[364.16, 350.575, 347.006, 356.822, 373.353, 355.68, 362.222, 368.994, 384.249, 356.689, 384.868, 355.527, 354.439, 354.299, 363.757, 369.648, 348.39, 352.799, 353.312, 351.059, 352.422, 380.178, 348.9, 364.493, 374.596, 365.135, 357.675, 368.113, 360.734, 360.891, 360.75, 355.828]] 
[[339.842, 348.632, 349.315, 368.486, 354.136, 356.895, 353.22, 355.155, 355.981, 352.545, 362.105, 353.527, 359.776, 362.368, 342.706, 343.025, 355.154, 363.063, 353.64, 363.508, 365.649, 343.019, 381.199, 357.841, 355.27, 355.664, 347.052, 346.63, 356.014, 351.322, 355.197, 345.692]] 
[[362.88, 376.399, 349.474, 362.386, 361.229, 361.197, 357.057, 351.737, 358.911, 371.897, 364.095, 406.116, 408.567, 419.901, 375.845, 392.106, 380.849, 373.097, 372.367, 364.494, 360.033, 374.876, 380.405, 373.904, 357.183, 367.831, 358.115, 373.015, 379.757, 369.825, 374.274, 368.635, 356.263, 357.688, 370.37, 378.891, 409.41, 372.208, 369.408, 376.84, 375.296, 377.236, 376.994, 368.754, 372.624, 355.806, 367.578, 368.784, 347.684, 354.505, 361.869, 344.862, 356.49, 359.713, 345.498, 352.712, 350.078, 345.38, 352.712, 386.125, 387.977, 356.238, 370.113, 348.397]] 
[[359.92, 351.086, 362.087, 379.137, 363.654, 348.936, 362.027, 370.296, 367.38, 369.335, 368.47, 361.283, 374.081, 349.826, 412.901, 406.388, 400.536, 370.011, 385.477, 381.939, 346.639, 383.676, 360.419, 356.904, 367.043, 362.049, 358.56, 372.382, 362.924, 353.215, 359.014, 374.796, 363.549, 375.501, 353.883, 371.897, 340.591, 408.601, 409.978, 417.669, 399.701, 403.575, 397.966, 401.63, 406.142, 395.44, 396.683, 403.702, 381.297, 396.252, 396.584, 409.814, 388.481, 376.587, 384.313, 376.049, 365.566, 363.05, 354.727, 356.027, 356.481, 368.998, 371.643, 356.622]] 
[[353.379, 356.987, 352.504, 350.121, 360.581, 368.68, 379.606, 354.372, 373.011, 348.842, 401.423, 352.236, 378.033, 371.147, 367.346, 385.979, 375.666, 394.672, 371.18, 381.682, 360.02, 381.818, 369.001, 374.063, 391.641, 357.616, 382.135, 356.821, 353.623, 371.398, 369.041, 369.921, 364.451, 366.683, 353.898, 354.021, 350.738, 362.739, 366.707, 364.797, 362.278, 359.6, 363.769, 359.857, 362.953, 386.062, 381.929, 378.697, 349.778, 359.236, 366.91, 359.024, 352.243, 358.752, 361.647, 355.242, 361.39, 367.145, 356.995, 351.533, 367.491, 387.687, 359.403, 356.998]] 
[[353.544, 362.722, 354.633, 371.243, 367.855, 371.019, 360.784, 344.624, 358.817, 356.038, 357.132, 405.793, 380.013, 364.539, 387.571, 395.153, 370.531, 365.491, 372.207, 370.317, 375.929, 361.808, 362.404, 373.644, 359.799, 363.649, 399.581, 378.429, 379.638, 403.811, 380.899, 355.574, 375.04, 365.142, 371.945, 364.835, 384.274, 382.402, 356.445, 366.889, 363.01, 373.99, 352.412, 354.715, 355.282, 359.607, 359.213, 385.044, 363.441, 356.474, 348.957, 348.794, 344.042, 352.549, 347.232, 360.7, 348.618, 358.454, 377.47, 363.585, 348.191, 357.0, 369.384, 350.315]] 
[[352.923, 356.838, 351.495, 377.486, 350.612, 372.89, 364.775, 372.715, 385.655, 357.16, 365.718, 375.969, 384.337, 380.338, 371.941, 370.259, 357.822, 357.273, 378.241, 372.546, 370.396, 366.433, 356.448, 352.76, 371.038, 360.281, 364.326, 360.774, 357.971, 387.617, 392.274, 351.827, 374.12, 381.476, 373.825, 370.737, 377.371, 368.282, 365.857, 356.227, 368.86, 371.258, 366.072, 363.43, 369.843, 371.604, 348.388, 360.878, 361.342, 364.404, 359.238, 355.295, 396.751, 383.057, 348.373, 366.205, 372.152, 369.999, 390.019, 381.254, 367.649, 351.132, 367.95, 359.74]] 
[[370.719, 364.887, 364.633, 367.335, 374.501, 359.904, 356.746, 377.828, 367.839, 393.773, 379.712, 368.73, 392.391, 383.538, 397.972, 394.247, 391.681, 385.26, 372.694, 393.151, 372.816, 376.539, 381.987, 353.179, 368.077, 372.825, 371.523, 370.516, 370.105, 368.525, 380.363, 353.825, 356.075, 355.058, 358.552, 360.497, 362.778, 366.311, 367.718, 372.38, 369.63, 357.259, 370.45, 381.169, 380.734, 376.885, 367.425, 359.405, 356.883, 368.551, 349.978, 353.665, 360.545, 362.598, 341.542, 351.552, 354.884, 364.451, 358.116, 345.727, 350.928, 363.375, 361.374, 360.887]] 
[[375.795, 347.519, 351.423, 388.384, 360.891, 357.662, 357.727, 361.19, 385.2, 414.062, 401.233, 370.402, 395.437, 389.84, 392.766, 446.628, 371.432, 433.591, 416.363, 430.083, 423.377, 419.924, 418.717, 415.174, 421.98, 396.222, 408.958, 404.659, 393.03, 406.222, 383.881, 416.561, 396.377, 395.709, 381.72, 417.102, 399.246, 389.29, 378.962, 371.911, 393.972, 385.577, 379.107, 943.681, 680.308, 924.676, 451.674, 466.429, 449.347, 435.988, 426.281, 402.127, 394.653, 401.906, 392.926, 386.663, 370.07, 371.862, 366.338, 358.48, 350.541, 342.231, 341.8, 352.074]] 
[[486.899, 1510.92, 472.267, 450.818, 468.899, 444.111, 470.848, 429.663, 456.686, 421.202, 382.563, 426.593, 394.036, 392.581, 439.334, 423.376, 380.441, 411.592, 397.344, 452.915, 1611.877, 1608.056, 1600.488, 430.326, 1566.051, 401.376, 1552.6100000000001, 401.445, 382.301, 392.382, 383.073, 357.15, 533.86, 519.052, 535.357, 534.438, 508.499, 529.45, 497.844, 511.311, 478.471, 477.275, 473.895, 483.551, 459.322, 475.888, 473.43, 450.665, 455.896, 469.997, 457.817, 418.548, 444.106, 396.575, 421.861, 414.907, 414.088, 1515.9299999999998, 431.09, 424.523, 415.53, 1483.622, 552.31, 544.64]] 
[[1354.517, 1398.374, 1381.945, 1391.282, 1390.196, 599.731, 1377.275, 1369.5520000000001, 562.636, 551.207, 580.693, 551.716, 539.678, 563.085, 550.977, 528.836, 532.021, 525.698, 530.854, 506.969, 492.382, 497.226, 501.911, 478.729, 498.094, 548.023, 514.775, 502.83, 452.006, 460.351, 466.73, 483.842, 469.094, 444.453, 435.695, 484.378, 480.569, 477.933, 447.997, 453.605, 410.781, 459.46, 461.089, 466.773, 452.199, 461.018, 1359.155, 1399.8310000000001, 1363.375, 572.47, 1399.222, 1349.646, 1373.833, 1377.9479999999999, 1362.09, 528.032, 510.577, 515.039, 498.164, 483.345, 494.312, 478.715, 470.427, 470.873]] 
[[367.366, 344.95, 354.1, 370.21, 357.823, 369.765, 364.361, 386.961, 399.797, 370.531, 394.975, 384.522, 366.178, 358.284, 364.599, 380.223, 365.147, 387.455, 386.942, 368.372, 394.85, 387.153, 361.18, 371.364, 376.748, 372.936, 383.908, 362.702, 359.794, 396.291, 370.301, 353.205, 350.638, 354.842, 367.916, 385.96, 376.604, 376.137, 355.344, 365.864, 366.449, 360.72, 366.062, 379.873, 359.614, 348.003, 386.255, 367.257, 391.278, 370.947, 390.233, 390.134, 360.72, 341.588, 354.403, 350.039, 343.02, 356.408, 342.734, 342.246, 360.23, 342.826, 343.635, 344.045]] 
[[361.473, 364.141, 362.505, 367.907, 363.62, 380.241, 377.913, 388.344, 377.333, 355.947, 372.345, 375.023, 397.448, 380.663, 376.872, 372.174, 374.2, 361.323, 403.115, 393.352, 369.068, 382.845, 371.962, 377.386, 368.325, 381.665, 358.059, 356.936, 405.857, 359.507, 357.678, 380.994, 370.129, 389.847, 372.803, 378.793, 397.633, 382.142, 368.979, 374.401, 371.249, 1372.577, 372.829, 367.482, 365.952, 386.732, 372.252, 387.5, 364.312, 361.308, 357.827, 356.516, 379.844, 354.778, 358.078, 348.237, 392.104, 354.393, 359.843, 373.231, 348.142, 347.618, 369.306, 375.086, 356.92]] 
[[379.247, 366.672, 371.762, 360.346, 389.198, 396.262, 391.57, 392.222, 382.055, 388.355, 368.764, 393.266, 358.382, 383.852, 362.699, 396.201, 364.469, 375.539, 379.259, 359.632, 380.319, 362.009, 385.981, 382.872, 370.24, 374.676, 377.239, 385.043, 364.155, 365.424, 369.411, 390.653, 388.339, 385.972, 390.034, 384.863, 364.565, 395.98, 362.303, 382.439, 367.736, 348.751, 349.633, 385.146, 372.125, 364.597, 367.962, 364.014, 368.333, 380.444, 347.613, 355.246, 360.047, 372.126, 366.159, 351.092, 367.701, 350.161, 375.192, 357.898, 375.026, 368.292, 348.679, 348.121, 352.324]] 
[[404.812, 372.162, 373.728, 369.558, 372.902, 370.264, 406.718, 401.665, 349.815, 394.96, 395.207, 390.741, 387.0, 396.641, 392.156, 395.547, 379.943, 382.554, 380.204, 377.217, 371.422, 369.112, 379.903, 359.524, 360.667, 368.426, 396.816, 394.062, 389.676, 391.163, 389.902, 403.273, 369.097, 369.895, 389.201, 360.897, 385.57, 371.939, 379.541, 373.993, 372.85, 378.937, 378.65, 379.051, 392.933, 381.57, 363.303, 352.657, 400.132, 387.798, 388.577, 368.826, 356.195, 369.766, 370.636, 367.858, 366.015, 351.417, 351.245, 382.466, 404.612, 380.483, 350.835, 368.879, 346.814]] 
[[387.924, 359.547, 371.84, 368.16, 367.476, 361.665, 381.335, 372.52, 393.283, 392.5, 380.107, 359.562, 376.247, 361.826, 376.883, 369.852, 412.385, 357.467, 380.112, 381.864, 404.795, 385.928, 363.422, 366.134, 370.045, 361.346, 366.271, 363.646, 364.459, 360.883, 375.191, 356.208, 376.142, 387.593, 372.606, 388.575, 360.127, 359.107, 355.637, 380.733, 386.843, 360.548, 378.067, 387.982, 348.608, 358.294, 358.288, 360.719, 360.573, 357.044, 367.982, 393.044, 355.446, 367.882, 352.583, 348.811, 348.034, 350.936, 356.444, 375.131, 358.238, 365.853, 358.014, 360.717, 352.907]] 
[[348.086, 392.44, 376.867, 371.456, 386.269, 398.191, 370.298, 383.225, 356.792, 385.403, 365.846, 398.255, 376.671, 384.597, 399.731, 396.021, 370.212, 377.888, 387.848, 392.279, 369.833, 381.27, 374.411, 364.776, 370.74, 361.546, 358.957, 357.911, 351.667, 355.585, 374.135, 360.754, 364.411, 360.637, 428.15, 435.716, 405.858, 400.492, 379.712, 380.417, 403.344, 405.395, 379.957, 381.39, 384.608, 383.965, 385.944, 378.648, 372.763, 378.78, 364.662, 365.036, 463.275, 360.779, 425.443, 406.3, 400.001, 404.604, 400.226, 396.685, 391.74, 383.209, 378.548, 380.084, 348.482]] 
[[399.368, 371.086, 377.96, 404.437, 362.644, 380.07, 378.534, 364.799, 384.692, 369.084, 370.927, 407.211, 379.217, 372.759, 375.98, 377.188, 363.316, 380.046, 375.693, 367.458, 393.497, 373.097, 366.982, 357.904, 392.932, 377.106, 387.155, 375.064, 368.252, 371.217, 381.383, 377.59, 385.128, 366.914, 379.141, 358.339, 379.49, 369.891, 366.366, 362.2, 370.974, 353.101, 352.038, 353.604, 382.454, 384.421, 349.994, 381.567, 373.554, 371.643, 360.878, 372.499, 355.669, 391.242, 374.431, 382.004, 374.029, 354.435, 348.024, 344.33, 353.891, 358.326, 355.498, 361.317, 351.053]] 
[[355.72, 350.746, 353.526, 360.846, 377.744, 357.126, 349.765, 358.636, 382.461, 388.813, 399.789, 366.431, 386.317, 373.114, 376.122, 372.527, 385.161, 373.798, 392.136, 376.543, 451.537, 361.347, 398.524, 379.695, 364.337, 379.685, 381.212, 371.62, 377.811, 357.728, 360.722, 387.425, 369.066, 371.073, 378.697, 372.898, 396.05, 376.886, 382.222, 377.353, 371.046, 372.262, 367.979, 369.604, 370.606, 366.302, 358.52, 355.695, 357.452, 368.856, 346.514, 356.844, 353.163, 350.619, 401.315, 396.502, 382.416, 372.024, 373.824, 397.269, 367.181, 351.673, 362.815, 398.973, 387.719]] 
[[349.174, 359.978, 370.668, 349.618, 400.15, 406.533, 355.357, 351.85, 355.164, 396.666, 366.73, 381.278, 379.945, 362.514, 415.228, 368.204, 399.959, 380.825, 388.309, 389.594, 371.374, 371.693, 369.784, 367.009, 351.907, 364.826, 356.83, 353.938, 350.948, 350.179, 363.114, 366.965, 352.883, 354.137, 396.434, 359.293, 371.161, 381.134, 382.939, 384.265, 388.593, 355.418, 374.022, 370.364, 371.728, 394.307, 382.201, 366.79, 377.204, 361.547, 360.264, 361.588, 362.863, 358.288, 344.416, 341.018, 343.7, 358.64, 363.224, 366.741, 374.201, 361.44, 362.635, 341.651, 349.902]] 
[[354.125, 369.045, 369.11, 371.035, 363.675, 367.378, 349.257, 375.481, 368.977, 391.491, 393.768, 372.1, 376.417, 377.193, 364.638, 376.619, 364.683, 360.109, 373.584, 366.087, 371.66, 406.159, 379.264, 380.142, 394.638, 410.636, 359.706, 381.696, 381.56, 371.529, 369.212, 378.044, 376.861, 355.889, 366.382, 365.847, 367.577, 361.624, 369.205, 368.645, 373.021, 362.402, 354.337, 362.763, 347.621, 366.434, 363.412, 374.164, 363.949, 365.114, 384.208, 359.939, 352.149, 353.987, 366.767, 356.073, 348.306, 365.214, 364.581, 349.81, 361.022, 347.272, 353.574, 358.574, 358.619]] 
[[346.78, 392.211, 389.914, 355.401, 378.399, 376.242, 381.627, 368.116, 380.809, 385.069, 423.405, 358.023, 380.878, 382.34, 389.902, 385.548, 379.119, 401.737, 373.198, 392.199, 384.273, 380.12, 378.939, 371.462, 365.973, 366.872, 356.114, 362.74, 360.942, 364.529, 372.799, 351.538, 360.997, 365.429, 366.791, 368.301, 370.746, 374.811, 358.541, 385.717, 371.609, 384.605, 381.68, 361.684, 370.885, 375.577, 370.38, 367.623, 396.423, 376.534, 367.076, 363.114, 396.211, 358.032, 345.516, 345.833, 347.216, 384.155, 414.929, 390.612, 377.603, 395.283, 409.667, 380.569, 377.519]] 
[[372.343, 359.745, 382.277, 365.559, 368.956, 383.873, 373.27, 363.032, 375.047, 392.94, 371.113, 368.379, 363.178, 387.466, 364.818, 359.388, 387.948, 398.727, 375.653, 390.685, 405.701, 384.344, 369.389, 390.175, 388.113, 375.494, 374.855, 381.264, 379.477, 361.074, 361.902, 364.298, 363.904, 375.321, 360.622, 361.992, 355.703, 361.272, 354.854, 372.049, 378.177, 370.554, 353.03, 356.379, 368.532, 368.132, 388.29, 368.57, 352.274, 359.191, 362.478, 364.975, 366.854, 358.638, 340.237, 356.45, 354.751, 361.591, 356.598, 354.147, 349.56, 344.83, 372.2, 341.629, 347.746, 346.483]] 
[[376.414, 373.437, 382.723, 374.415, 370.567, 384.698, 368.114, 374.142, 375.358, 365.971, 350.132, 350.124, 363.61, 394.015, 372.473, 366.513, 364.353, 393.292, 366.997, 378.656, 369.097, 383.131, 362.796, 357.885, 365.171, 363.814, 365.037, 362.337, 359.854, 349.774, 350.794, 347.381, 346.036, 349.114, 347.359, 355.505, 371.145, 368.667, 390.812, 362.234, 363.501, 377.938, 390.3, 370.664, 393.315, 368.707, 371.164, 439.848, 376.427, 375.033, 379.469, 370.357, 358.439, 366.082, 368.167, 355.351, 359.311, 348.67, 362.083, 361.266, 366.253, 350.465, 379.664, 356.536, 353.395, 353.177]] 
[[365.18, 395.361, 380.095, 368.808, 362.068, 363.435, 402.772, 362.596, 356.608, 378.762, 443.599, 372.473, 376.971, 397.866, 351.899, 381.272, 405.714, 392.863, 384.464, 388.468, 379.92, 387.017, 384.637, 380.17, 365.613, 392.166, 367.441, 362.988, 359.279, 372.694, 352.477, 364.274, 371.638, 361.108, 387.623, 371.321, 368.463, 366.171, 365.066, 369.744, 377.546, 407.812, 379.818, 400.284, 377.393, 389.659, 405.266, 374.01, 397.37, 382.177, 358.233, 371.029, 369.669, 349.608, 346.895, 363.522, 371.801, 349.061, 359.058, 351.916, 366.124, 362.911, 375.982, 361.507, 350.872, 355.87]] 
[[354.959, 375.585, 364.734, 378.266, 375.95, 373.103, 371.065, 388.208, 377.692, 387.81, 355.162, 375.101, 399.039, 385.677, 375.923, 370.057, 366.917, 370.778, 373.522, 359.489, 361.184, 358.629, 377.847, 370.519, 368.324, 365.01, 355.874, 394.968, 362.784, 379.107, 382.799, 356.123, 376.75, 366.849, 369.325, 367.203, 396.751, 364.329, 364.611, 344.271, 374.567, 361.989, 355.176, 353.661, 367.68, 368.291, 359.137, 381.941, 359.791, 348.631, 351.696, 359.415, 358.838, 367.909, 348.541, 351.076, 347.783, 345.956, 355.479, 358.014, 369.944, 343.846, 349.666, 370.1, 369.5, 362.946]] 
[[343.188, 367.279, 368.784, 365.267, 369.971, 379.313, 396.248, 370.001, 390.127, 351.966, 375.145, 363.784, 397.594, 420.958, 386.829, 391.522, 382.867, 399.125, 418.32, 390.42, 398.827, 407.978, 395.468, 407.776, 394.184, 391.312, 407.268, 403.565, 412.824, 379.297, 383.009, 387.839, 380.613, 387.608, 378.719, 368.851, 379.187, 368.471, 372.237, 371.198, 368.359, 393.498, 363.262, 366.242, 368.19, 382.313, 361.716, 355.025, 352.322, 347.471, 354.785, 355.854, 368.312, 343.531, 340.112, 381.234, 364.23, 346.584, 349.88, 342.232, 367.422, 346.837, 368.009, 345.392, 364.485, 347.671]] 
[[351.064, 360.903, 368.736, 365.665, 367.171, 369.336, 374.755, 362.501, 378.703, 374.073, 385.865, 345.55, 382.413, 364.603, 387.939, 364.491, 366.055, 391.006, 364.337, 356.818, 376.962, 362.243, 383.236, 369.109, 377.435, 367.195, 363.34, 361.359, 356.863, 402.015, 390.326, 364.111, 354.004, 363.1, 366.394, 365.944, 361.371, 363.305, 366.486, 365.332, 363.31, 375.986, 357.195, 351.084, 353.563, 354.643, 351.578, 355.576, 354.955, 354.754, 353.345, 354.203, 355.459, 357.352, 371.649, 358.977, 358.107, 365.861, 358.712, 338.929, 359.192, 368.082, 356.508, 384.317, 367.636, 362.966]] 
[[353.45, 366.465, 354.28, 367.81, 356.44, 354.394, 363.124, 394.845, 365.02, 368.549, 366.926, 441.708, 371.047, 373.941, 424.728, 415.432, 428.013, 427.196, 414.004, 424.125, 408.146, 406.429, 416.4, 405.237, 398.976, 405.51, 402.174, 396.529, 397.8, 390.865, 396.121, 396.243, 388.167, 391.04, 387.817, 376.014, 375.884, 384.904, 374.0, 356.094, 369.6, 365.131, 371.383, 358.809, 355.964, 383.292, 389.359, 365.998, 361.206, 359.773, 354.503, 370.9, 380.674, 357.795, 347.279, 355.256, 361.021, 347.957, 363.686, 360.656, 355.556, 351.28, 357.027, 345.169, 340.468, 366.324]] 
[[391.757, 349.966, 372.89, 379.855, 377.226, 364.75, 359.693, 361.959, 375.588, 369.475, 374.665, 355.602, 361.681, 373.763, 361.225, 363.481, 365.007, 398.302, 387.596, 380.422, 366.551, 355.672, 405.881, 381.582, 384.939, 371.406, 406.383, 383.465, 373.334, 369.66, 387.642, 358.561, 379.521, 366.723, 370.602, 370.9, 363.144, 383.108, 369.294, 375.823, 364.102, 354.789, 364.858, 365.966, 365.015, 374.384, 362.794, 378.019, 362.276, 387.784, 355.914, 371.386, 377.102, 355.646, 366.0, 352.922, 349.622, 354.786, 346.002, 398.506, 381.178, 372.477, 361.774, 368.882, 370.932, 349.84]] 
[[367.648, 377.0, 362.087, 404.23, 365.126, 369.973, 388.334, 380.103, 361.636, 372.682, 384.174, 420.629, 374.532, 406.237, 377.67, 371.204, 374.809, 408.92, 391.745, 376.436, 369.485, 375.534, 367.124, 375.537, 394.306, 382.516, 382.912, 352.04, 377.382, 347.987, 366.508, 368.404, 365.603, 361.512, 367.386, 392.418, 382.788, 359.644, 364.193, 372.603, 368.893, 366.771, 362.426, 362.036, 355.378, 382.479, 378.095, 377.869, 366.663, 384.477, 364.29, 366.44, 363.896, 354.314, 359.609, 370.337, 382.835, 353.969, 362.729, 382.5, 364.232, 369.807, 384.39, 381.624, 349.595, 367.222]] 
[[369.886, 359.305, 349.608, 394.132, 366.121, 372.921, 363.384, 365.872, 358.899, 348.338, 391.947, 364.929, 355.119, 389.099, 386.581, 372.989, 371.708, 365.254, 370.784, 370.177, 398.344, 389.294, 395.503, 399.354, 383.262, 382.113, 394.33, 377.849, 387.455, 383.924, 384.031, 377.947, 357.872, 366.738, 369.569, 368.104, 359.747, 365.556, 369.225, 365.612, 397.154, 361.666, 364.016, 366.748, 355.76, 361.66, 382.771, 362.792, 351.903, 354.568, 397.998, 374.88, 386.278, 384.305, 385.212, 368.84, 360.12, 370.835, 375.683, 371.388, 350.258, 343.358, 343.035, 343.416, 356.197, 363.635]] 
[[360.304, 360.767, 366.872, 408.014, 373.2, 391.175, 382.126, 380.699, 366.921, 366.077, 375.988, 374.402, 382.347, 369.966, 378.108, 409.096, 364.908, 371.497, 389.724, 381.532, 379.051, 368.188, 387.929, 368.005, 368.821, 365.303, 372.624, 393.434, 362.559, 395.526, 362.374, 348.719, 352.192, 360.97, 378.616, 376.3, 391.411, 374.865, 369.457, 372.425, 363.621, 427.302, 390.307, 410.311, 399.202, 373.628, 371.901, 372.917, 386.464, 386.87, 382.749, 388.017, 381.901, 387.024, 366.894, 362.459, 364.599, 398.317, 366.59, 346.967, 357.662, 375.248, 346.606, 352.002, 346.246, 370.874, 348.397]] 
[[382.737, 387.094, 387.172, 378.863, 395.199, 360.975, 381.276, 375.244, 368.911, 365.316, 370.5, 367.985, 373.63, 358.784, 378.814, 356.31, 384.704, 401.863, 373.135, 380.997, 382.611, 379.884, 366.431, 364.151, 393.413, 373.255, 368.269, 364.745, 373.965, 367.797, 389.724, 372.746, 377.701, 355.0, 364.065, 363.075, 382.64, 354.762, 348.022, 349.291, 355.494, 354.45, 360.554, 354.427, 383.181, 364.238, 362.294, 369.13, 382.913, 367.112, 366.1, 356.056, 350.949, 347.857, 346.921, 347.821, 365.719, 341.988, 357.063, 388.229, 360.591, 348.498, 349.277, 357.293, 349.265, 354.505, 341.677]] 
[[365.959, 373.036, 382.281, 377.076, 369.256, 362.948, 391.421, 367.03, 382.031, 412.156, 394.707, 369.049, 402.83, 393.553, 376.718, 381.829, 399.312, 370.179, 362.916, 373.251, 373.966, 381.231, 359.945, 380.004, 379.7, 368.999, 376.914, 390.428, 380.741, 378.043, 370.559, 374.757, 359.013, 419.718, 375.121, 381.017, 353.775, 379.485, 392.718, 383.209, 372.597, 374.477, 375.175, 377.917, 370.594, 376.381, 367.287, 381.091, 365.499, 372.407, 388.416, 373.069, 371.691, 387.866, 375.281, 351.596, 371.461, 364.979, 349.516, 358.033, 354.583, 351.978, 354.427, 370.376, 369.843, 366.231, 352.935]] 
[[378.78, 379.49, 387.21, 362.032, 372.145, 390.589, 371.633, 403.626, 374.737, 384.767, 374.461, 381.71, 372.808, 363.734, 376.947, 368.67, 373.069, 367.395, 367.826, 366.688, 370.722, 386.859, 377.238, 375.427, 381.05, 388.878, 393.09, 378.869, 381.866, 380.155, 383.099, 369.008, 372.086, 377.098, 395.039, 396.382, 386.621, 389.565, 372.891, 387.825, 372.076, 376.023, 379.317, 372.787, 387.33, 367.01, 368.55, 365.456, 358.98, 377.73, 353.425, 390.084, 361.735, 373.204, 374.064, 346.167, 384.727, 345.049, 367.759, 358.887, 356.499, 374.759, 352.596, 351.981, 354.492, 341.785, 348.838]] 
[[346.698, 352.71, 408.234, 373.436, 367.036, 392.634, 383.054, 378.697, 369.773, 363.524, 386.112, 394.506, 386.467, 379.958, 408.898, 399.384, 385.589, 375.595, 389.813, 383.096, 385.435, 370.255, 364.237, 393.435, 370.373, 382.42, 355.833, 350.423, 367.429, 364.124, 383.181, 385.773, 351.432, 386.091, 363.671, 365.779, 363.844, 364.326, 369.083, 353.478, 378.72, 388.677, 368.203, 365.699, 366.652, 368.947, 355.756, 366.73, 360.96, 374.042, 347.806, 360.758, 351.31, 367.017, 348.219, 362.193, 368.307, 378.894, 372.36, 346.549, 378.651, 355.999, 362.384, 366.351, 346.913, 358.532, 349.906]] 
[[361.271, 362.711, 364.281, 377.37, 379.878, 372.982, 373.285, 373.875, 366.705, 369.586, 375.013, 359.448, 425.342, 399.209, 440.928, 424.816, 410.255, 434.066, 423.044, 402.253, 401.792, 413.604, 411.731, 413.154, 413.174, 407.19, 419.359, 418.116, 397.641, 405.647, 417.837, 392.323, 402.542, 397.663, 392.889, 409.118, 415.584, 430.287, 434.239, 437.686, 453.765, 432.816, 455.409, 440.667, 447.249, 448.81, 440.006, 438.707, 442.029, 441.997, 426.659, 435.381, 427.242, 445.056, 418.248, 405.199, 405.236, 399.449, 401.642, 404.261, 395.724, 394.924, 392.951, 413.036, 385.508, 382.662, 376.995]] 
[[344.991, 350.09, 364.591, 362.088, 397.639, 413.803, 418.581, 391.245, 397.704, 378.969, 398.607, 364.863, 367.1, 374.401, 424.413, 359.421, 383.707, 386.621, 379.111, 369.642, 362.633, 362.672, 372.546, 361.567, 360.178, 382.181, 385.184, 354.596, 396.438, 370.561, 376.115, 353.118, 368.511, 355.065, 395.338, 362.383, 358.001, 374.888, 370.038, 393.228, 382.449, 382.392, 360.319, 365.076, 377.411, 383.6, 352.894, 347.6, 363.346, 340.792, 350.666, 357.187, 390.837, 353.1, 348.747, 378.85, 358.639, 349.774, 349.15, 348.981, 365.637, 357.439, 365.786, 360.343, 360.429, 359.063, 346.531]] 
[[367.901, 394.638, 377.31, 391.053, 385.42, 376.166, 376.261, 371.261, 370.716, 365.406, 367.693, 365.933, 365.129, 361.271, 370.226, 372.823, 363.167, 354.657, 353.404, 369.821, 361.633, 368.757, 375.873, 364.455, 386.542, 380.928, 409.14, 394.012, 401.072, 386.598, 387.136, 378.817, 381.478, 371.043, 377.923, 362.066, 363.006, 380.708, 367.201, 367.801, 348.517, 363.524, 366.531, 357.172, 353.472, 389.107, 369.963, 370.673, 368.94, 368.939, 401.911, 365.397, 399.933, 377.464, 357.934, 359.471, 351.19, 338.738, 359.958, 380.264, 356.2, 358.971, 348.41, 345.161, 395.349, 384.043, 370.806]] 
[[345.415, 373.353, 359.116, 352.959, 428.703, 356.728, 392.977, 381.73, 380.119, 392.239, 382.926, 378.612, 367.525, 361.352, 410.436, 362.078, 387.814, 387.861, 399.723, 381.895, 385.242, 378.905, 379.637, 369.815, 365.043, 401.499, 367.547, 400.382, 378.484, 387.2, 385.15, 400.694, 345.078, 379.655, 372.203, 359.155, 360.574, 418.875, 414.324, 356.731, 377.374, 400.365, 391.814, 390.595, 380.449, 370.431, 384.533, 373.718, 345.468, 366.914, 350.429, 354.633, 360.117, 359.89, 347.233, 350.79, 407.38, 346.854, 378.504, 389.419, 351.774, 352.259, 366.717, 374.031, 371.449, 359.557, 369.608]] 
[[362.34, 350.652, 354.472, 361.15, 375.63, 391.072, 367.743, 357.671, 383.922, 368.216, 354.861, 401.951, 394.708, 381.513, 383.111, 376.693, 364.311, 393.833, 382.454, 380.424, 374.056, 387.11, 389.139, 373.14, 382.758, 365.061, 363.311, 363.199, 370.082, 358.947, 351.64, 369.664, 355.384, 358.535, 366.557, 351.484, 359.805, 349.672, 394.73, 355.785, 346.109, 371.439, 388.39, 363.737, 373.673, 369.681, 364.926, 373.038, 360.946, 382.344, 372.708, 362.756, 351.712, 353.684, 351.19, 361.716, 354.435, 342.229, 338.812, 355.894, 364.009, 358.754, 367.111, 365.342, 344.744, 348.577, 355.411]] 
[[367.321, 380.893, 356.871, 371.267, 376.761, 367.661, 392.112, 354.356, 381.9, 369.581, 411.025, 366.665, 379.606, 369.312, 365.198, 370.907, 373.665, 367.88, 397.189, 378.148, 356.497, 375.438, 359.245, 396.041, 386.036, 368.463, 372.421, 367.711, 364.218, 360.543, 349.776, 346.545, 393.012, 354.678, 377.085, 378.664, 368.039, 369.617, 367.055, 357.639, 356.115, 395.194, 362.083, 386.024, 387.932, 378.961, 372.879, 369.057, 364.326, 371.268, 362.452, 354.383, 363.241, 379.937, 383.958, 416.105, 376.739, 356.932, 367.952, 369.441, 367.13, 358.081, 357.348, 396.037, 378.443, 342.12, 351.952, 355.908]] 
[[380.498, 362.677, 359.032, 377.337, 372.129, 375.633, 372.455, 367.322, 360.629, 362.996, 360.738, 349.652, 354.412, 370.66, 402.564, 405.471, 383.128, 393.18, 391.838, 372.254, 374.465, 383.169, 376.956, 352.624, 361.994, 363.482, 381.302, 376.656, 370.944, 360.904, 367.784, 354.403, 349.601, 405.646, 377.092, 344.045, 374.255, 388.419, 369.85, 365.596, 408.833, 359.858, 399.803, 388.377, 384.097, 382.784, 374.043, 366.929, 385.918, 376.794, 371.531, 360.816, 356.921, 345.266, 342.847, 344.167, 343.001, 374.416, 359.333, 409.522, 351.335, 367.965, 423.856, 368.87, 355.161, 356.11, 368.93, 353.583]] 
[[356.06, 366.827, 375.043, 370.756, 370.205, 359.534, 355.815, 365.962, 380.855, 366.663, 359.389, 362.26, 377.874, 384.221, 370.386, 385.585, 362.056, 402.145, 394.831, 385.8, 402.553, 391.139, 380.298, 378.82, 388.538, 391.165, 369.616, 401.704, 393.803, 368.73, 364.682, 374.388, 401.438, 370.429, 369.15, 367.279, 365.27, 372.603, 372.533, 369.77, 377.595, 376.452, 356.305, 369.651, 376.805, 373.913, 371.44, 374.809, 372.073, 358.284, 366.365, 370.251, 368.014, 364.547, 373.821, 376.25, 347.63, 384.743, 346.23, 364.778, 362.094, 360.859, 348.897, 377.459, 362.852, 351.124, 353.848, 354.425]] 
[[434.986, 396.35, 406.052, 468.106, 488.282, 430.918, 500.507, 522.439, 595.571, 562.113, 532.347, 604.186, 654.421, 675.858, 612.782, 691.661, 728.999, 777.935, 744.238, 823.596, 787.627, 885.866, 854.033, 824.248, 926.168, 946.434, 969.495, 873.141, 975.451, 1028.268, 991.634, 1114.588, 1028.99, 1051.842, 1182.65, 1197.551, 1124.343, 1238.387, 1206.462, 1306.819, 1272.0439999999999, 1238.32, 1334.454, 1303.946, 1348.5720000000001, 1368.5149999999999, 1417.156, 1383.004, 1429.121, 1451.401, 1493.1970000000001, 1461.768, 1503.474, 1577.6779999999999, 1510.031, 1532.663, 1569.941, 1585.228, 1604.661, 1649.95, 1611.73, 1726.252, 1686.826, 1651.476, 1727.417, 1753.742, 1777.239, 1803.132]] 
[[431.616, 410.719, 451.087, 497.692, 464.089, 508.473, 553.678, 518.633, 647.702, 612.978, 553.03, 573.833, 756.465, 663.824, 688.978, 625.026, 756.432, 804.655, 689.23, 762.844, 815.232, 1042.025, 895.605, 843.786, 928.141, 980.83, 1062.411, 1035.05, 1075.189, 1146.118, 1112.466, 1079.051, 1152.555, 1204.557, 1227.6, 1160.966, 1363.0520000000001, 1281.43, 1223.752, 1397.845, 1440.483, 1482.701, 1626.48, 1513.6599999999999, 1641.745, 1576.2930000000001, 1543.362, 1713.6399999999999, 1660.693, 1749.306, 1768.649, 1788.077, 1807.633, 1850.554, 1872.049, 1812.426, 1971.954, 1892.0720000000001, 1900.94, 1921.488, 1964.7150000000001, 2012.495, 1977.356, 2054.187, 2025.318, 2070.914, 2108.389, 2076.327]] 
[[451.129, 808.286, 588.971, 735.812, 502.298, 669.318, 611.403, 808.817, 901.938, 844.635, 937.199, 1033.51, 980.435, 1145.49, 1070.908, 1179.783, 1230.391, 1369.353, 1295.453, 1413.646, 1509.968, 1446.105, 1851.586, 1746.075, 1527.815, 1573.836, 1777.8600000000001, 1665.629, 1604.3310000000001, 1852.72, 1902.7269999999999, 1957.538, 1974.547, 1995.374, 1984.4969999999998, 1989.516, 2002.552, 1985.109, 1983.057, 1974.413, 1971.586, 1962.374, 1955.824, 1975.238, 1947.362, 1946.2350000000001, 1947.366, 1955.801, 1941.2440000000001, 1931.217, 1929.432, 1931.922, 1918.725, 1910.859, 1909.768, 1907.22, 1907.292, 1891.338, 1889.7269999999999, 1896.162, 2042.542, 2008.713, 1881.681, 1886.472, 2008.24, 2031.575, 2002.633, 2016.132]] 
[[384.305, 383.78, 352.47, 376.911, 378.086, 357.47, 368.335, 386.99, 369.687, 357.81, 371.731, 362.757, 384.567, 375.457, 365.117, 382.126, 374.012, 418.169, 370.41, 368.911, 367.192, 379.924, 383.49, 369.602, 383.19, 383.893, 371.448, 366.326, 386.792, 389.097, 368.403, 377.383, 370.267, 354.401, 356.964, 357.551, 354.441, 359.906, 355.551, 366.917, 377.644, 386.592, 368.863, 371.852, 373.48, 361.874, 361.579, 379.917, 396.111, 373.264, 373.395, 356.137, 347.888, 346.528, 344.986, 345.566, 344.525, 341.744, 356.684, 352.844, 343.404, 362.092, 397.703, 389.01, 380.09, 380.802, 361.102, 361.165]] 
[[391.678, 390.618, 409.835, 383.135, 380.448, 389.556, 350.81, 384.447, 348.408, 360.875, 356.388, 370.428, 397.791, 377.905, 402.225, 389.478, 370.848, 363.772, 373.95, 352.814, 359.49, 401.682, 388.315, 371.257, 354.565, 360.951, 392.212, 391.183, 377.449, 368.108, 372.456, 363.495, 355.905, 358.045, 356.704, 354.963, 347.448, 357.56, 367.407, 362.361, 357.359, 369.322, 359.442, 356.725, 352.669, 364.214, 359.039, 379.802, 386.613, 376.531, 366.299, 369.587, 361.519, 400.57, 399.932, 365.138, 344.385, 387.609, 366.221, 368.431, 355.389, 347.757, 345.04, 367.868, 361.501, 352.399, 353.96, 360.132]] 
[[372.408, 363.153, 341.002, 370.339, 356.891, 353.885, 364.897, 354.535, 371.435, 387.298, 390.976, 371.696, 366.824, 387.295, 380.817, 357.83, 362.255, 358.378, 359.125, 365.561, 356.82, 384.48, 378.885, 372.392, 359.003, 358.725, 356.529, 373.758, 373.049, 376.266, 361.158, 362.883, 364.648, 369.757, 361.582, 350.854, 360.869, 359.999, 356.455, 353.374, 348.71, 346.271, 355.046, 356.916, 345.111, 358.351, 362.944, 364.4, 366.856, 390.659, 365.888, 374.551, 367.438, 354.113, 360.933, 359.144, 361.605, 344.772, 347.46, 364.395, 369.425, 342.864, 368.471, 373.952, 378.302, 369.063, 351.342, 364.321]] 
[[397.075, 364.095, 356.066, 355.985, 370.471, 367.747, 428.038, 357.093, 372.111, 396.945, 359.588, 372.773, 392.866, 359.323, 355.778, 369.972, 379.814, 384.186, 352.016, 377.645, 374.429, 376.018, 365.748, 398.789, 402.492, 392.868, 396.246, 391.294, 389.705, 377.836, 374.393, 371.529, 374.008, 377.515, 385.125, 374.159, 344.79, 366.023, 375.379, 361.005, 355.347, 359.873, 353.976, 381.196, 371.254, 379.106, 365.771, 365.774, 375.802, 371.597, 396.445, 393.641, 361.51, 354.584, 351.853, 347.903, 341.59, 351.432, 353.041, 369.74, 366.034, 353.242, 370.365, 345.756, 343.958, 363.525, 364.965, 358.804]] 
[[356.173, 363.733, 376.245, 368.688, 375.976, 359.857, 369.57, 357.124, 373.618, 365.157, 395.616, 398.867, 381.049, 379.183, 388.185, 371.844, 375.017, 359.115, 380.802, 369.577, 378.278, 365.664, 373.574, 367.29, 403.654, 400.866, 395.403, 378.335, 384.072, 381.186, 377.61, 376.8, 380.791, 361.099, 362.598, 373.295, 378.116, 369.67, 354.771, 384.032, 367.099, 366.773, 358.778, 404.83, 380.658, 376.705, 397.403, 382.74, 363.031, 354.468, 376.422, 372.176, 380.484, 360.217, 362.756, 397.37, 350.703, 378.267]] 
[[370.397, 353.563, 375.106, 369.645, 376.129, 363.446, 366.31, 356.503, 399.128, 360.669, 392.49, 371.589, 366.396, 362.825, 381.528, 380.093, 378.943, 355.18, 355.061, 360.26, 358.51, 367.533, 345.977, 370.122, 347.079, 384.519, 415.014, 366.784, 406.608, 413.849, 414.759]] 
[[379.951, 369.18, 391.308, 415.354, 449.87, 493.533, 462.701, 470.702, 428.93, 440.087, 435.974, 452.85, 441.552, 446.24, 455.228, 448.708, 448.873, 436.522, 428.385, 437.729, 480.07, 449.94]] 
[[384.755, 418.416, 408.022, 422.744, 397.964, 428.985, 424.152, 438.558, 450.21, 467.831, 472.342, 488.36, 492.055, 508.203, 519.718, 537.714, 545.35, 555.431, 541.184, 509.205, 515.317, 520.122, 533.843, 512.825, 517.645, 529.456]] 
[[403.496, 375.976, 400.758, 426.037, 386.962, 399.861, 402.648, 414.078, 419.374, 459.738, 421.782, 450.665, 465.129, 480.119, 470.887, 464.441, 487.418, 455.168, 496.354, 477.502, 490.395, 469.136, 484.616, 469.199, 474.05]] 
[[374.137, 373.4, 387.332, 409.836, 382.098, 384.839, 427.74, 386.311, 391.128, 406.659, 412.745, 431.445, 442.49, 478.002, 439.407, 480.58, 480.953, 462.158, 443.212, 438.374, 434.459]] 
[[389.491, 408.232, 405.956, 418.706, 431.68, 423.08, 433.533, 416.278, 429.966, 431.319, 446.191, 463.689, 468.615, 478.802, 494.829, 452.982, 461.78, 450.598, 471.663, 487.063, 522.003, 601.121, 534.38, 621.085, 671.11, 615.861]] 
[[391.138, 414.155, 397.985, 410.345, 393.994, 412.371, 403.844, 442.66, 393.609, 435.015, 449.671, 472.632, 445.904, 438.334, 462.025, 428.497, 430.222, 419.673, 399.419, 419.225]] 
[[379.103, 392.948, 421.257, 443.699, 462.434, 455.274, 459.37, 452.635, 446.843, 463.375, 481.183, 448.639, 487.522, 457.706, 492.422, 471.942, 492.327, 449.116, 461.983, 470.17, 468.75, 480.663, 481.218, 489.224, 474.461, 454.154]] 
[[375.522, 393.236, 454.651, 401.87, 434.92, 487.754, 451.392, 489.374, 534.66, 497.616, 466.261, 533.101, 507.134, 470.506, 483.781, 512.591, 533.511, 503.083, 449.852, 482.298, 499.385]] 
[[395.713, 410.408, 402.041, 399.587, 417.53, 430.684, 427.674, 400.307, 410.084, 426.345, 436.666, 429.895, 447.987, 431.467, 447.682, 439.522, 477.881, 446.408, 451.376, 468.624, 477.101, 460.149, 475.697, 467.899, 481.858]] 
[[420.826, 383.155, 405.742, 421.655, 444.849, 415.448, 419.758, 451.938, 428.418, 414.047, 432.693, 449.072, 466.063, 480.806, 466.132, 480.966, 471.166, 495.717, 411.384, 404.184, 423.099, 433.796, 431.088, 409.665, 411.81]] 
[[395.588, 438.02, 382.641, 413.33, 433.117, 446.249, 451.379, 443.401, 454.8, 441.159, 472.933, 472.781, 449.981, 433.238, 446.271, 439.385, 440.951, 434.012, 445.657, 451.533, 461.9, 438.009]] 
[[392.217, 405.122, 375.002, 415.3, 420.183, 444.621, 428.057, 470.198, 437.642, 435.623, 442.175, 460.317, 462.217, 486.201, 438.064, 439.493, 410.835, 373.554, 413.955, 426.693, 424.463, 420.903, 418.054]] 
[[385.867, 408.296, 409.27, 431.48, 390.183, 423.368, 392.014, 400.866, 402.227, 410.668, 409.201, 426.01, 448.044, 454.956, 454.597, 440.916, 448.163, 455.724, 481.776, 440.644, 452.506, 455.798, 474.189, 476.316]] 
[[407.446, 433.517, 432.014, 448.656, 421.96, 423.445, 417.163, 383.758, 424.842, 390.774, 420.169, 449.719, 419.455, 462.287, 468.43, 478.732, 497.276, 505.144, 470.01, 482.388, 498.76, 513.723, 525.548, 484.96]] 
[[404.14, 425.261, 450.76, 450.199, 470.097, 448.679, 473.405, 468.868, 423.622, 436.15, 438.515, 449.542, 383.365, 378.41, 401.848, 404.222, 423.904, 458.093, 415.428, 449.598, 466.143, 463.609, 507.702, 476.506, 509.397, 522.829, 515.169, 489.045, 517.908]] 
[[427.882, 466.185, 467.831, 427.973, 477.382, 536.333, 504.507, 427.601, 444.445, 458.889, 505.98, 448.958, 490.476, 506.71, 518.141, 496.286, 517.392, 527.525, 538.033, 555.149, 556.058, 554.178, 561.321, 578.928, 579.133, 594.782, 633.592, 607.571, 575.916]] 
[[383.711, 420.686, 381.486, 424.935, 400.471, 378.123, 391.271, 422.852, 381.444, 387.776, 397.822, 411.936, 404.558, 422.09, 441.089, 375.926, 417.103, 377.071, 389.33, 414.16]] 
[[366.269, 389.658, 381.2, 395.588, 368.393, 377.75, 395.002, 416.341, 429.368, 448.683, 439.463, 483.648, 434.539, 475.995, 459.031, 473.055, 442.301, 425.557, 442.233, 506.524, 457.09, 477.666]] 
average response time [0]1
average response time [1]385.972
average response time [2]343.214
average response time [3]344.37
average response time [4]346.397
average response time [5]382.879
average response time [6]354.08
average response time [7]371.649
average response time [8]386.735
average response time [9]379.914
TOTAL AVERAGE RESPONSE TIME ====================: 329.621
NUMBER OF THREADS ==============================: 1
average response time [10]352.945
average response time [11]361.7595
average response time [12]362.822
average response time [13]368.29949999999997
average response time [14]341.4095
average response time [15]358.5815
average response time [16]353.669
average response time [17]348.3375
average response time [18]353.7935
average response time [19]374.00649999999996
TOTAL AVERAGE RESPONSE TIME ====================: 357.56235000000004
NUMBER OF THREADS ==============================: 2
average response time [20]360.51925
average response time [21]350.1165
average response time [22]353.4455
average response time [23]352.286
average response time [24]355.459
average response time [25]346.008
average response time [26]354.464
average response time [27]357.557
average response time [28]383.89975
average response time [29]369.83875
TOTAL AVERAGE RESPONSE TIME ====================: 358.35937499999994
NUMBER OF THREADS ==============================: 4
average response time [30]348.775
average response time [31]351.099625
average response time [32]350.423
average response time [33]358.5
average response time [34]364.38575000000003
average response time [35]351.629625
average response time [36]364.059875
average response time [37]354.83225
average response time [38]350.13475
average response time [39]345.909
TOTAL AVERAGE RESPONSE TIME ====================: 353.9748875
NUMBER OF THREADS ==============================: 8
average response time [40]352.133375
average response time [41]364.6430625
average response time [42]351.056625
average response time [43]354.2215
average response time [44]356.19575
average response time [45]351.29625
average response time [46]355.5916875
average response time [47]361.835125
average response time [48]353.996875
average response time [49]349.517875
TOTAL AVERAGE RESPONSE TIME ====================: 355.04881249999994
NUMBER OF THREADS ==============================: 16
average response time [50]356.67571875
average response time [51]371.91265625
average response time [52]364.00240625
average response time [53]357.3379375
average response time [54]355.22746875
average response time [55]361.410375
average response time [56]360.546375
average response time [57]357.7353125
average response time [58]361.17384375
average response time [59]354.800875
TOTAL AVERAGE RESPONSE TIME ====================: 360.082296875
NUMBER OF THREADS ==============================: 32
average response time [60]368.48375
average response time [61]375.80296875
average response time [62]366.01871875
average response time [63]366.10378125
average response time [64]367.68634375
average response time [65]368.206296875
average response time [66]414.927515625
average response time [67]587.562046875
average response time [68]704.628734375
average response time [69]367.578390625
TOTAL AVERAGE RESPONSE TIME ====================: 428.6998546875
NUMBER OF THREADS ==============================: 64
average response time [70]387.1548307692308
average response time [71]372.1028769230769
average response time [72]378.15966153846153
average response time [73]369.23678461538464
average response time [74]382.75724615384615
average response time [75]371.7398923076923
average response time [76]373.6981846153846
average response time [77]368.32772307692306
average response time [78]368.2209230769231
average response time [79]375.36747692307694
TOTAL AVERAGE RESPONSE TIME ====================: 374.67656
NUMBER OF THREADS ==============================: 65
average response time [80]368.0075151515152
average response time [81]368.02316666666667
average response time [82]374.4920757575758
average response time [83]366.72525757575755
average response time [84]374.9985909090909
average response time [85]365.24322727272727
average response time [86]378.5138333333333
average response time [87]370.6371212121212
average response time [88]373.3929242424243
average response time [89]371.1720909090909
TOTAL AVERAGE RESPONSE TIME ====================: 371.12058030303035
NUMBER OF THREADS ==============================: 66
average response time [90]375.0383134328358
average response time [91]367.2337014925373
average response time [92]374.8147313432836
average response time [93]373.4835074626866
average response time [94]370.63240298507463
average response time [95]408.6495820895522
average response time [96]370.1472537313433
average response time [97]371.559447761194
average response time [98]375.5531194029851
average response time [99]366.7187014925373
TOTAL AVERAGE RESPONSE TIME ====================: 375.383076119403
NUMBER OF THREADS ==============================: 67
average response time [100]371.30939705882355
average response time [101]371.3949705882353
average response time [102]371.8777794117647
average response time [103]1102.0335588235293
average response time [104]1247.3904558823529
average response time [105]1608.6575
average response time [106]369.5394117647059
average response time [107]369.7414411764706
average response time [108]363.84395588235293
average response time [109]370.6915
TOTAL AVERAGE RESPONSE TIME ====================: 654.6479970588234
NUMBER OF THREADS ==============================: 68
average response time [110]374.88586206896554
average response time [111]373.7424193548387
average response time [112]439.2585
average response time [113]482.32334615384616
average response time [114]445.83156
average response time [115]422.252619047619
average response time [116]478.0774230769231
average response time [117]423.03589999999997
average response time [118]459.16992307692306
average response time [119]474.4046666666667
TOTAL AVERAGE RESPONSE TIME ====================: 437.2982219445782
NUMBER OF THREADS ==============================: 69
average response time [120]438.4234
average response time [121]434.93908
average response time [122]440.28795454545457
average response time [123]427.86473913043477
average response time [124]432.211625
average response time [125]452.50733333333335
average response time [126]452.49703448275864
average response time [127]516.729551724138
average response time [128]401.192
average response time [129]431.15245454545453
TOTAL AVERAGE RESPONSE TIME ====================: 442.78051727615747
NUMBER OF THREADS ==============================: 70
average response time sent to Stackdriver [0]354.464
average response time sent to Stackdriver [1]356.67571875
average response time sent to Stackdriver [2]368.206296875
average response time sent to Stackdriver [3]369.23678461538464
average response time sent to Stackdriver [4]365.24322727272727
average response time sent to Stackdriver [5]370.1472537313433
average response time sent to Stackdriver [6]1247.3904558823529
average response time sent to Stackdriver [7]445.83156
average response time sent to Stackdriver [8]432.211625
NUMBER OF THREADS: [1, 2, 4, 8, 16, 32, 64, 65, 66, 67, 68, 69, 70]
WORKLOAD: HFU_LV;  
TOTAL EXECUTION TIME (Concurrent Parallel Requests): 98173.059
NUMBER OF REPLICAS USED: 3

