[[382.679]] 
[[351.812]] 
[[355.94]] 
[[353.933]] 
[[354.03]] 
[[358.655]] 
[[349.527]] 
[[342.879]] 
[[350.571]] 
[[356.825]] 
[[365.19, 358.161]] 
[[366.401, 370.085]] 
[[359.164, 360.35]] 
[[375.736, 357.636]] 
[[354.895, 351.192]] 
[[347.551, 349.246]] 
[[370.767, 363.953]] 
[[356.101, 360.888]] 
[[358.522, 361.258]] 
[[351.145, 350.284]] 
[[356.795, 363.071, 366.461, 353.347]] 
[[351.002, 368.965, 347.493, 353.901]] 
[[363.599, 360.137, 365.866, 360.958]] 
[[357.861, 349.147, 367.214, 349.118]] 
[[349.111, 355.606, 358.373, 354.343]] 
[[356.586, 366.114, 351.858, 353.867]] 
[[352.536, 355.413, 352.382, 350.927]] 
[[355.114, 349.084, 348.601, 352.204]] 
[[396.34, 359.414, 365.871, 376.621]] 
[[344.588, 356.632, 365.497, 351.678]] 
[[405.904, 391.847, 358.233, 354.171, 372.285, 364.278, 370.509, 358.388]] 
[[364.474, 372.713, 355.236, 363.267, 345.016, 358.878, 374.841, 353.319]] 
[[352.686, 350.739, 357.4, 355.267, 362.479, 363.728, 362.244, 350.235]] 
[[353.9, 360.013, 366.002, 357.173, 349.934, 376.164, 356.203, 362.144]] 
[[355.013, 362.013, 364.821, 356.797, 356.468, 347.531, 362.833, 350.135]] 
[[385.138, 347.304, 382.371, 374.602, 373.863, 363.386, 365.767, 353.975]] 
[[346.306, 465.948, 1014.231, 450.237, 444.846, 437.906, 435.304, 426.581]] 
[[519.685, 520.745, 499.832, 498.818, 489.769, 490.172, 481.911, 475.921]] 
[[350.659, 349.261, 340.602, 346.302, 346.255, 347.744, 358.68, 360.513]] 
[[370.063, 356.423, 350.641, 352.534, 365.597, 370.371, 356.802, 354.809]] 
[[345.983, 350.779, 372.925, 354.854, 362.599, 379.252, 355.492, 368.039, 365.827, 349.843, 355.179, 366.229, 360.313, 355.565, 371.909, 353.809]] 
[[348.123, 347.201, 353.965, 357.904, 346.467, 355.352, 369.791, 360.288, 354.262, 356.475, 352.006, 347.584, 362.822, 352.123, 366.043, 351.57]] 
[[359.015, 359.964, 368.816, 357.435, 361.284, 351.941, 347.611, 359.953, 378.259, 367.046, 399.6, 353.396, 375.65, 377.738, 371.705, 365.816]] 
[[350.006, 348.529, 351.635, 355.178, 375.529, 350.412, 363.361, 354.917, 373.759, 381.64, 363.078, 376.188, 374.248, 368.833, 368.139, 357.907]] 
[[368.828, 378.098, 370.42, 362.303, 367.016, 352.866, 353.023, 365.386, 373.193, 375.211, 392.49, 374.788, 447.853, 483.027, 569.54, 520.578]] 
[[389.365, 347.165, 399.152, 355.053, 410.027, 352.871, 425.334, 355.756, 350.54, 357.624, 431.545, 449.75, 469.553, 490.472, 508.722, 356.524]] 
[[371.127, 369.599, 368.589, 388.365, 408.796, 358.531, 449.027, 420.711, 488.073, 387.188, 366.65, 385.949, 495.831, 427.598, 505.271, 533.734]] 
[[411.132, 377.104, 357.693, 360.372, 446.221, 370.355, 404.092, 503.965, 368.023, 362.749, 435.622, 393.657, 348.168, 347.709, 361.363, 357.484]] 
[[377.787, 397.836, 421.617, 478.993, 424.718, 489.319, 353.127, 367.553, 495.233, 355.784, 505.201, 529.086, 401.743, 539.508, 400.282, 396.505]] 
[[379.348, 350.395, 378.225, 419.641, 383.689, 370.872, 369.583, 421.492, 442.076, 352.409, 462.565, 478.528, 357.625, 359.396, 359.857, 478.322]] 
[[384.234, 367.585, 392.035, 436.723, 404.244, 455.273, 476.486, 498.949, 370.374, 373.917, 502.508, 369.638, 390.463, 388.462, 371.609, 526.914, 488.209, 368.127, 361.07, 521.817, 362.057, 542.603, 563.644, 360.425, 579.635, 602.393, 374.712, 385.806, 374.18, 589.28, 366.79, 354.018]] 
[[372.31, 399.375, 387.241, 380.79, 368.471, 400.964, 448.335, 470.044, 374.626, 490.652, 366.433, 505.75, 369.273, 519.769, 539.724, 360.646, 575.35, 363.568, 376.762, 377.019, 529.259, 369.293, 560.049, 365.7, 567.03, 372.58, 376.938, 575.483, 369.859, 640.507, 606.033, 571.516]] 
[[376.123, 434.714, 479.363, 526.561, 367.604, 569.387, 379.011, 378.718, 370.141, 693.97, 362.904, 365.815, 366.661, 375.8, 601.141, 366.68, 349.868, 369.601, 357.004, 671.674, 363.097, 353.996, 367.332, 372.482, 691.431, 736.373, 832.691, 891.659, 355.708, 761.418, 366.832, 920.975]] 
[[391.016, 406.96, 404.774, 397.213, 395.36, 387.008, 383.921, 377.17, 381.505, 377.839, 376.78, 369.934, 379.279, 389.761, 376.146, 372.063, 368.97, 363.445, 359.091, 369.375, 354.916, 352.529, 373.106, 358.719, 365.046, 368.751, 360.081, 355.796, 366.935, 386.709, 393.269, 355.325]] 
[[350.349, 353.356, 367.152, 351.745, 377.067, 376.236, 384.654, 347.664, 371.625, 366.101, 373.06, 368.892, 388.1, 357.635, 371.495, 371.185, 353.728, 376.036, 364.411, 352.179, 369.66, 360.584, 360.6, 381.175, 359.784, 348.583, 366.669, 350.936, 349.486, 344.786, 373.284, 351.085]] 
[[377.885, 394.92, 355.35, 382.816, 375.299, 369.303, 371.977, 379.043, 366.866, 366.834, 392.615, 374.459, 391.808, 354.585, 379.875, 376.946, 372.844, 387.094, 378.903, 383.156, 374.938, 375.441, 379.654, 372.319, 361.147, 361.355, 366.663, 352.895, 359.206, 383.87, 374.223, 362.24]] 
[[384.296, 384.459, 389.046, 392.719, 402.017, 399.213, 402.838, 393.904, 399.651, 377.334, 386.144, 405.87, 389.825, 392.637, 400.367, 396.24, 383.772, 407.788, 401.427, 395.411, 391.715, 381.577, 383.17, 1093.891, 389.717, 388.026, 391.769, 403.971, 403.874, 400.415, 384.545, 392.69]] 
[[383.121, 384.831, 360.901, 381.475, 371.112, 368.197, 383.968, 362.884, 362.134, 360.879, 403.273, 369.05, 363.202, 368.616, 373.418, 349.707, 374.861, 355.514, 361.449, 364.562, 361.536, 360.779, 364.832, 354.616, 357.796, 345.723, 380.353, 355.925, 366.394, 364.668, 373.481, 364.939]] 
[[363.331, 380.485, 362.95, 370.587, 364.686, 379.157, 358.834, 360.664, 364.677, 361.969, 360.876, 358.936, 354.381, 356.048, 364.571, 373.684, 373.15, 388.702, 377.554, 359.426, 364.569, 371.317, 369.649, 365.285, 370.611, 370.486, 358.509, 367.762, 368.409, 373.435, 374.676, 361.242]] 
[[389.15, 385.012, 387.976, 383.543, 374.018, 385.179, 378.528, 366.346, 366.791, 368.342, 362.875, 372.985, 368.485, 366.501, 365.452, 420.138, 365.521, 405.932, 407.523, 403.795, 371.594, 397.108, 388.392, 384.985, 381.643, 375.857, 401.675, 397.345, 368.815, 369.677, 381.154, 370.523]] 
[[417.612, 419.945, 423.516, 416.125, 401.092, 418.525, 396.4, 403.19, 459.149, 438.831, 1192.6109999999999, 424.322, 409.984, 434.807, 420.755, 416.908, 412.581, 402.407, 388.999, 440.345, 395.608, 396.991, 398.987, 389.338, 399.778, 443.603, 395.323, 392.917, 418.407, 389.212, 404.756, 387.544, 396.265, 397.458, 391.297, 385.822, 382.376, 362.772, 377.751, 384.121, 358.879, 368.211, 377.544, 366.302, 367.325, 369.225, 383.82, 392.171, 380.284, 361.112, 378.451, 356.14, 370.737, 405.962, 363.364, 358.226, 357.998, 382.726, 375.78, 381.233, 385.923, 373.447, 360.44, 359.22]] 
[[452.731, 433.856, 428.035, 420.634, 440.897, 410.247, 446.166, 457.611, 477.14, 412.936, 478.41, 379.719, 393.949, 417.403, 419.639, 470.947, 489.874, 413.063, 386.095, 403.245, 596.004, 494.056, 603.899, 496.266, 513.983, 533.103, 603.207, 624.154, 717.647, 639.347, 437.959, 671.602, 636.35, 398.801, 722.464, 415.044, 419.689, 680.076, 379.357, 712.355, 737.42, 375.958, 756.193, 466.756, 376.914, 440.171, 439.691, 730.259, 744.958, 437.707, 416.26, 416.043, 736.865, 396.221, 409.342, 740.418, 391.49, 750.325, 398.497, 368.648, 363.36, 736.58, 706.486, 380.604]] 
[[501.394, 552.294, 603.598, 570.007, 584.314, 571.969, 536.008, 556.224, 562.57, 559.168, 567.221, 550.984, 551.067, 548.044, 571.757, 513.157, 514.105, 505.454, 783.576, 536.735, 554.173, 577.813, 607.999, 617.143, 511.662, 644.348, 647.818, 662.919, 689.412, 560.47, 756.179, 536.183, 539.879, 705.81, 823.425, 739.71, 522.953, 746.187, 554.699, 762.445, 805.538, 498.025, 494.069, 826.276, 519.583, 945.345, 892.117, 530.84, 905.254, 842.551, 501.855, 499.912, 932.761, 959.684, 929.101, 993.541, 520.847, 959.913, 489.243, 503.387, 984.621, 1000.844, 484.184, 1012.556]] 
[[436.106, 465.429, 473.317, 469.436, 477.063, 505.909, 485.165, 502.221, 432.477, 455.962, 457.921, 455.187, 456.757, 468.874, 493.377, 501.18, 437.124, 501.821, 421.52, 534.292, 418.759, 580.762, 449.381, 440.456, 438.122, 428.992, 440.784, 458.579, 467.488, 560.005, 582.595, 563.655, 439.546, 581.493, 596.975, 431.515, 646.159, 599.534, 618.521, 473.541, 644.935, 662.325, 676.717, 719.729, 688.809, 442.192, 434.205, 717.182, 430.162, 722.43, 427.085, 735.824, 749.744, 786.253, 416.616, 418.67, 427.151, 769.161, 773.546, 422.147, 429.086, 785.412, 440.587, 420.555]] 
[[442.44, 469.253, 405.016, 398.608, 396.24, 451.397, 380.183, 418.48, 407.254, 446.248, 458.469, 505.762, 470.531, 391.625, 506.145, 585.268, 543.47, 512.99, 391.422, 381.801, 565.047, 579.565, 362.776, 362.904, 607.884, 583.37, 644.986, 396.92, 605.721, 411.112, 634.706, 381.248, 381.453, 666.38, 379.659, 624.433, 677.293, 372.736, 688.334, 375.025, 355.706, 363.472, 399.503, 404.791, 391.167, 667.363, 383.072, 720.265, 663.041, 753.628, 789.456, 359.266, 826.533, 895.807, 360.44, 373.491, 387.857, 378.124, 381.13, 878.201, 354.763, 876.633, 376.401, 365.37]] 
[[407.837, 432.909, 463.088, 499.986, 408.096, 455.857, 387.93, 501.771, 428.001, 420.32, 536.455, 498.231, 404.078, 545.55, 553.092, 583.945, 380.103, 596.562, 374.909, 610.855, 364.894, 369.326, 399.466, 619.157, 388.896, 404.895, 614.065, 375.774, 635.584, 376.619, 645.95, 404.497, 675.098, 646.98, 401.386, 408.373, 676.722, 382.573, 686.798, 376.226, 683.993, 375.847, 691.59, 366.156, 359.754, 700.615, 359.509, 743.924, 759.86, 772.587, 414.419, 785.362, 370.331, 789.343, 381.923, 373.398, 382.994, 392.644, 374.492, 370.28, 368.923, 387.019, 369.992, 706.957]] 
[[453.305, 453.111, 458.994, 476.065, 439.147, 495.94, 521.327, 462.786, 513.226, 501.42, 498.658, 488.136, 486.301, 492.522, 480.297, 471.063, 472.149, 456.962, 487.91, 508.336, 442.242, 432.372, 450.41, 450.756, 489.83, 463.673, 502.604, 455.665, 468.851, 536.558, 502.154, 554.454, 450.176, 455.893, 611.692, 557.827, 524.074, 484.037, 683.659, 719.505, 604.252, 626.816, 436.316, 688.176, 697.941, 429.017, 697.117, 721.041, 732.247, 774.12, 742.357, 405.993, 777.885, 814.97, 783.527, 429.643, 851.971, 423.549, 804.139, 415.221, 417.688, 835.345, 418.556, 409.68]] 
[[452.58, 441.384, 428.395, 413.623, 451.054, 422.767, 412.313, 401.728, 418.157, 416.782, 430.885, 409.863, 413.721, 440.314, 472.753, 512.114, 479.076, 375.712, 379.011, 515.786, 379.47, 522.488, 423.824, 538.78, 556.658, 396.273, 385.795, 386.186, 559.476, 394.711, 565.801, 577.655, 396.579, 393.059, 584.717, 401.951, 595.757, 378.408, 380.789, 377.03, 389.799, 385.181, 374.434, 374.523, 576.679, 555.005, 585.671, 360.619, 360.364, 368.276, 587.498, 600.27, 619.936, 403.168, 397.719, 629.209, 361.981, 371.5, 395.155, 374.094, 370.321, 363.467, 365.487, 573.664]] 
[[602.009, 525.087, 566.362, 515.137, 526.559, 577.159, 581.388, 534.041, 550.035, 543.726, 527.368, 527.374, 574.407, 557.204, 515.896, 554.515, 539.62, 531.086, 523.386, 519.006, 544.506, 561.529, 576.825, 500.061, 490.301, 580.747, 604.419, 620.94, 538.167, 508.417, 651.479, 642.848, 666.411, 487.694, 499.96, 499.478, 503.151, 524.547, 513.862, 519.537, 623.989, 497.685, 634.815, 660.177, 677.122, 493.511, 513.165, 516.646, 677.97, 503.749, 496.069, 752.216, 700.576, 708.791, 760.561, 797.378, 820.406, 761.061, 465.569, 823.143, 457.501, 837.88, 448.241, 854.149]] 
[[453.619, 464.421, 482.545, 492.793, 526.369, 507.392, 434.858, 420.024, 533.097, 403.586, 483.247, 415.388, 553.948, 522.016, 589.833, 543.324, 428.408, 419.163, 597.799, 412.722, 414.311, 593.934, 618.431, 660.508, 434.903, 683.408, 693.416, 708.448, 723.24, 430.718, 423.781, 421.299, 420.86, 705.819, 722.057, 399.88, 419.938, 781.359, 719.629, 730.654, 776.046, 427.448, 806.491, 771.226, 418.32, 411.865, 825.154, 868.528, 880.284, 893.582, 382.474, 405.421, 898.39, 417.167, 903.986, 447.947, 444.599, 417.777, 893.962, 909.278, 933.7, 958.439, 402.85, 959.518]] 
[[394.834, 439.793, 399.316, 446.615, 451.61, 1361.26, 416.257, 451.487, 465.431, 481.669, 405.23, 421.414, 426.686, 490.262, 501.16, 405.061, 503.447, 408.195, 582.709, 522.17, 614.263, 434.67, 434.668, 412.516, 434.485, 626.879, 429.327, 636.934, 638.661, 390.775, 662.061, 637.745, 389.807, 665.407, 683.64, 729.008, 702.756, 740.838, 382.762, 409.791, 401.538, 380.821, 743.51, 392.639, 378.766, 378.078, 691.31, 732.367, 387.136, 741.346, 404.028, 771.389, 369.364, 741.659, 397.214, 416.2, 413.327, 740.08, 756.648, 391.18, 383.635, 752.779, 374.208, 769.398, 778.335]] 
[[470.268, 512.3, 478.319, 511.891, 528.366, 556.325, 474.847, 480.099, 514.006, 527.126, 525.285, 522.58, 524.267, 542.028, 557.26, 530.033, 515.346, 511.228, 503.633, 492.869, 525.261, 536.075, 549.266, 487.973, 487.081, 556.398, 575.512, 491.556, 506.701, 578.185, 522.674, 493.34, 579.704, 612.041, 507.872, 501.263, 614.611, 628.067, 652.572, 691.768, 659.615, 707.152, 732.743, 493.544, 484.549, 506.087, 492.036, 721.974, 500.235, 728.991, 739.995, 752.065, 465.664, 765.393, 780.086, 452.115, 444.243, 788.537, 439.034, 446.611, 786.031, 822.462, 454.239, 854.959, 429.937]] 
[[434.394, 478.156, 438.97, 430.578, 446.27, 453.003, 492.178, 474.201, 493.621, 465.512, 461.364, 457.23, 453.172, 449.53, 455.347, 446.662, 430.206, 460.777, 482.619, 509.031, 404.412, 545.559, 530.053, 400.039, 416.039, 550.012, 418.994, 387.466, 396.446, 442.57, 628.294, 573.439, 592.505, 538.807, 445.548, 437.077, 610.298, 440.99, 462.706, 445.309, 445.819, 620.591, 710.742, 445.019, 780.376, 429.274, 885.915, 403.053, 824.877, 993.893, 902.429, 956.488, 400.164, 385.262, 1002.577, 408.789, 960.47, 1008.545, 475.667, 450.165, 432.504, 1004.911, 414.641, 1009.567, 1021.388]] 
[[413.943, 420.574, 419.79, 459.203, 386.635, 401.943, 382.168, 388.658, 427.076, 435.558, 412.364, 391.093, 433.865, 378.516, 390.374, 438.154, 374.486, 448.737, 371.542, 399.029, 401.449, 404.376, 413.427, 434.031, 402.203, 440.151, 419.569, 463.357, 397.787, 399.862, 466.766, 472.478, 390.255, 489.355, 505.881, 516.642, 391.024, 535.15, 377.648, 382.525, 372.77, 529.208, 382.189, 379.682, 531.74, 1224.855, 367.363, 559.122, 377.837, 576.654, 382.305, 375.607, 376.524, 591.997, 557.416, 394.261, 377.436, 579.296, 386.185, 580.727, 375.746, 580.116, 386.686, 585.823, 361.073]] 
[[477.305, 488.205, 501.884, 463.804, 481.059, 506.743, 491.819, 507.044, 535.393, 505.029, 486.467, 514.709, 493.078, 493.265, 485.0, 511.809, 513.116, 502.909, 492.888, 512.788, 576.237, 543.782, 522.012, 576.424, 619.199, 575.721, 638.198, 504.858, 570.931, 505.923, 512.063, 506.791, 505.854, 644.095, 604.915, 503.278, 691.779, 717.356, 496.502, 484.832, 487.384, 714.004, 477.167, 500.199, 735.995, 708.529, 503.36, 493.616, 506.625, 725.738, 746.285, 497.567, 493.109, 495.462, 532.007, 517.458, 499.635, 522.024, 543.946, 538.082, 534.825, 545.822, 536.4, 683.24, 523.18]] 
[[498.388, 530.508, 531.607, 566.317, 560.186, 585.082, 568.648, 571.068, 561.643, 555.055, 554.506, 560.731, 563.201, 545.801, 545.446, 581.566, 554.767, 555.506, 585.237, 543.377, 581.372, 590.651, 572.972, 560.447, 625.962, 652.056, 676.864, 530.742, 673.652, 521.533, 518.514, 524.078, 679.783, 698.833, 537.919, 699.577, 557.538, 715.228, 561.206, 536.961, 543.404, 529.549, 549.124, 555.724, 532.94, 662.005, 519.295, 684.118, 512.4, 499.84, 687.417, 521.119, 695.917, 524.969, 763.088, 532.806, 519.115, 509.609, 685.061, 510.544, 515.512, 725.863, 772.681, 735.923, 503.569]] 
[[501.786, 506.643, 487.63, 541.343, 546.503, 512.239, 550.568, 577.075, 521.332, 606.574, 573.628, 510.599, 501.626, 603.977, 645.851, 664.276, 518.917, 507.264, 593.788, 488.185, 653.279, 492.114, 479.79, 666.207, 672.756, 786.107, 501.486, 670.262, 503.506, 679.044, 854.721, 692.329, 791.395, 521.214, 508.891, 856.798, 506.552, 889.214, 502.858, 914.251, 502.56, 488.636, 928.442, 480.308, 982.049, 470.477, 932.519, 942.563, 1000.523, 972.976, 453.95, 453.021, 443.618, 466.566, 449.287, 974.077, 446.186, 443.801, 440.018, 432.839, 961.21, 436.271, 435.098, 443.137, 426.318]] 
[[434.618, 463.758, 409.179, 435.782, 448.75, 424.215, 463.778, 455.497, 449.511, 481.163, 465.352, 497.405, 517.199, 455.567, 411.834, 511.993, 434.494, 546.483, 429.147, 509.315, 550.742, 582.015, 411.428, 420.499, 428.742, 414.414, 414.696, 555.638, 417.951, 597.396, 423.809, 412.267, 414.047, 546.345, 405.679, 596.504, 405.059, 409.913, 561.062, 414.073, 630.995, 581.235, 687.658, 638.759, 424.017, 419.329, 408.697, 735.489, 633.48, 700.843, 668.85, 380.205, 413.657, 736.586, 788.953, 389.681, 807.986, 810.464, 387.212, 394.432, 407.154, 403.23, 787.071, 369.273, 373.456]] 
[[518.702, 550.631, 509.72, 505.743, 502.303, 539.036, 540.584, 533.927, 545.935, 516.711, 524.491, 555.407, 520.626, 538.09, 586.529, 560.704, 536.851, 590.416, 617.715, 628.022, 503.884, 500.936, 632.665, 679.17, 715.999, 644.278, 767.235, 786.434, 510.439, 495.143, 789.735, 760.678, 527.444, 794.874, 520.643, 511.214, 505.972, 498.832, 498.602, 504.248, 488.556, 484.678, 751.014, 477.937, 481.542, 756.324, 454.79, 1266.8029999999999, 751.025, 479.137, 480.48, 471.333, 459.37, 764.35, 735.086, 462.081, 456.081, 458.371, 455.128, 462.529, 461.137, 732.086, 756.508, 494.988, 764.014]] 
[[458.115, 454.619, 448.138, 445.08, 454.975, 437.405, 441.841, 463.831, 479.021, 457.812, 478.369, 446.061, 482.711, 473.135, 503.294, 506.118, 504.91, 486.832, 482.735, 468.51, 464.978, 474.395, 447.49, 483.927, 459.145, 519.456, 483.933, 447.094, 438.781, 437.701, 534.311, 428.252, 496.908, 433.139, 474.817, 517.811, 464.087, 473.65, 527.296, 467.502, 449.258, 520.464, 452.189, 447.535, 522.659, 447.336, 452.036, 444.946, 534.55, 567.187, 532.742, 420.737, 586.024, 420.781, 440.109, 401.958, 601.184, 578.553, 623.51, 631.531, 448.779, 656.1, 436.779, 431.593, 644.902]] 
[[528.067, 532.126, 498.067, 512.979, 523.48, 557.09, 517.948, 580.032, 537.481, 550.827, 581.169, 582.621, 506.953, 586.934, 594.233, 581.583, 504.007, 498.038, 519.223, 544.678, 519.554, 569.036, 554.671, 514.832, 566.445, 652.81, 697.462, 517.44, 571.321, 515.347, 518.931, 497.226, 509.682, 703.43, 498.228, 500.132, 497.301, 495.258, 704.936, 751.936, 498.286, 768.136, 504.806, 521.327, 518.714, 539.393, 847.909, 770.812, 908.337, 524.635, 931.015, 954.382, 515.496, 515.22, 987.756, 516.913, 509.934, 521.044, 504.089, 513.372, 971.853, 491.149, 993.3, 1034.849, 1066.431, 475.494]] 
[[528.092, 524.936, 538.192, 546.958, 507.9, 520.707, 545.902, 550.696, 510.985, 562.593, 500.112, 523.29, 485.905, 501.092, 562.452, 580.029, 485.338, 673.066, 596.466, 492.031, 695.186, 487.195, 690.642, 519.913, 685.542, 513.18, 707.174, 496.899, 717.207, 732.633, 520.589, 487.564, 770.235, 734.847, 805.448, 823.413, 829.724, 511.746, 504.36, 830.196, 892.016, 850.994, 904.691, 467.309, 521.418, 517.445, 503.208, 502.933, 496.194, 897.8, 907.778, 935.271, 475.62, 488.31, 936.838, 463.143, 980.312, 949.654, 1016.304, 457.307, 980.685, 1076.142, 455.887, 1008.843, 1030.636, 1074.729]] 
[[485.778, 449.978, 452.119, 466.801, 511.21, 477.906, 470.321, 479.052, 474.079, 491.347, 477.954, 506.746, 470.104, 501.503, 448.513, 470.489, 494.186, 543.542, 515.096, 560.452, 604.32, 631.032, 461.891, 463.141, 464.728, 470.778, 629.846, 475.368, 469.976, 639.722, 453.218, 646.579, 666.846, 730.247, 687.511, 797.411, 762.356, 450.804, 723.934, 452.999, 434.069, 458.847, 444.877, 447.11, 828.599, 789.074, 742.483, 435.841, 428.015, 822.756, 440.357, 430.792, 438.197, 454.764, 448.452, 814.672, 873.153, 441.902, 906.326, 428.32, 941.064, 908.792, 947.985, 433.084, 962.125, 981.112]] 
[[499.73, 520.718, 519.164, 533.102, 512.887, 504.263, 491.068, 489.068, 480.623, 465.595, 524.617, 504.177, 523.098, 467.685, 517.108, 467.173, 480.243, 468.221, 533.53, 461.971, 457.192, 458.168, 538.975, 444.002, 447.528, 443.607, 449.647, 524.043, 548.394, 588.004, 639.718, 607.425, 497.378, 669.99, 476.247, 626.824, 474.596, 465.651, 463.645, 689.852, 455.475, 647.916, 707.33, 454.882, 455.232, 699.075, 436.08, 439.249, 437.387, 701.385, 712.145, 433.486, 752.948, 731.874, 769.03, 437.779, 440.532, 776.149, 449.501, 438.884, 792.554, 438.767, 796.863, 819.253, 450.84, 438.858]] 
[[492.127, 487.794, 480.068, 473.332, 540.49, 466.17, 461.192, 486.325, 661.898, 481.454, 539.647, 471.99, 596.204, 678.767, 838.59, 713.06, 460.211, 453.835, 748.814, 845.925, 435.012, 948.624, 887.991, 426.666, 472.705, 973.271, 1017.623, 1062.6779999999999, 469.276, 1108.984, 523.936, 474.611, 473.002, 495.758, 1131.976, 473.809, 1179.288, 1249.122, 464.939, 457.413, 1378.123, 449.869, 1306.328, 452.19, 1407.194, 430.06, 1642.879, 1501.311, 1454.586, 425.104, 412.585, 1522.21, 413.32, 1728.652, 1666.279, 396.224, 422.454, 1740.432, 1884.0839999999998, 431.487, 1758.487, 439.893, 412.523, 1845.899, 412.481, 1848.6770000000001]] 
[[432.968, 1398.003, 425.853, 431.263, 428.545, 422.003, 417.353, 428.807, 425.171, 465.694, 446.524, 457.094, 1223.028, 420.077, 442.822, 432.125, 420.592, 408.742, 395.906, 393.085, 430.501, 385.21, 406.362, 408.813, 407.96, 437.014, 391.259, 436.588, 412.651, 425.058, 633.703, 430.297, 436.654, 412.207, 423.397, 412.633, 416.274, 408.943, 400.319, 391.104, 402.578, 431.469, 420.381, 425.489, 419.5, 410.112, 393.02, 389.311, 402.999, 390.945, 379.971, 1137.005, 402.074, 385.816, 379.745, 387.66, 386.655, 402.652, 374.418, 387.762, 392.641, 383.804, 366.908, 376.73, 371.196, 376.592]] 
[[431.723, 438.141, 429.406, 492.422, 448.044, 443.071, 433.327, 448.328, 445.747, 432.529, 442.01, 443.833, 427.203, 435.261, 425.823, 403.782, 404.295, 403.55, 396.565, 1424.8980000000001, 423.775, 442.852, 416.306, 434.612, 417.68, 433.28, 438.626, 423.976, 414.057, 423.631, 444.834, 487.111, 431.826, 432.987, 464.23, 422.52, 440.327, 433.329, 402.644, 430.411, 421.811, 414.22, 414.802, 409.332, 402.658, 444.524, 394.223, 392.477, 383.51, 401.848, 395.993, 395.788, 404.281, 398.974, 396.254, 396.749, 400.436, 395.572, 403.471, 382.271, 407.559, 398.091, 385.216, 393.593, 374.368, 377.786]] 
[[455.558, 425.269, 442.74, 507.404, 433.807, 470.846, 464.522, 458.661, 453.951, 450.222, 463.488, 476.426, 496.346, 492.779, 486.195, 477.223, 481.449, 496.066, 504.572, 487.281, 490.336, 484.33, 473.426, 468.171, 460.808, 473.943, 458.339, 448.418, 1325.91, 483.12, 445.171, 463.594, 455.046, 452.759, 450.208, 440.641, 426.398, 495.257, 472.004, 482.184, 475.892, 462.439, 474.077, 470.253, 470.927, 460.038, 461.863, 467.718, 460.504, 446.066, 435.608, 440.13, 443.927, 446.221, 423.433, 426.903, 427.954, 418.533, 420.768, 406.658, 410.093, 395.275, 402.202, 387.565, 395.556, 388.143]] 
[[395.558, 395.217, 400.94, 399.818, 397.044, 408.513, 431.702, 437.54, 424.617, 428.07, 430.606, 413.052, 417.505, 400.774, 418.319, 451.052, 430.922, 410.192, 414.908, 411.438, 432.669, 408.966, 413.996, 407.542, 388.264, 402.025, 375.786, 384.615, 386.086, 375.32, 378.287, 368.524, 371.599, 430.287, 410.969, 412.673, 406.863, 407.359, 382.58, 384.967, 398.298, 378.653, 603.148, 374.587, 380.278, 394.426, 360.369, 368.797, 368.643, 394.283, 357.434, 374.888, 391.896, 383.444, 377.229, 360.129, 360.2, 358.583, 380.974, 372.75, 367.292, 382.372, 391.88, 391.477, 374.628, 360.893]] 
[[617.72, 598.405, 567.318, 611.488, 594.137, 594.117, 587.87, 600.927, 586.052, 582.26, 624.623, 559.452, 605.573, 549.944, 553.66, 538.58, 578.226, 569.948, 565.504, 596.888, 590.556, 544.102, 544.469, 540.599, 528.308, 543.161, 538.856, 540.131, 552.147, 528.878, 525.619, 531.781, 535.272, 554.703, 535.556, 532.169, 534.686, 527.59, 556.654, 539.797, 575.45, 533.689, 544.734, 521.905, 518.72, 514.133, 551.906, 507.526, 505.869, 585.499, 614.976, 543.538, 522.175, 611.361, 715.005, 513.155, 633.031, 658.203, 486.944, 477.536, 488.782, 472.856, 679.149, 483.254, 471.621, 466.902]] 
[[454.639, 488.298, 445.911, 445.507, 461.312, 489.503, 443.155, 433.222, 520.173, 500.897, 528.724, 549.568, 595.461, 400.422, 586.028, 394.258, 437.974, 610.195, 440.552, 600.693, 425.374, 418.222, 630.218, 591.226, 638.604, 657.717, 389.194, 394.639, 453.349, 651.865, 674.891, 435.381, 433.905, 434.445, 724.881, 666.418, 682.09, 416.354, 406.115, 403.877, 716.172, 389.375, 386.112, 721.127, 375.911, 732.911, 743.662, 402.335, 396.199, 427.252, 419.151, 737.361, 755.007, 378.716, 762.078, 393.42, 379.431, 767.678, 375.111, 777.3, 821.7, 791.011, 374.828, 880.887, 815.69, 366.458, 824.343]] 
[[551.141, 575.29, 553.074, 564.894, 613.084, 624.829, 588.191, 592.013, 598.801, 588.533, 590.858, 581.538, 614.523, 599.177, 563.81, 535.841, 532.698, 540.43, 540.911, 564.962, 612.745, 617.225, 598.487, 636.278, 531.502, 648.161, 522.2, 651.826, 704.767, 722.488, 546.492, 535.848, 715.148, 690.721, 728.049, 749.363, 559.164, 778.936, 552.12, 796.923, 546.859, 726.031, 846.411, 542.852, 527.451, 788.331, 868.45, 511.102, 507.201, 874.053, 570.174, 540.285, 559.698, 539.746, 872.073, 515.844, 515.046, 518.619, 505.459, 492.693, 869.185, 485.23, 890.556, 475.911, 476.232, 462.858, 800.249]] 
[[595.278, 607.882, 620.424, 592.4, 591.356, 585.892, 602.289, 623.29, 586.857, 628.107, 648.242, 595.708, 593.793, 640.692, 662.309, 617.302, 632.754, 640.386, 610.155, 608.545, 622.224, 624.531, 594.845, 670.868, 712.428, 586.491, 577.701, 573.084, 708.85, 769.418, 795.575, 758.857, 567.863, 753.548, 850.425, 815.628, 550.126, 551.221, 563.249, 548.19, 829.843, 595.986, 819.228, 825.131, 571.102, 572.777, 859.936, 829.942, 805.903, 893.647, 859.699, 571.361, 898.161, 913.599, 555.85, 556.087, 561.766, 950.762, 957.451, 903.904, 1065.342, 980.964, 1008.575, 520.657, 510.442, 498.553, 1064.754]] 
[[479.929, 476.134, 483.027, 497.857, 470.06, 494.401, 530.707, 516.777, 514.736, 498.524, 497.542, 503.944, 482.947, 500.893, 488.733, 471.522, 466.964, 463.677, 464.651, 446.048, 453.164, 455.172, 463.193, 457.973, 516.819, 485.516, 445.608, 493.151, 478.856, 487.624, 482.525, 463.77, 479.103, 568.684, 453.342, 510.591, 445.873, 460.767, 534.381, 535.463, 590.711, 503.237, 544.82, 477.22, 487.425, 481.882, 474.347, 462.716, 455.893, 545.063, 588.823, 558.284, 619.89, 628.732, 639.399, 450.511, 655.558, 471.466, 676.272, 709.999, 447.429, 443.247, 431.542, 671.629, 690.777, 414.731, 444.96]] 
[[515.22, 536.818, 519.58, 584.613, 571.481, 575.027, 528.479, 552.281, 546.824, 555.974, 549.475, 567.973, 546.545, 588.225, 563.692, 577.519, 575.246, 563.914, 559.859, 543.112, 554.628, 538.239, 545.313, 525.564, 541.957, 569.05, 514.417, 619.905, 561.228, 581.609, 621.929, 524.36, 518.718, 514.54, 531.067, 612.242, 533.702, 540.617, 545.621, 525.071, 630.425, 616.564, 641.906, 523.925, 830.626, 645.741, 672.767, 736.467, 677.548, 546.799, 511.975, 548.531, 804.967, 798.726, 523.792, 518.839, 507.306, 502.025, 489.01, 795.764, 765.949, 486.242, 498.864, 490.745, 1524.853, 467.457, 844.177]] 
[[576.578, 591.172, 588.347, 699.94, 640.576, 728.164, 731.034, 752.453, 616.968, 627.653, 773.887, 690.613, 785.487, 817.849, 742.904, 766.736, 759.084, 828.581, 789.615, 816.376, 813.214, 833.882, 798.77, 841.233, 830.126, 816.827, 842.483, 821.064, 866.325, 839.909, 811.143, 846.285, 816.298, 821.531, 829.598, 859.798, 837.44, 854.501, 843.664, 839.86, 828.1, 853.04, 899.955, 879.33, 1777.9360000000001, 884.348, 889.192, 961.965, 934.089, 902.252, 987.357, 884.272, 894.287, 1006.737, 888.138, 885.771, 872.038, 870.372, 1001.705, 1048.495, 1105.982, 1107.622, 1081.958, 848.306, 1131.675, 1150.467, 826.678]] 
[[636.33, 667.395, 634.878, 647.681, 720.63, 670.033, 713.693, 712.655, 690.977, 693.069, 735.85, 679.147, 680.545, 741.718, 672.203, 658.483, 706.91, 686.708, 681.615, 714.302, 738.094, 709.067, 714.49, 708.473, 699.245, 694.159, 675.487, 723.322, 688.854, 687.978, 653.694, 646.04, 714.632, 654.344, 638.89, 634.299, 730.02, 618.201, 631.479, 621.755, 744.632, 598.476, 753.609, 770.899, 790.609, 813.962, 595.585, 597.882, 838.368, 803.237, 598.302, 637.758, 628.273, 631.471, 641.596, 840.688, 808.739, 634.301, 846.082, 626.845, 860.244, 874.2, 603.725, 602.787, 922.396, 890.317, 857.4]] 
[[490.762, 544.112, 490.586, 526.426, 521.985, 518.325, 524.616, 524.208, 569.672, 540.812, 674.557, 642.775, 680.66, 534.538, 577.69, 673.722, 674.529, 596.045, 505.222, 516.561, 715.565, 721.262, 676.185, 554.246, 545.201, 757.921, 726.91, 541.997, 542.835, 788.008, 762.313, 537.902, 535.51, 548.72, 529.497, 531.316, 528.535, 522.092, 777.513, 732.463, 784.034, 508.689, 508.759, 534.029, 493.991, 769.186, 1419.806, 542.764, 521.287, 776.68, 524.853, 780.783, 515.042, 809.961, 786.921, 507.899, 813.56, 508.224, 487.738, 807.524, 495.87, 498.487, 487.893, 829.038, 483.211, 845.161, 786.978]] 
[[467.781, 442.881, 433.32, 481.669, 432.421, 457.197, 415.262, 456.775, 444.477, 429.972, 449.664, 433.703, 424.463, 404.494, 441.716, 451.998, 443.891, 437.284, 426.705, 447.973, 447.34, 464.786, 448.341, 475.233, 427.005, 494.5, 498.979, 430.854, 421.657, 422.318, 419.195, 479.715, 511.961, 547.368, 425.701, 418.69, 566.06, 504.043, 397.143, 389.295, 398.58, 571.837, 624.873, 674.75, 703.238, 621.752, 702.198, 709.925, 400.444, 427.818, 700.636, 410.745, 414.709, 405.096, 400.288, 703.982, 405.523, 754.103, 422.28, 711.866, 408.461, 731.92, 711.064, 353.969, 728.203, 741.744, 780.191]] 
[[428.326, 401.761, 417.436, 424.904, 435.077, 427.226, 498.731, 434.606, 409.242, 526.006, 415.495, 556.102, 406.708, 409.382, 424.287, 404.69, 565.619, 398.998, 402.52, 412.879, 401.295, 586.646, 642.307, 616.945, 653.448, 400.771, 692.289, 666.356, 432.822, 419.562, 414.093, 680.233, 407.886, 694.947, 714.824, 419.873, 719.133, 395.222, 730.429, 391.477, 413.379, 758.681, 726.892, 394.942, 393.46, 384.309, 744.51, 400.918, 763.308, 783.927, 403.836, 399.597, 777.214, 386.269, 795.434, 402.598, 366.944, 382.757, 781.513, 376.29, 789.788, 795.636, 814.172, 820.774, 340.376, 361.331, 345.625]] 
[[449.855, 485.734, 499.451, 507.271, 487.897, 506.162, 484.269, 489.502, 517.081, 465.96, 496.791, 499.681, 496.929, 502.023, 491.879, 487.01, 483.523, 505.267, 529.953, 455.545, 462.895, 453.095, 533.381, 445.397, 441.599, 463.901, 614.617, 528.034, 548.395, 597.736, 602.006, 451.52, 489.079, 468.155, 599.823, 619.75, 631.444, 671.409, 495.534, 633.426, 679.014, 490.929, 715.864, 690.599, 474.943, 481.935, 467.838, 459.915, 458.472, 758.704, 707.199, 723.038, 664.527, 439.884, 814.24, 457.336, 740.837, 445.176, 817.237, 438.606, 428.156, 427.954, 816.641, 410.66, 820.38, 843.848, 442.884, 436.236]] 
[[438.559, 422.692, 446.208, 402.979, 423.391, 407.353, 426.72, 451.523, 390.225, 481.716, 470.444, 386.954, 408.572, 502.935, 392.434, 452.677, 387.023, 479.71, 504.651, 376.601, 536.651, 510.768, 578.275, 541.542, 392.134, 577.534, 405.797, 595.929, 380.954, 386.834, 656.705, 598.491, 376.348, 365.244, 689.17, 392.131, 368.12, 709.875, 373.265, 766.793, 362.225, 726.922, 387.431, 764.804, 384.478, 372.618, 784.425, 358.489, 803.742, 367.745, 774.636, 377.425, 374.822, 364.993, 371.99, 780.483, 362.399, 378.844, 778.724, 368.134, 785.837, 351.569, 775.085, 800.91, 372.711, 806.839, 837.959, 808.43]] 
[[605.01, 601.518, 953.96, 1560.702, 1513.754, 1497.0230000000001, 4031.587, 1785.04, 1660.446, 704.029, 661.95, 894.11, 864.771, 3472.975, 1435.828, 634.731, 678.796, 1415.347, 832.708, 829.335, 1643.847, 4300.606, 1307.702, 5630.398, 1557.067, 562.134, 555.945, 538.435, 864.17, 2047.96, 2645.196, 519.605, 6024.849, 954.54, 500.904, 491.419, 484.422, 2107.203, 989.616, 1440.472, 1436.6680000000001, 1430.866, 3775.437, 2301.813, 1642.046, 1650.3690000000001, 2953.654, 1917.315, 1612.4009999999998, 1644.13, 1596.995, 1590.35, 605.611, 585.872, 2284.906, 582.386, 562.038, 547.276, 539.625, 541.134, 532.123, 527.387, 3583.0950000000003, 523.871, 524.551, 516.079, 3104.657, 500.124]] 
[[459.865, 468.881, 418.227, 443.139, 447.385, 473.951, 468.554, 458.172, 504.944, 469.126, 460.217, 453.407, 450.087, 446.123, 478.576, 428.803, 489.435, 420.703, 438.84, 520.362, 417.196, 567.437, 413.007, 407.935, 447.193, 583.362, 448.346, 444.108, 436.694, 601.083, 683.301, 729.934, 456.1, 423.74, 452.24, 804.382, 424.599, 745.202, 426.47, 805.201, 422.265, 417.525, 816.149, 416.12, 404.449, 402.606, 421.388, 826.664, 909.269, 414.788, 403.462, 940.07, 422.085, 434.899, 1073.422, 411.535, 409.19, 403.634, 1048.506, 401.801, 1022.565, 1059.449, 394.256, 1095.217, 1126.22, 384.161, 1153.984, 380.94]] 
[[418.599, 409.742, 414.877, 415.067, 406.392, 414.497, 390.704, 387.653, 392.929, 417.418, 433.003, 428.671, 422.144, 418.592, 412.009, 405.209, 446.872, 429.045, 423.972, 416.076, 386.626, 377.23, 378.733, 390.3, 402.934, 392.337, 401.399, 397.011, 394.866, 374.854, 396.181, 368.585, 374.22, 384.429, 368.807, 378.177, 372.289, 372.029, 406.719, 390.093, 384.182, 370.283, 364.536, 398.266]] 
[[433.329, 413.259, 420.854, 474.556, 451.089, 471.472, 462.387, 455.093, 440.334, 428.462, 431.638, 424.508, 415.685, 443.404, 415.633, 407.726, 400.353, 404.738, 419.917, 433.187, 425.24, 440.252, 426.913, 424.805, 420.508, 404.895, 399.865, 391.873, 406.815, 386.847, 383.313, 418.629]] 
[[412.722, 416.049, 431.573, 400.825, 441.544, 432.608, 432.239, 448.652, 441.794, 483.116, 431.442, 444.926, 444.692, 424.174, 408.889, 405.571, 416.272, 413.796, 415.136, 409.921, 403.496, 408.266, 399.009, 406.261, 385.763, 412.491, 441.875, 438.719, 460.463, 443.154, 445.284, 429.938, 421.989, 419.318, 412.879, 416.014, 405.792, 405.048, 388.173, 387.336, 430.046, 375.386, 383.424, 388.188, 379.66, 1415.228, 1355.15, 391.416, 379.222]] 
[[436.911, 416.042, 429.238, 409.555, 416.103, 401.76, 414.222, 415.71, 407.149, 405.406, 402.745, 410.754, 408.83, 407.824, 410.715, 421.093, 401.025, 400.517, 407.067, 377.327, 379.954, 380.166, 378.582, 401.398, 379.848, 393.977, 368.99, 379.673, 371.721, 384.991, 371.713, 355.783, 370.237, 365.168, 352.625, 365.687, 361.124, 348.601, 353.971, 358.059]] 
[[492.541, 456.368, 488.311, 463.102, 497.348, 503.731, 445.431, 511.677, 523.883, 427.969, 451.285, 429.371, 512.789, 436.317, 537.427, 420.281, 420.519, 530.552, 449.758, 414.63, 525.973, 532.648, 438.14, 543.503, 528.839, 421.481, 537.52, 543.911, 405.155, 412.513, 573.007, 541.588, 581.583, 600.811, 395.607, 409.686, 593.582, 612.101, 629.213, 387.291, 383.796, 644.001, 676.599, 369.47, 664.956]] 
[[425.122, 471.723, 424.822, 415.554, 393.833, 423.617, 514.88, 431.787, 498.917, 384.858, 414.961, 393.624, 432.572, 449.403, 472.155, 389.558, 386.627, 478.291, 393.308, 476.327, 499.045, 561.898, 495.299, 417.474, 404.75, 391.23, 506.196, 405.171, 376.022, 379.69, 494.995, 402.168, 394.428, 397.425, 419.765, 477.381, 475.192, 487.752, 365.765, 361.682, 494.469, 489.761, 371.711, 471.307]] 
[[487.248, 514.646, 497.604, 483.998, 466.764, 452.212, 464.201, 432.036, 466.904, 495.485, 409.606, 502.776, 1393.511, 548.918, 515.971, 469.03, 494.243, 504.289, 476.442, 458.482, 408.825, 475.299, 432.479, 415.758, 459.914, 475.532, 466.646, 370.711, 444.212, 380.682, 450.327, 373.578, 373.738, 384.823, 388.693, 416.082, 380.351, 352.851, 394.71, 367.678, 378.492]] 
[[400.578, 378.154, 438.91, 411.733, 399.255, 415.733, 418.845, 414.904, 412.874, 440.823, 408.345, 464.374, 490.393, 428.086, 533.114, 553.64, 487.625, 582.644, 394.177, 545.761, 600.327, 421.595, 399.097, 603.492, 617.258, 389.772, 379.949, 379.05, 385.662, 589.359, 601.253, 382.123, 676.749, 618.281, 382.168, 387.399, 657.879, 672.102, 684.622, 705.786, 718.976, 728.672, 392.631, 728.36, 375.942, 722.492, 735.191, 368.649, 367.685]] 
[[442.877, 419.159, 407.645, 438.445, 1277.876, 522.449, 565.779, 711.341, 420.8, 610.576, 415.756, 419.234, 405.013, 735.156, 783.315, 667.429, 821.425, 426.421, 854.764, 410.539, 380.208, 870.652, 1006.672, 957.607, 891.794, 1040.771, 1156.1390000000001, 416.616, 1083.005, 1195.433, 1234.53, 396.965, 1268.524, 1308.964, 1350.933, 402.865, 382.19, 372.12, 1380.359, 359.004, 1459.096, 1395.9189999999999, 1471.558, 384.741, 406.994, 1485.171, 1481.251, 362.66, 1447.147]] 
[[396.393, 420.388, 397.936, 415.747, 425.103, 397.794, 418.617, 454.405, 458.96, 467.71, 448.594, 409.265, 389.601, 410.032, 410.867, 408.754, 379.344, 399.836, 406.152, 389.926, 386.577, 445.394, 424.277, 421.171, 401.813, 383.457, 406.81, 429.748, 417.081, 382.867, 404.311, 402.233, 385.878, 369.419, 1381.955, 367.246, 375.949, 375.684, 350.591, 361.611, 377.372, 371.873, 387.011, 387.002, 401.473, 360.605, 351.784]] 
[[389.978, 1084.309, 386.266, 462.081, 415.591, 406.336, 384.137, 395.27, 424.303, 400.342, 398.383, 411.761, 388.886, 391.16, 386.997, 386.212, 381.983, 406.066, 406.264, 381.194, 374.472, 365.734, 371.331, 379.874, 383.625, 378.636, 406.795, 392.399, 384.116, 379.027, 374.644, 377.881, 379.703, 388.431, 372.824, 367.656, 361.136, 358.902, 368.433, 367.947, 366.407, 365.837, 362.171, 395.259, 380.356, 377.426, 364.88]] 
[[396.759, 421.061, 397.427, 385.133, 387.135, 390.179, 378.264, 389.533, 394.227, 442.11, 428.056, 375.37, 422.376, 410.074, 402.174, 385.69, 397.277, 389.63, 389.643, 375.883, 397.504, 415.988, 376.282, 376.341, 391.883, 390.506, 375.461, 382.75, 365.609, 393.721, 430.049, 420.516, 370.344, 393.123, 392.545, 376.612, 387.973, 383.479, 364.024, 384.165, 428.769, 410.376, 371.61, 410.171, 392.696]] 
[[458.253, 433.111, 442.683, 431.531, 408.315, 421.296, 402.851, 405.35, 411.456, 399.66, 416.698, 421.185, 398.335, 394.934, 398.665, 402.512, 402.511, 426.326, 413.536, 394.126, 420.624, 422.616, 420.979, 417.299, 399.565, 371.545, 391.303, 389.221, 376.576, 388.822, 402.123, 377.335, 382.438, 379.271, 388.784, 398.417, 387.277, 379.837, 373.168, 366.305, 396.118, 394.041, 365.071, 383.204, 377.486, 362.939, 360.749, 354.669]] 
[[413.471, 408.357, 419.24, 415.49, 423.154, 420.864, 425.441, 423.864, 409.467, 413.925, 409.952, 428.129, 416.778, 424.195, 417.847, 403.234, 401.199, 398.836, 380.921, 366.087, 361.17, 359.854, 383.384, 386.933, 389.003, 377.818, 378.145, 379.469, 376.366, 373.837, 383.957, 367.616, 370.89, 364.657, 362.738, 354.598, 357.408, 388.072, 356.571, 389.567, 379.606, 384.002, 360.651, 363.398, 391.464, 377.965, 358.505, 362.615]] 
[[422.065, 473.006, 448.488, 442.81, 407.872, 484.414, 424.646, 408.973, 471.44, 482.349, 533.343, 504.47, 564.865, 1082.35, 425.589, 517.774, 555.562, 1078.384, 397.031, 410.842, 1112.46, 1067.436, 1080.727, 414.451, 405.617, 399.776, 1099.092, 398.419, 388.675, 409.165, 396.289, 360.048, 1043.034, 1041.419, 396.201, 379.364, 1037.747, 1021.701, 383.121, 370.858, 379.629, 1009.218, 1021.3389999999999, 360.954, 370.872, 379.683, 968.394, 364.451, 956.203]] 
[[378.409, 412.055, 405.638, 449.318, 403.423, 482.048, 391.397, 478.626, 365.424, 492.445, 487.809, 384.154, 489.504, 457.2, 391.634, 461.458, 478.315, 358.02, 397.317, 377.125, 401.272, 476.923, 489.771, 429.391, 386.735, 490.043, 360.428, 412.236, 370.449, 438.339, 393.142, 355.135, 401.668, 371.755, 374.441, 383.48, 359.718, 351.104, 354.002, 374.542]] 
[[464.038, 456.41, 468.9, 467.387, 481.757, 447.235, 479.521, 485.607, 511.466, 529.43, 465.909, 516.849, 463.467, 449.59, 433.389, 444.179, 484.899, 472.504, 491.791, 506.337, 468.553, 1248.845, 438.085, 468.356, 433.024, 466.346, 484.581, 406.867, 422.741, 482.544, 417.916, 476.965, 1259.858, 484.253, 503.018, 386.166, 381.037, 493.46, 375.753, 495.258, 373.992, 416.223, 483.767, 393.408]] 
[[432.968, 473.782, 424.255, 412.381, 413.511, 408.054, 457.271, 444.198, 498.363, 377.424, 490.169, 518.195, 490.991, 393.519, 509.85, 507.666, 417.363, 519.583, 535.859, 406.603, 371.326, 377.136, 384.435, 370.343, 472.512, 363.445, 358.502, 434.684, 389.522, 517.9, 402.854, 396.151, 450.613, 413.027, 538.4, 370.999, 364.343, 588.499, 399.329, 506.949]] 
[[438.52, 494.886, 445.183, 477.254, 471.836, 417.156, 466.577, 484.768, 402.033, 409.92, 473.971, 395.941, 481.39, 421.952, 396.462, 414.056, 411.025, 434.221, 473.725, 439.914, 407.906, 402.815, 462.663, 379.905, 386.484, 382.583, 394.552, 430.181, 399.079, 397.2, 381.791, 377.27, 487.219, 459.297, 401.857, 364.386, 382.25, 463.04, 494.849, 465.975, 376.112, 499.277, 508.192, 353.485]] 
[[516.353, 513.251, 529.82, 547.211, 547.747, 532.801, 518.827, 563.658, 537.605, 504.982, 550.449, 534.633, 504.499, 516.423, 570.33, 587.941, 525.161, 592.68, 509.072, 493.132, 601.668, 541.423, 522.795, 514.426, 562.923, 476.356, 472.35, 549.66, 561.911, 579.713, 447.227, 435.418, 566.212, 426.987, 419.049, 430.447, 531.261, 446.883, 539.689, 425.939, 854.021, 567.923, 533.77]] 
[[506.341, 500.061, 516.164, 494.556, 501.549, 502.89, 506.371, 549.534, 518.164, 542.924, 532.245, 517.86, 503.53, 476.491, 485.312, 470.98, 490.824, 494.201, 455.25, 494.604, 504.937, 522.052, 469.192, 502.286, 522.895, 518.965, 522.745, 566.482, 472.192, 499.867, 465.741, 524.505, 439.227, 421.494, 472.914, 500.319, 415.945, 415.725, 536.59, 487.154, 495.586, 520.174, 563.012, 529.306]] 
[[502.152, 441.769, 490.699, 464.287, 508.238, 484.638, 468.674, 501.634, 506.396, 485.95, 489.414, 481.422, 475.278, 467.135, 466.301, 481.065, 472.458, 471.242, 462.839, 473.958, 466.994, 460.382, 471.664, 447.819, 477.402, 487.596, 551.111, 522.365, 566.204, 490.93, 565.249, 464.859, 459.696, 451.415, 564.57, 620.102, 545.313, 553.307, 444.666, 433.618, 575.032, 592.422, 611.282, 630.235, 438.918, 434.167, 632.796]] 
[[559.191, 555.614, 605.677, 610.049, 547.672, 540.773, 596.579, 551.767, 578.416, 529.277, 528.289, 520.211, 518.484, 533.336, 566.714, 476.09, 534.478, 511.111, 552.53, 498.812, 510.757, 504.871, 499.444, 565.936, 526.461, 458.362, 1396.974, 456.486, 473.421, 498.488, 439.726, 432.023, 451.437, 448.478, 506.719, 470.997, 442.475, 492.105, 529.818, 451.056, 454.04, 538.48]] 
[[465.925, 444.015, 508.032, 494.216, 495.632, 516.444, 492.145, 499.289, 491.628, 486.691, 485.425, 503.363, 530.371, 500.845, 506.556, 501.083, 482.489, 506.902, 524.397, 488.094, 472.329, 484.955, 506.831, 481.185, 501.772, 474.808, 472.728, 470.525, 463.327, 469.672, 506.133, 517.4, 426.631, 498.413, 576.772, 528.833, 610.132, 637.491, 434.796, 640.307, 420.43, 409.261, 416.487, 625.979]] 
[[512.81, 521.46, 488.883, 492.089, 485.526, 522.646, 524.405, 458.898, 507.36, 535.584, 538.985, 559.407, 532.913, 559.467, 505.707, 551.613, 478.485, 498.047, 554.661, 576.651, 528.32, 456.911, 455.09, 556.394, 554.926, 452.281, 565.643, 572.146, 604.213, 609.829, 439.018, 614.723, 438.591, 426.554, 419.725, 405.791, 574.507, 393.006, 592.932, 384.523, 580.089, 367.414, 574.646]] 
[[418.031, 416.719, 419.322, 449.905, 389.619, 450.954, 1146.989, 419.461, 385.511, 400.815, 433.988, 445.968, 455.117, 473.948, 410.308, 414.482, 466.087, 482.349, 370.13, 472.523, 470.488, 382.963, 370.267, 443.085, 515.432, 452.104, 468.385, 372.941, 371.313, 386.432, 383.899, 460.756, 462.337, 355.419, 352.396, 368.415, 376.497, 363.906, 348.634, 411.195, 357.506, 356.625]] 
average response time [0]382.679
average response time [1]351.812
average response time [2]355.94
average response time [3]353.933
average response time [4]354.03
average response time [5]358.655
average response time [6]349.527
average response time [7]342.879
average response time [8]350.571
average response time [9]356.825
TOTAL AVERAGE RESPONSE TIME ====================: 355.6851
NUMBER OF THREADS ==============================: 1
average response time [10]361.6755
average response time [11]368.243
average response time [12]359.757
average response time [13]366.68600000000004
average response time [14]353.0435
average response time [15]348.3985
average response time [16]367.36
average response time [17]358.4945
average response time [18]359.89
average response time [19]350.7145
TOTAL AVERAGE RESPONSE TIME ====================: 359.42625000000004
NUMBER OF THREADS ==============================: 2
average response time [20]359.9185
average response time [21]355.34024999999997
average response time [22]362.64
average response time [23]355.835
average response time [24]354.35825
average response time [25]357.10625
average response time [26]352.8145
average response time [27]351.25075
average response time [28]374.56149999999997
average response time [29]354.59875
TOTAL AVERAGE RESPONSE TIME ====================: 357.842375
NUMBER OF THREADS ==============================: 4
average response time [30]371.951875
average response time [31]360.968
average response time [32]356.84725
average response time [33]360.191625
average response time [34]356.951375
average response time [35]368.30075
average response time [36]502.669875
average response time [37]497.106625
average response time [38]350.002
average response time [39]359.655
TOTAL AVERAGE RESPONSE TIME ====================: 388.4644375
NUMBER OF THREADS ==============================: 8
average response time [40]360.5373125
average response time [41]355.1235
average response time [42]365.9518125
average response time [43]363.33493749999997
average response time [44]403.41375
average response time [45]403.09081249999997
average response time [46]420.3149375
average response time [47]387.8568125
average response time [48]433.39325
average response time [49]397.7514375
TOTAL AVERAGE RESPONSE TIME ====================: 389.07685625
NUMBER OF THREADS ==============================: 16
average response time [50]434.505625
average response time [51]448.47965625
average response time [52]493.0229375
average response time [53]375.58725
average response time [54]363.7281875
average response time [55]373.64153125
average response time [56]415.3224375
average response time [57]367.318625
average response time [58]367.2068125
average response time [59]381.651875
TOTAL AVERAGE RESPONSE TIME ====================: 402.04649374999997
NUMBER OF THREADS ==============================: 32
average response time [60]405.67109375
average response time [61]510.08009375
average response time [62]656.764375
average response time [63]527.945671875
average response time [64]499.52553125000003
average response time [65]494.13696875
average response time [66]543.61959375
average response time [67]447.303828125
average response time [68]584.50959375
average response time [69]591.337453125
TOTAL AVERAGE RESPONSE TIME ====================: 526.0894203125
NUMBER OF THREADS ==============================: 64
average response time [70]534.1316
average response time [71]566.5275846153846
average response time [72]557.7309230769231
average response time [73]447.2348
average response time [74]543.4880461538462
average response time [75]583.4787692307692
average response time [76]607.8312
average response time [77]501.6312461538462
average response time [78]582.7064
average response time [79]485.2558
TOTAL AVERAGE RESPONSE TIME ====================: 541.0016369230768
NUMBER OF THREADS ==============================: 65
average response time [80]607.5479696969697
average response time [81]660.4833636363636
average response time [82]577.464409090909
average response time [83]539.2181969696969
average response time [84]816.4834545454545
average response time [85]451.5156818181818
average response time [86]434.7693787878788
average response time [87]468.0850606060606
average response time [88]397.79871212121213
average response time [89]556.1461363636364
TOTAL AVERAGE RESPONSE TIME ====================: 550.9512363636363
NUMBER OF THREADS ==============================: 66
average response time [90]541.2907910447761
average response time [91]615.5468656716417
average response time [92]693.435895522388
average response time [93]507.2718059701493
average response time [94]593.1884179104478
average response time [95]856.5676865671642
average response time [96]703.5780298507462
average response time [97]622.8680895522388
average response time [98]502.00037313432836
average response time [99]522.1646716417911
TOTAL AVERAGE RESPONSE TIME ====================: 615.791262686567
NUMBER OF THREADS ==============================: 67
average response time [100]546.2651617647059
average response time [101]509.42052941176473
average response time [102]1491.3660147058824
average response time [103]557.8374411764706
average response time [104]398.37629545454547
average response time [105]424.29934375
average response time [106]456.8352857142857
average response time [107]390.556525
average response time [108]497.0280888888889
average response time [109]436.6480681818182
TOTAL AVERAGE RESPONSE TIME ====================: 570.8632754048363
NUMBER OF THREADS ==============================: 68
average response time [110]466.48163414634143
average response time [111]503.9283469387755
average response time [112]798.0793265306122
average response time [113]421.63012765957444
average response time [114]400.711085106383
average response time [115]394.23328888888886
average response time [116]398.14825
average response time [117]388.76479166666667
average response time [118]603.114612244898
average response time [119]412.897325
TOTAL AVERAGE RESPONSE TIME ====================: 478.79887881821406
NUMBER OF THREADS ==============================: 69
average response time [120]495.03820454545456
average response time [121]440.07435
average response time [122]429.7535909090909
average response time [123]528.0145581395349
average response time [124]498.84445454545454
average response time [125]501.1843191489362
average response time [126]534.8481904761904
average response time [127]499.33497727272726
average response time [128]510.99695348837207
average response time [129]432.2195476190476
TOTAL AVERAGE RESPONSE TIME ====================: 487.03091461448076
NUMBER OF THREADS ==============================: 70
NUMBER OF THREADS: [1, 2, 4, 8, 16, 32, 64, 65, 66, 67, 68, 69, 70]
WORKLOAD: HFU_LV;  
TOTAL EXECUTION TIME (Concurrent Parallel Requests): 128905.536
NUMBER OF REPLICAS USED: 3

