[[422.297]] 
[[392.111]] 
[[391.272]] 
[[391.804]] 
[[418.208]] 
[[392.676]] 
[[408.811]] 
[[417.904]] 
[[418.717]] 
[[410.571]] 
[[421.585, 468.961]] 
[[400.686, 431.333]] 
[[437.226, 389.752]] 
[[413.74, 470.348]] 
[[435.843, 387.223]] 
[[438.447, 387.565]] 
[[445.402, 396.602]] 
[[416.631, 463.542]] 
[[413.36, 450.514]] 
[[468.467, 417.113]] 
[[425.405, 470.876, 495.163, 530.459]] 
[[537.889, 441.363, 474.936, 570.588]] 
[[556.965, 422.681, 498.325, 448.884]] 
[[412.218, 459.097, 529.592, 482.583]] 
[[394.774, 440.0, 472.217, 515.695]] 
[[403.651, 452.233, 487.841, 527.989]] 
[[440.935, 399.307, 523.053, 462.699]] 
[[399.233, 431.036, 517.225, 553.594]] 
[[406.531, 443.121, 483.866, 515.0]] 
[[416.756, 500.127, 440.973, 517.177]] 
[[385.588, 466.049, 502.735, 410.529, 628.182, 669.343, 569.061, 509.609]] 
[[397.639, 574.033, 420.725, 466.345, 505.136, 594.958, 621.048, 663.56]] 
[[614.448, 507.038, 557.488, 638.412, 721.081, 668.033, 751.589, 792.081]] 
[[660.772, 532.789, 482.308, 558.894, 774.94, 684.554, 716.166, 788.032]] 
[[490.783, 522.824, 612.828, 546.579, 642.737, 682.828, 762.963, 836.448]] 
[[454.237, 495.169, 516.665, 1452.808, 584.499, 535.918, 633.404, 661.905]] 
[[468.238, 513.009, 544.143, 589.269, 628.4, 654.938, 730.254, 685.86]] 
[[457.881, 592.49, 528.413, 479.968, 659.614, 747.623, 834.562, 784.647]] 
[[597.053, 547.622, 503.967, 444.788, 614.277, 649.643, 719.949, 771.177]] 
[[484.511, 432.203, 512.897, 558.934, 600.508, 633.681, 668.196, 713.553]] 
[[600.966, 508.454, 543.954, 620.647, 782.607, 655.194, 690.813, 719.808, 799.326, 889.862, 999.256, 938.046, 824.813, 1122.228, 1185.171, 1009.27]] 
[[479.293, 513.608, 558.49, 596.981, 702.409, 631.125, 725.188, 891.532, 767.117, 937.744, 789.609, 1017.217, 1048.654, 1131.538, 950.144, 1068.0529999999999]] 
[[515.449, 564.053, 590.963, 656.587, 802.685, 743.292, 828.982, 864.361, 935.252, 891.88, 1012.463, 955.072, 1096.195, 1048.15, 1169.266, 1114.658]] 
[[491.477, 566.428, 525.768, 592.855, 631.408, 768.216, 714.237, 655.11, 910.666, 820.593, 770.56, 850.192, 978.94, 1075.583, 918.849, 1013.621]] 
[[612.073, 524.006, 463.611, 545.819, 625.937, 673.203, 709.497, 835.677, 788.275, 736.021, 903.887, 855.064, 940.577, 1023.397, 973.033, 1056.186]] 
[[470.795, 499.476, 540.003, 577.378, 623.569, 855.443, 704.175, 652.477, 776.073, 716.759, 946.634, 1023.377, 838.142, 872.676, 1038.0529999999999, 1066.134]] 
[[459.648, 538.824, 1001.005, 565.085, 466.252, 608.435, 657.141, 684.23, 734.021, 804.351, 887.611, 961.884, 1004.677, 1042.926, 1126.917, 1071.758]] 
[[465.428, 551.148, 608.561, 486.606, 653.63, 689.202, 731.148, 823.783, 775.203, 848.61, 945.895, 1097.354, 884.271, 1041.541, 960.457, 1107.36]] 
[[509.098, 533.863, 580.859, 629.059, 664.994, 920.889, 872.767, 709.379, 778.18, 934.432, 975.263, 1017.461, 1048.436, 1082.455, 1122.788, 1175.234]] 
[[610.436, 522.368, 477.907, 554.653, 635.584, 671.575, 717.318, 848.97, 746.536, 793.335, 866.074, 905.972, 990.096, 937.048, 1112.762, 1048.66]] 
[[440.835, 537.764, 484.772, 566.935, 601.323, 725.295, 656.627, 756.851, 1087.245, 955.761, 785.201, 1236.508, 1313.037, 1354.67, 1393.191, 1426.001, 1551.2930000000001, 1452.9850000000001, 1620.241, 1478.962, 1568.71, 1680.855, 1642.21, 1728.306, 1812.787, 1893.462, 1938.638, 1983.4099999999999, 2035.209, 2115.557, 2067.403, 2139.891]] 
[[507.227, 634.535, 566.821, 1031.791, 665.098, 780.644, 823.975, 986.314, 939.15, 845.586, 883.339, 1050.37, 1000.11, 1083.596, 1217.734, 1251.467, 1158.1399999999999, 1096.873, 1269.104, 1348.814, 1294.679, 1413.011, 1604.478, 1488.071, 1663.617, 1548.6860000000001, 1698.614, 1610.781, 1728.9389999999999, 1854.8719999999998, 1759.176, 1793.721]] 
[[613.798, 551.908, 638.364, 674.923, 711.614, 790.388, 736.114, 825.135, 863.059, 949.161, 899.236, 1121.916, 1066.532, 1016.621, 958.918, 1172.992, 1235.941, 1198.88, 1279.763, 1332.8600000000001, 1237.483, 1392.192, 1467.557, 1543.508, 1662.021, 1613.627, 1705.271, 1734.007, 1763.866, 1810.98, 1871.8429999999998, 1916.279]] 
[[531.904, 602.995, 560.008, 641.314, 682.383, 718.257, 848.393, 752.974, 789.071, 874.583, 1010.741, 910.792, 957.783, 1033.6970000000001, 1066.364, 1106.762, 1177.839, 1129.624, 1235.546, 1394.6480000000001, 1304.453, 1421.945, 1461.2649999999999, 1510.6689999999999, 1555.298, 1670.155, 1579.954, 1614.173, 1720.73, 1772.406, 1803.908, 1836.48]] 
[[520.97, 566.056, 602.665, 643.684, 728.083, 676.224, 762.517, 901.742, 842.012, 787.217, 973.444, 1859.077, 1092.917, 999.111, 1038.171, 1127.193, 1160.354, 1235.682, 1300.663, 1346.742, 1384.774, 1573.646, 1414.101, 1635.6779999999999, 1514.422, 1440.606, 1577.179, 1730.711, 1623.049, 1669.259, 1803.48, 1752.9589999999998]] 
[[609.84, 542.517, 677.685, 725.086, 810.66, 892.227, 750.673, 837.487, 939.536, 975.491, 1024.502, 1059.048, 1094.755, 1209.819, 1130.173, 1295.199, 1244.8, 1404.753, 1360.179, 1314.909, 1446.088, 1485.548, 1526.337, 1615.548, 1565.778, 1786.7649999999999, 1692.135, 1638.5439999999999, 2025.668, 1799.665, 1883.132, 1825.5230000000001]] 
[[540.966, 569.057, 632.799, 577.769, 596.229, 620.608, 712.378, 648.68, 735.639, 777.335, 1519.762]] 
[[542.44, 559.144, 574.11, 663.796, 593.261, 671.808, 735.31, 677.286, 752.322, 780.896, 858.226, 811.113]] 
[[555.0, 588.154, 626.113, 672.905, 616.501, 670.892, 694.669, 732.419, 769.353, 774.626]] 
[[585.979, 532.709, 631.158, 673.675, 611.972, 669.818, 664.476, 698.244]] 
[[1516.046, 545.924, 556.484, 595.151, 606.634, 622.527, 620.312, 639.238, 644.096, 678.447, 775.229, 721.344, 736.794, 852.687, 764.702, 797.369, 894.576, 940.265]] 
[[529.734, 554.946, 584.29, 674.547, 621.387, 747.006, 759.864, 813.755, 811.266, 851.772, 873.974, 894.761, 846.692, 841.919, 845.779, 881.046, 970.278, 920.114, 962.778, 1546.8229999999999]] 
[[488.588, 524.807, 550.521, 658.966, 572.691, 675.576, 701.185, 725.985, 764.178, 774.173, 782.567, 845.499, 785.442, 845.522, 898.949, 830.457, 970.087, 995.906, 904.657, 996.341, 1005.755, 1097.62, 1049.308, 1144.081, 1171.3220000000001, 1236.915]] 
[[427.896, 479.514, 508.779, 542.21, 543.215, 569.975, 627.415, 690.228, 643.494, 691.988, 709.476, 767.133, 807.933, 841.925, 844.448, 966.526, 869.412, 895.102, 936.808, 975.819, 1006.554, 1046.905, 1096.515, 1125.533, 1145.146]] 
[[490.69, 496.3, 492.772, 642.845, 521.973, 586.719, 810.21, 643.768, 681.549, 721.477, 815.782, 848.781, 885.216, 911.206, 997.4, 939.005, 971.791, 971.488, 928.335, 1005.867, 1083.081, 1287.562, 1183.336]] 
[[510.353, 593.302, 532.932, 610.86, 552.575, 624.354, 619.613, 659.926, 685.279, 724.034, 730.621, 715.292, 698.011, 726.595, 792.4, 731.829]] 
[[545.907, 585.507, 582.015, 653.446, 605.573, 681.163, 673.885, 709.067, 739.824, 774.471, 817.357, 810.083, 816.24, 856.746, 873.291, 850.104, 977.8, 906.975]] 
[[1528.1779999999999, 1475.85, 538.058, 547.092, 559.646, 579.288, 1690.637, 691.133, 1250.023, 808.646, 699.004, 695.636, 1808.086, 1402.991, 855.832, 850.987, 833.894, 1490.281, 852.86, 1764.941]] 
[[528.904, 470.362, 743.128, 715.604, 1560.8780000000002, 1485.009, 1464.38, 621.139, 1124.054, 578.668, 586.738, 635.541, 1734.762, 793.037, 787.059, 780.433, 801.519, 842.693, 1509.9279999999999, 2301.522, 1445.479, 2191.433, 867.735]] 
[[429.485, 452.665, 481.979, 451.67, 469.812, 509.403, 546.293, 443.027]] 
[[427.63, 453.353, 406.656, 417.903, 422.894, 416.454, 457.479, 456.875, 475.174, 502.157, 576.123, 515.866, 587.041, 630.776]] 
[[466.068, 462.991, 472.701, 462.169, 459.431, 480.299, 557.392, 496.704, 574.077, 560.908, 547.887, 605.102, 722.993, 662.78]] 
[[490.437, 555.769, 495.733, 531.898, 539.614, 523.773, 555.667, 589.261, 635.376, 702.757, 640.927, 622.529, 652.505, 655.554, 655.192]] 
[[486.759, 443.016, 525.724, 650.53, 545.641, 668.185, 697.226, 795.572, 725.027, 768.47, 732.153, 759.959, 757.73, 771.673, 795.137, 831.701, 801.523, 819.424]] 
[[493.372, 525.363, 556.915, 610.856, 553.769, 578.602, 553.918, 568.517, 602.579, 600.206, 548.009, 566.839, 614.184, 630.725]] 
[[527.038, 517.342, 538.555, 556.833, 573.631, 615.745, 722.357, 625.084, 821.434, 653.357, 742.12, 804.648, 897.692, 745.766, 791.247, 762.983, 822.505, 905.958]] 
[[555.967, 576.755, 617.221, 689.892, 639.432, 699.864, 703.667, 723.917, 801.438, 750.83, 793.675, 789.941, 800.252, 766.511, 804.436, 806.02, 831.171]] 
[[520.536, 545.948, 599.749, 549.484, 625.911, 647.48, 668.306, 746.412, 687.716, 772.526, 811.139, 845.528, 883.537, 834.325, 914.86, 1004.253, 958.526, 1035.776, 1042.659, 1060.732, 1046.212]] 
[[564.541, 594.057, 613.65, 667.43, 640.82, 676.323, 686.43, 622.771, 622.413, 837.345, 683.154, 859.169, 748.047]] 
[[523.607, 536.526, 575.229, 584.411, 629.197, 650.402, 635.632, 664.268, 679.936, 722.249, 756.474, 772.418, 782.405, 806.774, 842.744, 861.919, 897.186, 894.846, 921.437]] 
[[535.785, 575.469, 571.513, 1575.234, 1524.159, 1609.484, 1636.137, 1683.684, 570.144, 589.59, 617.846, 646.738, 680.213, 703.738, 761.325, 707.253, 535.789, 562.072, 742.735, 638.589, 579.41, 748.141, 842.767, 758.773, 854.737, 570.212, 618.793, 632.863, 682.27, 713.702, 786.947]] 
[[576.267, 1605.1599999999999, 573.127, 583.59, 603.057, 818.384, 767.159, 682.469, 573.341, 830.314, 609.691, 914.306, 861.965, 948.84, 582.02, 624.299, 973.077, 621.993, 643.329, 998.227, 688.371, 623.082, 637.375, 698.635, 1973.228, 732.172, 1047.661, 644.991, 2016.52, 1125.821, 633.489, 1153.055, 1190.506, 630.116, 1535.908, 1170.362, 609.737, 614.614, 655.263, 689.482, 1252.001, 1175.621, 1197.588, 1284.501, 696.134]] 
[[539.412, 567.668, 608.022, 635.691, 538.024, 574.571, 682.859, 537.166, 613.709, 565.484, 559.383, 646.135, 584.426, 613.793, 667.212, 636.818, 739.746, 683.703, 777.855, 817.712, 607.558, 894.772, 635.802, 646.837, 902.393, 667.179, 662.802, 923.507, 963.41, 734.539, 681.558, 680.538, 967.813, 752.879, 734.748, 940.486, 822.164, 972.206, 998.062, 786.543, 965.605, 724.299, 778.379, 977.086, 853.662, 892.845, 1006.101, 924.248, 907.645, 949.589, 991.865]] 
[[1592.701, 560.631, 586.695, 1616.0520000000001, 591.824, 675.67, 877.732, 656.551, 605.8, 733.067, 823.745, 661.691, 846.441, 690.188, 588.261, 921.072, 877.422, 986.773, 597.106, 735.506, 672.215, 614.661, 991.177, 1374.975, 1022.04, 659.024, 609.449, 682.611, 1074.291, 668.479, 1092.759, 1124.093, 676.696, 1569.8319999999999, 707.077, 777.525, 1685.534, 1548.522, 1708.841, 1573.1399999999999, 547.697, 1722.01, 584.751, 614.278, 754.932, 1716.67, 836.255]] 
[[582.74, 578.507, 614.681, 931.353, 913.895, 661.935, 700.117, 628.112, 655.635, 676.917, 726.083, 555.319, 576.618, 564.27, 601.62, 725.081, 586.577, 756.709, 1800.813, 612.325, 596.416, 797.859, 1769.391, 829.15, 864.832, 920.836, 649.402, 686.34, 599.428, 1918.1860000000001, 708.718, 620.387, 1599.422, 730.586, 1617.737, 631.326, 656.863, 730.087, 781.946, 801.229, 1165.142, 800.319, 867.508, 606.606, 941.188, 906.559, 858.183]] 
[[1499.172, 556.311, 600.228, 567.75, 600.501, 633.653, 649.941, 602.654, 688.155, 552.386, 610.851, 582.599, 615.114, 622.357, 660.074, 643.817, 1572.938, 630.112, 634.698, 555.825, 635.712, 562.892, 613.505, 639.832, 662.014, 542.64, 573.983, 729.333, 654.065, 563.953, 568.028, 570.447, 669.311, 550.777, 586.428, 694.93]] 
[[548.849, 592.742, 570.753, 1668.364, 573.478, 580.002, 613.872, 565.846, 572.864, 598.714, 612.148, 600.727, 643.729, 589.508, 634.305, 595.515, 634.275, 723.841, 679.867, 759.633, 633.036, 670.311, 790.79, 827.44, 556.091, 675.815, 824.004, 701.274, 569.698, 749.655, 819.288, 851.93, 742.462, 871.798, 561.62, 889.721, 585.467, 717.991, 623.912, 745.71]] 
[[598.16, 528.845, 547.221, 532.469, 623.657, 549.956, 585.807, 636.484, 612.571, 636.065, 545.092, 620.885, 649.537, 560.729, 655.79, 684.654, 579.1, 606.703, 702.015, 633.483, 782.111, 618.866, 654.931, 552.589, 1059.773, 987.428, 898.894, 661.441, 1074.014, 695.306, 605.726, 828.626, 720.128, 756.73, 839.048, 1057.35, 1143.669, 1091.571, 817.359, 554.127, 909.594, 851.111, 805.968, 1092.592, 1106.216]] 
[[556.927, 531.63, 574.483, 558.345, 515.532, 593.43, 577.018, 540.909, 591.745, 565.065, 543.721, 603.214, 598.911, 658.441, 697.12, 596.688, 571.774, 570.97, 573.478, 575.559, 636.956, 697.121, 532.673, 529.565, 714.754, 584.875, 557.581, 723.465, 605.442, 746.595, 787.821, 600.679, 847.786, 597.269, 623.925, 549.102, 649.92, 585.593, 629.949, 840.937, 569.529]] 
[[571.988, 884.207, 549.043, 605.24, 847.574, 557.107, 914.2, 554.42, 599.174, 625.88, 565.831, 646.386, 599.179, 593.158, 658.541, 587.503, 724.093, 645.3, 596.251, 782.912, 740.313, 1524.862, 611.268, 639.106, 788.884, 620.734, 559.463, 663.408, 794.483, 627.263, 827.208, 1593.894, 656.388, 899.119, 626.645, 820.115, 545.764, 647.183, 1211.965, 568.41, 629.974, 916.716, 640.397, 555.407, 929.917, 961.182, 992.232, 1025.496, 1056.675, 616.287, 557.196, 564.688]] 
[[550.067, 548.286, 590.49, 675.469, 619.281, 543.976, 679.14, 726.895, 763.674, 536.87, 584.986, 536.937, 580.235, 602.029, 771.586, 829.466, 884.61, 630.947, 567.661, 894.245, 659.913, 1599.47, 741.678, 883.068, 540.674, 546.61, 751.539, 584.9, 971.385, 870.96, 906.48, 542.448, 987.748, 588.501, 577.699, 657.883, 590.862, 669.372, 651.811, 570.303, 942.077, 666.969, 657.439, 576.15, 953.175, 666.603, 659.043, 688.632, 715.014, 959.284, 640.948, 969.388, 531.337]] 
[[590.715, 559.432, 547.086, 544.417, 595.207, 552.367, 623.836, 661.929, 521.451, 531.963, 700.949, 554.856, 594.235, 627.217, 719.018, 566.378, 739.906, 611.232, 773.276, 824.625, 1570.3890000000001, 558.183, 619.975, 634.821, 544.498, 642.879, 562.62, 827.143, 559.662, 630.458, 666.62, 629.803, 829.232, 739.39, 927.314, 662.082, 529.037, 579.365, 806.465, 745.628, 596.588, 658.294, 628.1, 600.815, 653.602, 680.415, 772.494, 853.717, 744.738, 692.709, 755.664, 761.289]] 
[[604.575, 556.988, 630.6, 699.866, 556.166, 597.747, 736.178, 540.704, 558.573, 607.225, 653.082, 584.902, 522.388, 623.157, 657.322, 708.87, 708.302, 746.268, 733.225, 819.906, 784.905, 623.024, 850.416, 555.612, 917.679, 658.593, 864.338, 673.785, 806.29, 886.474, 698.565, 563.157, 601.719, 885.388, 729.983, 910.233, 939.653, 990.871, 1057.441, 1129.884, 615.151, 650.503, 629.527, 775.627, 1158.731, 1664.558, 636.881, 650.518, 1872.583, 1925.888, 726.738, 658.887, 787.788, 681.839]] 
[[482.279, 504.57, 476.731, 514.554, 517.195, 515.276, 548.845, 548.916, 579.092, 604.27, 574.38, 631.462, 517.278, 625.195, 530.454, 567.394, 619.861, 502.236, 707.316, 648.466, 605.063, 580.943, 499.744, 586.178, 610.256, 558.089, 712.138, 611.814, 756.979, 611.805, 561.107, 774.038, 589.059, 619.077, 823.365, 773.927, 641.251, 507.577, 800.611, 641.531, 542.99, 799.341, 508.469]] 
[[569.405, 566.419, 560.786, 576.508, 609.667, 669.128, 690.828, 571.419, 635.39, 614.877, 557.588, 605.26, 651.254, 826.992, 734.817, 638.497, 847.926, 741.683, 677.191, 587.981, 861.433, 626.586, 613.559, 644.347, 639.999, 661.174, 707.465, 680.225, 604.159, 690.378, 753.798, 647.941, 571.108, 648.151, 628.394, 662.047, 685.924, 648.621, 717.192, 659.607, 736.912, 691.821, 644.907]] 
[[534.196, 520.98, 522.828, 532.156, 520.539, 539.584, 543.993, 503.519, 556.489, 540.105, 538.325, 556.184, 558.256, 590.289, 510.937, 549.83, 537.136, 589.348, 553.595, 1316.109, 698.558, 530.34, 686.195, 666.594, 1251.136, 656.752, 647.625, 635.263, 1517.297, 588.778, 619.117, 558.244, 1438.117, 599.429, 580.906, 1477.516, 824.178]] 
[[499.539, 532.2, 530.629, 537.53, 537.878, 541.134, 531.632, 550.704, 509.933, 536.14, 542.093, 564.738, 587.84, 593.927, 623.688, 599.989, 545.511, 605.663, 538.109, 596.877, 559.989, 589.239, 628.368, 557.525, 654.664, 517.343, 722.564, 669.16, 812.476, 767.591, 515.065, 501.672, 526.529, 526.782, 580.837, 521.53, 774.743, 813.058, 523.443, 541.735]] 
[[554.349, 545.24, 612.923, 533.234, 556.684, 626.784, 590.387, 543.781, 607.557, 663.018, 532.392, 601.881, 544.442, 665.345, 576.029, 675.421, 553.556, 706.562, 581.49, 805.309, 713.161, 848.039, 577.815, 533.025, 856.174, 867.417, 554.9, 557.457, 539.491, 589.759, 620.764, 832.918, 530.507, 532.213, 561.346, 598.404, 541.377, 798.827, 604.92, 539.046, 553.488, 631.466, 597.827]] 
[[533.648, 553.996, 538.984, 575.531, 626.462, 529.136, 535.13, 559.538, 592.078, 557.486, 594.26, 561.801, 619.848, 625.948, 649.462, 682.382, 634.831, 711.342, 753.549, 534.592, 1526.772, 844.882, 784.944, 572.057, 626.081, 852.019, 885.488, 620.418, 570.449, 646.622, 525.017, 675.008, 704.664, 851.962, 925.041, 871.545, 685.279, 516.255, 880.345, 535.786, 1551.221, 899.265, 543.758, 581.861, 536.863]] 
[[485.894, 493.367, 509.847, 493.041, 538.97, 505.92, 485.931, 516.018, 518.567, 532.347, 501.842, 532.788, 585.335, 532.509, 572.252, 501.81, 589.39, 509.325, 542.383, 652.144, 601.948, 666.37, 546.998, 548.857, 531.524, 575.872, 617.58, 609.117, 520.746, 629.572, 547.496, 708.069, 657.318, 523.884, 788.042, 548.328, 720.591, 534.46, 774.204, 496.125, 540.936, 521.981, 789.468, 1107.345, 493.136]] 
[[556.696, 500.989, 593.265, 636.694, 508.478, 545.551, 651.611, 536.682, 626.908, 549.966, 664.991, 698.624, 659.861, 725.454, 532.983, 559.156, 593.044, 639.407, 701.261, 653.985, 578.789, 613.056, 672.818, 705.96, 677.373, 722.995, 738.126, 618.039, 738.958, 633.462, 662.67, 744.602, 529.805, 724.707, 652.813, 750.158, 704.169, 745.752, 1534.65, 1525.257, 706.253, 642.601, 674.756, 1516.9450000000002, 710.344, 553.893, 690.45, 720.003, 758.378]] 
[[566.897, 605.832, 554.42, 1529.728, 607.534, 559.816, 601.259, 612.528, 593.341, 560.929, 627.261, 579.798, 559.75, 609.606, 612.056, 545.381, 609.394, 637.461, 673.321, 549.668, 639.467, 575.333, 636.683, 609.111, 656.515, 560.964, 1577.9650000000001, 643.832, 608.135, 664.572, 1588.53, 671.216, 619.349, 1608.763, 1614.458, 599.067, 658.726, 634.141, 725.723, 686.668, 759.406, 934.384, 593.459, 637.642, 638.107, 576.855, 701.332, 731.264, 773.747]] 
[[545.633, 581.531, 565.037, 556.978, 650.041, 572.244, 583.997, 551.232, 556.052, 584.348, 640.634, 565.537, 656.835, 698.49, 585.781, 569.637, 594.335, 600.646, 539.726, 581.147, 625.503, 614.406, 652.824, 681.612, 687.32, 634.918, 656.218, 698.253, 674.081, 533.984, 591.295, 662.185, 670.895, 591.274, 598.295, 625.686, 626.125, 645.453, 650.935, 676.438, 706.153, 695.191, 1613.142, 760.202, 574.694, 522.974]] 
[[484.186, 531.583, 463.036, 507.082, 563.298, 508.923, 556.628, 471.173, 477.871, 534.922, 545.786, 584.236, 541.743, 542.661, 584.82, 601.549, 466.957, 593.099, 559.949, 622.779, 595.23, 650.332, 453.673, 494.785, 569.762, 635.816, 572.467, 524.198, 562.268, 598.62, 630.99, 613.658, 755.056, 665.717, 633.419, 459.768, 656.508, 738.166, 693.347, 447.298, 448.717, 490.785, 725.059, 460.157, 497.019, 501.794, 642.452, 1127.001]] 
[[523.614, 487.64, 493.966, 538.868, 492.949, 510.85, 590.296, 489.215, 522.955, 525.422, 573.743, 486.735, 516.692, 567.995, 574.362, 483.85, 491.576, 583.923, 592.459, 624.308, 491.638, 489.325, 581.277, 636.733, 505.334, 629.218, 506.699, 530.055, 475.567, 508.713, 534.593, 551.431, 541.323, 477.505, 500.856, 542.358, 518.338, 542.34, 545.015, 450.96, 508.179, 457.807, 488.266, 454.514]] 
[[459.923, 488.389, 463.003, 540.65, 474.462, 459.381, 503.287, 548.405, 480.144, 511.65, 502.758, 535.73, 475.807, 581.027, 471.671, 597.685, 482.591, 643.338, 505.415, 494.857, 526.806, 637.926, 513.799, 582.194, 492.332, 580.924, 525.434, 580.372, 617.832, 500.912, 632.039, 518.043, 552.547, 549.746, 560.181, 514.468, 552.048, 586.454, 621.432, 533.305, 595.696, 649.546, 556.009, 656.832]] 
[[441.629, 434.355, 475.893, 448.96, 429.195, 544.348, 454.466, 460.688, 562.35, 439.194, 485.713, 466.782, 422.468, 461.405, 434.496, 481.43, 424.308, 460.723, 501.865, 542.05, 587.546, 487.404, 509.082, 436.843, 425.272, 495.941, 472.124, 471.433, 511.714, 475.028, 477.108, 465.426, 490.034, 493.158, 525.613]] 
[[440.548, 424.509, 429.291, 436.027, 532.903, 427.503, 458.606, 473.57, 423.264, 432.873, 476.247, 486.812, 506.523, 531.623, 621.842, 450.585, 544.653, 414.378, 511.693, 461.053, 621.964, 421.073, 447.209, 503.821, 553.135, 613.6, 468.605, 626.724, 503.042, 384.209, 667.602, 582.821, 605.091, 680.714, 739.671, 396.925, 770.757, 564.033, 601.103, 633.767, 418.062, 657.776, 779.819, 407.129, 663.596, 433.041, 462.702, 415.036]] 
[[409.658, 419.443, 466.798, 491.907, 573.149, 517.837, 607.333, 405.563, 440.495, 433.402, 451.323, 459.41, 602.927, 481.961, 473.826, 439.397, 520.253, 492.448, 430.819, 446.336, 532.855, 592.728, 479.997, 611.065, 510.643, 561.666, 469.78, 422.401, 546.437, 441.262, 602.259, 522.106, 470.809, 548.858, 546.528, 552.87, 607.499, 448.519, 603.383, 582.324, 539.073, 467.297, 605.469, 610.569, 482.461, 511.634, 642.535, 532.261, 497.436, 665.062, 544.388, 555.65, 660.236, 554.66, 721.846, 592.189, 670.35, 614.59]] 
[[495.051, 480.982, 478.635, 425.316, 486.598, 429.054, 520.402, 492.611, 507.78, 538.614, 431.311, 469.197, 545.962, 440.677, 448.648, 570.516, 491.972, 477.128, 428.568, 414.793, 472.452, 437.874, 482.481, 518.963, 436.815, 413.863, 467.497, 445.461, 452.948, 435.117, 507.611, 492.783, 536.544, 569.754, 437.509, 643.59, 593.659, 432.81, 668.821, 482.52, 423.884, 463.118, 432.264, 471.401, 484.571, 662.041, 518.146, 696.45, 440.88, 546.371, 543.277, 492.237, 433.186, 672.774, 550.658, 570.971]] 
[[469.424, 522.363, 488.649, 504.204, 527.226, 570.544, 498.893, 555.947, 555.537, 477.167, 582.886, 557.177, 561.125, 590.637, 592.69, 480.694, 605.933, 581.919, 529.405, 594.229, 612.116, 539.081, 569.917, 644.448, 650.971, 587.314, 546.947, 584.658, 600.082, 621.309, 636.703, 630.415, 674.681, 685.724, 710.331, 751.229, 613.134, 468.852, 659.866, 685.94, 684.313, 716.88, 707.598, 736.568, 708.314, 467.957, 742.911, 754.33, 785.318, 478.67, 477.376, 797.125, 660.118, 492.133, 819.923, 701.552, 734.792, 505.165, 536.033, 459.064, 490.468]] 
[[482.686, 508.369, 506.215, 541.482, 535.149, 471.478, 513.324, 552.878, 580.722, 528.715, 516.3, 498.546, 541.499, 1668.083, 542.094, 490.205, 488.224, 526.429, 524.76, 1348.067, 1688.335, 1386.738, 560.547, 1537.863, 558.848, 612.925, 652.066, 527.097, 490.189, 697.888, 1395.221, 1471.4769999999999, 804.735, 565.223, 1458.251, 1484.471, 1520.124, 577.613, 1468.048, 1349.16, 598.775, 634.0, 516.164, 559.176, 1345.5819999999999, 530.809, 566.144, 1454.118, 615.896, 1463.079, 526.188, 536.738, 1474.396, 1527.4740000000002, 1461.72]] 
[[518.68, 524.941, 527.638, 537.541, 577.984, 616.419, 544.693, 652.866, 581.413, 568.461, 609.215, 554.412, 629.044, 554.989, 758.56, 640.031, 684.087, 572.872, 611.494, 534.845, 529.09, 569.07, 560.523, 579.576, 583.127, 583.08, 616.085, 669.273, 716.437, 612.308, 639.515, 546.037, 665.275, 546.379, 658.213, 567.806, 566.4, 591.515, 660.975, 663.615, 623.817, 669.598, 641.385, 679.315, 658.101, 524.122, 694.252, 721.823, 641.858, 665.044, 686.263, 723.935, 563.487, 550.81, 638.465, 596.492]] 
[[576.285, 516.809, 611.298, 645.509, 678.164, 554.076, 555.008, 555.75, 588.488, 674.552, 703.587, 625.595, 544.392, 3538.6369999999997, 536.982, 534.033, 620.033, 583.912, 544.246, 539.312, 538.294, 616.425, 755.718, 545.748, 648.682, 689.136, 860.89, 550.26, 762.768, 797.996, 590.917, 532.345, 563.206, 519.378, 589.741, 589.887, 1496.465, 535.576, 586.332, 787.549, 555.934, 643.895, 574.576, 586.38, 597.936, 794.68, 631.128, 822.625, 651.843, 651.919, 509.859, 674.194, 812.657, 534.666, 574.078, 670.621, 616.437, 819.514, 653.859, 676.072, 498.346, 701.366]] 
[[522.017, 575.519, 620.246, 605.553, 536.862, 530.406, 563.14, 617.259, 661.156, 702.206, 527.281, 574.306, 592.139, 571.183, 542.006, 589.87, 576.958, 567.826, 672.866, 711.87, 597.799, 569.685, 617.943, 718.317, 545.395, 603.558, 551.861, 576.575, 613.986, 653.7, 716.838, 730.761, 765.987, 581.968, 774.4, 837.348, 798.128, 730.227, 552.569, 667.178, 586.124, 635.059, 540.615, 727.358, 594.993, 741.575, 775.231, 543.939, 797.612, 739.673, 759.188, 580.54, 624.211, 578.845, 643.352, 761.408]] 
[[494.176, 508.012, 485.186, 475.602, 533.836, 473.834, 541.578, 511.494, 489.451, 576.492, 615.349, 530.005, 627.233, 571.273, 499.029, 610.107, 609.168, 501.626, 528.157, 614.963, 493.687, 607.253, 502.488, 648.04, 631.027, 679.668, 666.667, 572.373, 690.31, 723.955, 760.254, 789.053, 661.648, 697.437, 854.175, 902.734, 518.647, 554.789, 458.539, 510.781, 910.679, 549.245, 515.344, 541.759, 579.097, 913.752, 638.314, 597.383, 535.436, 480.326, 564.013, 596.502, 871.297, 576.286, 602.496, 643.629, 674.768, 461.022, 589.062, 622.044]] 
[[480.856, 517.254, 486.751, 480.35, 503.374, 518.082, 545.359, 521.448, 557.595, 595.227, 492.549, 554.131, 492.014, 564.252, 511.368, 589.221, 498.072, 581.641, 531.681, 623.307, 572.105, 588.649, 525.621, 567.998, 623.446, 628.271, 485.976, 636.547, 581.556, 635.323, 518.396, 642.601, 648.406, 553.48, 526.682, 581.291, 618.034, 629.112, 508.482, 534.793, 602.249, 505.814, 598.736, 623.834, 602.101, 601.699, 634.055, 502.091, 567.02, 587.835, 488.971, 582.751, 521.254, 574.393, 600.281, 547.735, 620.052, 616.093]] 
[[523.874, 517.427, 540.337, 530.708, 573.755, 519.164, 603.927, 546.165, 561.374, 576.226, 633.51, 612.118, 513.392, 557.877, 580.125, 550.03, 513.266, 603.517, 656.86, 561.688, 595.238, 716.1, 634.995, 577.996, 818.21, 733.968, 526.687, 618.07, 566.165, 524.916, 547.967, 816.212, 691.896, 585.718, 616.081, 548.278, 626.425, 815.857, 735.993, 769.454, 549.591, 846.14, 540.079, 790.278, 540.793, 581.677, 780.81, 560.546, 495.418, 797.394, 589.997, 604.238, 518.412, 631.673, 788.481, 515.742, 790.506, 831.882, 587.004, 1243.934, 682.694, 851.32, 537.774, 888.663, 914.632, 705.732, 548.525, 739.406, 576.575]] 
[[542.341, 551.643, 576.502, 536.271, 564.732, 534.089, 606.11, 561.806, 527.485, 567.431, 637.982, 641.589, 623.377, 528.413, 605.563, 632.868, 566.908, 611.012, 566.133, 606.439, 629.483, 689.899, 607.352, 626.88, 725.184, 682.013, 597.289, 713.902, 1867.115, 629.757, 639.801, 723.675, 752.646, 1653.516, 695.532, 764.569, 1888.37, 756.68, 545.73, 612.398, 638.742, 1575.01, 722.673, 593.412, 546.223, 664.782, 760.342, 711.931, 716.808, 1526.798, 554.217, 668.123, 760.95, 558.809, 555.349, 583.492, 655.666, 666.769, 703.69, 752.357, 603.743, 662.398, 741.445, 628.665, 562.787, 625.62, 648.326, 773.268, 652.288]] 
[[550.31, 562.896, 568.432, 545.334, 626.241, 585.122, 569.061, 544.14, 635.103, 560.351, 570.285, 622.614, 654.03, 539.622, 622.637, 576.58, 672.851, 625.891, 1509.387, 1488.376, 651.679, 1597.517, 541.537, 550.023, 1539.7649999999999, 599.497, 574.822, 565.645, 619.985, 619.869, 626.943, 574.443, 576.668, 643.19, 647.94, 516.404, 685.275, 604.014, 679.58, 570.572, 717.882, 691.895, 600.533, 562.347, 529.557, 718.563, 887.479, 546.974, 734.613, 631.581, 563.208, 607.708, 661.758, 706.472, 644.681, 710.403, 542.197, 592.282, 673.239, 619.686, 720.083, 656.461, 678.358, 596.531, 506.13, 669.966, 657.534, 539.902, 677.266]] 
[[518.043, 506.495, 548.131, 557.131, 569.418, 582.45, 608.488, 592.097, 535.04, 582.164, 562.049, 597.805, 621.579, 570.158, 628.204, 572.089, 596.365, 617.056, 561.949, 572.469, 664.666, 677.42, 601.65, 1590.961, 597.514, 1529.563, 728.179, 721.825, 499.836, 633.819, 738.558, 780.444, 542.57, 812.115, 612.294, 709.03, 547.189, 636.786, 663.759, 574.859, 512.448, 604.681, 514.268, 630.526, 667.786, 702.787, 645.696, 753.677, 519.728, 545.831, 660.836, 562.668, 769.705, 695.363, 522.003, 743.1, 543.45, 652.38, 692.832, 578.873, 586.544, 642.275, 689.312, 701.599, 734.35, 522.083, 760.886, 554.326, 895.422, 837.291]] 
[[542.059, 535.831, 535.24, 543.552, 567.121, 546.26, 548.274, 554.184, 547.385, 625.328, 565.967, 613.868, 639.422, 539.131, 547.363, 672.801, 710.538, 610.337, 672.842, 532.92, 705.149, 528.938, 525.292, 727.409, 702.642, 544.027, 658.605, 605.712, 555.979, 681.284, 626.332, 547.574, 684.868, 1528.135, 1534.366, 564.137, 566.12, 708.563, 600.81, 766.867, 599.063, 640.278, 616.611, 631.015, 715.882, 637.815, 669.511, 659.355, 732.101, 534.694, 740.225, 553.818, 665.834, 748.073, 698.592, 737.586, 519.656, 758.683, 557.211, 712.072, 744.149, 583.588, 732.48, 528.821, 746.989, 524.264, 743.312, 738.371, 583.177, 757.335]] 
[[519.953, 514.992, 529.265, 541.231, 500.705, 513.813, 548.712, 510.573, 527.404, 509.684, 543.053, 524.433, 567.193, 505.073, 602.874, 536.445, 553.026, 626.923, 599.115, 528.312, 623.927, 562.527, 517.695, 647.245, 570.513, 624.902, 572.705, 606.598, 591.206, 509.909, 648.992, 612.869, 532.293, 621.478, 663.895, 627.073, 700.455, 658.437, 568.426, 761.574, 560.199, 501.981, 682.736, 508.642, 564.557, 735.641, 580.806, 529.968, 777.953, 823.829, 590.772, 534.92, 719.162, 542.009, 543.569, 820.581, 631.57, 591.942, 719.675, 838.075, 871.082, 831.811, 735.831, 890.016, 698.328, 506.193, 917.856, 583.564, 522.772, 818.915]] 
[[514.69, 528.247, 509.312, 566.417, 515.207, 919.434, 1512.738, 587.727, 569.739, 590.378, 544.353, 872.567, 578.29, 610.11, 617.453, 590.509, 630.708, 661.273, 605.83, 619.895, 729.959, 619.468, 563.234, 646.099, 577.056, 615.826, 660.864, 547.978, 587.613, 625.757, 681.946, 600.639, 535.996, 779.047, 642.387, 612.355, 712.31, 659.539, 793.469, 522.271, 553.942, 595.052, 517.642, 669.65, 746.025, 923.043, 627.457, 672.047, 556.333, 758.294, 691.899, 593.839, 535.459, 682.678, 623.667, 691.021, 558.068, 1561.818, 1545.484, 681.447, 704.808, 577.729, 721.976, 576.492, 771.408, 627.71, 709.733, 528.671, 661.077, 556.212]] 
[[585.556, 520.665, 617.698, 526.475, 575.927, 558.51, 578.7, 642.04, 597.353, 606.826, 533.706, 625.337, 531.166, 657.586, 583.455, 659.626, 700.261, 582.476, 673.732, 557.738, 551.805, 715.39, 631.76, 576.924, 592.959, 731.749, 547.322, 647.793, 612.851, 679.253, 716.094, 785.639, 552.994, 731.169, 581.331, 599.408, 636.728, 677.606, 717.253, 539.308, 589.972, 566.347, 593.457, 724.128, 609.92, 541.523, 712.348, 568.967, 735.731, 769.164, 747.613, 794.361, 568.484, 767.35, 558.952, 531.117, 565.734, 597.328, 781.932, 559.52, 536.762, 582.134, 545.371, 594.56, 780.994, 622.619, 552.983, 742.234, 688.381, 787.773]] 
[[524.387, 548.641, 507.435, 565.151, 573.262, 598.837, 498.323, 572.068, 524.475, 525.929, 523.781, 532.004, 566.252, 551.815, 583.882, 645.894, 512.96, 554.269, 592.708, 695.663, 517.436, 561.798, 603.869, 598.51, 568.526, 752.129, 701.652, 529.031, 602.632, 594.93, 651.434, 683.298, 722.879, 526.761, 520.287, 558.707, 530.411, 667.016, 592.066, 686.813, 1639.004, 686.714, 571.833, 518.209, 746.613, 588.29, 780.608, 963.586, 730.093, 608.817, 665.317, 1575.667, 762.498, 554.357, 723.078, 659.971, 1477.592, 782.91, 686.789, 605.675, 641.627, 705.694, 682.97, 595.857, 629.319, 770.978, 873.105, 702.598, 806.867, 542.574]] 
[[574.994, 553.135, 626.258, 563.173, 550.497, 596.025, 1433.1190000000001, 593.494, 535.334, 580.049, 558.63, 609.355, 592.856, 589.293, 623.84, 568.139, 623.027, 661.873, 566.301, 578.444, 681.787, 570.564, 573.336, 593.518, 611.23, 683.872, 714.192, 546.769, 646.548, 573.162, 702.429, 550.401, 583.276, 617.475, 554.848, 567.616, 584.41, 619.237, 643.423, 616.807, 571.927, 709.887, 648.542, 556.757, 640.324, 603.012, 739.5, 651.353, 758.072, 654.108, 554.336, 685.554, 716.604, 1522.037, 655.905, 1555.109, 742.473, 560.096, 667.714, 534.712, 532.832, 574.079, 622.725, 697.015, 714.943, 562.157, 739.964, 766.333, 660.348, 528.658]] 
[[512.116, 572.221, 526.234, 598.001, 540.631, 515.489, 551.001, 517.82, 501.639, 546.729, 503.71, 537.619, 540.829, 541.43, 603.744, 557.79, 573.002, 550.01, 612.097, 531.046, 510.738, 584.148, 567.963, 611.182, 620.983, 541.317, 596.651, 594.505, 600.55, 561.552, 603.288, 601.336, 586.533, 564.134, 638.063, 688.12, 612.598, 664.256, 700.743, 563.883, 523.536, 573.337, 708.497, 671.032, 599.601, 731.226, 728.912, 519.077, 650.243, 611.642, 532.294, 498.994, 721.552, 562.352, 780.301, 646.379, 732.032, 720.175, 499.056, 661.369, 787.184, 545.084, 500.092, 705.911, 759.234, 542.247, 788.64, 846.813, 799.485, 722.439]] 
[[519.563, 548.342, 529.295, 572.616, 528.937, 542.568, 612.223, 535.143, 516.533, 524.602, 533.55, 547.914, 546.509, 602.1, 536.187, 608.038, 587.291, 530.558, 621.169, 544.684, 614.345, 538.455, 634.389, 1527.9679999999998, 539.463, 593.1, 616.914, 560.904, 583.492, 638.883, 560.496, 667.293, 670.052, 607.825, 540.988, 724.649, 677.438, 806.607, 539.963, 650.698, 858.788, 531.294, 715.95, 658.6, 552.474, 591.643, 533.65, 529.168, 621.304, 556.4, 751.473, 586.277, 790.475, 742.521, 644.618, 788.219, 503.028, 688.202, 532.501, 795.055, 574.016, 869.919, 826.354, 795.546, 708.703, 510.487, 602.735, 747.844, 549.829, 823.075]] 
[[504.838, 488.371, 491.339, 524.642, 538.631, 535.495, 543.803, 545.582, 549.625, 560.09, 522.961, 565.295, 502.836, 593.072, 632.587, 532.966, 559.353, 513.137, 563.643, 629.5, 526.344, 563.704, 657.048, 533.252, 587.074, 600.233, 639.898, 671.879, 518.01, 664.805, 699.418, 589.525, 512.379, 674.937, 509.372, 547.173, 595.071, 537.379, 634.103, 512.641, 711.423, 549.856, 756.284, 528.476, 568.066, 773.692, 562.242, 509.667, 590.054, 792.64, 577.588, 566.47, 521.677, 541.404, 581.285, 825.56, 780.784, 854.826, 535.238, 590.779, 635.152, 519.529, 857.583, 626.201, 478.705, 536.016, 495.663, 637.076, 548.262, 485.819]] 
average response time [0]422.297
average response time [1]392.111
average response time [2]391.272
average response time [3]391.804
average response time [4]418.208
average response time [5]392.676
average response time [6]408.811
average response time [7]417.904
average response time [8]418.717
average response time [9]410.571
TOTAL AVERAGE RESPONSE TIME ====================: 406.4371
NUMBER OF THREADS ==============================: 1
average response time [10]445.273
average response time [11]416.0095
average response time [12]413.48900000000003
average response time [13]442.044
average response time [14]411.533
average response time [15]413.006
average response time [16]421.00199999999995
average response time [17]440.0865
average response time [18]431.937
average response time [19]442.78999999999996
TOTAL AVERAGE RESPONSE TIME ====================: 427.717
NUMBER OF THREADS ==============================: 2
average response time [20]480.47574999999995
average response time [21]506.19399999999996
average response time [22]481.71375
average response time [23]470.8725
average response time [24]455.67150000000004
average response time [25]467.9285
average response time [26]456.49850000000004
average response time [27]475.27200000000005
average response time [28]462.1295
average response time [29]468.75825
TOTAL AVERAGE RESPONSE TIME ====================: 472.55142499999994
NUMBER OF THREADS ==============================: 4
average response time [30]517.637
average response time [31]530.4305
average response time [32]656.27125
average response time [33]649.806875
average response time [34]637.24875
average response time [35]666.825625
average response time [36]601.763875
average response time [37]635.64975
average response time [38]606.0595
average response time [39]575.560375
TOTAL AVERAGE RESPONSE TIME ====================: 607.72535
NUMBER OF THREADS ==============================: 8
average response time [40]805.6509375
average response time [41]800.543875
average response time [42]861.8317499999999
average response time [43]767.7814375
average response time [44]766.6414374999999
average response time [45]762.57275
average response time [46]788.4228125
average response time [47]791.8873125
average response time [48]847.1973125
average response time [49]777.455875
TOTAL AVERAGE RESPONSE TIME ====================: 796.9985499999999
NUMBER OF THREADS ==============================: 16
average response time [50]1344.74796875
average response time [51]1206.22915625
average response time [52]1198.64865625
average response time [53]1164.9098125
average response time [54]1196.387125
average response time [55]1255.9396875
average response time [56]721.0201818181819
average response time [57]684.976
average response time [58]670.0632
average response time [59]633.503875
TOTAL AVERAGE RESPONSE TIME ====================: 1007.6425663068183
NUMBER OF THREADS ==============================: 32
average response time [60]750.4347222222223
average response time [61]826.6365499999999
average response time [62]846.0422307692307
average response time [63]790.39796
average response time [64]822.4849130434783
average response time [65]656.7485
average response time [66]747.7474444444445
average response time [67]1046.1531499999999
average response time [68]1068.2610869565217
average response time [69]473.04175
TOTAL AVERAGE RESPONSE TIME ====================: 802.7948307435897
NUMBER OF THREADS ==============================: 64
average response time [70]481.88435714285714
average response time [71]537.9644285714286
average response time [72]589.7994666666667
average response time [73]698.6361111111111
average response time [74]571.7038571428571
average response time [75]701.3497222222222
average response time [76]726.5287647058824
average response time [77]800.0769047619048
average response time [78]678.1653846153846
average response time [79]723.0347368421053
TOTAL AVERAGE RESPONSE TIME ====================: 650.914373378242
NUMBER OF THREADS ==============================: 65
average response time [80]814.7132903225806
average response time [81]890.3744
average response time [82]755.6178235294118
average response time [83]932.6481276595745
average response time [84]832.0202765957447
average response time [85]663.8051666666667
average response time [86]694.176125
average response time [87]738.9864666666666
average response time [88]614.7926097560976
average response time [89]740.7813269230769
TOTAL AVERAGE RESPONSE TIME ====================: 767.7915613119819
NUMBER OF THREADS ==============================: 66
average response time [90]710.1172264150944
average response time [91]675.0785384615384
average response time [92]785.3569074074074
average response time [93]603.0493488372093
average response time [94]659.5200930232559
average response time [95]691.6335945945946
average response time [96]585.251675
average response time [97]619.9238372093023
average response time [98]692.9690222222222
average response time [99]582.2143777777778
TOTAL AVERAGE RESPONSE TIME ====================: 660.5114620948403
NUMBER OF THREADS ==============================: 67
average response time [100]701.7017959183673
average response time [101]729.0080408163266
average response time [102]640.2155869565217
average response time [103]574.7154791666667
average response time [104]525.8968636363636
average response time [105]542.2056818181818
average response time [106]477.0298285714286
average response time [107]523.0735416666666
average response time [108]529.0686206896552
average response time [109]498.30564285714286
TOTAL AVERAGE RESPONSE TIME ====================: 574.1221082097321
NUMBER OF THREADS ==============================: 68
average response time [110]602.9012295081967
average response time [111]854.2236909090909
average response time [112]610.7723392857143
average response time [113]686.0736451612903
average response time [114]637.4038392857143
average response time [115]603.0425
average response time [116]562.5562931034483
average response time [117]643.0649565217391
average response time [118]713.1183768115942
average response time [119]670.4336231884058
TOTAL AVERAGE RESPONSE TIME ====================: 658.3590493775193
NUMBER OF THREADS ==============================: 69
average response time [120]654.3563285714285
average response time [121]654.6256142857143
average response time [122]617.1493285714286
average response time [123]672.5624428571429
average response time [124]629.3989714285715
average response time [125]666.3875857142857
average response time [126]656.2830285714285
average response time [127]608.7776714285715
average response time [128]633.7413142857143
average response time [129]588.7146857142857
TOTAL AVERAGE RESPONSE TIME ====================: 638.1996971428573
NUMBER OF THREADS ==============================: 70
average response time sent to Stackdriver [0]481.71375
average response time sent to Stackdriver [1]601.763875
average response time sent to Stackdriver [2]762.57275
average response time sent to Stackdriver [3]1198.64865625
average response time sent to Stackdriver [4]670.0632
average response time sent to Stackdriver [5]656.7485
average response time sent to Stackdriver [6]589.7994666666667
average response time sent to Stackdriver [7]723.0347368421053
average response time sent to Stackdriver [8]832.0202765957447
average response time sent to Stackdriver [9]675.0785384615384
average response time sent to Stackdriver [10]619.9238372093023
average response time sent to Stackdriver [11]574.7154791666667
average response time sent to Stackdriver [12]854.2236909090909
average response time sent to Stackdriver [13]643.0649565217391
average response time sent to Stackdriver [14]672.5624428571429
NUMBER OF THREADS: [1, 2, 4, 8, 16, 32, 64, 65, 66, 67, 68, 69, 70]
WORKLOAD: HFU_LV;  
TOTAL EXECUTION TIME (Concurrent Parallel Requests): 166657.255
NUMBER OF REPLICAS USED: 6

