[[413.412]] 
[[380.48]] 
[[388.216]] 
[[383.039]] 
[[392.878]] 
[[379.87]] 
[[384.577]] 
[[384.812]] 
[[386.861]] 
[[395.619]] 
[[429.688, 382.079]] 
[[444.377, 393.757]] 
[[436.79, 383.574]] 
[[394.821, 439.913]] 
[[391.087, 426.739]] 
[[388.325, 428.751]] 
[[383.915, 430.315]] 
[[394.506, 423.522]] 
[[387.133, 424.37]] 
[[388.16, 428.66]] 
[[458.824, 413.578, 491.039, 525.33]] 
[[435.598, 390.927, 462.408, 499.16]] 
[[487.384, 392.57, 431.771, 509.268]] 
[[532.699, 383.516, 417.878, 460.229]] 
[[440.101, 393.451, 468.041, 505.205]] 
[[439.723, 393.448, 467.807, 512.979]] 
[[390.496, 429.92, 513.534, 460.871]] 
[[392.294, 438.139, 516.571, 467.404]] 
[[415.1, 495.207, 539.358, 439.05]] 
[[400.294, 445.69, 488.956, 531.039]] 
[[407.991, 497.957, 523.36, 434.624, 557.686, 592.347, 626.386, 661.457]] 
[[447.255, 394.865, 472.891, 510.989, 554.384, 592.785, 629.439, 665.926]] 
[[460.237, 390.842, 488.068, 539.922, 615.263, 681.915, 766.178, 716.162]] 
[[580.404, 483.7, 386.881, 425.737, 508.511, 598.621, 627.683, 662.927]] 
[[559.404, 383.658, 459.378, 408.065, 487.966, 651.919, 557.438, 596.103]] 
[[458.798, 409.541, 575.066, 484.009, 522.339, 598.109, 677.891, 634.174]] 
[[412.204, 451.549, 546.036, 487.023, 585.502, 660.428, 742.262, 691.345]] 
[[399.346, 433.188, 553.688, 503.818, 455.82, 668.77, 614.286, 563.875]] 
[[386.578, 465.839, 416.39, 495.877, 532.806, 611.465, 561.945, 638.249]] 
[[563.446, 395.136, 461.14, 600.04, 639.142, 730.494, 683.652, 762.451]] 
[[387.929, 424.071, 458.955, 541.003, 483.075, 590.882, 664.244, 696.008, 870.195, 825.626, 729.903, 764.253, 931.761, 969.063, 873.619, 1001.667]] 
[[398.116, 506.387, 434.264, 666.635, 577.065, 608.312, 692.766, 735.089, 773.483, 808.301, 852.11, 886.039, 1013.434, 915.445, 951.576, 1035.116]] 
[[427.641, 462.881, 500.127, 539.357, 597.136, 705.35, 836.445, 778.101, 866.61, 947.646, 1030.688, 887.858, 970.462, 1050.246, 1132.851, 1085.799]] 
[[407.637, 450.456, 525.823, 562.78, 467.692, 642.172, 672.321, 580.333, 712.187, 784.243, 739.816, 861.828, 933.945, 809.141, 875.572, 964.825]] 
[[438.671, 385.408, 466.688, 519.754, 588.906, 539.312, 662.305, 611.079, 694.783, 731.224, 895.085, 756.687, 948.626, 804.892, 827.706, 1020.882]] 
[[391.094, 421.786, 455.754, 495.357, 619.546, 522.507, 647.624, 551.273, 728.063, 678.618, 904.799, 754.452, 805.212, 922.092, 962.871, 1003.308]] 
[[383.917, 463.652, 412.847, 492.835, 567.266, 517.714, 601.96, 687.764, 635.648, 764.775, 812.531, 1044.747, 851.405, 888.132, 935.68, 975.474]] 
[[389.755, 478.513, 428.115, 502.195, 536.475, 581.452, 726.69, 797.75, 836.364, 916.359, 867.037, 1122.968, 942.027, 1074.425, 978.799, 1018.436]] 
[[391.536, 453.228, 530.446, 607.015, 639.107, 693.013, 774.706, 722.006, 847.418, 797.751, 880.379, 922.144, 1086.368, 952.807, 982.946, 1019.151]] 
[[413.627, 447.617, 482.293, 514.787, 548.003, 582.392, 622.28, 741.584, 653.981, 686.434, 901.213, 765.346, 850.785, 798.328, 955.049, 907.238]] 
[[385.205, 421.365, 516.725, 463.203, 544.657, 581.722, 620.484, 700.647, 654.032, 1792.103, 725.001, 891.72, 757.335, 793.433, 834.921, 993.202, 902.12, 937.662, 1014.918, 1166.275, 1072.278, 1223.167, 1266.931, 1302.608, 1337.588, 1373.629, 1453.173, 1537.637, 1403.626, 1619.287, 1569.147, 1472.999]] 
[[420.919, 461.658, 498.86, 537.8, 631.784, 673.57, 571.306, 742.485, 695.285, 769.673, 799.927, 966.503, 831.42, 910.378, 861.295, 1055.843, 982.249, 1089.929, 1170.154, 1115.173, 1427.687, 1243.43, 1318.028, 1550.213, 1455.1779999999999, 1493.6309999999999, 1572.546, 1607.8310000000001, 1733.978, 1636.274, 1674.181, 1761.393]] 
[[457.033, 520.189, 469.56, 647.441, 595.232, 534.624, 668.215, 708.386, 871.436, 769.631, 720.332, 796.444, 877.601, 913.696, 936.518, 971.601, 984.735, 1009.957, 1034.484, 1071.233]] 
[[436.202, 391.21, 480.267, 505.946, 547.211, 575.751, 614.58, 690.156, 640.286, 767.041, 713.076, 801.316, 844.745, 868.406, 941.095, 1017.034, 1047.843, 1073.817, 1097.944]] 
[[412.959, 452.845, 491.156, 510.7, 553.865, 588.215, 623.994, 699.521, 817.027, 727.664, 861.412, 897.729, 918.656, 964.442, 1019.086, 1054.706, 965.271, 1072.701, 1100.571]] 
[[1452.963, 422.173, 591.899, 497.722, 638.605, 712.604, 662.966, 721.178, 800.376, 755.173, 831.795, 871.526, 901.521, 936.551, 962.001, 996.445, 1050.736, 997.692, 1058.728]] 
[[411.851, 451.39, 481.044, 503.893, 522.281, 546.401, 577.353, 580.718, 617.986, 654.444, 698.105, 737.735, 794.393, 865.813, 897.744, 925.705, 957.228, 1057.833, 991.516]] 
[[406.887, 439.17, 523.999, 460.058, 550.997, 580.976, 655.961, 692.597, 722.873, 726.55, 759.502, 782.468, 813.45, 835.756, 866.804, 904.924]] 
[[387.494, 456.636, 403.795, 553.684, 605.91, 634.828, 662.435, 759.559, 709.261, 772.929, 936.05, 882.995, 789.828, 823.771, 940.424, 963.52]] 
[[443.461, 508.588, 547.755, 588.097, 621.421, 664.848, 662.82, 705.981, 745.283, 828.441, 865.524, 773.004, 882.903, 918.167, 953.953, 981.609, 1006.44, 1044.186, 1070.527]] 
[[408.901, 429.807, 464.849, 482.011, 521.747, 518.417, 557.784, 642.362, 588.439, 673.22, 752.169, 704.54, 899.37, 765.997, 800.563, 933.933, 974.651, 1059.838, 989.649, 1069.038, 1084.427, 1094.874, 1134.819, 1121.684, 1251.346, 1150.998, 1188.791, 1265.962, 1297.886, 1313.625]] 
[[404.255, 449.404, 541.155, 477.694, 550.908, 624.879, 574.189, 731.249, 633.289, 747.832, 658.278, 819.583, 766.746, 840.676, 855.154, 890.786, 1026.641, 921.358, 1092.576, 936.836, 1137.431, 1136.994, 1181.557, 1256.316, 1291.931, 1326.413, 1368.3319999999999, 1443.112, 1389.356, 1465.646, 1498.75, 1519.251, 1553.049, 1589.5, 1580.9679999999998]] 
[[484.434, 438.778, 504.804, 529.368, 591.27, 534.058, 694.295, 640.783, 763.541, 713.567, 794.004, 872.195, 817.033, 889.663, 912.879, 1058.122, 962.962, 1095.47, 1128.435, 1154.244, 1187.531, 1217.629, 1260.308, 1268.891, 1267.2060000000001, 1340.695, 1382.445, 1290.108, 1396.3029999999999, 1434.542, 1474.5729999999999, 1483.708, 1564.046, 1518.336, 1639.877, 1584.624]] 
[[411.906, 415.431, 444.934, 464.58, 485.658, 560.549, 507.736, 629.242, 576.636, 572.437, 643.488, 599.059, 669.848, 719.411, 765.101, 848.732, 746.46, 783.972, 844.671]] 
[[463.881, 401.843, 433.798, 451.454, 465.965, 466.993, 527.231, 559.883, 592.412, 621.084, 550.706, 581.549, 615.783, 644.619, 679.462, 698.454, 728.512, 756.493, 790.182, 829.47]] 
[[531.365, 429.236, 551.063, 574.646, 603.386, 647.564, 695.99, 738.332, 761.806, 773.702, 804.391, 791.592, 847.005, 800.48, 852.241, 860.36, 908.145, 917.402, 943.732, 957.642, 1035.498, 1088.131, 1122.468, 1161.852]] 
[[416.555, 420.189, 446.973, 451.644, 432.805, 455.693, 496.214, 567.344, 547.829, 567.05, 610.294, 632.981, 659.088, 699.111, 701.63, 714.111]] 
[[428.255, 430.1, 451.077, 537.333, 545.375, 577.986, 577.603, 597.69, 648.716, 684.66, 650.852, 681.494, 706.048, 740.623, 747.007, 772.564, 796.575, 801.651, 827.506]] 
[[440.275, 465.706, 434.244, 464.792, 546.159, 580.496, 598.439, 678.707, 627.649, 688.86, 720.07, 832.115, 782.995, 709.203, 838.7, 878.671, 795.246, 935.798, 1013.886, 1113.771, 1123.037, 1130.5430000000001, 1171.223]] 
[[409.027, 391.169, 476.191, 405.726, 504.584, 546.569, 550.776, 622.554, 557.498, 662.028, 619.805, 679.374, 707.533, 739.505, 742.054, 823.131, 765.586, 847.234, 881.689, 966.59, 916.938, 1034.915, 971.346, 1049.385, 1085.248]] 
[[469.332, 407.216, 417.436, 414.85, 438.236, 475.698, 499.472, 529.349, 556.575, 616.449, 562.119, 632.652, 677.171, 714.465, 724.275, 726.514, 750.26]] 
[[418.872, 506.244, 463.23, 508.074, 572.848, 507.578, 594.622, 585.791, 647.925, 675.918, 684.483, 711.362, 687.767, 732.245, 766.94, 807.502, 831.689, 908.829, 870.072, 887.505, 900.146]] 
[[447.403, 589.638, 507.799, 629.942, 804.672, 706.536, 641.136, 719.419, 833.649, 766.164, 879.16, 822.719, 897.536, 932.887, 963.9, 983.839, 998.489, 1023.413, 1148.365, 1061.523, 1214.818, 1255.243, 1249.993, 1303.959, 1291.4569999999999]] 
[[421.453, 473.326, 395.404, 564.466, 502.7, 584.539, 583.075, 582.305, 534.72, 587.981, 621.615, 634.693]] 
[[434.846, 439.491, 450.384, 480.542, 517.646, 574.213, 512.981, 460.639, 524.725, 535.337, 568.582, 602.41, 644.342, 650.492]] 
[[414.32, 473.647, 457.454, 489.963, 507.517, 541.016, 581.732, 609.592, 657.247, 678.434, 673.826, 704.047, 723.912, 751.38, 832.921, 784.758, 831.893, 856.018]] 
[[460.389, 467.587, 487.25, 512.581, 548.676, 478.261, 501.971, 547.512, 534.648, 555.134, 589.794, 610.068, 607.77, 658.268, 687.573, 754.658, 856.755, 793.731]] 
[[411.489, 410.776, 416.463, 429.124, 426.864, 436.462, 448.28, 399.186, 468.705, 391.745, 526.403, 407.669, 546.178, 581.368, 443.181, 468.874, 648.298, 565.655]] 
[[421.982, 403.231, 446.261, 451.211, 491.849, 445.285, 494.645, 481.134, 430.627, 578.584, 485.843, 640.222, 589.231, 653.25, 674.118, 683.411, 713.635, 750.859, 401.204, 435.66, 444.23, 471.193, 706.615, 483.862, 718.985, 506.479, 747.806, 815.652, 771.381, 821.869]] 
[[405.028, 429.599, 449.932, 478.483, 507.67, 406.737, 538.661, 556.115, 416.996, 457.785, 618.378, 553.914, 650.282, 436.784, 656.032, 654.683, 740.291, 688.756, 407.058, 423.976, 435.901, 466.32, 685.921, 501.946, 533.246, 568.471, 591.338, 604.025, 638.546, 653.624, 661.271]] 
[[465.638, 396.288, 491.933, 527.09, 608.51, 556.758, 636.843, 409.372, 446.487, 634.327, 473.976, 518.726, 542.342, 576.737, 627.71, 595.331, 621.386, 654.83, 683.797, 721.184, 599.134, 750.458, 885.323, 776.85, 610.539, 814.502, 909.304, 628.583, 640.634, 913.431, 932.92, 962.496, 623.962, 989.747, 1009.935, 1045.908, 1088.076, 695.206, 589.352, 1079.003, 698.848, 1085.325]] 
[[429.678, 446.136, 438.223, 429.037, 430.988, 480.516, 431.058, 466.268, 471.29, 498.08, 422.633, 536.75, 441.951, 485.267, 505.034, 467.285, 507.727, 491.233, 509.925, 475.605, 503.982, 516.416, 529.959, 599.708, 549.673, 520.453, 553.647, 571.193]] 
[[435.341, 443.837, 477.058, 473.572, 488.662, 526.859, 563.801, 610.887, 460.594, 503.606, 621.046, 656.27, 529.562, 523.64, 652.043, 649.225, 519.362, 661.381, 558.338, 677.114, 639.386, 709.404, 653.123, 725.179, 629.342, 692.399, 649.736, 712.297, 678.548, 697.554, 713.686, 781.135, 727.288, 847.807, 804.74, 681.121]] 
[[440.722, 489.961, 453.213, 444.706, 458.444, 489.585, 537.418, 454.248, 490.438, 603.405, 496.328, 513.874, 577.866, 601.045, 528.8, 627.735, 511.382, 591.396, 513.17, 608.886, 678.845, 522.658, 766.549, 534.312, 573.028, 794.911, 607.032, 824.859, 640.123, 673.669, 875.097, 815.659, 674.654, 869.344, 699.332]] 
[[419.201, 411.315, 429.566, 474.584, 419.408, 447.697, 472.124, 468.337, 504.461, 543.181, 467.069, 584.398, 632.669, 474.356, 506.307, 554.769, 483.818, 559.203, 572.885, 592.283, 564.369, 618.755, 566.446, 610.577, 620.855, 625.679, 593.886, 630.675, 562.539]] 
[[424.368, 422.555, 451.789, 463.411, 481.311, 510.754, 475.508, 462.757, 416.852, 448.558, 449.172, 481.755, 428.782, 478.395, 504.484, 545.436, 468.344, 512.911, 540.365, 587.18, 622.823, 542.399, 650.709, 684.457, 708.271, 532.431, 568.42, 592.281, 632.548, 697.64]] 
[[452.675, 431.418, 481.853, 446.469, 488.661, 499.454, 614.315, 449.548, 517.812, 555.136, 638.601, 542.28, 607.539, 668.147, 698.555, 605.787, 758.577, 708.377, 619.149, 760.725, 798.477, 832.598, 865.668, 608.127, 637.067, 608.845, 629.404, 760.346, 799.89]] 
[[463.641, 407.472, 475.376, 428.77, 487.685, 500.938, 561.664, 424.233, 530.963, 462.939, 665.328, 560.312, 488.938, 497.386, 569.498, 526.59, 661.352, 693.262, 549.495, 577.96, 707.298, 584.021, 723.466, 672.89, 773.28, 797.184, 591.859, 543.055, 816.003, 601.426, 819.248, 612.906, 818.465, 819.633, 631.971, 672.744]] 
[[469.468, 513.756, 476.642, 443.012, 510.992, 549.47, 537.507, 553.486, 592.692, 604.577, 708.9, 659.852, 769.154, 813.806, 706.613, 835.084, 863.669, 587.567, 883.819, 753.436, 637.927, 868.238, 892.374, 720.075, 795.659, 872.556, 858.453, 880.764, 911.438, 983.184, 1053.934, 1126.06, 1186.419]] 
[[424.249, 428.092, 441.351, 442.138, 441.337, 468.711, 495.451, 446.64, 422.43, 476.87, 490.855, 472.843, 421.361, 516.786, 594.117, 529.594, 493.254, 607.168, 566.597, 521.194, 439.391, 471.499, 508.917, 575.685, 685.859, 637.332, 583.15, 521.255, 627.106, 710.86, 562.029, 638.816, 635.683, 547.486, 692.024, 654.736, 688.694, 702.61, 595.348, 711.344, 728.581, 670.367, 750.902, 706.448, 901.246, 797.432, 719.753, 667.531]] 
[[433.742, 454.232, 416.22, 479.959, 416.249, 420.082, 488.501, 406.031, 500.408, 446.578, 515.174, 408.298, 519.714, 401.271, 437.053, 541.226, 575.19, 591.828, 428.496, 674.592, 611.679, 406.409, 459.516, 493.215, 513.413, 653.983, 523.472, 564.225, 399.85, 637.575, 698.705, 404.277, 547.983, 439.519, 576.69, 490.103, 636.582, 621.18, 655.19, 531.333, 482.162, 576.578, 671.429, 596.976, 667.588]] 
[[601.288, 409.383, 426.55, 422.372, 475.234, 604.785, 645.968, 430.508, 682.66, 454.658, 488.545, 526.867, 573.307, 675.884, 603.267, 431.209, 700.114, 626.157, 444.806, 717.741, 639.068, 674.926, 479.657, 742.215, 796.696, 752.603, 702.162, 806.546, 484.119, 828.195, 858.706, 739.759, 889.996, 810.042, 752.643, 836.899, 435.757, 851.765, 887.602, 851.14, 432.658, 877.359, 440.894, 891.034, 930.147, 852.174, 883.035, 945.962, 449.843, 971.948, 467.875, 883.239]] 
[[530.414, 411.887, 461.345, 441.659, 472.78, 534.428, 485.181, 446.881, 468.289, 477.585, 537.544, 616.2, 562.499, 469.212, 482.617, 609.795, 652.562, 505.848, 676.911, 586.135, 438.498, 696.408, 505.072, 582.909, 614.235, 686.602, 647.674, 679.252, 704.144, 403.379, 415.409, 686.473, 722.081, 442.981, 679.395, 456.285, 717.803, 719.742, 486.861, 430.29, 507.549, 621.072, 649.618]] 
[[417.523, 452.396, 456.705, 431.117, 448.284, 478.116, 492.832, 449.806, 521.941, 437.519, 481.43, 503.748, 497.918, 499.94, 570.405, 518.845, 526.001, 412.882, 453.631, 523.63, 452.904, 505.981, 589.828, 623.463, 525.051, 494.89, 574.376, 521.929, 651.786, 604.86, 733.595, 480.786, 534.831, 615.11, 743.187, 654.327, 548.523, 641.013, 595.582, 754.386, 664.502, 695.131, 750.829, 772.505, 608.073, 684.244, 791.039, 640.3]] 
[[474.214, 404.115, 564.377, 493.681, 514.608, 454.331, 557.45, 534.487, 647.056, 562.401, 482.845, 504.433, 702.375, 527.39, 540.165, 463.677, 490.367, 492.725, 547.951, 584.055, 509.007, 533.297, 537.071, 545.997, 600.326, 571.984, 629.348, 535.119, 640.915, 493.835, 532.332, 599.854, 623.741, 708.574, 653.835, 608.795, 716.467, 488.552, 521.579, 735.233, 771.325, 547.105, 783.95, 824.751, 542.049, 899.294, 830.927]] 
[[408.279, 469.049, 401.583, 489.531, 525.632, 578.336, 505.677, 421.188, 647.727, 556.183, 611.858, 598.027, 447.417, 402.284, 626.635, 536.192, 458.16, 674.619, 625.331, 556.389, 589.159, 691.909, 619.003, 730.79, 760.378, 585.461, 807.415, 617.244, 844.459, 936.279, 641.669, 877.883, 671.454, 556.582, 939.686, 587.492, 625.429, 1067.065, 1146.983, 653.331, 682.544, 1206.565, 1246.336, 633.163, 707.926, 666.266, 745.402, 715.724, 1220.968, 759.413, 1254.564, 707.63, 758.391, 794.684, 719.174, 1234.065, 809.574, 841.908, 874.974]] 
[[440.278, 436.736, 440.928, 463.538, 503.299, 469.028, 502.573, 431.267, 584.168, 523.915, 441.614, 505.596, 461.798, 582.542, 519.059, 526.506, 474.777, 539.595, 539.814, 579.58, 536.574, 485.433, 598.019, 635.211, 519.926, 600.057, 525.978, 684.749, 647.389, 534.385, 689.732, 724.169, 609.141, 558.882, 672.439, 600.228, 612.044, 617.613, 664.598, 702.808, 727.084, 741.963, 653.057, 771.997, 736.916, 681.885, 790.867, 723.154, 835.384, 754.946, 777.716, 785.09]] 
[[401.523, 454.045, 479.501, 437.234, 489.784, 425.691, 454.037, 441.905, 512.036, 479.707, 635.473, 506.444, 1079.835, 449.842, 603.324, 594.534, 471.824, 589.581, 578.289, 618.382, 545.842, 647.596, 527.692, 679.694, 712.791, 568.993, 498.608, 780.519, 719.728, 882.912, 798.556, 831.26, 559.89, 581.233, 1891.896, 990.794, 600.512, 641.469, 681.71, 999.762, 1028.195, 683.509, 402.038, 709.597, 436.59, 740.46, 1494.222, 1338.404, 1931.9450000000002, 2210.9139999999998, 2337.753, 983.475, 1899.071, 1001.403]] 
[[444.86, 448.2, 1593.354, 1581.521, 1581.425, 1578.929, 1568.9650000000001, 1560.72, 540.819, 560.864, 519.566, 1663.659, 564.405, 597.754, 486.334, 513.291, 616.571, 473.703, 856.087, 1186.97, 515.46, 830.461, 591.346, 538.666, 488.8, 799.964, 1620.491, 1604.067, 1549.8400000000001, 1539.973, 1539.566, 704.508, 710.343, 682.584, 691.323, 1474.05, 1461.313, 650.768, 635.158, 617.197, 622.302, 599.003, 606.097, 649.417, 591.978]] 
[[409.328, 407.566, 413.926, 447.059, 426.464, 433.509, 419.356, 472.933, 466.41, 478.804, 487.529, 524.441, 468.734, 504.146, 485.572, 421.684, 457.848, 507.986, 542.867, 498.675, 544.857, 467.385, 574.23, 485.739, 489.474, 528.206, 612.124, 501.564, 566.12, 606.928, 573.725, 519.815, 627.704, 603.294, 595.778, 637.229, 645.344, 659.502, 530.69, 465.273, 580.426, 617.492, 637.085, 656.616, 663.678, 630.285, 674.139, 677.202, 647.592, 738.548, 687.446, 462.985, 692.138, 654.435, 479.588, 729.935, 695.117, 730.968, 809.133, 737.716, 752.722, 757.874, 796.748, 836.364, 935.653, 1042.397, 983.657]] 
[[396.373, 406.511, 452.49, 399.602, 432.959, 447.935, 426.125, 477.908, 450.082, 535.917, 582.203, 480.0, 464.972, 427.893, 435.598, 465.105, 435.887, 465.904, 582.233, 479.26, 500.048, 511.486, 442.123, 535.581, 568.977, 532.306, 474.318, 615.027, 513.657, 532.15, 545.414, 651.364, 634.006, 555.606, 545.055, 615.927, 640.267, 638.389, 653.116, 608.93, 627.869, 685.745, 640.844, 558.889, 663.384, 628.706, 696.927, 673.874, 553.746, 670.126, 694.161, 726.664, 581.909, 685.122, 606.168, 642.512, 731.187, 705.704, 652.294, 739.709, 817.963, 767.745, 629.011, 657.371, 826.816, 855.409, 671.217, 688.799]] 
[[413.659, 447.64, 478.275, 433.009, 507.269, 547.353, 602.653, 437.498, 429.457, 632.361, 455.168, 689.562, 864.063, 735.815, 804.922, 461.853, 876.408, 552.074, 486.24, 898.993, 942.892, 978.991, 556.229, 591.851, 998.691, 524.665, 434.514, 591.67, 601.673, 631.752, 1021.051, 1037.602, 410.292, 609.418, 441.652, 1049.373, 632.699, 1079.435, 667.114, 746.139, 440.091, 683.492, 1122.097, 1072.402, 565.141, 600.756, 486.603, 429.775, 729.038, 505.616, 548.905, 585.556, 589.995, 657.957, 604.944, 685.036, 713.306, 594.309, 709.001, 729.687, 729.536, 596.419, 771.866, 630.91, 989.052, 778.917, 725.562, 631.14]] 
[[430.911, 460.545, 427.694, 446.101, 457.03, 415.58, 496.535, 525.904, 502.018, 595.048, 502.651, 537.691, 511.932, 480.188, 462.915, 643.42, 491.53, 586.063, 431.211, 514.672, 434.961, 653.204, 538.792, 461.652, 671.192, 562.506, 463.977, 712.57, 595.418, 505.779, 455.223, 619.403, 740.544, 518.722, 436.946, 765.401, 617.934, 458.67, 494.957, 641.697, 777.124, 692.737, 572.575, 499.613, 509.893, 525.565, 742.5, 593.946, 638.216, 775.894, 815.297, 672.089, 735.537, 836.418, 524.406, 755.227, 787.557, 821.497, 660.59, 518.117, 830.986, 668.159, 732.244, 779.022, 513.174, 623.32, 675.175, 510.39]] 
[[423.538, 413.336, 456.058, 431.455, 425.805, 486.584, 427.009, 460.23, 533.86, 482.686, 437.66, 451.561, 476.391, 486.292, 547.48, 531.061, 613.411, 563.393, 580.357, 638.707, 463.712, 544.639, 476.623, 511.707, 549.779, 578.231, 582.532, 639.967, 647.032, 596.276, 642.832, 681.407, 716.423, 666.61, 536.497, 597.96, 619.274, 679.346, 725.383, 612.458, 647.849, 700.89, 619.144, 646.797, 733.68, 663.387, 763.642, 743.9, 693.467, 785.233, 759.766, 628.803, 706.135, 783.945, 852.001, 625.923, 782.068, 789.161, 825.514, 853.974, 712.548, 886.853, 912.616, 604.129, 976.483, 925.585, 796.284, 686.699]] 
[[413.691, 442.342, 406.622, 418.448, 469.529, 487.186, 528.186, 461.525, 431.372, 570.77, 588.419, 449.011, 434.401, 483.318, 529.881, 531.706, 588.903, 580.573, 541.612, 608.607, 648.751, 858.154, 761.075, 545.516, 622.266, 667.744, 701.843, 564.538, 731.38, 762.421, 816.981, 432.603, 836.229, 566.043, 447.858, 731.506, 818.497, 588.505, 506.41, 766.053, 454.839, 595.479, 813.853, 624.376, 781.354, 831.695, 748.066, 795.822, 470.295, 852.538, 769.952, 812.338, 491.019, 831.566, 838.192, 850.99, 860.397, 895.965, 989.643, 927.302, 1011.828, 833.181, 832.831, 1050.656, 1124.266, 839.361, 1062.208, 878.401]] 
[[410.885, 395.069, 438.431, 445.802, 495.476, 577.267, 643.262, 431.135, 686.61, 462.125, 767.135, 719.967, 431.126, 472.899, 783.461, 543.152, 822.601, 854.887, 423.364, 452.874, 490.48, 854.36, 519.465, 425.474, 910.517, 856.75, 539.021, 517.944, 419.256, 532.78, 574.524, 895.965, 931.579, 427.314, 960.592, 994.521, 487.38, 1003.853, 541.032, 575.136, 478.186, 601.971, 642.902, 483.883, 519.643, 549.662, 647.122, 520.13, 641.182, 676.403, 703.104, 925.418, 696.447, 701.641, 739.917, 485.526, 740.918, 822.812]] 
[[498.232, 452.037, 447.645, 530.658, 576.255, 439.916, 404.986, 448.143, 422.554, 405.161, 505.65, 431.513, 443.557, 510.017, 409.994, 504.893, 532.044, 422.118, 405.521, 567.001, 517.364, 578.252, 619.967, 519.699, 481.804, 421.328, 421.623, 615.311, 509.809, 539.442, 624.453, 653.049, 548.099, 683.871, 717.256, 410.59, 560.071, 384.076, 706.32, 430.55, 732.082, 768.993, 399.434, 430.202, 499.081, 394.977, 419.556, 436.634]] 
[[423.542, 488.246, 433.466, 449.34, 409.809, 461.979, 462.178, 471.371, 437.039, 508.184, 426.378, 542.363, 597.831, 435.986, 458.092, 470.229, 477.019, 440.228, 514.015, 449.827, 585.631, 532.788, 476.912, 454.116, 566.406, 478.153, 571.674, 572.761, 589.843, 594.775, 640.72, 448.169, 457.851, 585.19, 642.799, 464.719, 706.253, 503.296, 520.364, 427.987, 535.262, 582.965, 545.751, 650.057, 565.007, 594.921, 463.285, 550.391]] 
[[427.601, 452.685, 426.96, 419.941, 509.897, 418.532, 443.619, 449.105, 472.882, 468.648, 495.15, 432.746, 451.466, 439.175, 511.39, 545.866, 447.502, 574.582, 486.324, 524.561, 406.406, 573.021, 603.985, 625.257, 646.568, 466.01, 508.614, 713.927, 544.616, 463.014, 722.55, 526.64, 491.612, 427.138, 453.32, 512.638, 490.775, 711.169, 748.186, 522.615, 545.182, 477.653, 596.385, 442.492, 536.205, 457.147, 729.904, 535.014]] 
[[427.53, 491.046, 420.987, 439.167, 498.255, 451.023, 477.475, 423.92, 469.895, 506.485, 535.604, 464.86, 422.541, 487.827, 565.462, 433.761, 460.2, 588.944, 468.537, 505.556, 559.745, 593.347, 462.69, 553.79, 523.752, 472.464, 601.831, 641.013, 426.699, 667.269, 459.934, 520.661, 578.886, 661.172, 729.116, 456.374, 506.195, 756.208, 540.654, 617.448, 703.819, 554.852, 647.868, 579.525, 426.257, 700.012]] 
[[411.37, 430.164, 424.165, 467.807, 418.239, 454.458, 510.925, 498.355, 487.453, 408.775, 426.369, 507.321, 529.352, 565.043, 410.362, 595.072, 672.407, 622.971, 419.164, 696.183, 433.693, 393.261, 419.638, 403.907, 458.711, 408.265, 503.428, 457.873, 614.704, 405.998, 642.382, 451.467, 489.138, 640.889, 457.464, 507.686, 486.052, 394.51, 511.551, 603.733, 463.779, 619.167, 388.735, 447.768, 621.536, 443.64]] 
[[411.405, 464.336, 483.552, 428.281, 496.344, 441.261, 414.19, 491.567, 449.959, 440.133, 435.984, 440.382, 477.272, 471.638, 547.372, 497.098, 473.736, 410.019, 398.121, 525.029, 462.35, 556.518, 510.546, 460.583, 408.123, 567.86, 406.415, 519.903, 598.974, 431.355, 423.66, 619.597, 533.552, 441.753, 469.982, 631.678, 415.933, 475.029, 448.856, 520.661, 524.483, 524.284, 446.753, 646.11, 575.069, 409.313, 519.742, 433.867, 449.857]] 
[[433.738, 510.103, 617.458, 453.513, 430.752, 437.203, 505.561, 465.297, 458.302, 474.818, 431.087, 519.2, 476.819, 514.553, 492.362, 530.497, 576.701, 531.255, 523.389, 581.962, 521.887, 611.059, 543.652, 558.524, 616.005, 518.121, 450.555, 423.618, 458.068, 586.875, 519.647, 623.988, 558.693, 685.965, 598.672, 436.325, 634.147, 708.17, 645.65, 667.411, 402.126, 729.202, 676.253, 411.026, 735.3]] 
[[430.117, 405.724, 471.937, 433.723, 438.717, 462.405, 419.007, 459.303, 459.321, 482.294, 467.117, 489.281, 440.481, 460.072, 467.137, 501.858, 465.78, 503.28, 548.048, 512.785, 397.074, 483.256, 409.251, 394.871, 504.488, 423.278, 536.371, 473.168, 471.427, 503.582, 549.19, 521.195, 581.48, 570.06, 416.411, 576.988, 598.721, 668.273, 697.05, 415.558, 444.782, 549.014, 586.275, 611.947, 426.886, 625.225, 659.119, 606.725]] 
[[438.142, 446.469, 400.84, 481.616, 408.547, 500.97, 431.602, 522.736, 541.106, 475.262, 573.687, 425.879, 599.709, 519.928, 419.722, 462.361, 427.285, 577.933, 648.421, 607.207, 507.328, 598.803, 441.975, 603.889, 426.246, 636.177, 580.972, 629.734, 607.185, 437.071, 690.228, 694.348, 619.461, 426.797, 703.72, 447.473, 646.901, 481.752, 460.958, 406.761, 624.668, 645.354, 448.038, 656.681, 508.624, 541.079, 613.002]] 
[[532.409, 465.803, 456.52, 403.352, 424.883, 521.72, 468.466, 397.123, 562.941, 515.126, 592.806, 408.371, 459.693, 422.1, 437.085, 477.479, 449.063, 453.025, 489.517, 550.117, 574.303, 492.983, 434.467, 588.603, 535.53, 612.2, 645.003, 586.123, 674.013, 409.804, 435.266, 580.365, 461.345, 487.301, 401.522, 584.892, 590.034, 384.45, 433.981, 589.903, 423.505, 590.344, 638.528, 495.174, 389.325, 493.649, 405.629]] 
[[425.833, 404.51, 440.552, 461.783, 428.223, 426.155, 422.282, 446.875, 442.335, 474.302, 426.112, 523.714, 501.923, 413.57, 434.506, 439.436, 550.932, 392.911, 459.734, 470.484, 507.743, 531.562, 519.935, 401.109, 531.93, 400.726, 539.918, 494.612, 582.311, 529.167, 557.357, 417.012, 597.788, 419.537, 473.112, 583.498, 527.927, 504.806, 605.576, 424.348, 445.055, 494.667, 532.494, 550.866, 489.584, 444.569]] 
[[457.628, 438.631, 465.262, 418.904, 459.854, 487.215, 470.481, 566.229, 590.625, 467.346, 432.777, 429.001, 444.335, 436.003, 477.382, 496.933, 566.442, 607.493, 537.531, 437.71, 611.918, 553.163, 644.417, 587.707, 423.35, 449.692, 483.794, 578.631, 610.947, 418.869, 481.858, 583.551, 504.544, 616.102, 655.144, 572.606, 519.09, 674.63, 397.121, 435.664, 464.528, 669.385, 678.56, 562.134, 508.709, 468.232, 690.695, 572.202, 402.175]] 
[[464.595, 430.607, 426.218, 462.767, 469.587, 486.93, 465.805, 517.958, 536.303, 577.112, 418.803, 441.771, 611.272, 441.74, 423.447, 671.683, 624.057, 465.003, 720.974, 775.289, 413.114, 436.12, 464.695, 777.375, 429.283, 485.751, 410.016, 498.883, 443.256, 476.946, 411.971, 731.753, 776.295, 464.799, 451.839, 489.12, 476.166, 441.797, 394.201, 519.832, 559.833, 516.431, 491.361, 659.317, 488.171, 516.052]] 
[[414.825, 448.995, 428.631, 436.001, 430.525, 447.561, 437.646, 411.401, 419.537, 457.159, 432.725, 488.449, 424.855, 521.374, 583.201, 479.042, 418.283, 423.961, 602.531, 512.109, 606.956, 571.869, 445.179, 398.899, 623.673, 409.954, 447.948, 550.339, 506.345, 472.495, 391.235, 560.293, 517.56, 416.233, 633.663, 579.527, 446.599, 416.779, 478.437, 515.704, 631.801, 443.634]] 
[[439.839, 421.285, 457.047, 515.075, 551.449, 430.316, 571.506, 476.947, 477.097, 464.504, 405.332, 477.501, 502.006, 519.976, 462.842, 509.394, 545.256, 584.866, 452.564, 492.435, 493.898, 600.721, 500.407, 432.7, 479.802, 465.194, 615.652, 550.137, 563.535, 524.14, 628.56, 665.398, 442.717, 481.835, 505.023, 536.606, 560.666, 468.264, 621.957, 478.619, 526.095, 476.112, 421.809, 490.92, 571.355, 456.843, 528.442, 438.667, 479.837, 499.946]] 
[[457.632, 460.018, 485.16, 451.431, 509.412, 452.308, 488.707, 471.558, 488.309, 493.528, 465.976, 528.422, 466.267, 461.612, 502.776, 514.942, 554.267, 568.999, 590.363, 423.4, 446.131, 1033.913, 994.657, 1042.999, 1011.677, 1047.884, 1074.433, 1111.938, 547.147, 1185.8890000000001, 607.976, 655.275, 397.549, 1197.8220000000001, 1217.385, 648.939, 944.786, 1225.991, 1248.617, 952.809, 1355.054, 996.051, 610.54, 622.02, 422.604, 961.9, 682.905, 1225.93, 615.186, 1157.833]] 
[[439.014, 396.383, 423.016, 457.299, 455.101, 485.09, 502.013, 531.129, 501.25, 472.414, 450.989, 466.286, 495.182, 473.37, 519.059, 474.332, 495.455, 504.342, 513.582, 497.533, 535.036, 588.903, 522.353, 451.992, 467.605, 500.229, 507.043, 540.442, 587.095, 463.514, 412.471, 605.392, 505.402, 635.767, 483.551, 526.237, 644.65, 556.088, 630.347, 579.344, 454.78, 656.703, 615.13, 704.401, 713.197]] 
[[465.359, 502.642, 552.43, 509.466, 551.553, 567.802, 451.871, 478.737, 420.112, 551.087, 482.088, 585.65, 526.275, 453.055, 611.875, 644.388, 471.802, 680.116, 517.833, 452.689, 539.865, 476.427, 578.128, 675.467, 647.302, 703.749, 455.987, 592.665, 526.514, 468.192, 561.962, 557.188, 674.582, 563.768, 597.202, 676.55, 502.323, 609.334, 633.692, 680.719, 652.167, 444.277, 459.875, 665.57, 703.635]] 
[[426.539, 455.046, 448.231, 449.907, 462.088, 492.104, 447.513, 514.461, 470.577, 506.379, 464.267, 471.18, 518.051, 519.233, 561.187, 473.846, 550.862, 585.368, 613.4, 462.273, 635.176, 710.922, 657.588, 461.416, 527.048, 717.823, 491.165, 508.89, 519.767, 727.137, 762.278, 505.727, 453.016, 455.875, 487.305, 518.876, 482.817, 463.699, 758.325, 812.165, 688.806, 502.732, 463.63, 462.812, 808.871, 475.047, 499.078, 782.335, 448.993, 1478.786]] 
[[458.337, 482.795, 554.205, 621.571, 651.638, 460.369, 660.609, 461.525, 461.676, 501.492, 477.738, 578.925, 529.961, 623.399, 637.929, 643.286, 668.307, 473.399, 651.946, 506.777, 472.246, 519.384, 639.442, 629.916, 463.119, 510.615, 470.313, 519.58, 554.765, 578.916, 579.63, 461.117, 484.544, 547.312, 562.891, 576.528, 542.173, 573.768, 660.321, 601.181, 464.258, 429.431, 547.597]] 
[[433.69, 477.333, 439.701, 496.185, 492.639, 454.665, 481.292, 462.449, 483.513, 474.555, 460.548, 480.623, 472.737, 515.064, 458.572, 545.212, 583.074, 480.648, 512.04, 462.201, 498.474, 448.151, 543.792, 487.643, 577.241, 592.139, 560.298, 491.239, 569.156, 578.599, 509.357, 576.722, 615.438, 590.176, 493.291, 651.999, 614.613, 697.374, 503.816, 637.16, 477.66, 655.631, 497.415, 665.144, 512.426, 673.382, 669.471]] 
[[450.06, 446.238, 479.91, 462.848, 498.158, 437.454, 449.067, 444.418, 463.144, 522.913, 449.554, 468.066, 432.579, 536.176, 504.746, 624.631, 442.974, 553.914, 490.997, 521.175, 607.057, 548.239, 450.547, 465.151, 500.231, 562.146, 594.371, 467.764, 607.221, 514.352, 569.56, 541.075, 645.165, 461.99, 549.104, 561.265, 635.552, 616.517, 452.068, 493.546, 661.946, 677.27]] 
[[484.928, 503.867, 488.67, 542.267, 544.74, 605.077, 584.653, 723.254, 604.662, 619.003, 551.416, 745.226, 773.901, 808.964, 513.604, 577.491, 861.998, 818.237, 614.049, 513.754, 876.568, 537.041, 933.093, 580.405, 455.71, 572.56, 902.247, 564.654, 915.626, 578.709, 604.703, 655.495, 597.059, 904.187, 946.363, 489.27, 587.133, 621.583, 512.333, 630.007, 890.944, 561.902, 577.603, 627.476, 479.625, 635.164, 489.895, 854.25]] 
[[540.437, 495.996, 504.208, 508.72, 527.915, 552.416, 532.509, 629.683, 526.789, 551.825, 503.009, 583.647, 622.237, 532.881, 649.022, 634.171, 672.393, 536.525, 485.991, 693.103, 552.881, 504.85, 602.769, 516.243, 552.296, 581.997, 532.579, 661.212, 552.126, 583.67, 538.518, 580.872, 603.832, 646.97, 581.89, 654.578, 594.735, 676.234, 482.285, 696.801, 507.493, 494.316, 532.775, 559.204, 564.442, 685.862, 584.517, 558.335, 619.083, 660.463, 506.365, 572.518, 682.669]] 
average response time [0]413.412
average response time [1]380.48
average response time [2]388.216
average response time [3]383.039
average response time [4]392.878
average response time [5]379.87
average response time [6]384.577
average response time [7]384.812
average response time [8]386.861
average response time [9]395.619
TOTAL AVERAGE RESPONSE TIME ====================: 388.97639999999996
NUMBER OF THREADS ==============================: 1
average response time [10]405.8835
average response time [11]419.067
average response time [12]410.182
average response time [13]417.367
average response time [14]408.913
average response time [15]408.538
average response time [16]407.115
average response time [17]409.014
average response time [18]405.75149999999996
average response time [19]408.41
TOTAL AVERAGE RESPONSE TIME ====================: 410.0241000000001
NUMBER OF THREADS ==============================: 2
average response time [20]472.19275
average response time [21]447.02325
average response time [22]455.24825
average response time [23]448.5805
average response time [24]451.6995
average response time [25]453.48925
average response time [26]448.70525
average response time [27]453.602
average response time [28]472.17875
average response time [29]466.49475
TOTAL AVERAGE RESPONSE TIME ====================: 456.921425
NUMBER OF THREADS ==============================: 4
average response time [30]537.726
average response time [31]533.56675
average response time [32]582.323375
average response time [33]534.308
average response time [34]512.991375
average response time [35]544.990875
average response time [36]572.043625
average response time [37]524.098875
average response time [38]513.643625
average response time [39]604.437625
TOTAL AVERAGE RESPONSE TIME ====================: 546.0130125
NUMBER OF THREADS ==============================: 8
average response time [40]700.765875
average response time [41]740.883625
average response time [42]801.199875
average response time [43]686.9231875
average response time [44]680.7505
average response time [45]679.02225
average response time [46]689.7716875
average response time [47]762.335
average response time [48]768.7513125
average response time [49]679.4348125
TOTAL AVERAGE RESPONSE TIME ====================: 718.9838125
NUMBER OF THREADS ==============================: 16
average response time [50]1010.275
average response time [51]1070.64315625
average response time [52]777.9174
average response time [53]739.6803157894736
average response time [54]775.3957894736842
average response time [55]834.8765263157895
average response time [56]698.6017368421053
average response time [57]670.18575
average response time [58]705.1949374999999
average response time [59]779.6320000000001
TOTAL AVERAGE RESPONSE TIME ====================: 806.2402612171052
NUMBER OF THREADS ==============================: 32
average response time [60]871.3899
average response time [61]1008.0598285714285
average response time [62]1052.5201944444445
average response time [63]615.2553157894737
average response time [64]592.9887
average response time [65]808.2512083333334
average response time [66]551.2194375
average response time [67]642.2692105263158
average response time [68]763.9384782608696
average response time [69]718.2582
TOTAL AVERAGE RESPONSE TIME ====================: 762.4150473425865
NUMBER OF THREADS ==============================: 64
average response time [70]565.4158235294118
average response time [71]679.5067619047619
average response time [72]906.94636
average response time [73]540.5230833333334
average response time [74]528.3307142857143
average response time [75]642.7598333333333
average response time [76]591.8125555555556
average response time [77]468.1511111111111
average response time [78]572.0104666666666
average response time [79]542.5086774193549
TOTAL AVERAGE RESPONSE TIME ====================: 603.7965387139243
NUMBER OF THREADS ==============================: 65
average response time [80]702.8285952380952
average response time [81]489.6326785714286
average response time [82]621.5261944444444
average response time [83]599.5055428571428
average response time [84]531.428
average response time [85]526.2222
average response time [86]623.6379310344828
average response time [87]603.3125277777777
average response time [88]746.0782727272727
average response time [89]579.8567083333334
TOTAL AVERAGE RESPONSE TIME ====================: 602.4028650983978
NUMBER OF THREADS ==============================: 66
average response time [90]520.3216888888888
average response time [91]668.9993653846154
average response time [92]556.3605581395349
average response time [93]563.0770833333333
average response time [94]585.7013829787234
average response time [95]713.0345593220339
average response time [96]599.3470192307692
average response time [97]797.0745185185185
average response time [98]916.7260444444445
average response time [99]594.294880597015
TOTAL AVERAGE RESPONSE TIME ====================: 651.4937100837878
NUMBER OF THREADS ==============================: 67
average response time [100]582.9202205882353
average response time [101]664.8394705882353
average response time [102]589.0655147058824
average response time [103]632.9711470588235
average response time [104]679.5424705882353
average response time [105]625.7299655172413
average response time [106]507.95391666666666
average response time [107]513.8576666666667
average response time [108]518.2640625
average response time [109]532.1881739130434
TOTAL AVERAGE RESPONSE TIME ====================: 584.733260879303
NUMBER OF THREADS ==============================: 68
average response time [110]491.8463043478261
average response time [111]482.25479591836734
average response time [112]539.6779777777778
average response time [113]500.41775
average response time [114]531.801
average response time [115]498.42214893617023
average response time [116]480.29089130434784
average response time [117]520.5551020408163
average response time [118]514.267347826087
average response time [119]482.9507857142857
TOTAL AVERAGE RESPONSE TIME ====================: 504.2484103865678
NUMBER OF THREADS ==============================: 69
average response time [120]505.26188
average response time [121]741.57854
average response time [122]520.9002444444444
average response time [123]558.3104444444444
average response time [124]563.21234
average response time [125]546.3937441860465
average response time [126]533.0754893617021
average response time [127]520.5037857142858
average response time [128]647.1117916666667
average response time [129]575.6388113207547
TOTAL AVERAGE RESPONSE TIME ====================: 571.1987071138345
NUMBER OF THREADS ==============================: 70
average response time sent to Stackdriver [0]448.5805
average response time sent to Stackdriver [1]513.643625
average response time sent to Stackdriver [2]762.335
average response time sent to Stackdriver [3]775.3957894736842
average response time sent to Stackdriver [4]1008.0598285714285
average response time sent to Stackdriver [5]763.9384782608696
average response time sent to Stackdriver [6]591.8125555555556
average response time sent to Stackdriver [7]531.428
average response time sent to Stackdriver [8]556.3605581395349
average response time sent to Stackdriver [9]916.7260444444445
average response time sent to Stackdriver [10]625.7299655172413
average response time sent to Stackdriver [11]531.801
average response time sent to Stackdriver [12]520.9002444444444
NUMBER OF THREADS: [1, 2, 4, 8, 16, 32, 64, 65, 66, 67, 68, 69, 70]
WORKLOAD: HFU_LV;  
TOTAL EXECUTION TIME (Concurrent Parallel Requests): 143853.236
NUMBER OF REPLICAS USED: 6

