[[395.392]] 
[[392.476]] 
[[399.33]] 
[[384.006]] 
[[388.077]] 
[[432.008]] 
[[398.117]] 
[[385.566]] 
[[400.766]] 
[[393.269]] 
[[382.408]] 
[[384.221]] 
[[394.033]] 
[[379.766]] 
[[392.834]] 
[[392.836]] 
[[386.774]] 
[[391.268]] 
[[379.23]] 
[[398.968]] 
[[396.983, 431.423]] 
[[451.183, 394.991]] 
[[405.416, 444.696]] 
[[433.333, 384.648]] 
[[395.959, 435.917]] 
[[388.067, 422.506]] 
[[432.441, 384.251]] 
[[387.054, 422.325]] 
[[394.316, 443.197]] 
[[389.786, 429.974]] 
[[387.631, 443.633]] 
[[389.613, 428.173]] 
[[431.783, 385.565]] 
[[432.75, 378.647]] 
[[428.721, 382.0]] 
[[387.737, 428.821]] 
[[430.67, 377.818]] 
[[397.964, 432.137]] 
[[432.676, 384.786]] 
[[414.606, 517.945]] 
[[396.549, 432.373, 464.1, 497.674]] 
[[392.361, 449.531, 484.723, 535.965]] 
[[393.681, 430.181, 461.291, 498.586]] 
[[531.38, 390.365, 423.454, 460.915]] 
[[388.597, 427.569, 504.469, 456.985]] 
[[490.282, 393.798, 518.77, 418.217]] 
[[440.7, 393.177, 506.09, 458.328]] 
[[395.031, 519.176, 473.004, 426.883]] 
[[520.437, 383.277, 462.593, 412.764]] 
[[440.972, 392.514, 469.558, 508.621]] 
[[444.239, 397.215, 469.223, 504.936]] 
[[386.358, 422.922, 452.72, 489.493]] 
[[535.604, 444.674, 393.965, 466.981]] 
[[441.605, 388.628, 516.059, 497.696]] 
[[393.781, 431.256, 464.944, 561.267]] 
[[534.898, 442.587, 390.939, 471.952]] 
[[413.141, 449.293, 487.945, 528.015]] 
[[388.88, 469.957, 417.872, 497.907]] 
[[521.47, 428.953, 555.112, 456.075]] 
[[393.96, 515.41, 419.15, 457.207]] 
[[550.504, 404.528, 493.734, 437.837, 606.41, 555.549, 631.21, 670.434]] 
[[403.065, 565.042, 435.83, 490.577, 637.217, 678.149, 579.221, 703.527]] 
[[396.17, 428.46, 465.414, 498.081, 534.954, 571.311, 652.386, 605.02]] 
[[395.833, 430.876, 474.976, 506.406, 545.407, 666.134, 574.549, 611.629]] 
[[575.037, 492.506, 389.32, 431.003, 508.627, 592.142, 686.74, 611.244]] 
[[424.277, 382.204, 446.583, 484.649, 522.822, 568.021, 666.623, 707.089]] 
[[388.876, 467.052, 502.546, 411.339, 577.032, 531.218, 609.865, 648.863]] 
[[395.884, 439.619, 480.818, 509.826, 551.981, 627.184, 576.335, 656.921]] 
[[394.06, 516.504, 457.431, 685.494, 547.698, 631.281, 717.561, 572.117]] 
[[379.699, 415.869, 450.748, 487.543, 521.644, 557.099, 595.563, 672.45]] 
[[493.516, 388.25, 440.932, 689.131, 551.742, 503.548, 582.119, 618.546]] 
[[519.713, 383.636, 419.56, 454.273, 541.312, 625.697, 661.702, 564.079]] 
[[382.917, 459.399, 415.652, 500.945, 710.958, 570.595, 646.088, 731.366]] 
[[386.903, 421.571, 455.838, 620.992, 525.186, 475.317, 557.052, 633.947]] 
[[495.818, 400.408, 430.374, 513.933, 549.661, 585.013, 621.124, 654.882]] 
[[445.44, 394.12, 530.328, 466.957, 547.736, 586.109, 626.209, 661.486]] 
[[441.649, 391.057, 515.74, 464.996, 698.626, 540.129, 595.44, 739.648]] 
[[385.147, 466.091, 420.165, 492.897, 530.214, 564.912, 599.557, 634.642]] 
[[440.132, 396.387, 612.82, 506.487, 463.01, 545.728, 623.399, 658.884]] 
[[429.261, 489.017, 627.402, 523.673, 564.56, 649.75, 728.736, 677.028]] 
[[394.26, 436.62, 465.335, 541.611, 493.763, 798.657, 717.927, 561.281, 623.273, 810.516, 888.93, 837.522, 1013.63, 909.927, 1044.526, 942.118]] 
[[394.515, 437.643, 467.37, 541.565, 636.333, 582.321, 977.214, 659.501, 694.41, 908.538, 735.987, 840.672, 786.455, 972.909, 1052.07, 1002.164]] 
[[567.65, 435.328, 468.387, 591.805, 496.736, 619.705, 654.465, 692.931, 882.552, 829.367, 729.408, 771.136, 933.971, 890.687, 1010.57, 959.307]] 
[[489.654, 395.305, 439.042, 521.379, 551.694, 588.763, 670.377, 626.193, 698.378, 782.018, 860.788, 722.803, 802.577, 880.504, 913.353, 952.495]] 
[[419.055, 486.22, 565.242, 651.242, 502.851, 594.072, 710.713, 663.516, 801.846, 820.435, 772.179, 852.663, 882.266, 963.068, 996.844, 904.191]] 
[[490.941, 400.853, 428.392, 515.571, 549.205, 630.807, 579.225, 703.872, 654.772, 732.868, 771.984, 807.997, 843.168, 876.089, 962.323, 906.911]] 
[[380.998, 424.737, 461.407, 498.925, 579.291, 610.264, 519.343, 639.436, 768.096, 712.803, 663.497, 783.625, 913.704, 812.208, 981.438, 840.773]] 
[[386.474, 422.681, 496.696, 451.793, 611.275, 567.601, 518.438, 633.779, 715.92, 668.609, 744.321, 1006.762, 771.011, 810.401, 888.701, 932.411]] 
[[424.608, 378.465, 452.504, 489.096, 522.082, 646.717, 603.666, 546.545, 665.65, 898.073, 824.626, 735.915, 680.271, 916.127, 959.003, 993.392]] 
[[379.502, 457.531, 412.685, 525.336, 474.875, 599.908, 555.48, 635.243, 687.883, 849.271, 800.79, 745.092, 958.552, 864.863, 898.697, 979.709]] 
[[438.894, 384.364, 506.451, 465.661, 539.863, 579.938, 649.327, 704.964, 744.419, 778.598, 812.535, 1008.889, 846.194, 887.484, 937.838, 1025.228]] 
[[476.813, 381.999, 415.643, 687.655, 532.12, 606.406, 711.015, 835.679, 739.98, 776.905, 860.039, 908.229, 956.486, 995.628, 1031.385, 1067.135]] 
[[408.76, 449.68, 487.353, 520.964, 556.126, 678.254, 586.674, 621.278, 798.915, 880.078, 693.035, 734.195, 944.292, 808.1, 887.98, 967.9]] 
[[384.078, 426.096, 504.107, 450.923, 630.455, 555.966, 664.354, 709.915, 769.256, 802.579, 835.284, 914.408, 866.406, 1031.397, 981.639, 928.62]] 
[[382.446, 401.411, 437.472, 457.285, 537.315, 486.014, 562.162, 641.313, 592.63]] 
[[466.117, 501.953, 407.195, 540.866, 578.626, 592.753, 620.594, 697.521, 645.068]] 
[[387.704, 463.482, 411.75, 544.727, 689.15, 800.822, 852.318, 872.541, 903.27]] 
[[384.787, 404.326, 439.436, 480.776, 540.211, 612.873, 565.174]] 
[[414.989, 457.414, 467.088, 500.548, 514.617, 539.552]] 
[[493.688, 396.621, 429.683, 534.811, 618.424, 566.131, 727.687, 624.771, 667.391]] 
[[430.181, 465.963, 493.405, 535.078, 624.957, 571.311, 654.265, 608.528, 644.393, 652.182, 690.935, 746.606, 787.231]] 
[[425.305, 477.841, 508.475, 537.786, 559.674, 685.162, 627.742, 578.904, 748.613, 697.439, 776.88, 812.346, 889.662, 925.727, 832.565, 945.708, 982.257, 1003.833, 1039.549, 1050.001]] 
[[498.991, 409.08, 411.648, 487.795, 575.529, 508.258, 614.235, 553.12, 678.957, 624.507, 704.152, 739.247, 758.387, 855.102, 768.261]] 
[[400.68, 520.851, 474.303, 416.104, 623.518, 527.263, 566.699, 685.353, 610.504, 690.061, 724.078, 826.747, 754.35, 837.702, 908.899, 934.487]] 
[[581.132, 409.389, 436.888, 473.146, 498.358, 568.558, 590.713, 621.91, 652.356, 686.18, 721.5, 789.501, 832.39, 911.029, 855.969, 967.429, 917.22, 990.558, 1009.125, 1044.374]] 
[[403.113, 410.647, 441.665, 469.188, 527.925, 633.016, 567.151, 647.268, 671.835, 732.476, 680.041, 798.683, 748.095, 854.074, 812.01]] 
[[388.818, 447.698, 397.935, 516.109, 548.907, 587.571, 621.714, 664.292, 740.511, 692.119, 794.279, 738.44, 815.696, 885.889, 838.424, 880.492, 915.438]] 
[[448.318, 528.418, 544.318, 577.362, 606.379, 641.484, 765.791, 718.87, 634.355, 831.818, 783.417, 721.053, 882.299, 909.636, 820.658, 940.104, 971.313, 1095.202, 1032.997, 981.882]] 
[[387.79, 430.973, 436.695, 476.654, 497.683, 532.914, 567.487, 699.616, 603.715, 641.399, 798.84, 755.632, 704.202, 818.779, 849.624, 927.104, 1009.623, 1097.802, 959.058, 1021.0889999999999]] 
[[392.426, 430.109, 453.029, 480.312, 510.558, 538.602, 594.602, 536.689, 644.054, 707.462, 724.593, 803.823, 749.462, 823.181, 846.758]] 
[[404.221, 432.155, 514.321, 472.322, 548.246, 578.46, 650.084, 689.411, 727.112, 765.544, 796.005, 917.343, 823.555, 863.541, 936.358, 1013.363, 963.883, 1058.355, 1078.992, 1095.3]] 
[[430.192, 514.574, 505.628, 545.617, 572.979, 529.203, 575.52, 612.098, 636.824, 675.702, 702.173, 718.397]] 
[[440.462, 475.418, 492.99, 574.128, 528.267, 600.96, 638.568, 672.223, 733.272, 684.213, 771.274, 920.153, 830.109, 861.704, 915.727, 935.02]] 
[[411.043, 438.149, 507.078, 582.863, 446.0, 513.941, 646.344, 594.873, 666.474, 701.912, 740.616, 771.983, 852.847, 803.48, 877.143, 894.272, 924.713]] 
[[447.209, 387.678, 512.28, 459.276, 538.38, 552.64, 608.612, 562.546, 643.289, 681.132, 751.596, 701.389, 769.016, 774.771, 807.284, 921.997, 837.337, 993.424]] 
[[397.882, 427.138, 462.671, 502.057, 497.844, 528.054, 550.239, 568.231, 578.02, 584.87]] 
[[390.701, 426.918, 450.265, 477.154, 602.77, 552.185, 500.483, 627.906, 664.719, 666.884, 671.237, 685.753, 723.851, 759.152, 794.274]] 
[[434.988, 386.267, 562.403, 472.198, 512.556, 706.899, 657.128, 563.282, 599.617, 719.336, 801.32, 741.929, 863.257, 810.037, 876.404, 939.016, 1053.115, 990.466, 1152.4180000000001, 1101.798, 1048.818, 1175.4859999999999, 1208.199]] 
[[387.015, 467.826, 401.108, 480.122, 666.166, 511.385, 581.554, 683.824, 727.706, 647.9, 710.368, 735.551, 779.309, 853.536, 793.625, 858.606]] 
[[563.228, 469.694, 402.888, 537.848, 606.683, 546.687, 601.553, 634.747, 641.583, 679.935, 708.052, 735.946]] 
[[418.274, 455.152, 520.516, 603.323, 665.349, 732.226, 753.631, 782.661, 815.115, 813.912, 832.65, 859.254, 973.322, 923.434, 874.04, 998.658, 1078.978, 1029.031, 1094.903, 1127.6, 1203.927, 1148.308, 1255.57, 1360.404, 1306.143, 1432.855, 1384.479, 1452.2350000000001, 1484.5729999999999, 1520.345, 1556.147, 1576.2730000000001, 1612.681, 1647.411, 1678.701]] 
[[556.417, 429.167, 499.955, 573.489, 668.377, 570.6, 596.043, 675.215, 660.29, 660.493, 687.435, 686.785, 711.287, 736.457, 742.823, 766.344, 786.792, 823.621, 823.045, 857.497, 924.475, 984.607]] 
[[392.562, 409.725, 432.087, 507.773, 442.11, 608.856, 508.503, 549.812, 624.52, 578.892, 675.21, 722.312, 762.411, 785.749, 817.852, 842.798, 868.421, 885.646, 920.908, 935.334, 1019.803, 969.745, 1128.882, 1040.6970000000001, 1066.161, 1190.909, 1129.8220000000001, 1213.789]] 
[[422.173, 485.401, 434.965, 498.484, 530.555, 542.888, 589.158, 613.006, 631.256, 663.298, 745.657, 692.795, 774.748, 799.062, 834.549, 848.384, 875.878, 945.328, 1031.224, 1064.75, 1136.113, 1085.1779999999999, 1206.455, 1155.8899999999999, 1223.378, 1239.157, 1266.412, 1427.909, 1298.305, 1323.335, 1350.254, 1421.0520000000001]] 
[[423.699, 457.138, 451.811, 572.122, 480.802, 605.752, 506.042, 612.484, 645.289, 667.057, 747.059, 821.746, 682.368, 763.716, 843.161, 885.086, 966.82, 909.683, 978.04, 1061.664, 1003.01, 1125.576, 1194.123, 1286.378, 1218.414, 1307.7559999999999, 1319.854, 1430.032, 1318.238, 1360.964, 1429.629, 1507.317, 1449.949, 1543.068, 1492.034, 1571.908]] 
[[395.813, 424.017, 436.367, 469.835, 419.043, 469.261, 507.377, 465.416, 500.189, 543.49, 627.621, 559.535, 505.038, 553.167, 628.401, 630.769, 668.395, 563.829, 644.219, 687.177, 720.165, 668.175, 721.167, 743.541, 793.276, 741.257, 872.732, 760.384, 797.685, 805.976, 872.083, 821.896, 872.054, 910.109, 944.468, 884.077, 926.471, 990.236, 989.259, 942.797, 1060.12, 1159.091, 1007.325, 1099.645, 1181.839, 1216.242, 1065.518, 1012.073, 1282.834, 1222.8029999999999, 1082.507, 1163.949, 1287.353, 1313.6100000000001, 1241.806, 1313.142, 1332.9270000000001, 1362.634, 1399.1109999999999, 1309.758, 1385.4859999999999, 1418.913, 1327.7939999999999, 1451.205]] 
[[430.676, 406.949, 447.403, 518.864, 463.053, 458.816, 528.16, 583.537, 519.604, 613.58, 658.162, 744.356, 691.879, 528.775, 659.454, 761.131, 552.799, 793.015, 676.378, 579.708, 702.447, 804.838, 852.525, 761.266, 712.753, 787.958, 865.115, 855.229, 929.732, 935.936, 973.243, 872.212, 942.123, 987.637, 972.272, 1065.179, 1016.354, 1019.563, 1141.747, 1079.0430000000001, 1072.792, 1164.021, 1123.781, 1200.817, 1243.895, 1151.184, 1190.69, 1355.175, 1264.024, 1262.307, 1375.222, 1275.954, 1418.959, 1407.157, 1316.0720000000001, 1352.809, 1430.41, 1478.943, 1404.809, 1508.344, 1433.13, 1473.683, 1548.871, 1501.367]] 
[[448.207, 429.629, 505.603, 398.424, 429.922, 603.512, 551.011, 456.722, 631.053, 669.548, 478.36, 524.875, 687.139, 769.39, 554.064, 710.419, 587.732, 839.664, 614.628, 773.622, 956.054, 637.652, 895.475, 844.802, 1056.977, 963.564, 1001.915, 1080.993, 1115.635, 1220.059, 1166.638, 1245.297, 599.724, 636.782, 673.729, 1293.311, 699.891, 1439.679, 1480.594, 1361.106, 1500.3310000000001, 1539.196, 741.145, 1570.808, 680.955, 766.74, 799.995, 833.093, 1578.608, 1662.432, 1608.984, 851.532, 1683.435, 1718.1779999999999, 1803.057, 1844.2469999999998, 1739.0, 967.81, 884.55, 1853.7910000000002, 987.761, 1885.995, 1923.444, 1010.861]] 
[[410.894, 411.413, 445.207, 530.323, 483.159, 408.911, 560.936, 461.347, 512.657, 584.15, 461.162, 615.418, 530.313, 649.228, 659.453, 602.299, 546.476, 661.931, 676.432, 915.406, 674.356, 733.432, 683.583, 795.688, 881.426, 764.629, 906.016, 943.923, 979.215, 1018.21, 685.394, 757.274, 789.436, 852.033, 940.253, 1025.981, 1106.252, 1054.589, 955.684, 1134.542, 999.48, 1164.066, 1200.751, 1028.663, 1238.085, 1107.225, 1444.629, 1050.003, 1434.2930000000001, 1792.252, 1119.816, 1151.038, 1398.408, 1390.591, 1743.7179999999998, 1448.446, 1520.488, 1554.346, 1637.705, 1590.908, 1669.658, 1706.795, 2110.558, 2262.452]] 
[[451.23, 803.961, 495.388, 784.735, 778.334, 808.402, 452.179, 750.123, 486.219, 800.793, 737.779, 762.314, 718.014, 462.3, 717.989, 1824.877, 697.414, 1198.7930000000001, 969.371, 714.51, 979.603, 1944.612, 945.718, 938.578, 1011.539, 923.103, 924.427, 950.96, 2104.444, 915.854, 984.803, 1111.007, 1207.476, 1163.496, 914.474, 1090.857, 1061.267, 1221.112, 1089.068, 1134.606, 1132.935, 1356.064, 1157.334, 1318.632, 1588.414, 1600.4769999999999, 1284.771, 1590.804, 1158.263, 1565.4569999999999, 1289.84, 1596.1680000000001, 1380.704, 1276.349, 1561.606, 2823.832, 1546.8, 1304.925, 1560.2820000000002, 1256.718, 1273.146, 1554.7269999999999, 1315.212, 1583.106]] 
[[440.172, 473.659, 415.084, 466.06, 503.574, 534.98, 556.008, 624.398, 468.355, 418.995, 516.954, 680.89, 542.406, 588.383, 619.712, 662.997, 704.308, 748.442, 775.609, 790.108, 658.846, 737.765, 590.45, 663.973, 733.978, 774.619, 824.893, 721.054, 801.727, 848.979, 817.105, 879.063, 893.005, 811.619, 916.68, 834.535, 950.721]] 
[[437.883, 477.62, 499.969, 438.599, 458.683, 559.644, 477.449, 458.203, 605.095, 475.103, 508.95, 532.166, 588.757, 609.432, 499.701, 607.621, 529.487, 565.167, 665.649, 740.95, 597.217, 680.69, 539.427, 581.485, 618.308, 716.593, 748.949, 782.144, 824.182, 839.515, 571.141, 836.791, 593.556]] 
[[395.998, 503.062, 449.765, 523.972, 424.386, 438.247, 527.307, 473.85, 520.172, 578.229, 543.438, 576.874, 511.104, 603.257, 574.357, 610.36, 582.113, 615.725, 654.632, 614.814, 660.953, 701.065, 646.399, 715.523, 647.774, 671.032, 719.127, 768.681, 674.488, 710.716, 814.69, 742.884, 785.685, 821.141, 859.767, 897.169, 969.139, 1038.91]] 
[[410.985, 403.865, 430.967, 504.486, 431.556, 453.8, 433.868, 512.848, 465.778, 545.643, 508.537, 544.104, 627.124, 604.93, 542.614, 779.092, 622.21, 624.617, 660.115, 655.49, 720.648, 674.786, 751.998, 730.854, 840.165, 772.067, 770.305, 793.663, 842.303, 879.42, 795.254, 869.627, 901.523, 792.229, 825.952, 922.147, 843.317, 881.597, 920.604, 914.916, 952.284, 992.952, 980.091, 922.245, 1015.64, 992.203]] 
[[429.008, 467.73, 521.317, 627.138, 393.5, 569.418, 415.25, 442.291, 481.415, 489.024, 488.522, 545.568, 512.115, 535.405, 562.845, 519.013, 559.958, 595.644, 577.369, 514.142, 602.002, 584.919, 683.129, 628.498, 712.54, 859.928, 765.663, 867.115, 583.426, 664.611, 705.28, 737.731, 763.875, 849.286, 873.149, 904.05]] 
[[396.147, 452.066, 433.199, 411.827, 460.302, 469.068, 548.896, 502.87, 565.861, 472.032, 511.523, 557.911, 684.437, 605.112, 712.54, 557.381, 741.808, 821.369, 576.353, 763.581, 842.121, 883.463, 591.588, 630.485, 905.167, 948.586, 679.089, 961.223, 610.704, 702.089, 780.58, 971.165, 804.038, 1001.009, 824.505, 1012.129, 1036.93, 826.674, 875.381, 902.273, 932.695, 1031.723, 1071.784, 1083.417, 1124.042, 1165.5819999999999, 1216.499]] 
[[417.09, 414.169, 490.496, 526.622, 608.299, 425.819, 552.524, 613.313, 456.344, 402.544, 633.342, 760.503, 666.974, 693.59, 440.473, 760.097, 818.177, 854.158, 427.978, 461.751, 873.504, 495.087, 904.183, 940.023, 520.066, 534.323, 930.397, 564.097, 637.326, 576.889, 705.139, 658.223, 907.625, 982.537, 934.32, 727.054, 757.793, 788.719, 870.323, 959.022]] 
[[443.67, 389.448, 408.617, 466.434, 431.1, 594.535, 463.169, 488.206, 629.294, 708.158, 553.243, 501.501, 644.27, 723.281, 761.62, 570.363, 604.352, 779.223, 813.076, 898.544, 658.776, 837.763, 703.32, 741.853, 934.829, 770.431, 1011.53, 808.68, 841.062, 980.175, 836.268, 1026.307, 969.443, 1052.499, 1078.381, 863.989, 817.435, 1083.895, 1147.776, 1221.931, 842.303, 1241.276, 908.364, 863.642, 934.306, 973.018, 1011.204, 1059.638]] 
[[431.576, 429.717, 456.396, 415.128, 442.577, 467.601, 460.755, 524.744, 567.872, 624.7, 630.021, 430.037, 614.588, 683.253, 434.082, 723.461, 455.413, 733.974, 794.963, 544.263, 866.8, 905.493, 929.738, 639.089, 957.841, 993.835, 651.709, 1030.172, 677.533, 1055.575]] 
[[411.219, 451.085, 391.367, 418.87, 450.372, 528.105, 428.203, 543.954, 426.549, 518.463, 409.36, 555.477, 572.997, 395.886, 454.505, 565.861, 460.488, 495.589, 565.138, 611.277, 483.795, 513.866, 547.594, 586.276, 609.332, 643.011, 546.921]] 
[[394.321, 431.378, 430.498, 419.317, 472.63, 433.105, 503.315, 501.959, 538.586, 566.61, 443.514, 389.154, 471.859, 509.626, 532.002, 540.425, 533.2, 478.206, 493.188, 489.781, 504.331, 516.745, 500.618]] 
[[392.687, 441.659, 472.792, 403.14, 458.376, 427.147, 442.026, 452.805, 464.912, 538.17, 483.687, 549.083, 570.828, 475.493, 396.651, 527.663, 477.451, 509.467, 504.284, 476.955, 505.902, 541.414, 466.584]] 
[[390.404, 424.686, 464.479, 476.968, 402.932, 490.017, 488.142, 485.229, 416.928, 514.412, 432.777, 467.27, 479.949, 459.461, 424.053, 449.285, 514.772, 463.923, 400.079, 488.631, 524.08, 408.071, 458.693, 393.216]] 
[[420.297, 431.106, 396.283, 424.047, 424.043, 449.115, 418.639, 426.445, 398.338, 393.34, 398.635, 394.207, 435.117, 421.539, 400.112, 426.742, 470.266]] 
[[418.841, 470.998, 424.876, 411.403, 465.495, 430.02, 460.365, 501.183, 565.669, 479.272, 523.318, 601.817, 555.106, 553.178, 637.49, 585.767, 552.137, 576.118, 605.659, 594.538, 622.436, 616.873, 638.984, 679.701, 616.848, 702.234, 741.198, 607.147, 738.37, 756.137, 780.472, 576.395, 834.729]] 
[[402.155, 405.268, 398.391, 412.415, 406.946, 426.161, 403.45, 423.625, 488.935, 438.701, 438.755, 506.216, 444.298, 435.844, 469.443, 424.561, 458.635, 500.991, 440.45, 461.196, 542.007, 487.979, 521.58, 558.869, 458.771, 391.096, 577.47, 615.243, 504.35]] 
[[423.476, 484.103, 455.412, 467.975, 469.934, 452.671, 431.072, 468.706, 540.783, 490.717, 570.281, 610.065, 431.825, 636.139, 716.633, 669.313, 739.111, 411.182, 399.979, 707.54, 395.974, 435.221, 476.216, 519.016, 568.317, 669.774, 722.308, 631.773, 658.278, 721.506, 667.842, 757.11]] 
[[399.519, 407.055, 441.751, 412.745, 421.345, 431.559, 483.346, 520.959, 560.905, 651.179, 687.84, 728.293, 404.566, 440.912, 740.535, 444.505, 753.315, 783.472, 822.459, 800.209, 379.822, 419.434, 447.484, 476.45, 752.403, 780.804, 480.139, 499.194]] 
[[420.367, 401.912, 413.877, 393.696, 472.15, 421.882, 453.828, 496.601, 524.69, 446.391, 467.036, 502.134, 511.038, 576.57, 494.511, 544.972, 586.167, 577.904, 611.784, 607.045, 641.438, 624.107]] 
[[406.424, 457.779, 492.286, 531.166, 429.682, 537.812, 396.12, 543.343, 401.294, 415.838, 519.257, 439.666, 547.597, 576.769, 449.661, 422.105, 537.8, 576.439, 612.47, 431.971, 466.106, 620.482, 626.63, 410.444, 437.703]] 
[[394.844, 434.912, 454.311, 475.637, 403.088, 486.381, 502.407, 559.469, 482.762, 389.653, 564.03, 463.746, 495.733, 523.098, 507.624, 511.342, 539.058, 574.843, 610.995, 408.126, 612.388, 683.311, 807.799, 746.94]] 
[[422.185, 451.337, 391.024, 426.641, 434.429, 473.784, 423.569, 433.355, 490.657, 503.965, 453.141, 556.326, 496.88, 626.16, 457.737, 554.744, 475.208, 510.565, 540.205, 579.812, 619.597, 652.208, 536.596, 629.852, 707.421, 660.879, 733.249, 549.355, 569.174, 748.32, 581.974, 706.159, 575.722]] 
[[422.358, 479.732, 399.341, 403.148, 424.347, 462.989, 488.232, 534.797, 528.396, 418.041, 527.535, 492.928, 562.22, 515.58, 537.591, 567.114, 589.776, 601.354, 579.625, 596.879]] 
[[390.913, 438.118, 448.667, 389.149, 429.758, 501.941, 410.785, 471.722, 466.766, 398.284, 477.011, 410.989, 418.276, 440.366, 405.242]] 
[[436.709, 480.76, 542.9, 485.834, 398.508, 426.5, 436.27, 492.572, 437.656, 570.061, 495.005, 485.212, 589.576, 595.309, 468.881, 655.937, 492.867, 685.153, 509.186, 543.164, 639.203, 677.067, 656.824, 688.362, 639.23, 699.488, 653.536, 661.85, 688.845]] 
[[407.311, 453.487, 471.998, 431.962, 491.114, 428.438, 459.041, 498.443, 485.511, 518.881, 643.622, 512.105, 462.262, 648.759, 547.258, 502.803, 623.961, 524.206, 547.908, 566.461, 577.571, 557.296, 572.862, 586.347, 525.155]] 
[[423.675, 443.486, 409.834, 470.967, 439.493, 462.156, 487.498, 520.08, 464.842, 488.597, 461.898, 480.416, 507.807, 459.133, 491.617, 572.19, 523.542, 587.752, 595.897, 444.572, 611.073, 445.742, 432.965, 466.091, 486.936]] 
[[434.334, 481.625, 490.5, 522.211, 603.062, 544.105, 404.744, 589.448, 626.049, 428.751, 645.743, 725.901, 763.483, 670.449, 787.089, 810.736, 842.621, 428.762, 828.445, 851.072, 419.42, 444.693, 522.832, 858.735, 463.474, 879.527, 908.156, 501.721, 966.331, 1044.714, 1075.321, 510.585, 1105.126]] 
[[393.42, 390.129, 444.258, 424.629, 462.165, 449.652, 410.14, 467.558, 464.161, 493.118, 527.825, 416.416, 526.942, 403.595, 431.23, 458.002, 405.339, 441.807, 472.629, 461.167, 492.605, 522.4, 557.735, 597.804, 439.336, 500.555, 450.376, 601.701, 534.063, 454.155, 593.708, 628.481, 467.02, 639.52, 642.025, 765.023, 703.047, 398.583]] 
[[395.855, 429.311, 418.887, 441.741, 459.396, 403.869, 488.039, 529.391, 549.003, 404.953, 447.112, 400.783, 438.831, 457.239, 460.353, 482.642, 577.676, 502.001, 471.494, 577.207, 483.095, 504.856, 559.078, 524.302, 600.747, 578.26, 619.138, 564.816, 621.12, 468.337, 422.938, 539.924, 454.632]] 
[[406.772, 418.898, 454.883, 540.823, 577.83, 482.963, 478.548, 395.625, 392.246, 496.287, 562.141, 394.987, 509.215, 421.426, 682.884, 615.729, 545.88, 517.02, 571.835, 685.71, 711.286, 576.875, 743.182, 603.199, 743.019, 649.804, 768.826, 592.375, 386.993, 654.763, 671.663, 395.506, 729.786, 681.176, 759.176, 778.073, 682.88, 803.623, 846.687, 885.745, 397.587]] 
[[465.878, 403.265, 395.4, 408.97, 423.323, 479.245, 430.201, 495.281, 423.437, 457.606, 417.132, 464.858, 445.273, 473.157, 402.152, 462.854, 425.675, 476.798, 516.167, 510.259, 447.077, 534.541, 524.809, 548.109, 587.065, 531.083, 596.606, 398.087, 626.366, 540.876, 655.015, 722.652, 386.971, 535.567, 759.521, 784.574, 394.713, 796.53, 836.266, 510.945, 394.651]] 
[[395.014, 433.37, 461.379, 470.908, 421.129, 494.275, 534.305, 427.919, 503.124, 455.351, 563.385, 510.817, 633.175, 512.344, 666.166, 705.056, 507.349, 540.485, 389.717, 710.36, 729.394, 543.892, 757.227, 832.665, 557.093, 873.819, 586.015, 467.119, 895.746, 411.233, 921.783, 595.368, 471.034, 593.544, 907.187, 620.057, 467.57, 649.58, 679.559, 480.967, 721.377, 522.032, 857.489, 724.116]] 
[[429.651, 426.575, 392.813, 432.435, 409.235, 424.389, 457.799, 420.076, 487.946, 443.374, 421.571, 521.264, 464.527, 550.802, 486.341, 521.154, 425.476, 447.77, 601.207, 548.481, 544.883, 720.673, 617.399, 435.233, 652.158, 582.828, 674.112, 720.049, 621.071, 395.745, 712.703, 603.73, 384.711, 453.38, 400.653, 565.97, 649.833, 709.54, 586.852, 640.103, 392.779]] 
[[400.283, 411.766, 421.058, 476.203, 432.652, 456.501, 463.248, 427.799, 424.856, 480.123, 443.828, 502.688, 452.451, 398.197, 519.233, 432.028, 458.306, 458.605, 501.842, 527.913, 596.166, 539.298, 421.263, 492.32, 443.429, 534.312, 581.201, 617.443, 392.826, 507.939, 542.143, 409.285, 567.09, 606.992, 565.529, 408.998, 605.744, 1247.105, 414.332, 1230.755, 427.817]] 
[[418.852, 404.632, 449.895, 428.216, 486.302, 471.06, 507.038, 533.758, 546.508, 490.206, 548.649, 608.573, 554.62, 448.143, 604.114, 632.85, 660.073, 406.811, 447.266, 444.204, 587.284, 485.83, 510.126, 432.532, 611.356, 470.318, 576.623, 610.339, 646.5, 691.281, 453.193, 396.297, 742.477, 434.33, 477.964, 797.346, 464.983, 410.049, 492.088, 784.658, 450.976, 546.104, 484.611, 799.797]] 
[[391.71, 451.517, 423.753, 422.323, 419.048, 427.328, 404.625, 479.178, 513.954, 423.195, 413.805, 451.414, 486.293, 532.22, 387.542, 560.413, 403.563, 443.407, 513.081, 436.716, 460.57, 498.209, 512.149, 532.139, 518.901, 557.285, 525.498, 581.004, 585.916, 511.536, 549.293, 584.978, 625.782, 632.244, 641.954, 562.903]] 
[[446.36, 407.026, 464.87, 469.495, 484.903, 481.271, 535.67, 491.194, 472.056, 560.037, 409.396, 590.925, 625.249, 429.815, 494.386, 628.438, 430.777, 700.044, 649.476, 724.678, 481.765, 791.187, 511.538, 739.512, 417.357, 535.704, 848.862, 791.766, 869.556, 546.352, 415.182, 426.502, 531.242, 438.136, 542.321, 795.836, 435.753, 536.306, 574.652, 789.835, 427.734, 808.33]] 
[[457.454, 429.815, 407.087, 461.707, 443.551, 479.351, 384.346, 511.753, 549.377, 560.335, 504.769, 418.266, 381.248, 564.27, 589.008, 397.247, 519.427, 558.624, 640.468, 614.15, 566.352, 408.612, 638.043, 417.32, 742.418, 692.796, 632.492, 429.817, 514.797, 463.4, 728.546, 562.587, 514.979, 749.481, 549.802, 593.798, 731.357]] 
[[424.058, 407.858, 421.557, 476.173, 405.266, 550.45, 451.922, 496.115, 578.146, 457.505, 399.367, 433.124, 578.01, 588.43, 526.228, 471.175, 402.739, 444.607, 599.778, 574.511, 409.906, 448.473, 402.405, 613.189, 448.177, 469.087, 648.403, 421.272, 503.098, 673.941, 523.038, 647.098, 581.352, 469.649, 520.936, 496.229, 673.806, 700.101, 516.368, 730.076, 514.986, 392.312, 427.109, 549.263, 590.471, 446.685, 723.492, 575.971, 618.653, 486.818, 488.355, 520.306, 561.575, 623.144, 498.473, 619.088, 565.614, 648.502, 709.918, 497.139, 730.005, 525.957, 667.197, 615.774]] 
[[408.035, 424.134, 415.928, 405.156, 468.269, 426.054, 480.12, 422.907, 411.715, 468.066, 517.636, 459.998, 412.096, 503.729, 405.342, 457.839, 438.519, 567.995, 483.994, 505.98, 436.067, 527.902, 592.432, 466.479, 646.151, 482.039, 563.493, 475.839, 526.832, 506.669, 590.571, 637.2, 625.278, 544.14, 462.727, 675.202, 638.825, 560.761, 490.037, 505.752, 521.702, 685.396, 637.312, 574.838, 554.303, 644.346, 608.265, 566.944, 477.055, 648.386, 690.276, 728.723, 759.897, 594.738, 557.528, 460.806, 620.455, 576.436, 744.168, 579.894, 610.893, 757.168, 604.162, 533.873, 434.389, 600.227]] 
[[424.614, 415.947, 419.33, 471.472, 469.623, 503.153, 403.678, 428.249, 461.635, 513.734, 423.179, 437.23, 553.29, 468.248, 438.463, 560.392, 472.93, 555.123, 440.276, 471.604, 572.435, 451.809, 400.687, 561.077, 445.553, 474.66, 475.477, 502.399, 540.468, 575.824, 618.177, 544.648, 477.117, 514.515, 550.298, 449.427, 496.718, 534.085, 471.376, 547.36, 551.765, 562.296, 562.73, 571.026, 609.209, 588.373, 544.183, 453.555, 627.738, 536.014, 715.733, 615.375, 561.592, 561.845, 781.002, 724.783, 580.99, 602.977, 571.829, 401.818, 435.81, 617.209, 473.616, 751.447, 604.841, 499.215]] 
[[431.462, 409.307, 441.18, 473.502, 416.314, 441.689, 447.109, 487.518, 524.326, 411.937, 452.137, 430.767, 477.19, 476.72, 526.084, 514.981, 401.801, 425.386, 533.744, 537.207, 419.7, 451.915, 487.797, 423.719, 539.624, 457.487, 533.771, 409.463, 619.211, 439.135, 560.014, 463.147, 533.946, 485.329, 433.733, 517.152, 481.312, 571.525, 604.138, 454.334, 642.604, 572.383, 665.755, 525.308, 700.093, 561.387, 586.95, 439.476, 728.331, 579.754, 605.021, 479.51, 674.368, 630.515, 608.432, 735.091, 494.972, 589.944, 462.841, 633.835, 404.07, 630.786, 596.865, 645.09, 696.493, 652.719]] 
[[402.654, 408.026, 525.129, 437.319, 430.424, 421.374, 523.994, 438.212, 474.791, 558.462, 410.709, 600.993, 450.315, 493.639, 430.929, 448.184, 577.913, 493.892, 438.041, 595.685, 475.733, 519.765, 603.024, 561.586, 538.078, 603.024, 419.804, 609.889, 581.861, 445.852, 608.415, 473.799, 458.407, 592.333, 630.608, 490.888, 534.024, 584.424, 564.147, 597.291, 528.514, 574.451, 450.486, 550.543, 615.731, 588.812, 572.614, 635.879, 724.396, 580.265, 518.574, 608.77, 651.513, 599.085, 555.627, 688.361, 606.853, 588.459, 622.686, 639.572, 647.995, 592.925, 617.009, 736.02, 608.152, 652.198]] 
[[459.129, 417.358, 454.344, 464.705, 416.133, 421.855, 425.791, 489.52, 431.988, 436.221, 454.436, 421.399, 455.808, 503.915, 462.098, 445.767, 471.097, 425.055, 450.684, 496.38, 487.949, 424.911, 459.156, 457.105, 507.744, 512.53, 469.369, 477.861, 561.29, 507.958, 485.455, 668.842, 593.501, 716.924, 486.205, 492.626, 521.602, 541.511, 673.069, 519.634, 571.711, 422.722, 544.975, 460.709, 553.601, 662.461, 595.857, 680.12, 497.044, 687.142, 651.605, 554.004, 699.824, 678.793, 558.235, 613.077, 582.715, 483.559, 580.08, 608.997, 602.857, 625.246, 609.768, 553.8, 647.604, 683.363]] 
[[391.876, 394.176, 447.515, 435.051, 467.401, 420.454, 474.645, 425.954, 538.373, 492.779, 456.371, 414.487, 521.656, 431.695, 559.151, 526.017, 563.95, 526.856, 559.341, 445.927, 627.591, 618.651, 539.462, 683.228, 502.312, 444.156, 699.458, 548.633, 519.889, 510.276, 559.702, 548.067, 591.375, 577.891, 679.032, 603.999, 550.501, 512.089, 551.685, 580.816, 620.368, 598.62, 569.693, 550.605, 707.757, 627.281, 637.334, 664.52, 586.451, 694.327, 731.053, 538.673, 513.637, 674.475, 537.793, 549.48, 721.249, 556.662, 570.202, 735.054, 652.2, 766.851, 850.528, 545.654, 583.18, 671.959]] 
[[393.32, 445.988, 436.852, 387.038, 461.429, 493.479, 411.293, 400.508, 443.666, 478.392, 408.412, 492.24, 490.169, 429.479, 512.495, 557.515, 530.466, 507.015, 470.327, 523.903, 404.079, 444.172, 556.731, 536.969, 466.829, 430.952, 477.651, 578.915, 549.288, 498.329, 563.56, 494.708, 564.586, 455.45, 584.549, 563.231, 480.962, 598.499, 513.996, 552.054, 610.296, 568.893, 600.356, 486.692, 556.477, 534.258, 606.027, 511.67, 543.991, 589.949, 630.795, 549.341, 648.7, 682.002, 542.405, 577.588, 700.528, 532.414, 594.261, 620.979, 573.9, 659.969, 526.705, 725.206, 671.319, 537.734]] 
[[470.659, 394.432, 415.262, 403.024, 398.864, 472.893, 404.17, 442.337, 405.854, 550.223, 482.555, 472.006, 412.312, 511.035, 422.789, 432.303, 451.173, 458.741, 431.465, 465.002, 516.508, 556.196, 492.321, 462.485, 521.842, 578.334, 614.744, 465.282, 540.865, 572.685, 481.554, 520.078, 595.918, 633.644, 609.795, 421.526, 460.116, 495.803, 565.219, 513.803, 616.38, 625.899, 474.78, 674.301, 647.773, 701.458, 618.639, 716.002, 725.754, 662.066, 462.931, 481.954, 432.523, 724.416, 512.035, 556.874, 745.675, 682.633, 636.174, 794.392, 700.176, 741.921, 779.852, 523.778, 682.366, 712.162]] 
[[412.891, 424.314, 431.449, 406.26, 437.285, 413.294, 408.219, 465.169, 430.758, 479.545, 446.051, 450.898, 487.437, 472.521, 397.296, 404.727, 439.166, 466.231, 507.017, 467.438, 457.767, 407.369, 506.718, 529.849, 582.15, 465.688, 423.873, 477.475, 596.134, 493.764, 598.146, 628.263, 696.56, 479.572, 615.432, 511.081, 468.549, 405.86, 547.51, 595.326, 455.784, 597.38, 655.914, 632.611, 680.609, 665.653, 702.187, 645.568, 428.022, 477.041, 416.939, 671.269, 470.82, 503.518, 684.734, 623.84, 470.961, 697.441, 635.732, 663.736, 517.525, 469.66, 552.793, 705.536, 449.626, 491.418]] 
[[392.786, 482.936, 405.279, 544.283, 422.545, 438.7, 491.716, 407.142, 439.485, 446.853, 538.234, 434.716, 568.361, 483.959, 445.55, 611.246, 473.602, 438.521, 478.477, 494.408, 627.733, 659.274, 489.683, 540.518, 401.34, 510.089, 430.254, 428.657, 571.322, 558.751, 641.541, 472.423, 547.106, 565.647, 655.091, 561.599, 607.274, 557.134, 577.39, 713.044, 413.847, 693.265, 550.026, 437.684, 618.722, 574.04, 459.582, 573.37, 647.7, 605.764, 628.422, 515.681, 499.801, 442.133, 529.151, 630.895, 618.048, 551.113, 616.64, 644.016, 475.666, 587.97, 662.515, 499.442, 683.384, 520.192]] 
[[419.422, 424.562, 451.787, 426.823, 394.84, 471.493, 398.099, 432.202, 417.882, 523.597, 473.671, 411.108, 513.453, 439.049, 400.395, 475.122, 529.664, 415.255, 421.513, 558.985, 644.442, 442.875, 441.342, 465.107, 505.908, 567.004, 529.427, 576.916, 646.19, 626.85, 666.125, 486.789, 427.284, 658.259, 686.915, 676.127, 499.385, 538.266, 750.09, 695.528, 412.064, 395.886, 659.397, 761.06, 795.466, 837.204, 407.128, 870.355, 425.641, 409.482, 487.412, 888.845, 435.825, 565.375, 619.397, 492.391, 887.182, 570.787, 913.668, 385.633, 937.076, 598.522, 631.903, 667.091, 382.039, 693.969, 1414.646]] 
[[414.097, 437.837, 400.952, 414.446, 426.15, 418.353, 454.819, 411.73, 441.658, 478.645, 502.889, 399.562, 398.648, 432.528, 408.977, 422.377, 503.195, 446.901, 421.057, 462.868, 453.098, 481.987, 485.927, 493.417, 507.456, 518.468, 528.481, 432.997, 556.995, 478.199, 505.763, 461.047, 477.198, 533.219, 494.11, 473.128, 515.087, 550.439, 588.032, 453.925, 486.013, 486.291, 510.674, 510.797, 585.357, 424.396, 454.368, 512.692, 565.121, 532.035, 583.639, 451.483, 457.002, 550.49, 584.856, 620.484, 654.95, 733.684, 549.008, 776.088, 563.559, 796.829, 393.985, 586.9, 423.946, 486.716, 808.348]] 
[[405.767, 409.839, 414.711, 473.378, 426.31, 400.992, 432.859, 415.067, 411.636, 454.33, 464.778, 506.037, 429.428, 437.013, 475.508, 456.01, 432.274, 499.044, 505.309, 465.77, 551.718, 590.301, 450.204, 509.417, 615.07, 408.777, 444.299, 530.766, 627.151, 436.657, 558.011, 437.799, 459.45, 466.346, 527.194, 609.014, 467.353, 601.166, 482.771, 634.953, 515.962, 607.703, 648.601, 400.842, 654.012, 560.701, 510.44, 664.521, 457.633, 694.287, 415.391, 730.878, 554.662, 595.563, 753.037, 633.846, 828.057, 770.668, 640.641, 385.284, 566.688, 409.85, 715.617, 595.05, 629.267, 418.09, 476.025]] 
[[458.286, 451.594, 441.766, 484.045, 471.388, 439.584, 435.077, 465.152, 457.76, 479.503, 463.449, 452.253, 495.244, 498.127, 527.295, 454.49, 532.898, 642.289, 515.153, 480.835, 462.123, 655.648, 457.045, 666.38, 489.944, 530.954, 489.962, 544.055, 525.423, 645.852, 578.496, 530.521, 584.43, 528.029, 663.991, 735.129, 598.689, 430.611, 778.682, 614.166, 635.795, 463.058, 621.966, 496.942, 533.166, 475.487, 760.756, 507.764, 547.366, 639.606, 540.817, 769.549, 657.542, 593.038, 571.214, 534.884, 567.954, 643.818, 589.933, 743.389, 643.627, 671.029, 702.409, 604.871, 511.114, 542.541, 713.728]] 
[[493.331, 407.669, 411.306, 521.252, 436.318, 405.211, 543.785, 408.358, 471.455, 451.267, 497.344, 450.97, 512.935, 526.505, 487.511, 508.767, 420.28, 481.65, 535.331, 485.665, 576.902, 492.005, 389.982, 429.768, 469.511, 470.783, 499.121, 532.835, 473.498, 485.124, 553.508, 509.349, 528.039, 544.302, 530.305, 455.515, 604.786, 489.125, 546.543, 544.981, 518.49, 552.674, 496.997, 558.233, 594.21, 490.281, 564.368, 523.042, 614.874, 585.512, 478.659, 545.298, 603.54, 543.04, 511.865, 481.936, 606.861, 524.394, 540.797, 515.0, 548.62, 629.89, 604.44, 569.956, 575.865, 489.937, 603.307]] 
[[444.238, 409.644, 394.859, 447.918, 499.187, 487.006, 418.956, 472.855, 409.146, 509.377, 453.465, 484.091, 428.293, 463.072, 421.22, 540.359, 496.807, 596.679, 630.101, 433.184, 521.402, 471.069, 485.018, 542.768, 483.807, 518.138, 544.696, 394.093, 473.263, 423.931, 511.7, 550.299, 523.795, 559.002, 560.054, 602.452, 595.149, 549.659, 588.73, 629.786, 608.688, 510.75, 583.986, 663.164, 663.71, 738.872, 402.69, 441.164, 673.497, 753.791, 582.392, 631.232, 779.21, 653.529, 672.119, 446.977, 417.832, 734.86, 795.136, 481.646, 612.257, 437.173, 799.641, 730.537, 617.111, 751.971, 433.582]] 
[[387.56, 428.946, 418.131, 411.468, 461.812, 403.184, 480.764, 447.857, 394.7, 420.703, 495.615, 412.389, 576.287, 429.156, 512.32, 432.672, 464.905, 427.6, 408.726, 453.612, 502.26, 408.878, 522.298, 428.064, 562.656, 451.725, 499.894, 514.255, 537.429, 495.486, 517.602, 614.148, 579.787, 513.473, 532.122, 625.214, 408.415, 575.683, 440.012, 525.629, 540.409, 598.961, 507.152, 619.575, 631.033, 558.653, 634.037, 416.365, 685.875, 468.537, 638.741, 521.945, 561.281, 600.82, 458.15, 651.948, 506.897, 646.197, 591.773, 442.587, 625.524, 539.978, 579.424, 449.785, 635.774, 702.583, 580.069]] 
[[456.627, 431.944, 457.261, 414.971, 398.335, 426.112, 500.824, 463.64, 464.051, 509.515, 553.152, 590.439, 424.913, 430.456, 457.392, 485.901, 451.366, 420.427, 511.858, 498.129, 577.388, 531.324, 583.953, 645.806, 523.023, 504.606, 425.262, 466.432, 669.224, 702.693, 570.914, 399.73, 526.502, 429.794, 631.437, 487.165, 571.976, 693.796, 731.694, 431.853, 551.084, 484.007, 497.203, 571.725, 535.692, 537.455, 586.491, 621.866, 547.579, 582.732, 648.753, 575.538, 526.332, 594.366, 666.64, 697.108, 699.819, 643.131, 577.242, 709.483, 620.479, 671.735, 698.131, 443.007, 707.031, 723.213, 646.404]] 
[[415.616, 408.797, 448.78, 387.839, 454.874, 386.492, 473.421, 413.585, 423.145, 432.628, 452.892, 546.492, 475.715, 497.656, 510.696, 575.502, 537.816, 604.815, 643.009, 410.665, 496.347, 518.153, 563.172, 546.241, 645.892, 579.245, 495.961, 505.347, 564.639, 653.324, 596.71, 626.417, 624.396, 501.676, 651.252, 650.779, 651.755, 687.176, 516.144, 682.019, 672.219, 708.719, 708.702, 751.724, 785.071, 732.692, 674.686, 463.817, 391.946, 795.904, 681.893, 771.621, 832.368, 451.947, 697.979, 840.657, 482.745, 772.778, 413.036, 843.194, 445.581, 525.227, 455.362, 455.177, 831.04, 749.569, 506.803]] 
[[413.15, 401.077, 441.256, 413.411, 505.674, 404.561, 427.588, 467.657, 458.884, 520.981, 549.073, 574.32, 408.27, 445.273, 403.512, 413.9, 587.594, 445.999, 595.048, 543.251, 448.198, 482.764, 469.305, 608.937, 408.83, 574.656, 434.194, 632.084, 461.554, 591.15, 660.314, 626.659, 656.69, 734.853, 679.914, 788.664, 449.344, 423.913, 468.073, 486.325, 696.154, 634.031, 765.203, 716.479, 466.643, 791.152, 823.519, 535.533, 480.837, 757.135, 546.061, 478.566, 767.028, 820.641, 818.277, 549.379, 582.463, 826.256, 430.557, 817.973, 467.121, 579.528, 834.808, 463.961, 807.273, 859.385, 575.786]] 
[[452.311, 406.703, 488.19, 478.562, 416.677, 511.547, 549.208, 406.074, 415.82, 451.45, 434.98, 604.365, 483.226, 467.915, 517.215, 634.05, 515.656, 487.372, 408.747, 506.948, 441.737, 520.383, 555.4, 637.245, 582.78, 559.168, 469.977, 486.114, 516.146, 492.036, 579.408, 522.819, 626.531, 627.916, 542.931, 663.791, 708.099, 637.948, 730.411, 514.056, 463.634, 539.637, 610.373, 581.446, 554.527, 620.112, 602.815, 622.714, 684.434, 636.995, 413.324, 719.059, 442.284, 782.22, 649.371, 573.338, 468.427, 687.215, 593.915, 777.873, 687.05, 468.194, 507.362, 590.42, 707.249, 732.182, 644.614]] 
[[390.217, 524.514, 467.426, 411.443, 422.958, 415.206, 411.624, 461.561, 407.195, 435.343, 455.602, 508.431, 514.011, 561.916, 412.61, 451.202, 496.527, 571.989, 575.961, 416.536, 429.712, 501.119, 467.499, 579.321, 466.229, 600.671, 553.769, 533.736, 475.129, 583.185, 450.532, 600.306, 477.61, 529.513, 615.448, 506.012, 587.475, 591.813, 628.575, 612.579, 512.664, 651.343, 643.288, 445.369, 615.534, 387.799, 514.902, 546.699, 649.096, 636.709, 619.135, 671.053, 706.82, 668.767, 800.68, 717.483, 715.741, 474.008, 455.875, 751.941, 831.454, 822.329, 844.595, 540.958, 858.533, 430.094, 558.109]] 
[[391.424, 408.538, 405.949, 410.773, 444.071, 443.843, 471.782, 424.822, 454.832, 490.982, 443.493, 463.613, 428.969, 411.893, 437.708, 497.984, 448.867, 533.053, 464.26, 571.524, 640.568, 404.7, 435.674, 473.79, 695.638, 452.603, 541.723, 474.134, 488.266, 625.219, 413.96, 397.141, 514.088, 567.23, 643.309, 743.651, 616.124, 737.866, 670.472, 809.321, 755.835, 663.206, 391.17, 609.637, 656.185, 431.657, 688.377, 506.395, 549.508, 776.026, 601.97, 680.909, 803.393, 711.646, 677.293, 825.589, 718.424, 720.459, 846.384, 886.06, 966.705, 614.399, 740.36, 904.476, 623.886, 423.59, 656.642]] 
[[410.524, 398.78, 444.168, 426.549, 411.335, 468.444, 431.187, 473.525, 434.326, 476.491, 476.763, 489.869, 471.408, 450.691, 494.582, 504.818, 542.186, 404.586, 493.87, 500.382, 555.915, 538.151, 630.423, 527.648, 569.744, 656.917, 538.455, 614.211, 660.053, 711.3, 582.899, 629.253, 500.604, 668.433, 717.34, 705.407, 403.087, 626.958, 384.58, 731.391, 425.285, 419.624, 512.084, 908.334, 683.775, 719.984, 797.71, 839.726, 602.599, 745.539, 895.555, 398.031, 763.61, 426.643, 927.475, 995.738, 760.373, 507.965, 441.952, 779.39, 1000.639, 400.373, 507.889, 785.41, 1010.247, 433.985, 528.415]] 
[[395.601, 429.128, 422.202, 433.137, 467.577, 390.832, 427.327, 473.967, 436.489, 438.136, 490.561, 510.702, 559.642, 447.633, 436.294, 528.968, 406.181, 451.211, 426.733, 460.329, 438.196, 541.398, 490.057, 462.433, 503.375, 489.615, 573.879, 559.48, 552.487, 474.958, 400.312, 530.234, 437.01, 538.324, 515.362, 601.749, 608.042, 606.994, 657.499, 471.498, 501.012, 548.612, 476.211, 455.331, 586.414, 655.623, 627.616, 508.165, 546.217, 494.964, 640.725, 579.111, 474.399, 613.123, 539.423, 491.551, 618.046, 460.153, 624.487, 549.288, 596.429, 688.324, 573.044, 597.906, 603.555, 717.634, 739.389]] 
[[416.471, 397.233, 437.948, 398.899, 447.165, 402.756, 526.689, 470.689, 429.991, 463.168, 548.128, 429.553, 455.323, 401.785, 464.343, 553.485, 395.082, 527.364, 491.451, 471.306, 418.82, 565.524, 434.086, 385.168, 499.976, 535.98, 487.771, 406.851, 574.956, 516.011, 537.573, 481.869, 564.087, 412.982, 659.166, 510.95, 601.552, 736.161, 533.52, 675.308, 465.874, 568.785, 390.082, 488.256, 528.83, 585.64, 746.814, 394.685, 431.167, 613.244, 760.985, 475.316, 636.162, 503.418, 670.698, 480.993, 758.486, 825.28, 771.692, 483.314, 387.919, 419.039, 468.307, 459.309, 511.825, 552.06, 467.287]] 
[[402.303, 433.222, 430.024, 449.503, 408.352, 461.027, 491.553, 418.601, 508.32, 417.52, 445.426, 440.295, 409.297, 474.907, 565.727, 409.498, 433.794, 490.428, 478.647, 419.043, 505.365, 510.679, 608.891, 433.127, 581.534, 543.242, 623.889, 582.629, 457.063, 530.874, 712.562, 640.286, 569.721, 599.759, 547.375, 569.523, 592.332, 640.111, 699.359, 661.176, 605.541, 726.296, 615.576, 638.482, 706.8, 741.789, 676.638, 625.595, 703.47, 646.001, 744.281, 726.513, 715.141, 763.462, 659.147, 787.695, 822.611, 709.191, 404.233, 461.577, 498.112, 545.089, 674.694, 692.159, 797.121, 870.626, 672.457]] 
[[405.362, 413.564, 483.536, 521.878, 410.351, 565.235, 421.612, 612.386, 417.907, 441.053, 461.151, 630.65, 469.815, 479.56, 420.597, 647.55, 506.971, 440.629, 716.511, 664.423, 424.034, 781.219, 471.389, 452.902, 437.569, 710.587, 493.662, 792.741, 507.63, 459.167, 814.656, 455.081, 493.335, 844.293, 517.371, 879.153, 522.226, 474.908, 896.779, 545.289, 392.486, 443.285, 498.745, 905.91, 527.889, 453.5, 560.09, 587.022, 523.876, 560.468, 436.059, 886.688, 982.689, 917.123, 578.555, 487.413, 409.769, 429.27, 546.567, 961.139, 565.579, 470.247, 393.681, 592.881, 505.877, 664.154, 616.144]] 
[[401.69, 472.729, 444.26, 410.554, 428.355, 603.229, 486.836, 526.281, 461.036, 439.967, 500.031, 618.207, 516.406, 535.746, 587.638, 402.875, 436.447, 409.795, 634.37, 460.37, 437.387, 608.449, 653.523, 692.248, 727.843, 466.378, 774.018, 603.458, 812.115, 465.834, 405.807, 483.724, 822.068, 859.039, 431.523, 465.375, 878.477, 515.913, 537.614, 495.121, 452.768, 495.662, 945.894, 536.27, 872.414, 534.717, 949.16, 986.245, 481.304, 1015.079, 520.873, 1048.096, 1129.813, 1079.81, 545.669, 508.998, 558.988, 1154.659, 1233.233, 402.195, 578.867, 442.968, 606.234, 477.844, 680.683, 518.76, 607.724]] 
[[465.096, 383.023, 416.751, 398.843, 398.995, 427.7, 411.984, 413.645, 464.414, 482.48, 469.466, 425.711, 506.012, 545.383, 483.723, 417.804, 441.191, 417.388, 438.494, 505.084, 539.965, 430.448, 465.495, 443.217, 596.804, 545.089, 476.417, 476.948, 503.181, 541.453, 602.59, 493.672, 423.333, 519.956, 547.21, 390.062, 532.096, 419.614, 565.346, 586.007, 441.094, 578.095, 616.494, 652.442, 595.315, 684.962, 406.207, 717.452, 610.671, 467.765, 462.108, 407.91, 489.031, 525.777, 751.062, 484.081, 698.192, 774.743, 571.753, 555.317, 467.263, 485.225, 753.981, 564.429, 605.129, 440.246, 765.845]] 
[[392.352, 406.143, 405.471, 437.342, 449.511, 418.967, 448.925, 443.971, 486.633, 446.101, 518.444, 402.317, 547.412, 400.009, 433.812, 442.416, 494.576, 569.606, 413.112, 422.171, 441.467, 462.814, 481.588, 434.265, 483.842, 487.943, 437.178, 514.383, 510.252, 461.6, 501.309, 521.233, 536.425, 517.739, 545.305, 581.036, 459.201, 555.691, 497.457, 445.319, 566.553, 529.092, 624.236, 559.224, 454.587, 517.211, 539.59, 455.916, 515.984, 530.722, 583.398, 527.977, 605.313, 522.969, 564.458, 714.612, 626.433, 601.891, 489.842, 496.324, 725.262, 546.661, 499.698, 546.688, 594.358, 499.78, 550.219, 598.628]] 
[[514.446, 410.615, 413.246, 437.922, 518.518, 404.588, 399.106, 431.399, 533.218, 464.992, 609.878, 550.052, 422.094, 634.039, 440.894, 507.458, 415.617, 405.124, 454.862, 662.106, 447.723, 441.178, 461.211, 501.305, 432.211, 533.951, 495.815, 457.116, 618.046, 650.592, 548.762, 482.182, 722.106, 674.636, 648.426, 476.714, 527.755, 408.491, 718.558, 500.578, 435.645, 654.49, 443.773, 501.508, 511.898, 549.529, 595.539, 631.072, 707.408, 756.586, 679.004, 618.441, 465.828, 767.207, 516.185, 678.888, 480.791, 531.595, 602.525, 626.341, 539.653, 741.658, 658.41, 567.476, 627.668, 457.55, 667.286, 565.24]] 
[[453.252, 488.456, 410.978, 514.412, 563.281, 526.753, 440.998, 457.108, 412.979, 447.0, 444.507, 540.81, 465.217, 512.801, 409.94, 427.192, 455.615, 526.039, 531.709, 553.545, 581.278, 439.708, 613.183, 740.521, 683.229, 448.911, 466.912, 590.345, 447.849, 628.198, 529.818, 481.981, 457.492, 500.148, 418.714, 494.156, 609.235, 664.782, 758.697, 440.078, 693.703, 486.076, 617.099, 764.885, 513.619, 464.007, 463.685, 540.92, 493.514, 750.308, 489.945, 587.459, 554.263, 629.03, 755.282, 570.797, 462.955, 504.853, 578.062, 530.478, 622.427, 433.446, 571.972, 454.236, 530.906, 485.514, 583.634, 640.613]] 
[[477.001, 438.629, 421.698, 437.5, 442.63, 458.725, 454.056, 464.085, 438.497, 456.611, 445.346, 488.06, 462.514, 441.153, 511.275, 563.24, 506.7, 456.674, 562.564, 583.303, 489.479, 422.107, 608.166, 574.597, 640.317, 503.023, 542.345, 409.608, 598.065, 561.579, 609.007, 404.292, 481.979, 432.187, 512.502, 669.634, 617.74, 540.303, 590.63, 577.588, 566.597, 437.028, 472.145, 584.312, 588.409, 570.533, 596.843, 681.532, 628.993, 458.801, 584.664, 711.338, 485.335, 552.928, 736.972, 583.411, 540.535, 657.148, 573.194, 796.525, 554.839, 833.807, 544.137, 582.362, 634.905, 551.427, 596.194, 832.199]] 
[[443.193, 424.313, 465.653, 398.485, 414.677, 468.596, 404.966, 420.872, 479.913, 398.41, 460.531, 426.721, 502.592, 456.242, 426.54, 522.198, 465.948, 400.624, 437.858, 459.123, 541.573, 455.971, 399.109, 506.847, 451.601, 603.401, 550.639, 629.288, 411.076, 441.241, 504.068, 544.175, 585.895, 631.337, 707.603, 659.399, 405.376, 743.413, 401.87, 427.192, 477.206, 473.163, 417.688, 390.367, 488.357, 431.951, 500.957, 723.021, 485.352, 536.021, 522.973, 497.506, 744.126, 524.264, 763.581, 542.946, 591.854, 537.993, 778.593, 501.036, 598.264, 396.355, 623.967, 499.802, 755.818, 533.578, 784.373, 822.851]] 
[[399.719, 402.775, 415.83, 428.82, 425.426, 455.305, 514.916, 487.38, 403.236, 443.4, 408.057, 446.457, 485.944, 450.044, 541.63, 413.515, 493.826, 541.945, 418.238, 443.776, 556.972, 475.867, 561.696, 408.877, 422.46, 437.22, 559.98, 629.702, 493.025, 499.81, 549.337, 429.413, 501.682, 509.836, 430.154, 538.945, 458.986, 593.744, 562.139, 486.668, 520.889, 556.66, 624.149, 668.557, 649.051, 499.267, 586.838, 462.551, 547.737, 494.663, 581.532, 502.101, 569.832, 602.373, 628.353, 630.972, 592.137, 654.802, 534.603, 572.13, 604.182, 437.466, 664.193, 615.627, 469.259, 555.744, 596.544, 656.874]] 
[[395.431, 417.908, 392.081, 440.741, 447.838, 431.789, 392.333, 439.304, 469.078, 459.636, 479.986, 537.378, 487.327, 405.995, 560.589, 452.232, 476.493, 484.884, 625.643, 402.785, 697.554, 646.581, 432.59, 722.317, 413.695, 472.668, 747.711, 514.695, 430.774, 556.839, 428.793, 595.159, 455.151, 497.595, 434.507, 611.014, 462.766, 685.547, 636.053, 502.535, 690.011, 454.04, 533.4, 457.676, 564.89, 695.706, 470.65, 584.002, 646.164, 611.56, 444.362, 663.288, 679.709, 462.451, 625.708, 488.708, 678.732, 432.643, 505.368, 457.953, 719.363, 749.057, 514.707, 793.338, 543.859, 600.981, 569.477, 604.816]] 
[[464.32, 442.153, 410.002, 407.055, 448.613, 457.521, 416.639, 438.067, 468.704, 437.184, 417.239, 496.144, 449.545, 454.158, 494.029, 509.194, 523.543, 463.783, 530.357, 564.655, 399.024, 475.753, 526.692, 506.164, 396.781, 536.403, 542.539, 443.595, 392.501, 558.618, 600.444, 459.679, 595.621, 626.129, 408.118, 525.569, 614.951, 487.653, 488.201, 524.72, 407.263, 610.459, 659.665, 601.87, 480.086, 520.372, 554.405, 498.929, 532.312, 387.661, 566.129, 593.197, 451.711, 658.94, 533.952, 576.723, 515.328, 607.495, 613.403, 542.448, 549.922, 605.818, 617.672, 630.649, 664.856, 512.512, 498.473, 683.667]] 
[[391.238, 407.463, 421.571, 468.831, 397.838, 455.797, 471.696, 457.096, 503.983, 497.721, 537.785, 411.884, 574.719, 579.672, 503.631, 609.345, 594.886, 636.436, 432.541, 415.413, 661.882, 394.347, 594.453, 451.743, 722.511, 674.496, 504.401, 535.733, 398.045, 439.436, 578.233, 471.076, 507.11, 851.637, 642.927, 716.323, 586.827, 513.832, 491.139, 420.123, 752.572, 659.326, 473.189, 510.731, 522.252, 817.184, 699.093, 740.943, 515.791, 842.671, 526.573, 764.776, 457.843, 797.122, 551.49, 506.556, 575.442, 455.233, 641.542, 575.42, 666.973, 823.745, 451.325, 525.101, 785.759, 681.569, 552.938, 822.827]] 
[[432.249, 408.264, 418.016, 476.236, 442.085, 416.324, 453.439, 471.618, 507.262, 463.867, 524.761, 407.59, 450.441, 447.964, 474.329, 547.092, 635.678, 462.18, 498.45, 564.071, 498.272, 543.783, 638.67, 523.895, 673.608, 439.294, 554.761, 619.804, 728.687, 549.531, 665.17, 556.425, 435.673, 729.742, 430.27, 603.597, 459.414, 491.572, 556.03, 737.738, 435.194, 513.941, 745.635, 589.297, 634.171, 438.97, 560.57, 698.451, 649.856, 737.664, 454.229, 712.022, 554.565, 500.24, 505.094, 731.569, 539.075, 526.692, 564.152, 566.499, 540.666, 693.585, 716.472, 759.298, 540.001, 720.875, 564.876, 524.944]] 
[[401.936, 407.012, 410.318, 410.487, 439.798, 448.983, 481.28, 484.744, 497.637, 463.224, 405.129, 396.542, 443.291, 480.841, 526.982, 567.508, 448.835, 417.036, 590.354, 449.081, 487.716, 432.423, 525.191, 563.509, 480.499, 590.441, 455.765, 418.98, 491.563, 458.434, 491.04, 587.6, 534.621, 565.366, 530.993, 444.655, 591.684, 466.21, 475.909, 496.569, 569.669, 518.479, 518.691, 583.087, 517.918, 462.635, 551.073, 522.264, 564.121, 613.292, 574.405, 645.567, 600.895, 525.308, 563.885, 653.598, 641.032, 581.248, 407.233, 653.635, 570.867, 417.79, 452.524, 578.895, 461.559, 617.101, 531.486, 598.084]] 
[[456.56, 418.118, 412.403, 428.434, 433.458, 457.689, 425.747, 413.305, 498.504, 449.826, 436.868, 619.615, 514.251, 419.058, 554.961, 433.116, 476.981, 426.933, 517.52, 398.167, 434.177, 479.967, 582.058, 536.419, 610.325, 404.763, 451.564, 552.296, 682.97, 618.917, 471.561, 403.594, 444.493, 539.481, 418.34, 479.746, 545.221, 612.279, 549.981, 616.219, 478.438, 426.524, 422.056, 655.476, 493.018, 636.344, 610.32, 473.266, 660.699, 656.898, 622.721, 739.251, 492.231, 543.013, 664.426, 626.615, 740.25, 653.102, 428.248, 745.639, 445.914, 776.039, 634.243, 485.882, 802.456, 653.086, 586.73, 822.629]] 
[[414.686, 388.842, 394.418, 458.842, 474.068, 412.299, 406.36, 437.211, 452.003, 414.896, 523.388, 473.004, 437.204, 464.725, 507.316, 442.286, 425.375, 494.688, 513.719, 446.46, 518.655, 517.245, 471.814, 398.271, 438.877, 526.529, 501.976, 577.86, 518.316, 570.272, 608.635, 507.929, 529.024, 571.653, 447.092, 395.794, 621.486, 532.937, 428.533, 576.067, 460.891, 438.833, 612.06, 554.43, 661.868, 623.974, 457.136, 437.622, 666.604, 569.302, 706.57, 662.426, 448.639, 771.48, 602.116, 438.377, 661.694, 490.317, 630.164, 820.175, 719.137, 754.348, 729.78, 408.066, 807.912, 744.605, 537.644, 449.757]] 
[[406.633, 429.498, 437.367, 469.408, 447.717, 527.795, 449.505, 470.931, 565.305, 417.969, 474.466, 407.18, 583.535, 621.391, 502.322, 436.89, 538.12, 469.909, 421.909, 445.37, 549.835, 459.824, 477.794, 499.579, 485.545, 653.504, 596.007, 552.602, 476.93, 512.249, 551.464, 647.422, 480.735, 554.541, 639.127, 586.935, 444.141, 490.918, 582.838, 621.046, 658.248, 669.405, 618.834, 703.466, 612.131, 438.088, 483.16, 514.457, 551.518, 654.076, 473.721, 571.991, 503.189, 667.93, 706.321, 656.326, 514.302, 673.965, 700.433, 532.657, 513.796, 564.249, 591.112, 649.897, 487.467, 545.593, 494.214, 655.788]] 
[[455.884, 415.958, 460.635, 433.286, 429.379, 445.08, 453.155, 441.942, 472.608, 439.565, 454.062, 492.338, 471.176, 519.268, 422.319, 552.962, 550.784, 423.499, 459.639, 429.167, 485.531, 559.609, 546.463, 414.381, 469.829, 501.09, 576.145, 462.706, 497.528, 515.404, 599.842, 522.999, 593.306, 519.62, 610.736, 517.399, 541.714, 605.182, 725.783, 560.927, 637.557, 616.697, 656.936, 569.86, 582.788, 458.187, 714.485, 644.842, 637.057, 394.808, 701.249, 468.529, 646.139, 714.805, 719.935, 524.915, 395.434, 480.182, 743.041, 538.876, 431.872, 644.49, 748.112, 557.74, 599.999, 787.059, 637.571, 446.288]] 
[[396.196, 408.133, 452.19, 473.203, 408.443, 514.78, 415.174, 411.067, 441.82, 418.099, 454.983, 581.603, 486.86, 524.176, 412.825, 458.319, 397.437, 472.421, 483.095, 423.752, 493.396, 478.286, 591.523, 542.461, 409.492, 446.106, 610.812, 479.738, 661.531, 517.178, 708.887, 742.164, 782.295, 422.612, 814.431, 458.13, 404.57, 455.143, 831.758, 528.206, 476.54, 456.428, 560.1, 929.408, 836.645, 871.002, 621.963, 433.47, 563.954, 939.666, 432.998, 444.471, 465.945, 614.922, 414.025, 439.853, 919.774, 445.524, 991.716, 444.058, 924.269, 600.077, 999.474, 396.293, 413.111, 1005.962, 413.705, 593.424]] 
[[397.041, 405.226, 477.482, 434.834, 421.514, 484.784, 449.482, 403.173, 442.524, 469.427, 474.047, 520.484, 485.361, 669.899, 547.35, 476.362, 406.457, 714.652, 483.773, 492.904, 517.984, 558.205, 743.278, 400.354, 470.603, 516.713, 552.59, 618.351, 745.352, 589.58, 609.245, 645.94, 704.583, 613.096, 746.685, 533.017, 635.054, 601.349, 672.269, 636.083, 639.405, 734.617, 688.758, 676.704, 780.706, 726.144, 652.805, 721.89, 621.325, 836.333, 846.863, 744.418, 631.306, 694.436, 773.395, 864.678, 717.475, 869.497, 934.064, 892.686, 571.243, 633.638, 978.599, 935.06, 676.385, 791.893, 980.946, 529.992]] 
[[429.444, 445.144, 434.77, 409.196, 403.148, 456.243, 501.822, 435.735, 416.411, 468.587, 460.15, 515.061, 475.757, 438.744, 476.848, 436.816, 476.981, 505.659, 423.023, 497.497, 552.91, 453.167, 577.292, 627.901, 468.614, 438.371, 471.778, 456.172, 584.74, 624.008, 471.325, 475.813, 625.662, 526.242, 494.986, 599.649, 637.514, 619.775, 674.865, 692.107, 643.319, 662.599, 721.632, 399.839, 713.38, 753.31, 787.161, 440.716, 649.698, 440.295, 387.121, 471.302, 789.575, 450.733, 666.089, 708.772, 530.511, 681.995, 472.77, 549.872, 606.127, 771.628, 791.447, 678.505, 417.57, 635.816, 453.59, 487.628]] 
[[416.414, 437.391, 441.975, 412.428, 402.893, 490.458, 468.194, 494.671, 468.209, 393.334, 425.456, 439.889, 485.932, 441.505, 468.077, 433.808, 475.541, 462.962, 516.851, 501.392, 408.652, 471.65, 451.802, 530.953, 506.925, 454.252, 546.014, 567.92, 674.999, 476.131, 446.742, 520.845, 558.425, 563.111, 602.453, 469.734, 457.387, 559.689, 506.248, 494.078, 533.546, 565.996, 586.797, 585.962, 664.716, 779.902, 728.347, 589.303, 844.755, 617.238, 705.412, 776.326, 535.053, 611.79, 650.176, 565.765, 631.559, 664.015, 414.279, 850.335, 683.94, 745.747, 414.099, 450.901, 658.185, 594.664, 867.829, 743.457]] 
[[404.979, 388.378, 434.223, 404.686, 440.577, 444.955, 468.478, 434.079, 398.494, 429.198, 471.464, 509.962, 455.907, 488.701, 679.381, 411.492, 407.878, 443.76, 428.01, 479.949, 659.846, 662.915, 661.323, 418.598, 459.279, 684.351, 451.375, 1053.216, 611.834, 599.593, 583.078, 586.2, 771.376, 690.073, 612.763, 563.209, 552.66, 727.028, 542.664, 757.905, 803.255, 518.31, 505.789, 815.836, 495.997, 510.206, 839.275, 539.88, 544.131, 544.578, 602.952, 541.806, 583.684, 546.954, 800.739, 581.238, 823.63, 1398.6770000000001, 473.344, 1586.766, 551.579, 1784.096, 654.098, 534.257, 554.61, 559.261, 481.654, 920.551]] 
[[1864.397, 739.912, 2377.386, 1842.435, 930.073, 936.696, 917.942, 683.163, 993.125, 691.978, 636.337, 601.86, 879.31, 871.275, 869.861, 856.811, 589.919, 1793.1570000000002, 843.7, 1128.223, 1136.6109999999999, 1708.8, 1111.286, 1090.283, 871.869, 878.796, 1098.167, 845.126, 1094.078, 1072.128, 1050.639, 1057.709, 1082.31, 1040.61, 1037.988, 1093.545, 1292.612, 1019.093, 1061.946, 1220.528, 1019.69, 1190.592, 1027.48, 1168.227, 1212.198, 979.428, 983.325, 1207.414, 1005.608, 1003.65, 1113.795, 1119.024, 1164.352, 1175.938, 896.551, 1478.625, 1233.103, 1254.969, 1135.5, 1067.02, 1116.16, 1184.179, 923.807, 1153.046, 1202.699, 1409.17, 1396.78, 1397.12, 1385.528]] 
[[420.71, 445.751, 417.662, 432.837, 463.323, 431.843, 470.078, 422.136, 542.149, 494.155, 435.269, 472.35, 449.208, 444.161, 563.72, 549.337, 503.149, 447.428, 559.215, 596.606, 485.686, 445.512, 426.795, 560.744, 468.62, 599.308, 513.149, 483.942, 509.644, 529.793, 574.717, 650.606, 572.678, 579.78, 587.964, 492.144, 580.734, 529.976, 601.277, 476.36, 572.422, 677.751, 502.972, 608.7, 648.208, 519.652, 684.451, 586.624, 711.16, 749.621, 488.474, 651.171, 590.652, 505.264, 609.929, 478.251, 569.765, 645.9, 678.761, 706.038, 736.29, 629.19, 571.237, 570.1, 707.22, 647.765, 720.221, 572.627, 599.674]] 
[[409.796, 423.21, 429.126, 542.261, 465.582, 426.575, 551.719, 451.813, 589.273, 632.777, 448.856, 672.362, 443.751, 493.385, 420.631, 460.681, 677.152, 590.122, 424.071, 477.697, 565.397, 685.743, 501.236, 714.05, 399.057, 733.669, 771.959, 813.494, 548.156, 845.354, 417.42, 540.357, 558.344, 452.537, 478.535, 418.621, 542.074, 553.056, 818.798, 492.72, 554.637, 642.367, 581.463, 816.385, 600.934, 536.555, 470.72, 505.812, 623.925, 622.1, 458.069, 412.927, 490.921, 629.248, 484.075, 607.466, 772.665, 620.045, 481.35, 631.479, 495.208, 680.755, 604.534, 704.672, 765.374, 619.282, 711.991, 776.295]] 
[[422.729, 433.097, 471.415, 468.599, 408.525, 416.267, 491.357, 427.551, 479.119, 508.623, 417.824, 403.319, 430.407, 488.719, 437.642, 450.999, 583.334, 416.11, 442.673, 483.707, 691.149, 831.419, 745.638, 466.295, 500.419, 486.514, 526.287, 401.027, 551.58, 591.152, 633.989, 802.985, 408.579, 607.423, 685.468, 607.272, 429.962, 747.732, 780.111, 790.046, 827.262, 474.137, 867.971, 428.062, 902.039, 944.916, 769.061, 487.542, 523.565, 1004.371, 542.243, 582.071, 528.151, 498.093, 998.592, 526.761, 535.044, 548.526, 763.133, 700.465, 838.463, 786.154, 858.333, 947.178, 510.123, 496.794, 882.467, 949.4, 496.571]] 
[[423.272, 443.568, 400.862, 437.06, 447.233, 429.954, 482.04, 471.07, 509.563, 550.371, 451.534, 477.295, 400.983, 583.026, 481.254, 417.477, 559.381, 529.353, 564.151, 629.686, 575.645, 586.844, 566.536, 672.265, 632.849, 418.52, 481.152, 659.322, 579.664, 692.169, 499.634, 564.82, 722.159, 701.579, 639.533, 507.094, 728.01, 434.836, 548.367, 751.203, 607.213, 543.462, 578.301, 685.698, 805.694, 748.935, 828.316, 706.009, 585.524, 585.127, 403.298, 650.477, 853.908, 437.957, 600.832, 691.923, 686.72, 497.28, 444.003, 720.083, 512.674, 543.65, 566.581, 755.542, 829.288, 579.77, 543.691, 572.325, 596.322]] 
[[412.8, 398.29, 444.447, 400.601, 392.425, 437.937, 419.138, 402.838, 445.603, 467.822, 427.22, 468.359, 548.889, 439.418, 438.823, 455.638, 471.524, 484.208, 451.701, 400.312, 478.528, 519.366, 439.861, 455.463, 401.166, 481.491, 457.357, 483.549, 570.247, 511.699, 494.487, 488.761, 532.463, 593.246, 584.222, 632.614, 446.379, 500.959, 480.762, 543.687, 640.51, 622.245, 567.354, 487.044, 596.774, 686.066, 639.359, 504.902, 401.201, 535.954, 596.498, 684.62, 598.29, 660.064, 612.87, 703.01, 615.775, 400.369, 428.545, 648.663, 454.325, 475.642, 724.76, 671.06, 695.223, 639.789, 479.496, 468.565, 419.671]] 
[[406.782, 433.345, 414.064, 408.409, 467.896, 414.911, 434.102, 391.343, 462.158, 440.917, 490.381, 428.675, 555.224, 505.42, 658.784, 588.194, 437.916, 472.907, 552.681, 398.942, 589.883, 401.404, 432.706, 466.646, 406.982, 596.367, 493.195, 613.623, 620.576, 483.463, 643.894, 416.332, 595.106, 505.766, 602.061, 635.205, 523.548, 682.549, 633.502, 408.579, 699.406, 607.565, 742.731, 684.642, 631.462, 757.764, 420.916, 460.112, 689.503, 778.224, 596.418, 809.623, 483.055, 713.372, 606.866, 741.52, 551.571, 505.116, 751.479, 613.54, 649.755, 749.512, 414.006, 533.188, 431.856, 554.822, 702.725, 584.694, 613.361]] 
[[404.772, 428.737, 476.354, 484.764, 403.152, 466.851, 402.775, 452.61, 399.263, 468.45, 477.623, 461.268, 447.942, 424.429, 483.053, 449.698, 466.716, 481.153, 605.957, 454.058, 482.559, 524.583, 474.014, 519.853, 628.981, 552.29, 678.767, 399.55, 442.899, 468.416, 509.448, 564.925, 701.1, 403.12, 527.003, 434.576, 582.213, 474.464, 537.861, 544.998, 703.857, 612.407, 411.341, 650.703, 566.818, 650.285, 562.589, 702.95, 598.505, 679.364, 664.753, 735.395, 641.625, 403.857, 699.811, 697.198, 738.62, 780.393, 700.073, 785.978, 797.216, 409.488, 808.72, 447.468, 647.315, 841.096, 491.797, 787.475, 651.615]] 
[[402.452, 404.848, 450.819, 512.944, 461.294, 479.055, 408.711, 391.475, 446.822, 513.611, 487.627, 453.481, 537.181, 575.829, 612.437, 502.899, 451.518, 533.062, 426.274, 622.723, 663.634, 459.784, 436.872, 746.101, 683.21, 457.949, 495.771, 405.354, 457.391, 537.751, 438.767, 581.075, 487.197, 475.233, 717.638, 503.227, 531.053, 482.73, 530.147, 417.006, 725.582, 796.847, 576.375, 851.525, 613.149, 669.506, 480.687, 701.118, 493.925, 568.699, 502.366, 743.653, 575.803, 419.224, 470.615, 717.065, 622.62, 415.162, 731.828, 736.196, 482.26, 530.896, 1268.0819999999999, 669.826, 825.785, 777.396, 880.409, 389.998, 570.471]] 
[[393.747, 434.221, 417.031, 448.751, 438.752, 445.173, 459.585, 488.156, 590.277, 546.523, 638.382, 421.87, 671.179, 459.875, 700.253, 501.572, 536.848, 552.018, 492.765, 446.764, 408.821, 390.295, 441.418, 481.688, 679.328, 550.896, 637.173, 406.226, 573.098, 530.353, 427.788, 468.387, 637.028, 469.737, 671.731, 654.852, 529.338, 698.281, 710.615, 467.027, 540.721, 708.687, 561.812, 445.716, 777.816, 585.826, 473.786, 716.603, 709.814, 837.022, 740.096, 773.77, 772.956, 566.208, 453.858, 538.944, 603.879, 475.599, 568.787, 810.526, 618.268, 626.285, 575.114, 641.624, 698.12, 657.647, 770.674, 706.402, 598.777]] 
[[426.257, 430.041, 429.392, 464.056, 532.143, 483.838, 415.994, 545.299, 428.457, 440.279, 653.964, 458.971, 458.105, 561.036, 434.933, 503.507, 455.782, 461.521, 537.984, 400.977, 434.577, 470.273, 469.647, 612.839, 538.48, 413.786, 586.257, 440.969, 469.913, 605.501, 558.208, 500.782, 485.609, 621.337, 434.244, 570.671, 521.673, 459.974, 583.555, 469.895, 533.749, 511.467, 493.617, 583.934, 580.959, 514.266, 530.786, 602.635, 598.128, 638.596, 570.247, 485.748, 508.234, 524.058, 593.128, 641.424, 677.157, 491.495, 640.091, 712.49, 509.754, 546.955, 565.282, 577.138, 653.889, 504.981, 577.583, 581.056, 460.785]] 
[[474.334, 401.729, 431.653, 459.183, 415.252, 419.89, 459.446, 473.725, 477.032, 513.891, 451.993, 486.055, 416.239, 539.919, 460.715, 517.341, 616.769, 560.123, 458.002, 457.796, 527.818, 458.095, 617.704, 494.014, 530.859, 496.681, 634.314, 473.071, 517.922, 536.214, 544.351, 642.18, 474.662, 673.464, 478.805, 565.274, 592.599, 502.228, 683.234, 617.466, 499.263, 523.181, 742.583, 633.175, 670.89, 426.719, 670.116, 495.484, 704.464, 507.054, 725.702, 763.846, 799.583, 432.702, 711.715, 514.582, 525.2, 818.58, 732.099, 589.341, 658.34, 868.479, 809.358, 428.49, 462.499, 463.585, 867.867, 474.622, 480.233]] 
[[428.12, 431.362, 444.766, 539.211, 475.789, 429.852, 397.306, 392.537, 425.352, 544.546, 488.672, 454.945, 501.241, 434.527, 465.951, 514.291, 453.979, 548.838, 487.64, 526.17, 400.736, 527.506, 473.239, 436.49, 538.67, 548.972, 454.444, 581.374, 481.356, 536.342, 587.956, 520.981, 497.16, 475.504, 566.242, 588.423, 638.07, 597.368, 483.785, 522.085, 563.0, 488.724, 637.249, 514.677, 456.272, 594.645, 686.267, 639.897, 651.481, 460.262, 516.902, 580.518, 681.035, 495.81, 560.52, 641.615, 592.825, 663.219, 676.906, 592.575, 529.134, 605.259, 678.666, 518.111, 633.642, 633.2, 646.968, 692.212, 503.757]] 
[[405.368, 435.977, 423.28, 453.754, 485.927, 421.737, 406.294, 433.547, 483.696, 454.917, 450.992, 470.839, 486.387, 470.541, 493.086, 405.179, 505.334, 424.941, 513.893, 412.38, 602.806, 541.252, 446.848, 550.108, 417.463, 417.255, 464.889, 567.865, 590.325, 598.212, 526.463, 447.666, 501.715, 542.293, 581.697, 429.792, 479.623, 611.539, 571.984, 495.644, 666.701, 534.452, 689.909, 456.405, 607.15, 501.414, 682.667, 631.632, 688.346, 727.42, 698.883, 515.857, 430.615, 743.396, 819.755, 767.255, 844.81, 552.508, 492.4, 422.604, 645.558, 674.735, 424.706, 699.516, 437.469, 505.145, 772.162, 536.544, 804.693]] 
[[394.989, 438.565, 405.79, 403.241, 436.134, 445.534, 441.166, 420.982, 449.187, 440.54, 482.491, 482.427, 435.465, 446.066, 525.51, 435.033, 556.969, 604.039, 461.894, 448.406, 488.063, 411.417, 521.826, 569.97, 436.314, 424.943, 466.336, 588.148, 635.337, 426.71, 662.844, 699.824, 554.57, 625.819, 415.361, 709.287, 744.062, 787.496, 638.753, 432.183, 800.634, 424.561, 456.113, 446.727, 384.776, 496.372, 437.355, 472.902, 519.281, 552.237, 430.634, 588.345, 470.354, 465.374, 601.142, 635.623, 480.884, 711.088, 737.973, 642.015, 502.665, 665.706, 521.254, 700.005, 440.449, 440.786, 524.447, 701.2, 742.902]] 
[[422.861, 475.096, 394.215, 401.71, 534.596, 425.001, 484.598, 442.331, 411.293, 466.053, 408.218, 546.065, 478.876, 415.27, 484.578, 407.134, 474.208, 439.976, 555.968, 683.649, 534.535, 634.573, 407.618, 470.071, 565.499, 415.444, 468.23, 411.222, 536.45, 794.851, 641.947, 527.019, 516.832, 469.367, 452.208, 465.904, 564.149, 389.774, 628.029, 501.253, 652.636, 755.972, 498.393, 447.938, 460.092, 605.517, 776.907, 507.583, 502.565, 558.817, 528.48, 584.097, 502.981, 620.349, 448.844, 574.276, 613.537, 464.656, 643.92, 493.462, 700.013, 503.719, 591.694, 756.13, 494.573, 514.738, 669.501, 603.602, 548.8]] 
[[398.163, 400.296, 406.176, 422.175, 461.216, 430.553, 409.665, 527.501, 395.17, 469.129, 475.351, 423.648, 429.861, 395.785, 517.589, 561.023, 612.509, 666.282, 399.546, 453.035, 431.089, 409.693, 673.927, 431.648, 477.368, 429.607, 718.868, 462.714, 762.79, 498.834, 452.972, 472.767, 793.851, 534.19, 812.554, 504.414, 381.261, 539.178, 831.528, 599.046, 859.195, 896.475, 415.656, 700.699, 922.549, 619.173, 411.959, 971.4, 441.979, 453.68, 713.908, 487.183, 451.524, 578.498, 501.989, 630.706, 706.032, 497.573, 548.139, 430.681, 474.39, 519.245, 681.95, 715.316, 544.847, 907.938, 938.946, 720.173, 964.919]] 
[[424.802, 415.164, 432.545, 442.08, 427.758, 421.729, 466.348, 441.089, 535.925, 489.843, 481.437, 503.344, 432.754, 469.745, 525.742, 390.88, 484.824, 516.436, 402.483, 548.093, 430.675, 523.441, 579.36, 457.13, 545.618, 469.983, 580.918, 415.974, 451.416, 478.993, 592.121, 629.967, 435.793, 459.55, 530.044, 491.84, 636.566, 442.997, 565.449, 458.934, 498.349, 524.524, 695.974, 635.267, 750.88, 538.187, 800.339, 620.096, 569.45, 546.401, 811.407, 408.67, 439.838, 491.811, 598.277, 420.351, 484.162, 606.002, 407.966, 635.446, 476.388, 521.095, 660.166, 727.239, 486.662, 437.434, 743.389, 654.224, 781.656]] 
[[408.135, 483.723, 418.958, 403.575, 508.169, 406.957, 435.546, 513.342, 434.503, 558.632, 434.47, 440.082, 626.367, 464.779, 513.363, 454.038, 433.558, 420.596, 469.98, 502.084, 432.753, 568.4, 474.891, 654.137, 486.367, 497.799, 513.227, 580.847, 668.93, 474.972, 673.223, 500.791, 589.674, 698.681, 398.1, 732.932, 688.922, 763.641, 461.831, 485.02, 789.127, 409.54, 434.466, 808.456, 464.226, 521.586, 473.273, 491.559, 644.242, 809.124, 841.643, 673.854, 872.115, 718.853, 523.696, 738.266, 883.218, 408.684, 466.039, 750.503, 898.12, 468.805, 492.09, 527.71, 896.289, 938.693, 974.359, 463.083, 709.131]] 
[[464.606, 392.601, 400.655, 406.926, 433.133, 435.03, 457.676, 500.823, 472.237, 422.017, 517.856, 432.566, 407.111, 441.472, 451.112, 432.708, 482.893, 462.689, 446.184, 537.655, 471.403, 531.188, 500.308, 463.484, 537.861, 550.096, 535.582, 520.357, 403.48, 558.026, 491.179, 517.746, 572.683, 515.308, 499.34, 513.465, 532.88, 537.391, 560.934, 511.817, 564.817, 605.877, 509.921, 571.82, 534.137, 601.296, 568.921, 520.403, 563.822, 484.553, 578.457, 521.169, 614.762, 569.608, 554.147, 574.243, 716.304, 573.342, 599.953, 648.643, 589.643, 540.432, 663.557, 604.084, 545.866, 473.921, 674.083, 893.839, 767.277]] 
[[453.701, 427.835, 412.262, 459.141, 403.896, 420.067, 492.066, 441.972, 408.682, 472.487, 452.242, 476.652, 432.491, 485.118, 525.347, 413.859, 563.219, 452.546, 601.374, 471.77, 424.014, 503.695, 658.984, 530.643, 423.516, 439.788, 392.936, 576.764, 435.879, 521.082, 468.929, 524.292, 435.638, 475.357, 551.136, 501.003, 555.845, 408.172, 618.809, 566.757, 577.16, 463.794, 411.209, 475.364, 621.252, 581.419, 544.88, 495.063, 517.048, 570.838, 603.123, 445.443, 478.552, 625.465, 523.455, 598.465, 571.391, 635.096, 668.893, 449.452, 591.41, 515.116, 561.74, 604.873, 650.915, 690.073, 556.995, 750.642, 700.118, 410.767]] 
[[411.305, 418.917, 400.724, 441.899, 410.529, 435.523, 431.555, 455.656, 429.725, 434.327, 493.341, 439.297, 482.244, 408.008, 506.833, 430.213, 495.298, 445.474, 444.508, 417.508, 471.4, 438.623, 496.427, 516.356, 449.946, 546.006, 530.482, 496.406, 468.506, 528.367, 519.237, 555.208, 534.974, 577.565, 513.947, 554.594, 562.168, 606.339, 576.333, 643.495, 567.991, 402.68, 604.324, 677.676, 455.505, 707.441, 560.208, 607.286, 724.632, 755.979, 456.158, 566.811, 612.935, 612.397, 417.115, 636.42, 458.184, 657.276, 482.819, 693.257, 729.495, 584.149, 385.453, 444.13, 485.735, 719.152, 455.895, 487.101, 493.909, 608.588]] 
[[480.818, 418.676, 406.017, 422.21, 484.363, 435.483, 424.904, 506.153, 457.632, 468.821, 510.836, 431.699, 454.638, 500.131, 455.75, 545.172, 583.513, 608.939, 489.985, 515.768, 486.254, 627.441, 418.377, 501.039, 585.881, 468.484, 502.046, 606.33, 543.613, 514.152, 574.924, 576.453, 598.234, 469.206, 589.462, 509.093, 608.889, 542.773, 632.722, 682.701, 665.909, 561.942, 599.525, 748.121, 560.826, 597.544, 508.87, 509.427, 675.588, 621.633, 524.271, 693.768, 757.662, 610.757, 532.573, 569.666, 477.077, 598.782, 735.752, 600.345, 663.514, 695.44, 650.39, 585.295, 446.427, 680.301, 695.901, 717.149, 693.735, 732.213]] 
[[406.755, 400.63, 420.033, 437.901, 474.219, 398.598, 408.543, 503.353, 426.952, 440.409, 520.735, 418.378, 473.18, 449.764, 490.6, 494.352, 532.625, 507.851, 418.134, 515.729, 438.176, 594.401, 547.727, 549.028, 592.393, 458.566, 623.827, 541.042, 399.493, 561.754, 624.869, 586.75, 588.973, 522.827, 647.513, 561.023, 602.559, 596.824, 652.759, 506.952, 603.486, 441.71, 707.467, 736.1, 513.764, 611.035, 593.532, 772.421, 512.331, 551.516, 609.421, 583.81, 633.494, 590.205, 513.927, 621.675, 542.02, 726.095, 633.204, 674.878, 598.663, 544.059, 731.976, 519.497, 668.543, 591.529, 732.206, 763.106, 675.946, 710.231]] 
[[400.541, 514.705, 437.817, 450.629, 467.522, 521.188, 466.846, 516.893, 422.286, 553.048, 523.08, 476.661, 493.789, 536.225, 571.923, 548.056, 604.746, 634.003, 550.0, 571.936, 624.595, 661.376, 405.813, 672.554, 754.094, 693.228, 419.922, 769.677, 524.907, 456.661, 404.81, 551.958, 474.059, 647.881, 764.142, 496.494, 668.077, 782.802, 411.645, 557.499, 641.159, 490.263, 575.592, 658.412, 531.55, 701.284, 632.368, 556.807, 401.98, 457.157, 772.724, 719.449, 735.091, 796.547, 472.272, 754.351, 521.827, 786.828, 576.779, 784.01, 822.826, 599.124, 634.574, 770.123, 799.188, 407.755, 824.194, 467.078, 680.388, 625.717]] 
[[442.598, 421.859, 397.025, 475.197, 427.086, 502.27, 455.027, 442.774, 472.044, 464.688, 558.397, 502.864, 606.374, 433.032, 461.974, 460.273, 482.978, 642.993, 512.929, 433.969, 478.095, 657.378, 433.646, 381.116, 489.918, 715.028, 422.55, 656.451, 741.108, 515.699, 768.748, 799.19, 590.142, 468.601, 527.382, 406.819, 392.565, 602.863, 466.684, 417.183, 624.407, 453.233, 497.258, 483.623, 520.526, 745.823, 781.773, 398.034, 656.466, 606.738, 519.125, 560.517, 470.344, 396.187, 596.453, 477.235, 751.803, 415.766, 495.928, 772.871, 446.087, 792.746, 622.312, 467.344, 597.096, 687.079, 794.782, 464.624, 821.009, 848.895]] 
[[411.45, 398.482, 480.94, 607.502, 397.453, 461.056, 417.788, 465.468, 438.185, 433.223, 459.057, 470.442, 492.128, 435.548, 480.079, 538.221, 491.969, 459.7, 556.715, 477.027, 415.4, 584.097, 517.03, 442.884, 456.408, 597.355, 484.068, 460.621, 534.105, 573.292, 504.692, 655.617, 606.037, 527.126, 680.512, 571.742, 544.07, 453.836, 422.444, 582.9, 450.357, 487.698, 670.501, 573.224, 444.906, 480.922, 611.005, 495.564, 686.423, 522.953, 726.488, 746.351, 623.811, 666.395, 510.935, 754.192, 434.449, 712.818, 479.632, 507.527, 511.824, 708.256, 391.544, 498.658, 425.733, 656.813, 432.368, 670.293, 453.721, 691.293]] 
[[446.973, 413.378, 390.076, 455.834, 400.38, 517.991, 461.443, 411.038, 454.39, 611.482, 555.592, 473.436, 632.669, 433.809, 477.239, 499.512, 428.567, 438.766, 400.646, 452.912, 650.126, 474.262, 461.876, 615.414, 533.892, 564.864, 476.687, 502.85, 465.237, 428.963, 653.344, 460.29, 607.587, 608.06, 650.68, 551.399, 450.607, 675.874, 492.789, 637.874, 539.579, 736.168, 665.056, 564.252, 437.401, 662.512, 675.564, 582.652, 633.205, 575.0, 513.909, 438.221, 673.498, 470.33, 672.286, 656.641, 675.272, 688.702, 700.819, 527.666, 493.054, 645.954, 424.091, 685.415, 665.816, 522.465, 553.121, 668.858, 500.098, 567.11]] 
[[422.587, 403.773, 444.309, 492.341, 421.412, 458.425, 403.952, 528.868, 421.276, 459.656, 573.623, 474.656, 607.414, 436.73, 423.737, 457.668, 617.3, 470.119, 679.412, 405.954, 520.342, 480.817, 468.162, 508.878, 436.676, 540.552, 630.681, 465.107, 689.124, 569.151, 758.011, 707.822, 484.303, 426.91, 515.677, 554.769, 451.37, 434.712, 481.406, 740.705, 461.467, 518.807, 556.557, 748.623, 590.224, 498.018, 767.819, 525.418, 603.783, 646.036, 492.981, 721.543, 675.282, 528.929, 510.002, 750.481, 559.876, 576.387, 426.825, 512.156, 723.829, 737.829, 779.649, 541.4, 803.072, 536.801, 582.871, 405.89, 535.133, 631.761]] 
[[442.251, 393.99, 393.71, 396.343, 460.014, 389.881, 415.482, 452.289, 451.082, 444.957, 396.652, 480.217, 501.541, 417.551, 457.95, 475.03, 445.428, 520.891, 433.404, 468.549, 506.619, 497.204, 527.943, 437.059, 405.551, 451.365, 541.645, 672.045, 494.31, 594.146, 418.193, 594.826, 523.416, 786.366, 444.71, 717.464, 443.482, 659.002, 594.416, 462.156, 478.487, 618.756, 431.683, 756.576, 644.352, 500.306, 599.182, 534.754, 433.214, 754.796, 649.921, 438.23, 540.429, 448.593, 663.831, 561.346, 682.933, 595.824, 633.102, 526.009, 684.688, 669.693, 643.574, 705.923, 525.667, 391.205, 589.11, 642.592, 685.729, 635.404]] 
[[413.94, 448.806, 545.329, 397.07, 498.963, 445.307, 433.661, 558.296, 610.813, 390.225, 418.259, 632.152, 448.49, 436.614, 432.36, 399.195, 500.922, 631.33, 570.105, 766.739, 685.976, 422.76, 595.458, 496.47, 779.619, 404.591, 715.767, 619.563, 653.768, 419.458, 459.951, 719.164, 772.869, 492.383, 826.493, 767.549, 382.874, 508.554, 468.927, 404.206, 535.146, 572.083, 445.934, 775.178, 802.066, 587.18, 466.849, 790.255, 615.563, 821.492, 493.366, 850.248, 885.193, 460.965, 408.231, 906.969, 628.92, 476.045, 680.404, 461.253, 497.631, 548.216, 471.928, 509.362, 576.421, 645.665, 543.148, 836.849, 648.872, 682.3]] 
[[425.116, 390.479, 513.513, 471.828, 436.473, 532.307, 411.394, 552.918, 478.316, 411.966, 592.382, 640.701, 442.498, 462.435, 410.139, 437.258, 496.39, 551.883, 424.994, 453.541, 491.962, 475.339, 570.945, 603.549, 403.971, 534.774, 504.972, 564.508, 602.709, 527.985, 565.497, 620.507, 575.878, 623.369, 531.007, 454.494, 563.581, 474.773, 549.785, 605.647, 581.365, 706.16, 656.165, 598.971, 605.454, 622.814, 715.63, 659.781, 614.69, 500.481, 731.953, 637.818, 676.048, 652.76, 750.85, 698.345, 507.51, 738.566, 411.268, 807.822, 526.711, 453.431, 562.549, 607.068, 828.405, 637.7, 678.222, 661.067, 535.273, 573.447]] 
[[412.075, 397.58, 429.071, 443.734, 482.598, 410.927, 411.352, 443.678, 455.915, 496.825, 432.751, 407.332, 455.054, 497.739, 466.403, 492.661, 429.95, 499.962, 431.814, 503.805, 545.632, 579.148, 432.13, 609.685, 506.136, 649.874, 444.452, 676.859, 476.191, 407.307, 496.146, 442.398, 396.526, 469.468, 505.09, 405.086, 644.518, 482.721, 679.687, 435.518, 507.602, 466.939, 553.847, 476.559, 764.276, 671.925, 492.276, 703.744, 776.622, 450.164, 437.638, 497.096, 789.713, 852.344, 518.208, 439.689, 541.472, 498.358, 821.939, 439.154, 543.282, 463.782, 562.062, 387.092, 482.576, 460.936, 435.925, 768.217, 451.396, 467.437]] 
[[390.248, 398.963, 435.455, 451.877, 425.597, 471.701, 422.954, 414.254, 512.678, 419.098, 558.382, 482.949, 449.264, 426.644, 468.843, 486.643, 396.103, 399.006, 478.242, 554.409, 502.213, 470.779, 419.741, 503.45, 565.918, 550.74, 524.73, 584.075, 482.066, 562.678, 604.917, 526.844, 697.575, 478.063, 637.243, 401.335, 497.375, 726.997, 446.243, 761.484, 803.315, 514.083, 529.022, 476.794, 480.063, 486.377, 551.02, 540.624, 490.317, 567.884, 554.966, 521.448, 776.391, 805.255, 539.817, 590.358, 610.799, 695.914, 640.662, 576.068, 774.265, 709.556, 785.864, 595.836, 631.892, 835.755, 532.167, 869.425, 417.37, 547.076]] 
[[420.223, 400.715, 403.864, 458.341, 441.798, 463.908, 440.704, 423.061, 424.844, 455.24, 510.152, 433.647, 454.571, 557.531, 419.508, 527.641, 533.729, 445.986, 429.801, 460.982, 515.89, 555.779, 543.05, 459.786, 516.45, 581.668, 524.077, 476.235, 621.511, 592.041, 556.555, 662.562, 510.223, 592.111, 511.808, 641.922, 490.335, 663.81, 603.185, 648.855, 582.437, 514.254, 610.751, 612.419, 632.145, 634.601, 577.761, 641.704, 522.759, 637.973, 584.341, 660.22, 609.235, 672.855, 622.149, 601.183, 620.273, 667.586, 696.609, 568.656, 626.204, 643.592, 582.559, 499.556, 671.758, 667.244, 578.623, 530.067, 695.058, 602.566]] 
[[481.506, 433.026, 411.558, 427.623, 495.552, 428.502, 490.938, 466.165, 567.81, 478.493, 410.879, 501.028, 482.034, 500.666, 553.555, 566.168, 585.42, 624.973, 423.033, 441.805, 443.693, 494.541, 458.536, 524.134, 545.406, 613.055, 513.477, 445.893, 631.631, 564.012, 446.633, 506.538, 534.077, 576.14, 462.012, 555.499, 617.415, 700.795, 649.285, 580.984, 640.079, 750.933, 434.996, 444.587, 479.731, 677.668, 677.741, 525.917, 594.642, 511.033, 714.487, 614.792, 720.826, 750.47, 394.78, 431.054, 503.708, 460.99, 755.278, 670.614, 705.699, 769.815, 483.689, 542.063, 616.561, 566.168, 773.583, 816.896, 594.95, 853.567]] 
[[393.266, 404.591, 442.789, 420.339, 567.389, 433.489, 482.137, 430.762, 423.344, 433.479, 576.544, 476.795, 600.651, 456.468, 423.368, 459.348, 404.332, 455.317, 480.895, 477.811, 528.05, 422.628, 502.463, 504.31, 567.935, 443.824, 561.907, 535.351, 503.955, 604.78, 498.14, 573.239, 542.802, 552.848, 614.918, 581.939, 622.686, 650.767, 654.994, 480.09, 511.916, 557.014, 538.804, 593.178, 569.489, 654.638, 687.166, 732.208, 629.354, 635.502, 577.167, 465.452, 648.077, 624.715, 564.602, 671.576, 596.133, 736.887, 614.014, 677.899, 662.817, 593.868, 741.893, 657.572, 606.321, 604.681, 684.209, 670.748, 418.315, 710.611]] 
[[447.931, 411.118, 426.198, 480.217, 411.842, 457.5, 435.323, 430.293, 463.809, 460.945, 477.97, 505.56, 426.89, 540.943, 492.849, 582.796, 431.491, 496.883, 442.127, 463.004, 507.766, 405.009, 591.732, 494.523, 549.677, 496.578, 527.36, 543.986, 608.996, 577.802, 669.742, 599.589, 643.552, 725.075, 526.449, 707.723, 590.408, 436.227, 561.065, 613.577, 735.801, 646.226, 679.456, 707.141, 615.517, 742.085, 699.485, 671.509, 725.168, 695.839, 760.059, 725.501, 413.107, 718.299, 757.576, 455.157, 744.799, 774.378, 772.462, 802.883, 624.039, 656.366, 436.981, 699.253, 792.674, 662.444, 826.297, 745.172, 851.082, 677.165]] 
[[453.589, 396.093, 401.205, 470.288, 514.303, 396.754, 534.872, 462.526, 512.64, 409.322, 392.27, 533.711, 426.34, 402.485, 448.808, 550.697, 439.617, 474.095, 539.702, 482.827, 562.453, 408.872, 444.582, 442.594, 574.861, 467.231, 455.07, 598.016, 486.965, 630.506, 494.679, 502.644, 451.323, 498.881, 513.702, 623.95, 387.319, 712.689, 643.125, 778.029, 867.393, 809.781, 924.378, 495.934, 463.749, 462.025, 509.711, 460.024, 404.592, 506.251, 489.832, 532.982, 570.8, 511.844, 1164.66, 593.209, 538.267, 520.434, 477.853, 918.352, 637.199, 564.528, 989.375, 503.257, 582.351, 599.902, 507.649, 674.928, 622.671, 433.908]] 
[[421.429, 387.871, 423.021, 398.116, 446.479, 394.936, 460.447, 490.78, 432.52, 451.951, 416.175, 516.735, 481.073, 433.949, 545.868, 401.739, 440.981, 434.709, 458.08, 524.947, 461.034, 422.165, 541.108, 579.221, 576.546, 526.804, 410.928, 609.351, 417.915, 471.882, 635.132, 498.046, 677.278, 527.005, 441.886, 554.421, 431.672, 472.286, 460.198, 563.278, 675.362, 565.383, 609.666, 514.276, 456.631, 464.31, 651.189, 621.546, 566.926, 478.584, 521.102, 412.624, 653.755, 728.039, 429.766, 663.658, 511.472, 731.642, 567.915, 819.077, 759.619, 560.545, 580.431, 387.692, 795.048, 457.932, 820.377, 567.477, 849.867, 882.009]] 
average response time [0]395.392
average response time [1]392.476
average response time [2]399.33
average response time [3]384.006
average response time [4]388.077
average response time [5]432.008
average response time [6]398.117
average response time [7]385.566
average response time [8]400.766
average response time [9]393.269
average response time [10]382.408
average response time [11]384.221
average response time [12]394.033
average response time [13]379.766
average response time [14]392.834
average response time [15]392.836
average response time [16]386.774
average response time [17]391.268
average response time [18]379.23
average response time [19]398.968
average response time [20]414.203
average response time [21]423.087
average response time [22]425.05600000000004
average response time [23]408.9905
average response time [24]415.938
average response time [25]405.2865
average response time [26]408.346
average response time [27]404.68949999999995
average response time [28]418.75649999999996
average response time [29]409.88
average response time [30]415.63199999999995
average response time [31]408.89300000000003
average response time [32]408.674
average response time [33]405.69849999999997
average response time [34]405.3605
average response time [35]408.279
average response time [36]404.244
average response time [37]415.0505
average response time [38]408.731
average response time [39]466.2755
average response time [40]447.674
average response time [41]465.645
average response time [42]445.93475
average response time [43]451.5285
average response time [44]444.405
average response time [45]455.26675
average response time [46]449.57375
average response time [47]453.5235
average response time [48]444.76775
average response time [49]452.91625
average response time [50]453.90324999999996
average response time [51]437.87325
average response time [52]460.306
average response time [53]460.997
average response time [54]462.812
average response time [55]460.094
average response time [56]469.5985
average response time [57]443.654
average response time [58]490.4025
average response time [59]446.43174999999997
average response time [60]543.77575
average response time [61]561.5785
average response time [62]518.9745
average response time [63]525.72625
average response time [64]535.827375
average response time [65]525.2835
average response time [66]517.098875
average response time [67]529.821
average response time [68]565.26825
average response time [69]510.07687500000003
average response time [70]533.473
average response time [71]521.2465
average response time [72]552.24
average response time [73]509.60075
average response time [74]531.401625
average response time [75]532.298125
average response time [76]548.410625
average response time [77]511.703125
average response time [78]530.855875
average response time [79]586.178375
average response time [80]717.4935
average response time [81]730.6041875
average response time [82]720.8753125
average response time [83]680.9576875
average response time [84]724.1501875
average response time [85]678.4361250000001
average response time [86]661.9090625
average response time [87]664.1795625
average response time [88]671.04625
average response time [89]676.5885625
average response time [90]706.9154375
average response time [91]748.9448125
average response time [92]688.974
average response time [93]715.9676875
average response time [94]499.7831111111111
average response time [95]561.1881111111111
average response time [96]658.4182222222222
average response time [97]489.6547142857143
average response time [98]482.368
average response time [99]562.1341111111111
average response time [100]608.0796153846154
average response time [101]755.27345
average response time [102]612.4846
average response time [103]656.3499375
average response time [104]727.88625
average response time [105]626.4791333333334
average response time [106]674.960705882353
average response time [107]771.7837
average response time [108]710.83395
average response time [109]615.7106666666666
average response time [110]766.42855
average response time [111]584.9089166666666
average response time [112]692.1555
average response time [113]669.043
average response time [114]663.8808888888889
average response time [115]509.7006
average response time [116]599.6168
average response time [117]798.9972608695653
average response time [118]642.8500625
average response time [119]594.0703333333333
average response time [120]1084.9166
average response time [121]700.9642727272727
average response time [122]786.83175
average response time [123]911.15615625
average response time [124]989.9941388888889
average response time [125]893.3508125
average response time [126]966.373234375
average response time [127]1007.333578125
average response time [128]993.334453125
average response time [129]1142.317109375
average response time [130]675.4082702702702
average response time [131]595.9432121212121
average response time [132]646.4948684210526
average response time [133]718.7265
average response time [134]611.9965
average response time [135]758.7068936170213
average response time [136]667.272825
average response time [137]793.5874583333333
average response time [138]652.4302
average response time [139]503.1688888888889
average response time [140]482.3638260869565
average response time [141]477.3554782608696
average response time [142]454.9357083333333
average response time [143]419.3100588235294
average response time [144]585.5992121212121
average response time [145]463.5793448275862
average response time [146]556.257875
average response time [147]556.1499642857143
average response time [148]508.6409090909091
average response time [149]491.47375999999997
average response time [150]526.3540416666667
average response time [151]544.6130303030303
average response time [152]506.59915
average response time [153]433.19913333333335
average response time [154]559.7401724137931
average response time [155]521.79048
average response time [156]487.13036
average response time [157]672.1140909090909
average response time [158]498.2189210526316
average response time [159]493.24321212121214
average response time [160]590.5835609756098
average response time [161]514.364756097561
average response time [162]595.4885
average response time [163]521.3973414634146
average response time [164]518.087
average response time [165]532.928
average response time [166]496.2623888888889
average response time [167]565.5117619047619
average response time [168]535.3743243243243
average response time [169]534.06921875
average response time [170]542.5770909090909
average response time [171]524.8977424242424
average response time [172]525.5970606060606
average response time [173]548.6231363636364
average response time [174]529.9817272727273
average response time [175]566.6377878787879
average response time [176]529.8780454545455
average response time [177]547.7080454545454
average response time [178]519.7177121212121
average response time [179]533.8445151515151
average response time [180]568.2864925373134
average response time [181]504.1249701492537
average response time [182]524.7431791044776
average response time [183]558.8012089552238
average response time [184]514.2534029850747
average response time [185]546.0714179104477
average response time [186]515.1867164179105
average response time [187]549.4944925373135
average response time [188]577.6050298507463
average response time [189]573.1141641791045
average response time [190]558.398447761194
average response time [191]554.828104477612
average response time [192]579.4632537313432
average response time [193]587.6955671641791
average response time [194]522.2731940298507
average response time [195]515.1135373134329
average response time [196]579.5116567164179
average response time [197]567.1916119402985
average response time [198]616.0845223880597
average response time [199]516.1892388059701
average response time [200]506.5141764705882
average response time [201]543.4812352941176
average response time [202]534.5811029411765
average response time [203]547.5370882352942
average response time [204]520.919
average response time [205]517.7329117647059
average response time [206]535.0972647058824
average response time [207]515.8526029411764
average response time [208]567.9677352941177
average response time [209]553.7713970588235
average response time [210]511.1253970588235
average response time [211]538.2558676470588
average response time [212]530.9806176470588
average response time [213]541.0675
average response time [214]540.4169558823529
average response time [215]559.7363529411765
average response time [216]631.0642352941177
average response time [217]543.2783382352941
average response time [218]550.0806470588235
average response time [219]614.2792647058824
average response time [220]1108.9371304347826
average response time [221]553.1971884057971
average response time [222]570.3333970588235
average response time [223]602.674652173913
average response time [224]576.9845942028985
average response time [225]515.4049855072464
average response time [226]553.5252463768117
average response time [227]557.3906811594203
average response time [228]565.0727536231884
average response time [229]572.074768115942
average response time [230]524.3530144927536
average response time [231]558.7216521739131
average response time [232]535.9006666666667
average response time [233]542.003115942029
average response time [234]527.355
average response time [235]527.1081594202899
average response time [236]567.8216521739131
average response time [237]527.5571014492754
average response time [238]576.3296376811594
average response time [239]529.7300724637681
average response time [240]516.7139571428571
average response time [241]520.9994857142857
average response time [242]562.1426428571428
average response time [243]557.7720571428572
average response time [244]588.5929285714286
average response time [245]547.0514428571429
average response time [246]528.7617571428572
average response time [247]544.7646142857143
average response time [248]548.8262285714286
average response time [249]532.5005571428571
average response time [250]574.2672571428571
average response time [251]561.7158142857143
average response time [252]514.4009714285714
average response time [253]549.1165571428571
average response time [254]553.4462428571428
average response time [255]558.7401
average response time [256]554.6795142857143
average response time [257]592.5206571428571
average response time [258]546.5353428571428
average response time [259]536.3411714285714
NUMBER OF THREADS: [1, 2, 4, 8, 16, 32, 64, 65, 66, 67, 68, 69, 70]
WORKLOAD: HFU_LV; PAL CONFIG: default 
TOTAL EXECUTION TIME (Concurrent Parallel Requests): 408999.477


