[[525.144]] 
[[524.631]] 
[[498.952]] 
[[504.923]] 
[[466.19]] 
[[501.06]] 
[[445.467]] 
[[452.873]] 
[[472.746]] 
[[497.872]] 
[[542.974, 580.517]] 
[[515.143, 1508.299]] 
[[528.533, 479.416]] 
[[505.683, 545.733]] 
[[534.914, 569.466]] 
[[587.989, 532.39]] 
[[560.585, 508.027]] 
[[559.12, 511.807]] 
[[546.53, 570.057]] 
[[591.82, 527.742]] 
[[540.905, 488.207, 572.665, 622.163]] 
[[480.165, 511.228, 553.172, 589.093]] 
[[552.547, 497.041, 581.537, 623.603]] 
[[607.717, 552.053, 500.263, 642.547]] 
[[587.626, 532.118, 616.218, 652.097]] 
[[539.132, 566.094, 633.327, 583.704]] 
[[581.476, 534.796, 666.216, 617.294]] 
[[630.565, 529.814, 561.705, 649.672]] 
[[504.966, 455.353, 559.18, 1432.036]] 
[[479.526, 512.283, 551.489, 600.659]] 
[[522.169, 558.127, 593.887, 654.796, 779.223, 690.008, 800.638, 834.436]] 
[[518.923, 568.178, 462.471, 642.496, 605.439, 670.634, 836.706, 739.028]] 
[[473.191, 512.409, 550.341, 586.498, 623.434, 658.485, 769.211, 696.785]] 
[[622.274, 568.863, 501.168, 647.402, 721.619, 672.079, 807.396, 755.442]] 
[[678.263, 555.853, 509.403, 1474.125, 680.726, 753.952, 705.892, 790.684]] 
[[691.594, 488.22, 522.659, 565.304, 613.303, 693.711, 729.482, 774.505]] 
[[568.541, 476.796, 518.108, 602.633, 636.359, 681.471, 727.03, 752.453]] 
[[488.989, 530.03, 574.379, 679.131, 602.462, 788.466, 837.373, 724.064]] 
[[499.06, 449.594, 522.346, 582.672, 534.229]] 
[[446.845, 464.35, 531.958]] 
[[412.322, 475.235, 432.374, 508.975, 556.018, 625.443, 583.583, 654.867, 682.603]] 
[[434.47, 517.786, 461.871, 545.178, 496.674, 577.736]] 
[[422.139, 549.016, 568.438, 614.094, 463.757, 633.176, 653.634, 689.983, 703.002]] 
[[400.101, 478.795, 430.315, 510.935, 609.27, 544.977, 676.035, 757.752, 714.838, 772.502]] 
[[435.577, 454.622, 486.179, 486.255, 535.398, 568.182]] 
[[457.217, 466.307, 487.195, 520.585, 558.746, 568.353, 610.822, 645.611]] 
[[434.263, 462.511, 492.932, 518.378, 555.377, 576.385]] 
[[445.135, 471.1, 452.103, 474.853, 541.23]] 
[[415.891, 446.178, 474.525, 520.013, 560.363, 578.208, 690.061, 620.069, 712.91]] 
[[390.944, 473.294, 420.899, 503.371, 527.435, 559.772, 649.389, 593.301]] 
[[448.201, 474.192, 508.372, 549.313, 573.715, 581.44, 596.887, 622.549, 656.35, 658.548, 692.72]] 
[[420.204, 445.646, 516.324, 582.692, 614.923, 644.827, 783.321, 674.058, 719.466, 790.957, 820.858, 852.764, 801.951, 877.881, 901.111, 945.914]] 
[[485.582, 425.01, 488.628, 527.565, 1076.054, 1318.895, 1379.657, 1373.0430000000001, 1423.749, 1408.964, 787.412, 739.966, 933.424, 845.384, 802.355, 882.04, 946.996]] 
[[396.724, 436.823, 516.359, 457.277, 568.338, 519.169, 570.708, 606.913, 669.223, 705.113, 737.357, 821.592, 769.637, 892.0, 928.438, 821.161]] 
[[410.341, 511.162, 428.333, 449.872, 505.315, 576.347, 688.772, 630.993, 695.368, 714.328, 734.46, 752.983, 759.425, 796.0, 823.376]] 
[[414.12, 452.862, 497.788, 638.64, 562.753, 701.428, 737.932, 658.719, 769.817, 811.238, 878.021, 829.604, 998.659, 905.861, 1020.105, 929.738, 1048.838, 1091.946, 1129.466, 1179.051, 1136.879]] 
[[394.983, 433.386, 554.558, 463.276, 488.871, 549.788, 579.153, 614.357, 650.825, 732.717, 781.699, 662.225, 798.634, 843.976, 915.134, 853.357, 918.131, 981.364, 1066.509]] 
[[407.469, 443.211, 480.185, 502.907, 546.813, 590.868, 649.881, 1260.034, 867.965, 768.412, 968.198, 1756.342, 1290.282, 1179.811, 1088.662, 1120.148]] 
[[467.049, 488.221, 523.373, 597.211, 647.913, 706.858, 748.63, 1012.919, 829.721, 940.613, 765.038, 835.152, 1024.364, 1898.339, 2155.912, 1114.972, 1398.645]] 
[[443.751, 529.173, 457.891, 521.007, 623.063, 1443.173, 652.318, 739.594, 689.674, 773.817, 797.573, 842.193, 910.497, 966.766]] 
[[458.426, 472.837, 508.454, 529.092, 567.663, 583.491, 681.238, 617.34, 755.217, 709.306, 830.864, 770.116, 867.204, 940.881, 899.819, 1009.263, 1086.482, 1190.0819999999999, 1140.3220000000001, 1210.314, 1209.875, 1243.857, 1257.159, 1297.883, 1692.801, 1725.768, 1400.694, 1296.117, 1335.641, 1470.819, 1413.996, 1487.335, 1532.174, 1557.522]] 
[[482.609, 582.754, 534.833, 484.167, 1466.6399999999999, 668.348, 693.621, 779.031, 716.374, 858.127, 804.467, 890.56, 1029.754, 1054.439, 947.553, 1071.162, 1108.0720000000001, 1201.343, 1142.52, 1206.225, 1277.883, 1237.496, 1289.133, 1321.55, 1398.046, 1347.597, 1415.851, 1420.383, 1443.415, 1524.7060000000001, 1456.88, 1537.451, 1880.0439999999999, 1570.034, 1818.284, 1646.1970000000001, 1714.3899999999999, 1735.876]] 
[[480.141, 832.603, 652.009, 515.278, 909.095, 951.74, 978.337, 994.74, 1029.648, 1107.609, 1054.525, 1116.068, 1157.463, 1182.37, 1200.975, 1234.62, 1259.746, 1289.873, 2144.968, 1419.27, 2192.746, 1449.156, 1522.719, 1581.7089999999998, 1593.3609999999999, 1602.231, 1630.326, 1672.8400000000001, 1716.866, 1746.076, 1786.8690000000001, 1816.3220000000001, 1827.676]] 
[[496.951, 493.154, 512.316, 1402.888, 582.94, 598.535, 628.216, 652.97, 695.115, 833.956, 718.451, 764.83, 894.314, 818.513, 893.046, 910.165, 972.471, 1004.964, 1101.331, 1055.655, 1012.182, 1123.16, 1991.679, 1210.573, 2036.817, 1252.57, 1533.642]] 
[[412.592, 436.691, 473.648, 467.735, 711.79, 518.222, 531.383, 566.985, 604.895, 1476.4479999999999, 594.405, 541.973, 526.777, 542.366]] 
[[545.406, 542.595, 552.763, 553.154, 588.377, 581.618, 596.833, 576.419, 558.329, 596.402, 638.074, 670.744, 737.214, 771.464, 803.556, 828.889, 859.589, 895.242, 929.836]] 
[[514.601, 529.147, 567.663, 623.472, 638.153, 681.543, 621.691, 742.831, 693.69, 775.45, 753.664, 758.566, 757.403, 766.376, 766.296]] 
[[430.184, 415.57, 448.349, 477.921, 406.486, 453.187, 477.066, 541.317, 485.766, 577.672, 483.515, 588.999, 634.11, 641.927, 1151.2930000000001, 642.608, 459.716, 494.46, 651.756, 727.421, 670.367, 501.79, 792.875, 740.92, 819.537, 864.736, 894.369, 534.544, 584.315, 900.411, 626.488, 909.347, 673.687, 923.026, 980.2]] 
[[431.541, 466.606, 489.874, 469.657, 481.202, 1224.762, 443.98, 421.098, 448.13, 478.661, 436.711, 476.398, 490.6, 522.697, 561.01, 585.268, 1444.747, 447.797, 473.383, 489.212, 582.689, 526.299, 531.632, 542.039, 587.608, 612.328]] 
[[657.263, 546.197, 1464.967, 712.221, 660.977, 735.616, 773.579, 813.072, 458.419, 513.834, 1342.022, 839.261, 1674.533, 564.104, 579.55, 868.645, 588.41, 1129.527, 607.378, 1485.809, 908.896, 1850.204, 1794.5990000000002, 557.026, 636.625, 581.032, 651.695, 1034.398, 677.876, 824.477]] 
[[437.014, 429.146, 454.999, 485.797, 537.23, 619.134, 572.018, 468.307, 498.07, 635.298, 523.511, 657.23, 545.459, 586.491, 685.515, 621.974, 712.586, 770.244, 725.576, 613.9, 644.805, 676.24, 811.328, 744.983, 810.453, 844.337, 875.606, 603.559, 874.667, 606.602, 642.491, 862.923, 655.77, 889.204, 936.323, 677.129, 953.569, 732.424, 685.617, 760.324]] 
[[476.249, 479.496, 480.006, 508.894, 542.268, 480.175, 563.879, 473.391, 561.173, 558.25, 455.494, 565.164, 614.029, 454.131, 486.833, 516.541, 540.081, 539.846, 621.662, 681.519, 706.366, 736.193, 539.431, 576.273, 748.771, 830.369, 598.693, 638.063, 766.363, 679.96, 825.206, 863.709, 914.942, 781.397, 808.295, 847.947, 887.806, 928.516]] 
[[424.52, 457.329, 487.692, 426.153, 469.187, 491.77, 490.921, 518.233, 510.986, 536.442, 507.833, 641.03, 568.34, 654.359, 595.676, 482.396, 636.824, 570.789, 610.946, 666.52, 660.387, 692.991, 730.477, 746.502, 579.939, 768.996, 583.132, 654.602, 704.766, 751.014, 788.785, 850.754, 782.171, 862.406]] 
[[424.238, 441.056, 463.097, 456.945, 428.61, 478.896, 451.115, 542.908, 487.221, 493.698, 515.064, 503.501, 518.571, 513.634, 545.248, 1438.703, 513.108, 547.999, 516.388, 532.913, 606.591, 669.776, 608.736, 738.913, 687.677, 765.316, 433.769, 465.571, 495.059]] 
[[427.178, 530.925, 485.454, 466.315, 527.057, 583.047, 452.993, 569.269, 480.534, 564.354, 539.744, 499.6, 588.813, 529.794, 601.006, 498.354, 637.617, 653.489, 497.847, 647.904, 468.928, 472.147, 1036.107, 482.811, 508.604]] 
[[444.289, 465.49, 429.046, 460.198, 447.723, 478.354, 514.064, 557.836, 465.823, 480.534, 467.405, 500.835, 453.524, 462.6, 484.537, 500.194, 416.008, 468.18, 483.296, 501.561, 420.231, 635.305, 743.535, 527.735, 682.241]] 
[[434.427, 466.728, 511.734, 465.426, 572.035, 448.296, 493.513, 573.981, 505.576, 449.036, 634.343, 567.307, 512.043, 533.658, 684.413, 561.394, 705.172, 741.676, 779.557, 808.815, 838.08, 876.582, 874.505, 464.52, 932.805, 871.319, 471.532, 918.3, 492.677, 520.684]] 
[[444.545, 437.848, 461.079, 504.724, 545.077, 501.596, 442.153, 560.762, 538.866, 430.527, 430.633, 445.728, 478.324, 523.615, 556.09, 486.517, 426.556, 512.246, 558.355, 508.664, 586.52, 646.029, 601.24, 663.608]] 
[[441.87, 466.324, 511.404, 558.392, 574.911, 429.831, 458.035, 508.93, 565.688, 576.263, 515.852, 525.089, 574.031, 591.619, 512.303, 583.155, 510.005, 609.854, 626.568, 622.719, 454.145, 680.402, 492.52, 532.195, 602.963, 676.882, 711.802, 736.982, 491.59]] 
[[423.704, 472.049, 420.989, 452.756, 477.993, 526.525, 451.0, 481.542, 515.079, 498.17, 437.498, 464.694, 482.422, 467.651, 479.432, 487.743, 523.922, 511.185, 559.153, 492.533, 432.77, 454.872, 526.659, 474.929, 467.392]] 
[[466.165, 475.283, 503.554, 562.549, 621.121, 511.858, 1575.4859999999999, 684.262, 1143.129, 668.938, 767.227, 663.667, 677.008, 604.033, 592.182, 611.683, 631.014, 666.123, 595.964, 1198.376, 1175.364, 559.751, 665.534, 695.787, 1954.424]] 
[[564.615, 486.647, 524.484, 1845.755, 760.441, 465.606, 729.214, 712.084, 708.434, 680.597, 679.164, 649.572, 630.14, 625.686, 601.922, 638.909, 605.186, 1464.891, 800.95, 781.869, 772.807, 1184.838, 1575.6219999999998, 1333.201, 1222.927, 1354.925, 1389.691, 1383.812]] 
[[443.236, 431.565, 455.806, 485.25, 510.207, 535.184, 419.147, 448.69, 657.633, 560.201, 489.438, 589.069, 555.98, 500.339, 621.452, 658.379, 688.336, 539.804, 717.257, 715.513, 745.302, 524.341, 530.214, 730.78, 720.487, 499.761, 726.562]] 
[[481.747, 453.374, 536.479, 477.218, 551.034, 511.284, 506.075, 543.455, 473.66, 523.268, 477.494, 485.461, 499.992, 502.84, 497.508, 496.879, 458.85, 469.636, 501.4, 448.327, 491.558, 524.215, 484.254, 535.494, 569.211, 598.538, 488.791, 629.105, 515.494]] 
[[463.017, 414.693, 464.249, 483.316, 513.598, 447.374, 456.426, 560.628, 488.501, 484.359, 540.954, 552.027, 1249.226, 540.428, 555.847, 536.239, 577.245, 480.47, 556.165, 575.961, 483.756, 468.099, 491.989, 467.985, 516.859, 483.053, 497.863, 531.283]] 
[[441.69, 417.683, 428.842, 533.616, 443.126, 421.821, 445.829, 417.212, 420.822, 451.34, 452.248, 402.636, 473.357, 505.675, 498.445, 539.83, 402.429, 572.255, 521.816, 532.225, 585.425, 538.312, 603.635, 559.03, 620.473, 651.349, 578.077, 678.073, 714.336]] 
[[468.163, 420.176, 470.223, 508.067, 531.685, 417.699, 602.891, 676.438, 422.495, 730.116, 484.024, 552.85, 748.575, 586.805, 761.585, 794.316, 612.838, 782.109, 802.193, 540.578, 582.456, 780.037, 579.604, 774.037, 846.037, 858.343, 540.537]] 
[[472.72, 409.177, 413.473, 470.693, 418.233, 432.021, 489.168, 464.633, 493.26, 508.028, 553.28, 427.273, 570.187, 432.639, 568.192, 424.303, 559.422, 445.035, 468.099, 508.927, 551.267, 512.986, 535.388]] 
[[464.932, 485.723, 512.905, 466.595, 445.789, 486.672, 516.772, 463.689, 489.945, 438.137, 510.696, 512.558, 560.304, 469.123, 519.325, 510.643, 574.185, 543.621, 600.442, 555.784, 580.588, 591.368, 493.56, 607.571, 485.234, 625.91, 472.108, 613.149, 669.949, 606.256, 452.517, 671.853, 478.23, 495.278, 671.568, 505.832, 677.796]] 
[[511.536, 461.543, 465.388, 433.979, 441.72, 542.567, 439.039, 484.438, 601.985, 461.552, 433.905, 467.321, 477.545, 439.459, 496.648, 511.208, 453.404, 523.16, 542.453, 465.818, 420.345, 551.296, 615.838, 569.787, 640.903, 728.12, 672.891, 454.967, 433.117, 469.583, 693.157, 732.377, 477.89, 760.938, 540.755, 492.119, 425.836, 558.625, 464.867, 414.122, 491.576, 574.766, 401.544, 510.621, 573.767, 528.115, 657.932, 686.37, 573.191]] 
[[435.808, 1205.724, 427.879, 473.205, 466.92, 500.534, 505.946, 1398.122, 532.557, 497.327, 554.423, 593.027, 534.593, 557.716, 438.172, 1423.337, 519.083, 1405.594, 468.959, 582.764, 525.846, 545.043, 579.104, 564.031, 1402.807, 1171.362, 613.636, 1420.563, 571.034, 645.899, 565.377, 1422.837, 619.694, 669.201, 602.542, 1418.358, 739.611, 679.241, 414.552, 594.76, 583.981, 614.303, 664.414, 672.484, 408.153, 590.61, 678.087, 659.706, 699.681, 700.632, 707.485, 750.51, 399.953, 648.127, 685.6]] 
[[424.523, 481.672, 442.478, 460.451, 460.395, 522.239, 482.696, 470.51, 449.806, 433.618, 467.071, 509.739, 441.776, 497.275, 547.678, 467.526, 464.565, 517.018, 534.194, 569.611, 472.068, 588.449, 502.753, 526.67, 566.303, 519.629, 602.232, 530.652, 568.633, 587.265, 635.199, 465.787, 577.622, 587.951, 606.491, 631.44, 607.526, 640.148, 607.589, 618.11, 452.26, 647.424, 489.939, 627.099, 523.829, 550.612, 630.968, 567.039, 599.444, 579.683, 548.619, 610.809, 591.196, 541.189, 603.637]] 
[[418.641, 415.267, 427.272, 448.668, 467.939, 473.028, 444.83, 445.032, 460.749, 498.38, 453.645, 417.418, 521.683, 467.517, 469.525, 511.37, 485.28, 521.247, 524.677, 561.875, 556.319, 523.046, 573.341, 455.464, 593.731, 675.351, 469.441, 774.128, 698.046, 515.196, 585.1, 803.955, 865.566, 433.517, 532.408, 439.656, 547.22, 440.83, 478.453, 485.728, 524.835, 829.556, 516.379, 553.173, 835.887, 494.771, 491.352, 841.405, 514.225, 862.046, 562.152, 874.57]] 
[[443.024, 443.396, 481.066, 451.327, 486.328, 515.408, 466.539, 431.7, 433.668, 562.641, 529.398, 461.189, 572.105, 587.409, 596.698, 440.981, 625.719, 436.927, 655.833, 456.066, 684.768, 496.554, 720.325, 522.993, 578.233, 474.605, 534.898, 574.342, 467.212, 712.216, 565.421, 514.907, 477.594, 511.369, 541.268, 660.291, 571.826, 604.944, 453.381, 665.525, 545.69, 481.305, 435.291, 575.673, 615.88, 603.586, 638.966, 445.67, 550.495, 488.923, 578.675, 575.63, 612.353, 544.416, 586.15, 570.656]] 
[[423.928, 449.092, 474.793, 447.53, 468.236, 457.168, 498.879, 487.245, 458.754, 524.401, 515.957, 502.395, 533.88, 509.474, 551.433, 494.281, 442.056, 511.997, 560.119, 543.077, 599.311, 489.442, 551.85, 437.658, 501.816, 467.097, 549.382, 484.42, 544.362, 578.551, 536.774, 561.19, 593.972, 464.393, 507.891, 540.87, 467.588, 587.872, 571.625, 493.925, 610.464, 525.202, 478.617, 576.371, 769.87, 675.737, 599.851, 698.928, 457.828]] 
[[421.141, 441.777, 405.046, 403.796, 413.381, 430.572, 414.316, 445.688, 424.05, 473.523, 426.857, 469.989, 426.738, 434.696, 527.962, 479.215, 568.102, 600.364, 486.412, 432.889, 460.116, 506.155, 540.608, 603.906, 456.422, 609.697, 539.07, 479.189, 577.169, 524.926, 610.879, 641.505, 566.654, 601.834, 640.336, 684.968, 657.055, 690.582, 729.996, 774.611, 536.871, 578.789, 795.352, 415.526, 863.898, 487.066, 425.41, 572.528, 1003.433, 901.667, 592.494, 476.05, 611.298, 547.684, 981.913]] 
[[452.053, 480.593, 485.405, 457.093, 485.968, 466.434, 496.849, 531.329, 466.527, 571.049, 473.091, 422.774, 466.826, 453.478, 561.914, 599.997, 477.212, 665.448, 810.215, 750.243, 699.711, 827.697, 462.884, 445.99, 851.664, 477.031, 543.549, 859.686, 911.359, 439.084, 620.564, 579.771, 642.053, 418.709, 459.476, 1028.034, 932.717, 879.021, 643.364, 1043.646, 940.25, 724.28, 659.429, 1049.787, 406.514, 445.786, 469.935, 701.89, 392.869, 431.334, 727.902, 1008.206, 440.513, 1020.351]] 
[[428.902, 421.953, 467.001, 413.445, 418.503, 450.44, 413.4, 477.794, 474.594, 439.902, 432.294, 464.039, 438.382, 476.877, 477.159, 444.758, 496.762, 779.992, 405.822, 455.76, 579.545, 1588.2469999999998, 438.179, 402.649, 500.854, 1158.299, 1235.076, 692.542, 740.06, 503.397, 1277.261, 1476.32, 556.885, 527.726, 1276.589, 570.594, 600.184, 460.174, 778.101, 638.504, 672.848, 711.769, 1231.479, 666.089, 657.378, 674.308, 511.291, 677.912, 746.587, 466.58, 517.023, 1420.282]] 
[[406.269, 429.519, 551.529, 447.341, 487.531, 428.878, 458.398, 558.878, 411.008, 447.798, 415.851, 582.745, 461.706, 490.466, 430.151, 468.206, 393.057, 529.786, 488.07, 553.725, 586.462, 401.685, 582.86, 500.331, 592.734, 619.314, 418.06, 489.346, 651.683, 564.317, 477.426, 670.332, 588.786, 417.796, 682.136, 477.601, 538.774, 429.576, 498.241, 575.557, 464.034, 544.844, 656.893, 580.976, 561.045, 474.321, 651.361, 679.904, 551.226, 736.822, 589.015]] 
[[443.548, 411.926, 432.761, 471.02, 427.293, 422.247, 476.219, 426.656, 445.838, 495.288, 444.506, 467.968, 509.227, 473.889, 430.217, 539.334, 515.51, 580.554, 455.592, 518.463, 467.042, 537.53, 460.014, 593.193, 618.856, 529.765, 646.857, 425.508, 552.996, 520.84, 450.033, 491.943, 569.386, 539.381, 689.937, 598.868, 632.734, 553.247, 530.756, 759.559, 577.373, 831.574, 689.134, 451.072, 408.969, 882.242, 525.317, 429.335, 911.164, 524.466, 572.669, 525.684, 923.667, 601.417, 551.517, 423.996, 521.112, 661.563, 446.376, 610.964, 579.464, 521.525, 661.019, 703.098, 887.031]] 
[[430.496, 453.202, 441.397, 432.061, 499.5, 460.861, 461.781, 491.893, 524.642, 456.221, 550.359, 498.899, 426.56, 455.509, 540.25, 440.335, 545.73, 479.314, 548.06, 588.453, 499.104, 609.287, 596.193, 540.882, 624.202, 519.139, 631.012, 546.982, 642.843, 496.535, 412.185, 475.0, 525.275, 576.455, 507.792, 823.815, 522.302, 584.095, 679.566, 537.781, 611.469, 523.145, 546.085, 698.653, 577.087, 552.292, 725.937, 519.878, 644.508, 1278.421, 541.094, 779.087, 722.62, 564.199, 520.514, 614.7, 569.735, 650.158, 543.604, 597.504, 746.731, 573.233, 605.69, 565.547, 656.358, 583.255, 595.315, 605.096]] 
[[424.266, 478.889, 473.979, 440.294, 489.242, 467.272, 468.031, 516.499, 533.045, 494.322, 501.945, 448.285, 511.843, 473.39, 561.606, 482.36, 573.306, 543.622, 607.636, 635.648, 471.769, 456.437, 530.491, 498.078, 512.374, 476.37, 509.481, 529.856, 541.651, 492.224, 610.345, 560.379, 574.623, 520.029, 590.767, 625.036, 486.818, 585.651, 509.948, 443.133, 553.708, 580.747, 542.361, 584.112, 455.058, 585.647, 602.761, 580.366, 577.523, 556.4, 605.734, 714.605, 727.727, 631.556, 541.144, 632.128, 614.49, 619.487, 529.038, 548.913, 633.693, 672.268, 701.294, 530.602, 634.339, 606.194, 685.998, 610.451]] 
[[435.187, 422.972, 452.868, 490.487, 437.365, 481.508, 449.288, 510.913, 596.533, 534.832, 480.316, 472.581, 496.185, 497.617, 580.826, 536.966, 413.0, 544.882, 589.658, 421.499, 612.009, 428.643, 649.636, 568.654, 626.151, 688.977, 733.339, 445.306, 482.371, 615.427, 576.59, 432.165, 688.114, 454.231, 495.56, 441.295, 665.007, 677.233, 472.716, 502.254, 583.01, 533.139, 489.626, 678.277, 525.61, 711.706, 577.423, 505.028, 617.871, 731.642, 540.793, 613.623, 549.735, 624.62, 746.445, 581.058, 486.336, 632.439, 750.707, 584.163, 569.854, 765.149, 489.56, 806.306, 583.157, 591.254, 603.904, 645.772]] 
[[412.881, 459.125, 504.123, 431.649, 567.749, 470.558, 416.182, 528.743, 438.657, 467.08, 574.386, 677.339, 557.775, 511.399, 1367.463, 467.111, 1234.103, 444.373, 1734.759, 427.885, 867.051, 1304.018, 901.242, 435.11, 474.826, 584.642, 913.407, 642.502, 1259.3600000000001, 1063.951, 529.262, 415.574, 781.298, 539.658, 690.608, 893.064, 818.616, 1199.6680000000001, 517.702, 477.349, 839.932, 1287.905, 875.46, 916.897, 1616.162, 940.541, 469.84, 958.082, 989.395, 1355.01, 1584.4679999999998, 648.221, 1218.259, 989.174, 1056.777, 472.834, 668.168, 710.973, 1298.193, 812.908, 540.761, 845.624, 600.869, 566.905, 1441.329, 1045.123, 1359.72, 1466.022]] 
[[410.91, 443.619, 446.584, 466.852, 468.856, 481.547, 418.505, 513.198, 568.39, 605.345, 428.065, 640.059, 452.034, 419.869, 664.455, 420.528, 715.919, 464.167, 520.227, 435.249, 467.78, 734.904, 542.127, 475.615, 485.222, 559.986, 516.549, 591.617, 426.265, 538.512, 1075.96, 1020.76, 454.597, 423.765, 608.896, 483.329, 520.265, 639.615, 684.738, 710.767, 1006.584, 648.069, 509.471, 529.318, 982.618, 1074.669, 1020.113, 1002.038, 1032.335, 977.368, 677.053, 1077.577, 1016.102, 1033.394, 1083.041, 763.606, 688.42, 784.237, 1068.283, 1022.81, 1129.651, 983.724, 1054.902, 779.295, 1147.623, 492.496, 1012.316, 968.824]] 
[[462.809, 470.387, 482.063, 453.553, 484.183, 465.754, 463.161, 516.813, 493.201, 475.701, 457.335, 511.974, 511.433, 526.091, 452.026, 566.934, 542.379, 510.03, 507.947, 451.283, 459.247, 616.452, 562.099, 540.007, 472.877, 511.721, 712.213, 436.487, 624.74, 522.325, 473.129, 529.898, 715.634, 718.914, 527.606, 541.106, 609.109, 474.498, 464.914, 1457.109, 497.597, 544.627, 577.077, 520.969, 521.188, 455.358, 582.646, 534.681, 724.224, 527.449, 617.608, 603.229, 649.338, 605.761, 720.265, 521.9, 570.142, 550.5, 776.628, 613.698, 569.614, 574.376, 717.873, 787.842, 824.705, 564.181, 660.798, 609.233]] 
[[427.968, 406.12, 446.336, 430.898, 418.472, 428.598, 423.159, 475.69, 469.647, 418.733, 483.617, 489.115, 445.153, 406.389, 442.83, 448.678, 548.391, 495.219, 465.865, 455.318, 439.314, 480.679, 515.01, 483.592, 478.617, 508.29, 414.909, 538.738, 515.179, 526.102, 480.782, 532.695, 548.366, 413.735, 551.564, 571.194, 486.445, 599.027, 512.27, 490.372, 552.125, 521.872, 579.521, 616.691, 703.998, 647.935, 524.161, 569.831, 490.761, 601.656, 535.979, 505.958, 573.416, 554.717, 610.679, 598.743, 654.816, 418.497, 555.728, 603.528, 574.748, 648.853, 391.478, 614.922, 420.441, 699.204, 644.767, 539.625]] 
[[419.282, 440.041, 440.948, 437.586, 451.886, 466.941, 451.787, 430.476, 477.608, 456.815, 489.508, 466.079, 519.575, 516.272, 429.837, 512.11, 427.475, 458.188, 463.873, 519.039, 469.931, 512.754, 513.071, 584.738, 506.326, 614.091, 524.003, 526.396, 438.904, 629.109, 690.779, 505.606, 530.192, 761.521, 840.23, 428.596, 456.472, 461.08, 530.488, 857.894, 520.664, 476.493, 462.368, 454.435, 491.819, 525.582, 534.36, 482.283, 825.571, 490.864, 856.938, 944.44, 889.272, 474.955, 504.944, 962.92, 1004.127, 541.694, 532.09, 483.629, 472.425, 494.417, 1041.38, 558.413, 510.611, 968.82, 497.567, 1037.702]] 
[[451.076, 479.293, 436.208, 465.622, 447.789, 496.262, 424.468, 478.439, 440.45, 457.92, 493.236, 485.836, 427.874, 458.369, 445.93, 488.182, 617.552, 518.436, 491.971, 544.494, 441.056, 462.154, 451.682, 485.967, 516.754, 470.953, 482.109, 515.263, 515.384, 548.749, 591.087, 542.648, 547.144, 458.313, 574.083, 553.572, 475.608, 457.962, 575.303, 563.501, 456.097, 517.652, 495.864, 463.922, 595.537, 534.863, 498.816, 544.556, 562.358, 675.81, 563.13, 592.478, 477.106, 552.86, 559.305, 499.066, 480.658, 657.685, 567.547, 599.15, 677.941, 544.855, 522.059, 496.042, 570.92, 529.282, 577.818, 645.192]] 
[[430.172, 423.957, 427.278, 443.141, 471.993, 447.568, 479.39, 462.127, 441.76, 496.425, 463.398, 501.403, 517.63, 535.868, 453.117, 475.567, 539.196, 556.377, 491.659, 604.182, 578.119, 539.376, 610.793, 651.465, 531.828, 623.17, 660.814, 554.425, 693.497, 441.261, 432.072, 636.723, 583.79, 625.606, 656.284, 435.805, 449.66, 682.236, 697.044, 456.366, 513.658, 653.322, 489.556, 599.444, 657.905, 509.901, 579.505, 665.917, 522.152, 708.509, 594.798, 484.615, 576.851, 613.076, 691.575, 640.986, 542.884, 592.651, 487.689, 700.006, 658.567, 735.342, 557.704, 526.729, 748.161, 798.659, 545.939, 674.244]] 
[[727.656, 473.065, 1241.017, 506.118, 492.509, 721.863, 1401.0720000000001, 1596.344, 537.102, 1343.468, 466.196, 562.772, 1321.185, 1388.328, 1264.28, 1300.498, 585.341, 1429.7440000000001, 463.61, 1306.922, 567.113, 509.566, 587.423, 1402.748, 504.956, 569.64, 452.671, 590.196, 479.482, 525.977, 521.71, 1338.729, 1469.467, 1540.115, 485.498, 533.286, 1415.716, 1431.313, 557.152, 535.944, 477.992, 527.782, 1525.395, 597.54, 538.77, 627.931, 593.831, 453.801, 1411.268, 1407.251, 1437.738, 1441.259, 1426.311, 429.87, 460.735, 1497.409, 1550.13, 1469.57, 574.859, 610.389, 1465.243, 637.288, 1423.156, 445.541, 477.453, 1493.138, 594.012, 547.165, 489.991]] 
[[510.333, 495.011, 529.273, 485.129, 476.111, 466.269, 496.271, 537.246, 536.475, 480.227, 467.578, 492.14, 552.002, 512.401, 590.419, 495.679, 470.212, 506.923, 551.508, 484.963, 501.424, 590.016, 624.3, 483.481, 632.546, 670.938, 531.669, 462.126, 611.81, 482.846, 945.95, 523.05, 551.783, 1472.9189999999999, 546.391, 482.23, 486.03, 634.837, 714.548, 541.529, 486.003, 733.892, 804.918, 528.114, 497.384, 873.253, 643.703, 528.676, 571.033, 701.922, 585.092, 539.168, 617.375, 877.225, 927.373, 540.224, 493.213, 564.584, 547.412, 593.38, 620.982, 674.263, 911.985, 573.381, 610.502, 613.377, 565.797, 636.641, 882.157]] 
[[537.666, 454.059, 461.17, 464.739, 476.143, 449.661, 494.085, 511.454, 483.682, 548.324, 453.307, 580.949, 458.799, 612.334, 504.912, 643.263, 515.667, 465.782, 567.553, 472.82, 447.083, 507.607, 585.867, 464.045, 629.569, 501.727, 601.049, 494.977, 528.563, 675.363, 501.969, 618.898, 629.009, 783.718, 697.668, 723.483, 643.427, 459.47, 784.632, 665.376, 480.375, 480.234, 521.6, 819.224, 556.076, 490.429, 853.736, 890.298, 570.182, 623.276, 912.555, 589.472, 614.112, 930.867, 1021.774, 972.238, 610.524, 453.666, 496.905, 429.6, 466.955, 1006.421, 586.641, 504.425, 1038.504, 519.142, 601.127, 538.867, 558.63]] 
[[462.436, 438.59, 500.71, 460.688, 474.064, 443.252, 477.262, 481.25, 543.462, 628.568, 443.933, 501.572, 730.106, 437.363, 428.539, 510.263, 605.432, 635.037, 541.298, 740.605, 436.868, 767.428, 461.229, 424.169, 462.424, 505.538, 619.623, 442.614, 694.289, 644.736, 744.594, 778.806, 450.21, 745.059, 785.885, 881.077, 429.558, 783.926, 820.574, 444.182, 447.721, 436.455, 477.815, 867.21, 454.356, 541.281, 493.17, 946.6, 467.997, 1082.988, 1013.243, 697.487, 470.208, 1098.527, 724.025, 421.889, 505.828, 748.03, 1149.369, 1092.554, 1169.113, 759.685, 795.753, 515.166, 414.195, 416.596, 447.507, 1144.047, 1181.026]] 
[[417.059, 461.865, 452.211, 427.734, 510.171, 476.815, 489.554, 503.249, 672.846, 576.101, 462.712, 760.348, 514.328, 488.63, 536.243, 480.346, 900.28, 424.751, 802.295, 542.837, 491.12, 952.522, 1025.611, 439.954, 498.703, 549.533, 661.118, 436.68, 449.448, 583.712, 452.342, 673.152, 493.145, 1051.382, 1129.409, 470.062, 437.235, 502.995, 510.468, 553.463, 687.188, 1164.07, 467.859, 571.541, 698.04, 631.521, 492.665, 479.11, 705.705, 741.246, 556.089, 501.487, 552.593, 490.68, 612.745, 738.69, 601.121, 700.676, 723.483, 513.307, 744.927, 772.552, 847.572, 520.745, 578.063, 781.943, 686.334, 785.934, 720.506]] 
[[420.6, 433.155, 420.609, 427.76, 512.321, 490.197, 563.581, 544.08, 408.546, 445.277, 454.618, 589.642, 568.996, 605.811, 448.712, 630.334, 599.384, 421.526, 439.624, 471.5, 477.131, 515.972, 622.513, 516.986, 411.278, 548.699, 449.127, 566.64, 645.048, 481.596, 522.069, 677.132, 731.78, 590.261, 552.301, 624.247, 465.881, 751.098, 590.612, 496.962, 796.375, 523.018, 625.587, 690.18, 525.732, 847.029, 585.374, 705.593, 528.491, 624.819, 521.534, 554.299, 555.296, 701.56, 614.921, 576.62, 849.254, 624.922, 616.932, 709.305, 647.539, 689.054, 617.081, 834.103, 885.658, 627.044, 691.832, 604.409, 917.854]] 
[[634.835, 628.036, 711.513, 657.607, 1398.87, 1453.833, 1181.865, 1438.007, 1240.45, 1420.623, 1228.354, 515.28, 1210.263, 459.292, 462.41, 1319.983, 1428.0810000000001, 583.553, 456.222, 620.425, 1403.721, 437.868, 640.449, 462.368, 461.805, 1442.921, 1307.399, 1404.017, 569.548, 474.709, 605.165, 1410.151, 430.871, 661.657, 607.919, 1461.15, 678.282, 601.03, 1441.565, 633.697, 435.568, 481.13, 436.886, 435.569, 628.458, 1405.312, 470.209, 1430.821, 437.617, 515.685, 482.403, 605.698, 452.204, 606.202, 490.133, 517.153, 552.229, 611.604, 438.367, 618.275, 489.321, 518.726, 1416.777, 642.223, 1446.569, 437.712, 1452.656, 1470.915, 555.366]] 
[[423.711, 427.327, 468.901, 441.075, 472.417, 429.17, 422.044, 488.158, 520.866, 469.107, 488.549, 563.707, 661.323, 511.232, 474.47, 440.434, 429.036, 559.392, 483.329, 659.162, 481.295, 427.051, 581.078, 563.388, 609.208, 506.111, 588.658, 481.999, 645.928, 618.395, 601.861, 675.54, 506.3, 706.101, 423.911, 626.27, 446.119, 659.561, 489.916, 690.153, 576.053, 705.535, 491.843, 447.37, 485.035, 521.694, 518.879, 551.043, 686.582, 543.833, 618.217, 515.714, 573.211, 643.527, 548.246, 689.763, 569.412, 712.709, 740.543, 631.906, 661.841, 505.141, 626.314, 528.479, 651.642, 558.352, 721.191, 675.026, 430.528]] 
[[425.24, 520.81, 578.426, 452.702, 408.644, 488.185, 421.464, 434.666, 480.173, 623.751, 565.919, 485.928, 455.169, 439.65, 468.614, 468.019, 566.102, 489.742, 602.492, 517.1, 439.961, 489.092, 462.855, 601.99, 647.204, 531.618, 492.792, 442.978, 513.641, 510.616, 549.744, 525.6, 441.253, 576.158, 518.536, 629.502, 666.897, 614.396, 645.599, 547.623, 645.621, 574.934, 425.313, 629.109, 644.994, 644.869, 669.93, 668.812, 703.006, 624.637, 682.109, 647.013, 760.781, 588.03, 661.423, 717.926, 693.69, 748.181, 751.362, 771.819, 778.766, 807.478, 431.781, 468.712, 782.927, 684.783, 813.852, 863.916, 826.172]] 
[[415.785, 442.582, 479.265, 566.171, 609.07, 428.174, 470.129, 449.683, 506.509, 633.833, 475.501, 657.404, 448.324, 451.836, 586.722, 528.529, 613.656, 471.267, 733.383, 661.137, 465.531, 426.302, 1237.205, 595.69, 537.417, 472.937, 652.576, 596.183, 713.021, 673.566, 641.955, 738.768, 488.825, 662.948, 460.265, 497.783, 670.722, 457.291, 712.784, 547.237, 577.47, 603.242, 658.686, 484.061, 587.715, 705.814, 664.489, 509.008, 691.523, 594.538, 715.597, 760.158, 706.588, 788.18, 730.769, 619.148, 755.008, 685.464, 790.627, 1451.069, 803.935, 806.898, 459.453, 720.642, 817.346, 522.566, 660.51, 590.652, 671.564]] 
[[489.466, 483.486, 478.326, 486.044, 483.655, 506.87, 505.389, 540.902, 481.746, 471.552, 484.069, 464.989, 455.367, 482.875, 518.507, 503.808, 428.119, 547.897, 472.242, 574.793, 515.248, 553.976, 588.829, 597.822, 459.065, 468.035, 552.152, 490.504, 483.101, 494.049, 575.69, 502.662, 565.396, 648.268, 588.863, 567.141, 639.963, 503.628, 657.971, 583.305, 667.472, 565.57, 623.021, 665.868, 592.989, 434.877, 679.481, 621.253, 459.846, 684.161, 508.845, 594.062, 548.254, 666.03, 685.857, 726.225, 611.523, 548.309, 672.576, 705.366, 623.151, 533.343, 639.153, 576.845, 617.876, 691.444, 530.862, 709.668, 649.457, 630.737]] 
[[456.577, 468.728, 474.477, 453.148, 497.466, 536.909, 489.151, 474.026, 570.014, 508.079, 547.568, 599.587, 516.177, 583.549, 612.833, 645.625, 479.594, 540.179, 687.521, 707.248, 566.526, 549.024, 589.423, 730.609, 620.617, 472.357, 654.813, 504.378, 539.586, 700.464, 735.257, 473.986, 500.674, 539.729, 491.167, 753.599, 508.627, 693.371, 787.683, 536.651, 820.637, 715.093, 747.224, 513.476, 837.385, 771.574, 456.706, 803.751, 507.321, 831.303, 829.98, 862.42, 860.809, 992.916, 446.578, 894.341, 1061.906, 513.106, 468.324, 1086.675, 541.324, 524.615, 831.763, 561.323, 448.612, 531.86, 450.591, 564.864, 542.457, 1030.533]] 
[[440.613, 446.486, 505.126, 448.729, 468.825, 429.821, 512.679, 469.903, 556.688, 459.076, 585.244, 460.91, 663.811, 454.75, 604.566, 492.499, 677.006, 468.41, 527.173, 502.188, 700.788, 444.429, 968.087, 775.125, 521.774, 660.554, 567.853, 597.715, 678.779, 517.103, 450.067, 477.887, 435.282, 692.367, 743.726, 467.227, 484.765, 793.457, 490.769, 473.845, 688.601, 717.039, 538.407, 722.991, 569.391, 458.392, 474.11, 591.475, 805.384, 750.71, 630.272, 531.209, 717.106, 468.105, 555.046, 809.087, 580.163, 614.908, 828.212, 707.148, 614.209, 631.308, 696.813, 644.485, 431.454, 473.985, 686.521, 690.083, 717.177, 721.353]] 
[[504.35, 543.943, 494.916, 480.988, 466.539, 560.631, 596.744, 491.058, 488.623, 523.753, 487.806, 626.214, 531.446, 552.019, 564.554, 541.703, 511.786, 579.722, 552.459, 589.412, 512.725, 622.846, 536.992, 586.701, 662.197, 643.651, 551.449, 550.531, 500.292, 578.637, 633.842, 530.928, 570.848, 647.574, 675.66, 561.394, 630.65, 667.774, 617.628, 593.478, 569.697, 693.894, 611.51, 644.515, 701.288, 740.691, 669.937, 742.654, 552.257, 755.849, 578.105, 599.67, 668.407, 651.527, 614.98, 521.019, 592.079, 562.083, 679.36, 743.452, 721.894, 629.602, 555.645, 764.988, 619.381, 699.541, 797.824, 631.456, 656.797, 715.804]] 
[[449.287, 473.698, 451.843, 448.763, 551.888, 469.665, 619.928, 487.962, 552.743, 496.722, 634.835, 556.505, 715.935, 579.632, 655.945, 730.875, 578.955, 600.735, 502.635, 669.944, 593.593, 545.278, 737.626, 765.664, 573.628, 476.082, 512.963, 591.056, 788.667, 827.026, 581.709, 626.949, 607.906, 587.299, 829.39, 620.463, 929.427, 735.506, 834.705, 619.836, 633.016, 594.735, 958.719, 720.05, 760.962, 584.584, 974.568, 1005.566, 445.841, 614.634, 653.302, 455.543, 585.876, 662.525, 617.377, 551.498, 493.412, 975.809, 1018.33, 687.699, 574.471, 1043.46, 698.2, 1071.347, 586.93, 558.172, 705.922, 591.842, 575.83, 1066.369]] 
[[500.107, 505.949, 531.015, 526.638, 486.02, 503.186, 549.522, 485.514, 493.702, 514.603, 556.385, 551.38, 509.807, 550.857, 605.244, 521.85, 563.186, 607.64, 543.89, 607.681, 622.372, 539.601, 528.144, 484.191, 565.567, 545.653, 603.146, 689.348, 535.434, 559.936, 606.844, 626.54, 631.287, 740.021, 682.833, 757.112, 651.682, 522.07, 775.483, 812.333, 665.381, 490.143, 546.819, 492.499, 674.874, 701.471, 496.443, 809.464, 727.852, 970.799, 492.863, 513.995, 870.777, 1031.967, 736.913, 475.901, 494.724, 524.29, 524.812, 1032.85, 742.033, 785.037, 544.748, 606.748, 559.951, 524.552, 486.901, 515.314, 669.202, 608.08]] 
[[480.956, 502.6, 469.968, 477.486, 488.352, 496.84, 470.135, 528.995, 505.794, 565.014, 481.826, 449.076, 517.178, 586.194, 547.066, 449.546, 468.303, 594.204, 563.139, 621.643, 479.724, 492.278, 452.793, 656.528, 602.396, 492.62, 520.739, 490.282, 468.257, 700.083, 521.653, 603.032, 544.808, 502.631, 618.799, 599.821, 518.285, 558.143, 683.353, 538.861, 766.058, 605.943, 596.196, 689.045, 619.194, 624.65, 567.417, 644.988, 613.879, 654.694, 671.646, 722.041, 717.354, 671.412, 799.363, 701.769, 832.588, 770.139, 445.391, 561.821, 699.849, 596.944, 835.273, 804.232, 856.245, 831.445, 701.622, 624.837, 569.294, 700.711]] 
[[491.513, 455.557, 486.378, 480.117, 464.243, 484.868, 496.214, 495.558, 481.923, 489.313, 507.866, 527.368, 540.561, 566.184, 498.388, 477.37, 553.807, 527.437, 461.563, 572.921, 624.01, 492.556, 534.714, 523.392, 651.107, 500.417, 554.094, 690.284, 591.064, 559.223, 668.016, 499.131, 474.588, 731.564, 535.08, 560.901, 659.302, 621.334, 558.329, 481.389, 695.458, 643.972, 554.126, 645.516, 692.629, 533.028, 685.759, 546.881, 578.052, 716.28, 727.212, 667.203, 547.25, 741.333, 617.828, 568.126, 628.256, 611.056, 633.583, 546.573, 697.824, 736.673, 660.804, 762.855, 801.563, 687.896, 787.298, 657.08, 727.046, 685.257]] 
[[501.161, 491.898, 488.145, 481.468, 507.48, 511.454, 500.065, 556.597, 514.831, 496.134, 537.128, 507.186, 471.462, 550.695, 535.91, 531.325, 558.019, 556.123, 491.294, 533.001, 495.056, 557.113, 585.933, 546.755, 494.908, 619.614, 473.778, 554.752, 509.157, 641.621, 553.549, 481.494, 596.583, 667.498, 538.335, 594.184, 632.67, 485.508, 608.497, 647.259, 548.593, 641.233, 582.408, 638.182, 607.175, 661.819, 643.629, 628.312, 696.967, 806.967, 741.036, 497.112, 822.046, 583.057, 516.188, 554.043, 617.422, 596.368, 645.238, 632.807, 679.707, 554.586, 535.846, 768.278, 701.476, 666.788, 561.57, 769.698, 552.703, 678.484]] 
[[495.7, 534.928, 499.739, 537.783, 491.902, 542.254, 507.511, 535.964, 519.994, 508.634, 547.368, 527.557, 550.658, 530.734, 499.374, 557.189, 533.827, 483.537, 552.851, 582.955, 548.071, 503.158, 568.883, 584.997, 656.238, 558.065, 648.646, 564.747, 679.717, 514.529, 671.215, 775.767, 730.741, 495.904, 536.708, 790.107, 507.734, 664.099, 827.417, 478.343, 686.622, 525.15, 573.007, 604.139, 701.711, 846.956, 483.579, 794.376, 610.761, 700.37, 651.544, 687.745, 763.339, 842.128, 1407.0, 702.46, 452.849, 484.967, 794.525, 436.694, 467.56, 489.092, 840.052, 515.446, 906.068, 786.517, 852.227, 811.009, 517.262, 912.206]] 
average response time [0]525.144
average response time [1]524.631
average response time [2]498.952
average response time [3]504.923
average response time [4]466.19
average response time [5]501.06
average response time [6]445.467
average response time [7]452.873
average response time [8]472.746
average response time [9]497.872
TOTAL AVERAGE RESPONSE TIME ====================: 488.98580000000004
NUMBER OF THREADS ==============================: 1
average response time [10]561.7455
average response time [11]1011.721
average response time [12]503.97450000000003
average response time [13]525.708
average response time [14]552.19
average response time [15]560.1895
average response time [16]534.306
average response time [17]535.4635000000001
average response time [18]558.2935
average response time [19]559.781
TOTAL AVERAGE RESPONSE TIME ====================: 590.3372499999999
NUMBER OF THREADS ==============================: 2
average response time [20]555.985
average response time [21]533.4145
average response time [22]563.682
average response time [23]575.645
average response time [24]597.01475
average response time [25]580.56425
average response time [26]599.9455
average response time [27]592.9390000000001
average response time [28]737.88375
average response time [29]535.98925
TOTAL AVERAGE RESPONSE TIME ====================: 587.3063
NUMBER OF THREADS ==============================: 4
average response time [30]679.1605
average response time [31]630.484375
average response time [32]608.79425
average response time [33]662.030375
average response time [34]768.61225
average response time [35]634.84725
average response time [36]620.423875
average response time [37]653.11175
average response time [38]517.5802
average response time [39]481.051
TOTAL AVERAGE RESPONSE TIME ====================: 625.6095825000001
NUMBER OF THREADS ==============================: 8
average response time [40]547.9355555555555
average response time [41]505.6191666666667
average response time [42]588.5821111111111
average response time [43]589.552
average response time [44]494.3688333333333
average response time [45]539.3545
average response time [46]506.641
average response time [47]476.8842
average response time [48]557.5797777777777
average response time [49]514.800625
TOTAL AVERAGE RESPONSE TIME ====================: 532.1317769444445
NUMBER OF THREADS ==============================: 16
average response time [50]578.3897272727273
average response time [51]712.0560625
average response time [52]932.0425882352941
average response time [53]651.052
average response time [54]631.805
average response time [55]828.260238095238
average response time [56]699.1022631578948
average response time [57]870.07425
average response time [58]950.29
average response time [59]742.1778571428571
TOTAL AVERAGE RESPONSE TIME ====================: 759.524998640401
NUMBER OF THREADS ==============================: 32
average response time [60]1051.472117647059
average response time [61]1177.8372368421053
average response time [62]1322.726515151515
average response time [63]970.052
average response time [64]600.4221428571428
average response time [65]675.0791578947368
average response time [66]679.3697333333333
average response time [67]645.8838571428571
average response time [68]564.0741923076923
average response time [69]884.4070666666667
TOTAL AVERAGE RESPONSE TIME ====================: 857.1324019843107
NUMBER OF THREADS ==============================: 64
average response time [70]671.696325
average response time [71]638.878447368421
average response time [72]614.8490588235294
average response time [73]561.5283103448276
average response time [74]549.99564
average response time [75]499.62176
average response time [76]623.6711333333334
average response time [77]512.1375833333333
average response time [78]556.6318620689656
average response time [79]479.30648
TOTAL AVERAGE RESPONSE TIME ====================: 570.831660027241
NUMBER OF THREADS ==============================: 65
average response time [80]770.81928
average response time [81]899.0710357142857
average response time [82]574.0715925925925
average response time [83]508.02210344827586
average response time [84]531.4860714285714
average response time [85]512.1243793103448
average response time [86]624.9954444444445
average response time [87]483.84365217391303
average response time [88]535.8542432432432
average response time [89]525.9200612244898
TOTAL AVERAGE RESPONSE TIME ====================: 596.6207863580161
NUMBER OF THREADS ==============================: 66
average response time [90]704.5620727272727
average response time [91]539.111
average response time [92]553.4786538461539
average response time [93]540.347375
average response time [94]526.0724897959184
average response time [95]560.221290909091
average response time [96]625.176925925926
average response time [97]658.3175192307692
average response time [98]523.4190196078431
average response time [99]553.511523076923
TOTAL AVERAGE RESPONSE TIME ====================: 578.4217870119899
NUMBER OF THREADS ==============================: 67
average response time [100]570.4100441176471
average response time [101]551.6071176470588
average response time [102]562.0495294117648
average response time [103]817.3205882352942
average response time [104]698.6997647058823
average response time [105]570.5683676470588
average response time [106]515.7018529411765
average response time [107]569.0925
average response time [108]518.1951176470589
average response time [109]562.8365735294118
TOTAL AVERAGE RESPONSE TIME ====================: 593.6481455882353
NUMBER OF THREADS ==============================: 68
average response time [110]895.3711594202898
average response time [111]599.5597391304348
average response time [112]597.6481739130435
average response time [113]634.5950724637681
average response time [114]613.4901594202898
average response time [115]585.8698695652174
average response time [116]821.269304347826
average response time [117]554.9548115942029
average response time [118]586.2724202898551
average response time [119]623.3432753623189
TOTAL AVERAGE RESPONSE TIME ====================: 651.2373985507246
NUMBER OF THREADS ==============================: 69
average response time [120]562.2841571428571
average response time [121]626.3780571428572
average response time [122]588.3035142857143
average response time [123]603.5767
average response time [124]658.2836714285714
average response time [125]607.3025142857143
average response time [126]597.2205857142857
average response time [127]590.7723
average response time [128]581.9339714285715
average response time [129]624.1843714285715
TOTAL AVERAGE RESPONSE TIME ====================: 604.0239842857143
NUMBER OF THREADS ==============================: 70
average response time sent to Stackdriver [0]535.4635000000001
average response time sent to Stackdriver [1]630.484375
average response time sent to Stackdriver [2]494.3688333333333
average response time sent to Stackdriver [3]631.805
average response time sent to Stackdriver [4]1051.472117647059
average response time sent to Stackdriver [5]675.0791578947368
average response time sent to Stackdriver [6]614.8490588235294
average response time sent to Stackdriver [7]770.81928
average response time sent to Stackdriver [8]535.8542432432432
average response time sent to Stackdriver [9]625.176925925926
average response time sent to Stackdriver [10]817.3205882352942
average response time sent to Stackdriver [11]895.3711594202898
average response time sent to Stackdriver [12]821.269304347826
average response time sent to Stackdriver [13]603.5767
NUMBER OF THREADS: [1, 2, 4, 8, 16, 32, 64, 65, 66, 67, 68, 69, 70]
WORKLOAD: HFU_LV;  
TOTAL EXECUTION TIME (Concurrent Parallel Requests): 156190.097
NUMBER OF REPLICAS USED: 5

