[[413.485]] 
RATE (RPS) =====================================: 1

[[342.07]] 
RATE (RPS) =====================================: 1

[[340.215]] 
RATE (RPS) =====================================: 1

[[342.571]] 
RATE (RPS) =====================================: 1

[[345.053]] 
RATE (RPS) =====================================: 1

[[338.993]] 
RATE (RPS) =====================================: 1

[[342.9]] 
RATE (RPS) =====================================: 1

[[346.877]] 
RATE (RPS) =====================================: 1

[[353.109]] 
RATE (RPS) =====================================: 1

[[349.68]] 
RATE (RPS) =====================================: 1

[[340.349, 342.208]] 
RATE (RPS) =====================================: 2

[[346.598, 354.278]] 
RATE (RPS) =====================================: 2

[[351.964, 346.708]] 
RATE (RPS) =====================================: 2

[[352.248, 356.274]] 
RATE (RPS) =====================================: 2

[[349.766, 354.167]] 
RATE (RPS) =====================================: 2

[[356.819, 346.06]] 
RATE (RPS) =====================================: 2

[[355.84, 341.549]] 
RATE (RPS) =====================================: 2

[[1352.141, 465.903]] 
RATE (RPS) =====================================: 1

[[894.291, 718.941]] 
RATE (RPS) =====================================: 2

[[1218.3600000000001, 2225.045]] 
RATE (RPS) =====================================: 0

[[386.048, 391.84, 387.945, 388.775]] 
RATE (RPS) =====================================: 4

[[395.097, 360.79, 353.536, 344.925]] 
RATE (RPS) =====================================: 4

[[352.461, 371.426, 339.766, 344.176]] 
RATE (RPS) =====================================: 4

[[340.658, 356.572, 342.154, 343.637]] 
RATE (RPS) =====================================: 4

[[348.356, 350.165, 356.015, 347.831]] 
RATE (RPS) =====================================: 4

[[351.955, 365.451, 337.84, 349.061]] 
RATE (RPS) =====================================: 4

[[346.362, 337.146, 369.558, 358.198]] 
RATE (RPS) =====================================: 4

[[357.725, 362.618, 340.15, 344.347]] 
RATE (RPS) =====================================: 4

[[352.045, 384.825, 342.785, 365.816]] 
RATE (RPS) =====================================: 4

[[337.807, 373.063, 351.83, 347.47]] 
RATE (RPS) =====================================: 4

[[363.941, 349.174, 352.84, 347.449, 353.664, 360.696, 344.004, 350.805]] 
RATE (RPS) =====================================: 8

[[347.083, 364.786, 340.69, 363.926, 369.409, 358.224, 358.82, 350.412]] 
RATE (RPS) =====================================: 8

[[398.808, 344.77, 377.805, 364.177, 364.163, 349.073, 353.05, 354.447]] 
RATE (RPS) =====================================: 8

[[353.081, 347.886, 345.271, 377.275, 379.08, 351.695, 347.967, 359.432]] 
RATE (RPS) =====================================: 8

[[341.632, 357.959, 347.54, 352.496, 342.825, 348.16, 342.554, 358.547]] 
RATE (RPS) =====================================: 8

[[387.438, 355.383, 344.739, 354.535, 375.142, 361.186, 367.433, 355.57]] 
RATE (RPS) =====================================: 8

[[343.906, 360.922, 358.244, 351.732, 348.466, 345.823, 344.237, 350.839]] 
RATE (RPS) =====================================: 8

[[429.057, 372.496, 393.963, 440.025, 487.484, 450.383, 498.031, 520.727]] 
RATE (RPS) =====================================: 8

[[391.67, 421.76, 457.979, 421.871, 552.576, 458.812, 471.478, 483.119]] 
RATE (RPS) =====================================: 8

[[432.667, 377.0, 391.958, 459.208, 423.944, 475.842, 511.695, 480.235]] 
RATE (RPS) =====================================: 8

[[378.478, 418.773, 390.505, 454.702, 421.427, 464.33, 480.449, 498.956, 524.752, 543.422, 579.456, 549.357, 648.207, 592.386, 607.524, 664.465]] 
RATE (RPS) =====================================: 16

[[407.755, 381.664, 416.542, 433.083, 453.263, 529.598, 462.433, 542.155, 532.327, 545.777, 565.308, 586.863, 612.752, 630.372, 646.956, 673.972]] 
RATE (RPS) =====================================: 16

[[377.012, 427.638, 387.225, 464.812, 422.362, 540.095, 469.091, 572.628, 543.739, 583.959, 604.999, 623.976, 640.541, 659.18, 678.388, 693.458]] 
RATE (RPS) =====================================: 16

[[404.529, 372.305, 447.845, 413.499, 452.575, 470.313, 485.674, 503.281, 525.857, 546.721, 569.622, 596.03, 645.847, 700.38, 724.307, 745.051]] 
RATE (RPS) =====================================: 16

[[448.749, 398.65, 482.108, 534.853, 564.6, 608.43, 652.743, 700.866, 762.184, 1086.49, 957.884, 888.877, 994.586, 1086.794, 1120.129, 1168.2930000000001]] 
RATE (RPS) =====================================: 12

[[375.15, 374.529, 362.052, 360.074, 362.349, 358.936, 356.556, 351.787, 352.879, 346.644, 344.171, 352.075, 343.933, 355.662, 338.591, 340.223]] 
RATE (RPS) =====================================: 16

[[350.668, 342.868, 371.731, 349.758, 349.596, 342.421, 345.51, 353.242, 353.428, 344.158, 349.912, 346.564, 345.733, 371.383, 362.656, 344.901]] 
RATE (RPS) =====================================: 16

[[347.52, 345.899, 356.617, 368.035, 372.105, 366.946, 367.032, 357.31, 345.859, 354.874, 375.873, 368.202, 363.558, 365.581, 351.655, 358.338]] 
RATE (RPS) =====================================: 16

[[353.889, 349.068, 348.196, 344.886, 376.473, 358.216, 353.184, 359.554, 350.455, 354.464, 339.434, 371.241, 368.689, 356.107, 364.353, 346.914]] 
RATE (RPS) =====================================: 16

[[356.01, 343.108, 349.788, 360.147, 360.366, 378.775, 355.601, 375.457, 349.16, 352.393, 343.74, 379.051, 371.597, 351.535, 344.69, 353.012]] 
RATE (RPS) =====================================: 16

[[376.246, 367.916, 369.177, 364.281, 361.254, 352.954, 372.328, 397.387, 366.498, 358.512, 370.447, 363.515, 365.47, 364.988, 361.576, 344.353, 353.995, 367.816, 347.503, 358.977, 355.025, 366.64, 380.998, 368.474, 355.148, 348.868, 376.748, 374.0, 356.101, 372.892, 369.132, 345.781]] 
RATE (RPS) =====================================: 32

[[359.51, 386.801, 373.706, 356.366, 370.883, 377.669, 359.976, 365.012, 358.419, 373.978, 383.589, 376.515, 349.501, 356.651, 361.894, 352.696, 343.006, 367.491, 366.862, 386.791, 369.356, 355.253, 361.528, 351.991, 347.4, 346.551, 345.257, 344.514, 346.672, 362.752, 353.462, 352.442]] 
RATE (RPS) =====================================: 32

[[361.473, 363.361, 383.178, 374.483, 360.159, 354.957, 352.352, 349.723, 355.364, 346.793, 349.484, 361.881, 344.462, 339.707, 363.104, 359.478, 350.334, 361.843, 354.611, 376.984, 354.282, 351.04, 343.413, 357.093, 351.374, 362.536, 360.614, 351.872, 345.009, 355.929, 344.83, 345.442]] 
RATE (RPS) =====================================: 32

[[366.136, 406.611, 391.787, 372.474, 374.77, 376.985, 380.139, 366.72, 367.67, 384.562, 345.349, 358.708, 354.311, 353.368, 355.852, 345.012, 342.177, 348.018, 344.432, 342.614, 359.919, 366.988, 350.788, 357.821, 360.506, 346.729, 364.034, 350.19, 350.647, 355.503, 348.566, 347.769]] 
RATE (RPS) =====================================: 32

[[343.957, 372.675, 368.161, 355.848, 356.314, 402.389, 385.437, 399.618, 406.576, 410.549, 393.868, 391.832, 378.229, 384.792, 384.396, 385.962, 368.623, 373.199, 374.557, 384.163, 389.558, 361.673, 375.553, 377.88, 369.705, 392.706, 384.095, 394.813, 389.721, 365.183, 380.789, 367.668]] 
RATE (RPS) =====================================: 32

[[442.28, 409.569, 378.598, 440.601, 446.593, 456.985, 472.847, 516.584, 482.145, 525.268, 536.125, 580.564, 594.188, 544.752, 606.557, 667.947, 692.291, 611.059, 697.965, 797.807, 709.738, 762.911, 726.49, 836.18, 782.366, 796.028, 832.701, 851.306, 923.387, 883.344, 930.333, 947.568]] 
RATE (RPS) =====================================: 32

[[490.121, 376.373, 384.372, 401.814, 407.452, 491.387, 451.516, 521.486, 565.91, 530.924, 578.506, 597.162, 609.678, 632.578, 638.563, 657.449, 671.766, 680.131, 688.568, 701.149, 713.965, 721.75, 737.011, 777.881, 745.905, 785.295, 799.137, 810.832, 853.418, 868.476, 820.841, 877.168]] 
RATE (RPS) =====================================: 32

[[402.92, 438.174, 410.914, 447.621, 466.971, 486.767, 527.347, 494.572, 544.888, 559.209, 575.52, 604.298, 619.206, 641.724, 655.224, 673.722, 696.249, 711.142, 729.867, 745.503, 768.214, 809.919, 778.91, 870.097, 833.68, 800.291, 860.195, 871.265, 883.699, 928.27, 895.61, 936.111]] 
RATE (RPS) =====================================: 32

[[390.016, 414.005, 451.563, 414.577, 484.772, 450.071, 487.112, 500.753, 514.839, 565.21, 538.758, 578.67, 594.17, 613.846, 632.006, 650.872, 758.048, 679.468, 651.663, 694.066, 791.459, 891.194, 846.788, 1090.318, 922.012, 961.291, 996.885, 1013.655, 1028.198, 1075.354, 1096.331, 1107.104]] 
RATE (RPS) =====================================: 26

[[457.052, 391.35, 467.892, 418.608, 471.356, 494.936, 530.018, 503.602, 576.698, 574.602, 581.181, 656.728, 592.502, 657.97, 645.228, 733.649, 679.355, 799.212, 764.195, 817.897, 889.557, 832.856, 856.248, 920.933, 887.086, 927.088, 947.099, 963.395, 985.146, 1001.343, 1024.583, 1039.565]] 
RATE (RPS) =====================================: 29

[[380.553, 405.937, 418.403, 476.439, 427.618, 546.174, 489.268, 588.365, 636.131, 551.308, 651.404, 698.639, 593.837, 657.5, 703.218, 749.153, 721.822, 785.064, 847.185, 814.841, 779.886, 846.326, 914.051, 865.502, 882.795, 926.061, 944.435, 962.542, 982.506, 1000.952, 1013.092, 1029.438, 1052.666, 1072.552, 1109.071, 1086.57, 1117.675, 1134.329, 1158.745, 1170.971, 1189.504, 1205.017, 1305.466, 1231.131, 1240.05, 1392.905, 1331.3020000000001, 1440.0720000000001, 1403.99, 1350.476, 1441.854, 1465.699, 1502.43, 1477.575, 1562.0140000000001, 1510.071, 1528.192, 1567.992, 1592.101, 1637.5929999999998, 1608.501, 1689.292, 1639.125, 1634.6970000000001]] 
RATE (RPS) =====================================: 29

[[409.766, 373.642, 423.993, 463.707, 549.21, 509.822, 599.761, 469.606, 607.275, 547.987, 629.18, 730.675, 644.888, 661.635, 694.885, 753.973, 778.825, 716.179, 784.992, 807.246, 851.201, 820.174, 857.858, 875.751, 894.447, 916.201, 930.407, 952.868, 967.67, 985.443, 1002.35, 1075.181, 1020.141, 1032.775, 1075.089, 1090.714, 1108.467, 1126.004, 1192.175, 1154.753, 1231.3890000000001, 1278.993, 1301.501, 1343.299, 1310.391, 1351.373, 1374.886, 1392.2069999999999, 1458.059, 1474.519, 1394.75, 1415.444, 1505.937, 1470.721, 1545.2440000000001, 1512.3200000000002, 1556.423, 1578.606, 1593.2350000000001, 1621.088, 1689.6950000000002, 1630.066, 1648.254, 1688.271]] 
RATE (RPS) =====================================: 30

[[438.795, 391.426, 483.789, 452.447, 491.525, 544.739, 560.348, 576.16, 542.982, 599.27, 678.26, 696.441, 629.763, 706.733, 723.49, 741.675, 779.881, 742.747, 822.441, 785.522, 854.618, 822.512, 869.257, 884.33, 904.314, 918.52, 966.196, 931.249, 996.964, 967.499, 1009.664, 1055.665, 1023.048, 1128.689, 1073.488, 1159.67, 1182.018, 1226.687, 1203.175, 1237.083, 1260.194, 1277.528, 1295.245, 1314.126, 1355.816, 1326.314, 1392.275, 1362.714, 1474.473, 1390.5230000000001, 1433.188, 1401.547, 1471.3890000000001, 1491.214, 1509.09, 1557.816, 1575.76, 1522.01, 1604.592, 1566.5030000000002, 1605.1570000000002, 1624.321, 1667.1309999999999, 1628.117]] 
RATE (RPS) =====================================: 30

[[379.693, 404.141, 431.521, 434.078, 442.533, 577.029, 489.02, 500.569, 574.338, 477.842, 494.739, 559.359, 581.253, 597.942, 610.473, 661.121, 695.719, 622.031, 654.274, 707.364, 719.894, 737.55, 755.798, 774.671, 794.309, 845.701, 807.957, 849.918, 895.629, 857.447, 910.761, 943.77, 984.575, 1029.891, 1044.594, 1063.459, 1070.123, 1090.212, 1127.728, 1162.325, 1191.339, 1231.787, 1276.997, 1197.536, 1242.942, 1309.815, 1280.458, 1317.32, 1339.028, 1390.368, 1354.787, 1364.121, 1384.108, 1418.914, 1481.583, 1378.175, 1415.597, 1431.012, 1454.546, 1471.211, 1475.107, 1541.809, 1504.417, 1474.865]] 
RATE (RPS) =====================================: 33

[[394.613, 429.524, 404.401, 445.269, 464.079, 459.402, 484.404, 493.237, 510.105, 528.784, 546.885, 564.895, 584.508, 605.385, 621.115, 639.184, 653.203, 774.843, 683.706, 715.92, 799.767, 1054.222, 864.357, 947.489, 980.11, 989.922, 1036.352, 1073.331, 1040.47, 1084.1, 1091.313, 1093.417, 1123.932, 1143.771, 1182.435, 1157.388, 1250.906, 1193.807, 1250.397, 1200.726, 1261.109, 1283.011, 1289.0230000000001, 1299.963, 1307.837, 1320.024, 1372.972, 1333.945, 1302.179, 1412.051, 1369.969, 1330.507, 1386.6190000000001, 1391.628, 1512.786, 1408.152, 1432.888, 1517.6390000000001, 1479.961, 1586.1100000000001, 1509.866, 1524.594, 1534.262, 1571.124]] 
RATE (RPS) =====================================: 25

[[437.097, 371.662, 394.945, 442.666, 489.584, 443.812, 540.044, 470.579, 531.21, 591.813, 555.064, 525.02, 589.256, 660.957, 617.221, 668.356, 713.371, 682.012, 720.446, 738.762, 760.502, 776.32, 824.792, 845.33, 775.119, 836.457, 895.522, 867.12, 821.163, 889.733, 930.512, 896.897, 944.308, 958.944, 977.314, 993.064, 1075.836, 1169.977, 1001.655, 1122.189, 1017.921, 1224.526, 1116.242, 1129.766, 1155.631, 1209.17, 1227.203, 1240.962, 1251.13, 1445.068, 1289.217, 1358.163, 1312.063, 1359.82, 1428.338, 1504.388, 1443.8, 1465.752, 1521.47, 1540.147, 1559.37, 1605.045, 1568.931, 1611.762]] 
RATE (RPS) =====================================: 36

[[380.624, 425.63, 439.878, 422.807, 450.064, 503.418, 451.628, 561.504, 539.114, 563.901, 582.196, 599.963, 640.429, 682.707, 600.65, 635.742, 677.365, 750.924, 700.505, 715.484, 744.15, 782.223, 747.295, 779.34, 795.57, 835.606, 799.471, 840.024, 877.012, 893.595, 835.984, 928.839, 895.058, 937.887, 960.803, 981.917, 1004.425, 1075.834, 1009.465, 1028.902, 1068.838, 1075.408, 1131.024, 1049.221, 1105.821, 1135.7640000000001, 1187.186, 1264.688, 1300.829, 1343.843, 1397.922, 1438.868, 1450.329, 1458.22, 1459.1970000000001, 1471.628, 1518.6190000000001, 1477.455, 1549.025, 1520.1799999999998, 1522.071, 1538.048, 1574.839, 1546.808]] 
RATE (RPS) =====================================: 36

[[414.976, 396.922, 483.175, 424.14, 451.22, 492.45, 496.651, 451.339, 554.718, 527.47, 492.551, 555.694, 623.911, 568.372, 587.686, 628.201, 670.206, 682.716, 627.163, 695.279, 713.506, 756.93, 728.014, 772.35, 791.568, 813.375, 854.99, 830.014, 865.762, 883.95, 901.235, 916.694, 934.824, 971.755, 1002.045, 1071.302, 1023.338, 1035.709, 1091.874, 1056.422, 1099.9, 1122.338, 1170.425, 1129.866, 1194.107, 1204.251, 1215.313, 1248.696, 1210.915, 1264.223, 1238.65, 1263.652, 1282.402, 1291.095, 1308.589, 1304.524, 1319.0059999999999, 1330.2649999999999, 1353.307, 1374.667, 1397.278, 1440.845, 1410.886, 1451.388]] 
RATE (RPS) =====================================: 34

[[490.657, 400.895, 423.894, 430.611, 570.081, 470.055, 515.859, 581.58, 594.572, 605.775, 649.561, 623.638, 679.172, 645.648, 684.456, 704.118, 726.71, 785.298, 809.205, 718.796, 738.127, 865.615, 797.017, 907.39, 815.368, 905.521, 847.142, 941.691, 987.12, 997.494, 1015.03, 1050.167, 1065.109, 1004.368, 1065.984, 1080.857, 1087.389, 1136.979, 1090.345, 1146.494, 1166.43, 1208.826, 1177.975, 1271.097, 1238.6, 1212.454, 1274.407, 1292.057, 1299.299, 1352.975, 1367.121, 1381.77, 1415.584, 1384.542, 1416.585, 1421.37, 1438.374, 1466.636, 1431.493, 1463.92, 1476.099, 1484.33, 1494.734, 1516.88]] 
RATE (RPS) =====================================: 30

[[366.512, 418.104, 417.264, 410.464, 430.544, 470.996, 505.36, 516.789, 539.646, 559.08, 580.907, 639.155, 640.43, 674.651, 760.565, 702.075, 809.816, 853.059, 893.63, 935.293, 953.485, 966.838, 1004.956, 1075.012, 1022.998, 1106.602, 1126.948, 1206.988, 1157.808, 1228.766, 1267.584, 1294.382, 1327.132, 1361.118, 1399.374, 1496.621, 1418.517]] 
RATE (RPS) =====================================: 49

[[388.346, 352.114, 368.685, 365.69, 363.158, 356.621, 355.963, 355.017, 354.059, 391.995, 365.191, 373.309, 364.039, 340.948, 382.922, 367.153, 362.456, 352.136, 357.618, 345.729, 357.449, 385.079, 366.154, 452.667, 396.022, 372.638]] 
RATE (RPS) =====================================: 65

[[351.982, 353.142, 362.065, 382.13, 362.619, 347.563, 351.299, 359.191, 406.666, 347.938, 388.088, 365.174, 369.205, 363.631, 355.252, 381.657, 361.766, 376.514, 360.045, 358.462, 348.511, 349.296, 350.765, 372.253, 362.811, 380.779, 351.332, 345.802, 352.552, 354.317, 343.92, 363.37, 387.896, 368.707, 352.74, 345.733]] 
RATE (RPS) =====================================: 65

[[416.625, 382.811, 365.951, 350.976, 371.131, 357.215, 373.015, 351.615, 352.979, 365.891, 341.99, 354.358, 361.826, 364.191, 370.248, 383.104, 354.768, 369.43, 385.462, 359.549, 419.039, 365.321, 359.735, 372.747, 361.316, 383.293, 351.084, 372.589, 364.354, 371.825, 358.912, 358.986, 352.074, 358.397, 343.002, 390.656, 377.824, 351.924, 353.115, 351.404]] 
RATE (RPS) =====================================: 65

[[397.71, 401.899, 355.087, 351.029, 346.671, 364.148, 356.685, 344.516, 350.745, 378.428, 376.482, 388.158, 380.075, 361.53, 401.997, 349.551, 358.207, 349.653, 358.008, 345.239, 358.169, 411.524, 365.693, 418.1, 393.87, 376.329, 362.001, 361.109, 356.092, 352.558, 357.702, 347.289]] 
RATE (RPS) =====================================: 65

[[403.06, 374.731, 393.595, 385.264, 374.821, 388.429, 387.074, 358.218, 345.025, 388.665, 367.953, 375.242, 364.067, 363.044, 369.571, 393.915, 453.657, 355.823, 374.214, 350.466, 365.754, 351.043, 358.171, 366.688, 384.023, 344.701, 367.763, 388.085, 365.13, 354.509, 383.799, 345.427]] 
RATE (RPS) =====================================: 65

[[369.478, 382.398, 368.34, 355.092, 382.552, 360.679, 357.431, 355.247, 344.301, 350.912, 353.885, 358.562, 386.083, 373.477, 355.08, 388.966, 371.422, 415.051, 384.602, 377.088, 360.301, 350.289, 446.543, 379.869, 366.911, 350.216, 344.16, 358.694, 384.492, 351.924, 348.201, 349.541, 343.393, 398.738, 413.549, 384.462, 345.57]] 
RATE (RPS) =====================================: 65

[[349.073, 374.393, 361.461, 355.719, 343.422, 339.298, 356.66, 429.702, 373.68, 400.487, 389.312, 388.519, 372.535, 361.998, 395.406, 422.203, 405.215, 420.057, 386.024, 352.061, 410.261, 369.531, 385.744, 350.092, 369.918, 365.498, 357.533, 352.605, 357.66, 365.977, 351.086, 348.916]] 
RATE (RPS) =====================================: 65

[[350.737, 370.068, 359.097, 348.025, 354.409, 357.402, 373.554, 358.639, 353.49, 350.421, 360.303, 357.964, 402.473, 433.14, 397.238, 384.859, 391.679, 388.95, 374.227, 403.435, 365.771, 438.918, 420.084, 438.072, 401.105, 386.902, 484.152, 377.425, 347.149, 363.831, 349.418, 349.589, 360.363, 355.147, 341.855]] 
RATE (RPS) =====================================: 65

[[370.623, 415.54, 352.898, 354.409, 367.139, 352.462, 350.974, 394.254, 359.005, 361.601, 359.836, 349.207, 345.937, 353.76, 367.313, 401.518, 351.447, 356.528, 342.785, 362.084, 359.907, 371.139, 357.212, 383.176, 372.037, 344.539, 345.77, 347.54, 343.903, 340.035, 339.133]] 
RATE (RPS) =====================================: 65

[[368.259, 387.085, 372.867, 373.349, 365.617, 353.147, 363.887, 347.418, 349.589, 361.826, 373.216, 343.918, 342.727, 403.767, 350.367, 372.478, 359.853, 361.948, 379.1, 359.272, 379.821, 355.904, 341.525, 345.425, 352.828, 357.244, 358.78, 368.817, 352.695, 345.478, 348.419, 349.246, 341.66, 362.633, 363.05, 345.396, 372.919]] 
RATE (RPS) =====================================: 65

[[357.135, 361.404, 357.44, 375.252, 367.987, 356.836, 363.225, 354.332, 369.776, 370.483, 358.523, 352.404, 346.538, 350.459, 364.509, 352.632, 376.831, 370.991, 414.786, 374.2, 361.965, 352.984, 415.394, 403.283, 362.518, 364.795, 352.526, 446.126, 392.332, 345.09, 361.47, 356.95, 351.262, 356.881, 392.375, 367.805, 401.576, 373.745, 392.598, 356.242, 342.84, 355.709]] 
RATE (RPS) =====================================: 66

[[365.277, 384.477, 354.95, 394.782, 375.982, 381.766, 358.332, 379.736, 402.836, 362.836, 351.028, 372.705, 358.095, 350.578, 358.926, 387.801, 378.044, 386.803, 391.132, 369.234, 364.47, 354.276, 380.583, 352.099, 360.831, 356.013, 363.686, 364.624, 373.126, 376.512, 394.591, 341.209, 356.608, 351.89]] 
RATE (RPS) =====================================: 66

[[366.577, 360.412, 378.86, 394.219, 359.22, 371.375, 407.151, 444.174, 417.267, 396.144, 381.623, 370.568, 350.038, 358.272, 353.589, 399.264, 374.164, 364.996, 381.554, 408.27, 358.056, 376.333, 463.881, 402.361, 372.995, 393.741, 406.927, 368.83, 353.801, 366.511, 340.075, 387.564, 358.891, 356.201]] 
RATE (RPS) =====================================: 66

[[367.608, 368.453, 364.951, 370.121, 371.998, 368.744, 385.046, 384.993, 365.426, 367.824, 378.941, 412.414, 377.542, 366.233, 393.76, 372.983, 351.605, 350.07, 346.817, 356.799, 355.868, 369.254, 342.734, 356.997, 353.895]] 
RATE (RPS) =====================================: 66

[[346.962, 385.71, 356.214, 348.736, 358.787, 349.439, 381.358, 368.895, 358.506, 356.314, 368.656, 356.76, 356.762, 364.802, 423.219, 371.213, 379.898, 383.104, 360.735, 364.281, 391.509, 390.056, 346.38, 377.307, 374.129, 365.941, 362.662, 385.255, 379.379, 390.985, 407.544, 396.717, 420.31, 404.861, 381.861, 340.848, 351.639]] 
RATE (RPS) =====================================: 66

[[377.626, 391.313, 376.961, 348.908, 353.816, 375.788, 395.849, 369.383, 361.524, 399.525, 393.2, 370.003, 362.697, 403.887, 392.331, 380.964, 393.281, 355.906, 401.828, 365.901, 355.36, 388.111, 362.531, 372.387, 354.502, 345.338, 395.929, 379.129, 366.522, 371.278, 349.322, 387.665, 349.374, 350.144, 377.02]] 
RATE (RPS) =====================================: 66

[[373.222, 369.484, 358.551, 352.24, 348.876, 346.412, 373.44, 371.228, 370.662, 356.945, 358.211, 347.458, 369.083, 383.648, 366.403, 388.593, 426.365, 413.545, 366.8, 364.03, 352.017, 387.039, 367.035, 361.054, 373.085, 378.655, 366.155, 409.019, 462.971, 386.583, 405.087, 375.025, 385.247, 388.949, 344.219, 344.693, 360.847]] 
RATE (RPS) =====================================: 66

[[360.051, 357.604, 360.039, 418.883, 345.294, 349.045, 358.074, 358.569, 350.493, 380.024, 371.046, 361.059, 373.159, 352.326, 356.732, 348.02, 363.2, 373.687, 360.93, 347.49, 358.266, 367.423, 368.915, 341.903, 346.416, 342.377, 350.181, 348.38, 344.418, 340.898, 358.869, 355.587, 354.339, 353.273]] 
RATE (RPS) =====================================: 66

[[354.646, 344.023, 359.316, 366.226, 351.888, 363.504, 408.191, 421.015, 366.587, 376.805, 377.537, 355.354, 365.591, 352.415, 360.72, 367.483, 354.12, 354.816, 414.203, 360.2, 350.181, 343.493, 350.522, 342.491, 364.095, 372.816, 362.618, 345.876, 365.405, 384.891, 401.79, 353.433, 358.12, 343.568, 345.79]] 
RATE (RPS) =====================================: 66

[[353.311, 359.385, 354.121, 391.489, 375.285, 359.623, 382.035, 377.676, 383.926, 383.383, 367.086, 358.057, 338.273, 379.601, 360.271, 353.756, 350.458, 400.955, 406.802, 409.344, 387.819, 366.756, 356.825, 354.024, 369.291, 349.854, 351.318, 373.645, 364.347, 349.142, 392.844]] 
RATE (RPS) =====================================: 66

[[390.178, 390.179, 409.4, 421.286, 426.803, 447.48, 462.396, 484.963, 503.156, 524.029, 541.28, 566.033, 551.389, 552.025, 589.806, 555.673, 631.005, 590.487, 623.654, 641.981, 662.874, 672.485, 690.659, 712.52, 676.131, 722.888, 744.423, 795.879, 759.698, 794.298, 830.165, 883.106, 844.342, 873.155]] 
RATE (RPS) =====================================: 67

[[416.184, 405.208, 419.746, 435.924, 472.431, 469.302, 472.481, 471.639, 436.05, 472.842, 418.032, 432.191, 457.539, 468.561, 509.056, 524.833, 547.888, 569.874, 616.635, 584.293, 617.883, 636.208, 654.042, 618.182, 611.276, 663.212, 618.004, 618.27]] 
RATE (RPS) =====================================: 67

[[410.558, 372.171, 411.942, 442.539, 465.57, 476.404, 515.226, 545.718, 567.529, 574.298, 593.624, 615.519, 633.384, 677.161, 644.222, 684.177, 683.924, 713.121, 733.531, 752.748, 769.919, 783.831, 803.73, 787.353, 794.887, 809.138, 817.238, 834.981, 843.915, 863.472, 867.814, 851.713, 825.289]] 
RATE (RPS) =====================================: 67

[[417.529, 376.489, 455.242, 416.334, 448.717, 465.544, 405.031, 434.75, 389.926, 416.46, 413.505, 425.273, 419.603, 443.643, 464.384, 455.253, 449.248, 401.409, 426.259, 438.535, 437.443, 421.891, 441.408, 406.933, 417.221, 460.201, 415.853, 511.569, 585.172, 655.661, 670.115, 725.574]] 
RATE (RPS) =====================================: 67

[[404.401, 455.072, 481.718, 495.195, 548.98, 616.062, 702.4, 642.013, 730.734, 770.534, 778.421, 835.626, 771.365, 915.7, 851.306, 951.829, 983.658, 1035.243, 1011.484, 987.104, 965.713, 965.66, 948.801, 946.761, 937.25, 919.887, 913.01, 841.91, 840.706, 807.535, 797.853, 791.456, 785.302, 781.607]] 
RATE (RPS) =====================================: 65

[[359.064, 351.371, 377.261, 387.391, 353.455, 352.435, 363.932, 364.968, 362.974, 401.563, 391.366, 363.505, 350.257, 363.994, 377.468, 369.974, 373.149, 388.824, 367.513, 391.711, 406.822, 422.675, 361.333, 405.305, 350.375, 372.694, 378.511, 343.527, 356.23, 368.947, 349.553, 355.489, 385.91, 365.575, 340.715, 354.873, 361.21, 369.856]] 
RATE (RPS) =====================================: 67

[[367.531, 396.633, 374.475, 413.28, 410.426, 374.026, 391.092, 407.361, 372.383, 355.213, 349.375, 377.762, 371.232, 371.891, 396.73, 388.667, 434.729, 416.797, 369.433, 370.114, 360.374, 396.53, 392.747, 352.622, 362.159, 352.569, 346.209, 374.994, 353.246, 423.397, 423.505, 380.03, 371.986, 348.367]] 
RATE (RPS) =====================================: 67

[[365.855, 357.151, 383.96, 375.931, 370.711, 373.094, 346.585, 362.032, 383.225, 363.908, 353.318, 386.341, 370.027, 376.736, 372.977, 390.101, 398.189, 348.005, 347.48, 371.262, 370.538, 394.39, 361.491, 341.323, 350.384]] 
RATE (RPS) =====================================: 67

[[377.721, 367.885, 378.032, 355.811, 407.761, 374.89, 382.456, 386.017, 363.241, 367.225, 468.508, 385.437, 408.08, 427.932, 474.269, 392.275, 364.823, 478.393, 455.328, 440.586, 443.641, 424.165, 407.69, 407.433, 380.889, 525.795, 361.746, 368.49, 358.944, 387.679, 359.448, 354.81, 353.756]] 
RATE (RPS) =====================================: 67

[[396.575, 366.168, 376.789, 368.711, 373.117, 391.184, 370.833, 359.65, 356.681, 371.398, 398.538, 449.015, 409.963, 387.515, 394.849, 372.941, 373.452, 350.216, 378.198, 355.273, 384.173, 365.571, 377.162, 358.373, 347.853, 354.999, 372.131, 347.158, 355.502, 407.102, 428.082, 390.785, 414.746, 422.812, 463.412, 416.152, 382.537, 399.573, 420.29, 420.144]] 
RATE (RPS) =====================================: 67

[[395.072, 396.346, 446.048, 392.86, 408.628, 459.135, 470.249, 522.589, 513.337, 514.785, 491.309, 509.587, 513.586, 457.771, 465.103, 507.437, 467.671, 532.355, 475.792, 465.702, 422.641, 416.673, 415.256, 424.867, 461.654, 426.485, 391.261, 387.227, 368.517, 398.624, 422.169, 440.863, 383.871, 455.405]] 
RATE (RPS) =====================================: 68

[[371.602, 386.335, 389.136, 425.216, 408.819, 434.411, 526.498, 463.605, 494.475, 510.139, 515.162, 526.877, 560.909, 528.982, 565.632, 593.843, 637.263, 703.264, 760.865, 703.414, 720.637, 729.711, 704.63, 768.438, 708.738, 695.739, 721.652, 742.951, 621.128, 626.134, 642.757, 672.545, 634.236]] 
RATE (RPS) =====================================: 68

[[408.562, 385.353, 413.69, 411.404, 436.3, 445.193, 451.897, 432.435, 477.895, 474.653, 480.682, 471.012, 497.891, 462.555, 504.113, 507.93, 510.543, 527.898, 541.867, 543.137, 540.473, 477.9, 537.632, 446.047, 464.604, 467.307, 502.285, 477.955, 435.968]] 
RATE (RPS) =====================================: 68

[[400.226, 525.083, 575.772, 576.029, 491.583, 596.083, 650.713, 593.267, 646.545, 596.48, 493.302, 609.464, 589.593, 629.449, 659.528, 681.327, 703.083, 699.868, 686.513, 709.035, 750.15, 711.949, 731.924, 750.614, 739.374, 735.824, 753.369, 733.969, 770.431]] 
RATE (RPS) =====================================: 68

[[374.65, 382.398, 395.681, 410.82, 440.207, 433.529, 425.544, 431.526, 458.34, 386.3, 424.611, 434.209, 395.101, 409.244, 367.353, 377.364, 392.35, 384.27, 395.951, 403.021, 421.225, 465.865, 427.967, 394.871, 446.963, 456.261, 473.677, 474.379]] 
RATE (RPS) =====================================: 68

[[392.641, 400.412, 393.439, 415.944, 425.287, 435.802, 431.629, 436.332, 442.026, 460.89, 476.516, 496.717, 503.549, 546.901, 488.761, 547.926, 545.797, 555.046, 500.734, 558.19, 599.002, 533.57, 475.697, 417.589, 415.309, 426.323, 419.679, 424.074, 423.083, 387.52]] 
RATE (RPS) =====================================: 68

[[389.163, 402.532, 411.225, 465.452, 405.278, 464.22, 531.81, 477.788, 559.026, 564.47, 575.576, 591.743, 596.515, 615.132, 630.069, 649.16, 669.655, 678.397, 686.002, 687.011, 732.086, 698.596, 739.014, 702.782, 745.403, 768.828, 741.463, 735.149, 747.827, 816.117, 723.951, 731.002, 725.653, 736.823, 734.524, 759.891, 738.407, 767.064]] 
RATE (RPS) =====================================: 68

[[366.202, 392.595, 376.335, 389.419, 394.349, 409.953, 430.307, 460.351, 462.614, 467.501, 465.867, 475.04, 488.649, 484.787, 478.107, 453.348, 435.308, 425.134, 443.433, 440.523, 474.215, 507.121, 532.521, 549.248, 562.553, 642.491, 579.892, 650.822, 670.824, 673.593, 680.74, 629.593, 642.345, 627.348, 638.828, 663.347, 667.035, 681.381]] 
RATE (RPS) =====================================: 68

[[415.233, 405.669, 431.003, 390.041, 430.949, 439.743, 490.641, 492.462, 528.62, 542.53, 530.487, 526.753, 524.536, 527.464, 535.931, 479.325, 485.125, 486.067, 523.019, 495.989, 460.497, 463.82, 418.724, 424.77, 391.446, 415.233, 420.605, 433.956]] 
RATE (RPS) =====================================: 68

[[511.109, 565.265, 504.811, 514.256, 559.996, 580.23, 595.138, 619.503, 610.223, 630.006, 599.634, 538.223, 532.988, 522.76, 535.855, 898.485, 532.804, 925.454, 948.877, 882.452, 966.298, 978.488, 986.267, 999.037, 1072.904, 986.452, 994.094, 1011.351, 1041.241, 1020.398, 1009.726, 1028.877, 1051.184, 1069.747, 1091.0, 1080.289, 1086.849, 1083.024, 1094.046, 1118.277]] 
RATE (RPS) =====================================: 54

[[376.176, 419.515, 464.193, 477.146, 513.075, 503.893, 504.395, 526.777, 534.253, 554.332, 568.021, 582.091, 579.941, 618.119, 613.587, 621.25, 634.085, 671.629, 632.8, 649.85, 670.457, 682.464, 676.837, 682.674, 685.787, 709.464, 716.259, 662.316, 675.867, 632.126, 649.637]] 
RATE (RPS) =====================================: 69

[[404.046, 404.494, 400.47, 374.999, 425.153, 375.586, 410.263, 459.689, 406.531, 416.16, 371.59, 398.016, 464.889, 404.396, 424.193, 458.945, 392.186, 434.711, 457.276, 473.247, 457.397]] 
RATE (RPS) =====================================: 69

[[367.519, 386.083, 422.36, 392.271, 465.117, 432.668, 485.537, 468.807, 472.581, 473.044, 483.639, 495.904, 485.412, 449.394, 437.874, 467.141, 490.145, 399.272, 461.839, 486.264, 507.529, 437.183, 424.737, 445.066, 421.172, 410.581, 443.669, 410.752]] 
RATE (RPS) =====================================: 69

[[410.273, 397.263, 427.353, 390.165, 400.998, 431.746, 432.145, 434.449, 412.077, 415.21, 423.622, 443.217, 445.328, 454.121, 464.418, 453.93, 467.616, 460.122, 413.367]] 
RATE (RPS) =====================================: 69

[[389.497, 420.086, 411.339, 439.415, 392.261, 397.992, 421.82, 402.086, 384.295, 378.597, 382.6, 450.488, 411.007, 397.413, 408.085, 420.041, 411.2, 378.949, 402.454]] 
RATE (RPS) =====================================: 69

[[374.767, 392.933, 425.426, 401.765, 445.343, 495.193, 489.5, 505.673, 543.474, 518.378, 526.392, 520.911, 393.302, 366.527, 372.427, 397.665, 404.96, 417.694, 406.301, 417.195, 420.557]] 
RATE (RPS) =====================================: 69

[[404.146, 370.008, 386.534, 409.352, 365.8, 412.169, 427.025, 414.086, 449.193, 404.504, 426.264, 422.012, 414.745, 432.588, 450.249, 452.696, 469.938, 385.087, 388.205, 390.61, 389.545, 383.026, 382.835, 371.542, 423.428, 371.315]] 
RATE (RPS) =====================================: 69

[[377.07, 375.734, 396.038, 401.449, 449.759, 415.181, 456.35, 465.392, 452.136, 461.148, 461.958, 419.555, 434.755, 416.84, 416.535, 438.529, 436.485, 476.421, 406.751, 424.784, 494.427, 497.992, 364.409, 367.019]] 
RATE (RPS) =====================================: 69

[[399.713, 396.086, 390.025, 439.332, 459.521, 413.133, 378.382, 381.675, 484.38, 473.586, 419.227, 459.012, 379.896, 360.825]] 
RATE (RPS) =====================================: 69

[[396.558, 393.203, 413.564, 397.261, 427.625, 456.972, 482.617, 491.551, 467.315, 497.925, 440.982, 445.861, 431.889, 418.401, 413.417, 395.858, 381.145, 365.873, 393.627, 373.268, 412.225]] 
RATE (RPS) =====================================: 69

[[444.352, 475.531, 487.95, 425.042, 384.404, 439.739, 454.3, 463.86, 505.462, 540.287, 560.732, 603.069, 635.518, 674.896, 705.137, 701.734, 679.844, 588.083, 574.556, 572.172, 1340.915]] 
RATE (RPS) =====================================: 69

[[352.182, 380.999, 361.333, 358.397, 379.203, 378.345, 367.646, 354.507, 364.718, 364.119, 349.633, 349.129, 355.661, 349.13, 344.878, 342.645, 357.256, 372.128, 373.487, 357.686, 390.817, 371.801]] 
RATE (RPS) =====================================: 70

[[376.251, 362.45, 372.105, 358.699, 353.403, 369.954, 426.007, 410.602, 434.583, 403.19, 421.332, 401.302, 418.919, 409.694, 376.35, 388.585, 381.072, 379.23, 362.631, 392.618, 387.874, 376.894, 364.865, 375.995, 426.576, 381.717, 361.802, 358.231, 351.968, 348.184, 361.444, 349.972, 351.844, 369.681, 391.585, 346.662, 347.307, 366.356, 368.405, 363.6, 362.176, 358.821, 351.48, 342.411, 344.592, 423.554, 368.944, 355.609, 360.179]] 
RATE (RPS) =====================================: 70

[[346.096, 361.501, 383.312, 379.623, 365.441, 386.272, 374.887, 360.622, 357.823, 351.749, 356.374, 376.43, 361.012, 358.423, 350.39, 363.158, 361.844, 363.624, 356.265, 372.931, 367.82, 378.186, 348.72, 364.505, 361.049, 352.115, 378.575, 356.968, 381.378, 358.587, 374.84, 356.201, 352.544, 393.148, 353.89, 385.006, 363.091, 395.716, 356.448, 382.897, 366.648, 362.594, 357.846, 354.544, 346.899, 354.034, 375.208, 381.241, 383.15, 345.476, 347.464, 358.446, 357.578, 350.005, 359.347, 356.987, 342.603, 360.59, 354.599]] 
RATE (RPS) =====================================: 70

[[352.787, 359.673, 340.662, 1216.538, 373.375, 363.837, 370.65, 368.742, 371.626, 346.934, 363.225, 365.852, 361.079, 352.724, 371.035, 385.363, 361.019, 380.13, 371.605, 357.64, 368.847, 358.017, 362.77, 402.169, 374.858, 1404.469, 1386.666, 358.941, 373.369, 367.102, 369.977, 383.266, 409.922, 383.517, 348.463, 354.091, 361.518, 351.769, 346.445, 354.422, 348.867, 366.541, 349.672, 342.748, 365.263, 363.905, 367.393, 380.604, 350.529, 360.203]] 
RATE (RPS) =====================================: 67

[[347.413, 371.84, 373.38, 347.955, 346.595, 358.075, 350.187, 354.396, 353.515, 339.499, 343.507, 347.849, 351.58, 347.631, 355.447, 354.154, 345.382, 347.948, 343.976, 344.699, 360.465, 364.634, 359.151, 361.299, 358.09, 355.781, 348.97, 370.689, 371.019, 366.194, 367.453, 354.48, 356.57, 372.286, 341.532, 358.059, 345.12, 350.339, 346.015, 350.919, 344.267, 338.732, 344.976, 342.517, 354.248, 358.201, 351.821, 341.859, 368.917]] 
RATE (RPS) =====================================: 70

[[381.183, 367.217, 354.173, 361.446, 381.277, 382.719, 358.933, 351.744, 380.743, 349.763, 357.926, 358.27, 344.919, 365.273, 365.133, 351.455, 372.093, 345.139, 372.479, 354.77, 345.71, 369.27, 354.51, 355.62, 359.146, 353.36, 347.292, 344.66, 348.872, 370.87, 343.421, 356.494, 354.933, 346.406, 345.63, 342.324, 351.482, 348.688, 366.481, 350.431, 339.332, 359.731, 355.727, 356.605, 341.114, 341.496, 340.182, 350.757]] 
RATE (RPS) =====================================: 70

[[362.808, 401.632, 396.38, 372.298, 359.897, 359.409, 352.67, 349.15, 487.593, 462.399, 451.567, 454.723, 434.267, 440.976, 431.615, 407.037, 379.394, 367.486, 453.837, 1877.483, 433.193, 431.588, 419.824, 425.829, 411.332, 416.388, 396.651, 1448.557, 934.138, 451.82, 476.415, 382.345, 371.183, 451.24, 358.87, 360.053, 514.316, 359.602, 346.386, 432.72, 422.369, 407.521, 407.577, 403.791, 389.805, 391.112, 385.617]] 
RATE (RPS) =====================================: 68

[[368.165, 354.353, 373.556, 369.967, 1251.34, 764.266, 525.542, 554.39, 549.54, 564.467, 542.562, 529.865, 518.886, 504.3, 484.494, 444.551, 460.965, 449.965, 1628.438, 1611.309, 1599.453, 1570.6390000000001, 565.621, 551.14, 506.111, 521.342, 481.369, 489.167, 481.422, 437.723, 1549.444, 1545.49, 372.534, 1421.2930000000001, 1423.155, 413.296, 1352.467, 1715.2649999999999, 1547.988, 422.618, 414.831, 407.922, 444.814, 419.912, 418.004, 416.161, 419.278, 403.284, 390.499, 392.689, 1419.675, 1418.968, 424.959]] 
RATE (RPS) =====================================: 56

[[391.735, 355.692, 344.932, 389.842, 380.111, 359.882, 396.405, 382.137, 368.149, 362.059, 357.022, 363.362, 345.661, 366.423, 383.843, 360.881, 367.149, 411.321, 397.237, 409.154, 377.614, 411.667, 363.877, 408.303, 370.525, 346.251, 357.571, 357.992, 348.384, 359.191, 353.953, 376.579, 347.752, 365.605, 353.5, 404.794, 353.547, 379.496, 375.629, 341.669, 343.146, 351.186, 338.827, 337.474, 343.003, 352.08, 351.539]] 
RATE (RPS) =====================================: 70

average response time [0]413.485
average response time [1]342.07
average response time [2]340.215
average response time [3]342.571
average response time [4]345.053
average response time [5]338.993
average response time [6]342.9
average response time [7]346.877
average response time [8]353.109
average response time [9]349.68
TOTAL AVERAGE RESPONSE TIME ====================: 351.49529999999993
NUMBER OF THREADS ==============================: 1
TOTAL AVERAGE RATE (RPS) =====================================: 1.0
AVERAGE NUMBER OF REPLICAS USED ====================================== 1
average response time [10]341.2785
average response time [11]350.438
average response time [12]349.336
average response time [13]354.26099999999997
average response time [14]351.9665
average response time [15]351.4395
average response time [16]348.69449999999995
average response time [17]909.022
average response time [18]806.616
average response time [19]1721.7025
TOTAL AVERAGE RESPONSE TIME ====================: 588.47545
NUMBER OF THREADS ==============================: 2
TOTAL AVERAGE RATE (RPS) =====================================: 1.7
AVERAGE NUMBER OF REPLICAS USED ====================================== 1
average response time [20]388.652
average response time [21]363.587
average response time [22]351.95725
average response time [23]345.75525
average response time [24]350.59175
average response time [25]351.07675
average response time [26]352.81600000000003
average response time [27]351.21
average response time [28]361.36775
average response time [29]352.5425
TOTAL AVERAGE RESPONSE TIME ====================: 356.95562499999994
NUMBER OF THREADS ==============================: 4
TOTAL AVERAGE RATE (RPS) =====================================: 4.0
AVERAGE NUMBER OF REPLICAS USED ====================================== 1
average response time [30]352.821625
average response time [31]356.66875
average response time [32]363.286625
average response time [33]357.710875
average response time [34]348.964125
average response time [35]362.67825
average response time [36]350.521125
average response time [37]449.02075
average response time [38]457.408125
average response time [39]444.068625
TOTAL AVERAGE RESPONSE TIME ====================: 384.31488750000005
NUMBER OF THREADS ==============================: 8
TOTAL AVERAGE RATE (RPS) =====================================: 8.0
AVERAGE NUMBER OF REPLICAS USED ====================================== 1
average response time [40]513.5743125
average response time [41]526.30125
average response time [42]543.0689375000001
average response time [43]537.73975
average response time [44]778.51475
average response time [45]354.7256875
average response time [46]351.5330625
average response time [47]360.33775
average response time [48]355.94518750000003
average response time [49]357.776875
TOTAL AVERAGE RESPONSE TIME ====================: 467.95175625000013
NUMBER OF THREADS ==============================: 16
TOTAL AVERAGE RATE (RPS) =====================================: 15.6
AVERAGE NUMBER OF REPLICAS USED ====================================== 1
average response time [50]364.21875
average response time [51]361.3904375
average response time [52]355.84890624999997
average response time [53]360.53609375
average response time [54]380.32778125
average response time [55]652.59615625
average response time [56]643.39325
average response time [57]677.12809375
average response time [58]715.1585625
average response time [59]721.5290625
TOTAL AVERAGE RESPONSE TIME ====================: 523.212709375
NUMBER OF THREADS ==============================: 32
TOTAL AVERAGE RATE (RPS) =====================================: 31.1
AVERAGE NUMBER OF REPLICAS USED ====================================== 1
average response time [60]1049.063640625
average response time [61]1053.962296875
average response time [62]1061.095671875
average response time [63]973.268640625
average response time [64]1035.935828125
average response time [65]970.8205625
average response time [66]963.4963125
average response time [67]929.173203125
average response time [68]1004.83353125
average response time [69]879.4451081081081
TOTAL AVERAGE RESPONSE TIME ====================: 992.1094795608109
NUMBER OF THREADS ==============================: 64
TOTAL AVERAGE RATE (RPS) =====================================: 33.2
AVERAGE NUMBER OF REPLICAS USED ====================================== 2
average response time [70]368.9676153846154
average response time [71]362.08813888888886
average response time [72]366.2683
average response time [73]368.0079375
average response time [74]373.18521875
average response time [75]369.3918648648649
average response time [76]373.8139375
average response time [77]378.5683142857143
average response time [78]360.4422903225806
average response time [79]360.3116216216216
TOTAL AVERAGE RESPONSE TIME ====================: 368.10452391182855
NUMBER OF THREADS ==============================: 65
TOTAL AVERAGE RATE (RPS) =====================================: 65.0
AVERAGE NUMBER OF REPLICAS USED ====================================== 2
average response time [80]369.1002142857143
average response time [81]369.28935294117645
average response time [82]380.70305882352943
average response time [83]368.04304
average response time [84]373.182
average response time [85]373.5800857142857
average response time [86]374.4020540540541
average response time [87]358.1461764705882
average response time [88]364.5636857142857
average response time [89]369.70006451612903
TOTAL AVERAGE RESPONSE TIME ====================: 370.0709732519763
NUMBER OF THREADS ==============================: 66
TOTAL AVERAGE RATE (RPS) =====================================: 66.0
AVERAGE NUMBER OF REPLICAS USED ====================================== 2
average response time [90]616.6419411764706
average response time [91]522.7780714285715
average response time [92]671.7165454545454
average response time [93]459.75546875
average response time [94]800.3616470588236
average response time [95]370.0467105263158
average response time [96]380.8201470588235
average response time [97]368.60056
average response time [98]399.73199999999997
average response time [99]385.740575
TOTAL AVERAGE RESPONSE TIME ====================: 497.61936664535506
NUMBER OF THREADS ==============================: 67
TOTAL AVERAGE RATE (RPS) =====================================: 66.8
AVERAGE NUMBER OF REPLICAS USED ====================================== 3
average response time [100]447.6727941176471
average response time [101]590.7800909090909
average response time [102]473.62693103448277
average response time [103]647.9498965517241
average response time [104]417.2741785714286
average response time [105]465.8795
average response time [106]641.9685263157895
average response time [107]521.4136578947368
average response time [108]468.2370714285714
average response time [109]834.44045
TOTAL AVERAGE RESPONSE TIME ====================: 550.9243096823471
NUMBER OF THREADS ==============================: 68
TOTAL AVERAGE RATE (RPS) =====================================: 66.6
AVERAGE NUMBER OF REPLICAS USED ====================================== 3
average response time [110]596.419870967742
average response time [111]419.7255714285714
average response time [112]447.27
average response time [113]430.3905263157895
average response time [114]405.24342105263156
average response time [115]439.8277619047619
average response time [116]407.57315384615384
average response time [117]429.4465416666667
average response time [118]416.77092857142856
average response time [119]423.6731904761905
TOTAL AVERAGE RESPONSE TIME ====================: 441.6340966229935
NUMBER OF THREADS ==============================: 69
TOTAL AVERAGE RATE (RPS) =====================================: 69.0
AVERAGE NUMBER OF REPLICAS USED ====================================== 3
average response time [120]583.6944285714286
average response time [121]362.5318181818182
average response time [122]375.8715306122449
average response time [123]363.808813559322
average response time [124]423.01637999999997
average response time [125]353.6659387755102
average response time [126]356.1916458333333
average response time [127]473.03963829787233
average response time [128]739.8010188679245
average response time [129]367.32236170212764
TOTAL AVERAGE RESPONSE TIME ====================: 439.8943574401583
NUMBER OF THREADS ==============================: 70
TOTAL AVERAGE RATE (RPS) =====================================: 68.0
AVERAGE NUMBER OF REPLICAS USED ====================================== 3
average response time sent to Stackdriver [0]806.616
average response time sent to Stackdriver [1]513.5743125
average response time sent to Stackdriver [2]652.59615625
average response time sent to Stackdriver [3]1053.962296875
average response time sent to Stackdriver [4]963.4963125
average response time sent to Stackdriver [5]368.0079375
average response time sent to Stackdriver [6]380.70305882352943
average response time sent to Stackdriver [7]671.7165454545454
average response time sent to Stackdriver [8]447.6727941176471
average response time sent to Stackdriver [9]468.2370714285714
average response time sent to Stackdriver [10]407.57315384615384
average response time sent to Stackdriver [11]423.01637999999997
NUMBER OF THREADS: [1, 2, 4, 8, 16, 32, 64, 65, 66, 67, 68, 69, 70]
WORKLOAD: HFU_LV;  
TOTAL EXECUTION TIME (Concurrent Parallel Requests): 131808.304


