[[597.934]] 
RATE (RPS) =====================================: 1

[[531.146]] 
RATE (RPS) =====================================: 1

[[585.386]] 
RATE (RPS) =====================================: 1

[[514.651]] 
RATE (RPS) =====================================: 1

[[531.285]] 
RATE (RPS) =====================================: 1

[[622.299]] 
RATE (RPS) =====================================: 1

[[598.223]] 
RATE (RPS) =====================================: 1

[[591.851]] 
RATE (RPS) =====================================: 1

[[557.358]] 
RATE (RPS) =====================================: 1

[[591.908]] 
RATE (RPS) =====================================: 1

[[499.441, 521.917]] 
RATE (RPS) =====================================: 2

[[522.608, 519.469]] 
RATE (RPS) =====================================: 2

[[607.272, 605.736]] 
RATE (RPS) =====================================: 2

[[594.634, 599.126]] 
RATE (RPS) =====================================: 2

[[605.621, 619.839]] 
RATE (RPS) =====================================: 2

[[518.749, 535.078]] 
RATE (RPS) =====================================: 2

[[610.028, 624.964]] 
RATE (RPS) =====================================: 2

[[565.082, 560.303]] 
RATE (RPS) =====================================: 2

[[524.125, 527.616]] 
RATE (RPS) =====================================: 2

[[628.291, 619.746]] 
RATE (RPS) =====================================: 2

[[526.961, 528.206, 528.667, 522.27]] 
RATE (RPS) =====================================: 4

[[607.914, 626.384, 623.532, 626.971]] 
RATE (RPS) =====================================: 4

[[1374.15, 1181.304, 1178.73, 1681.201]] 
RATE (RPS) =====================================: 0

[[594.946, 610.962, 635.545, 602.245]] 
RATE (RPS) =====================================: 4

[[666.211, 661.092, 666.326, 638.343]] 
RATE (RPS) =====================================: 4

[[520.257, 524.648, 520.929, 504.794]] 
RATE (RPS) =====================================: 4

[[596.007, 590.745, 582.64, 588.285]] 
RATE (RPS) =====================================: 4

[[587.567, 540.384, 565.735, 563.417]] 
RATE (RPS) =====================================: 4

[[746.83, 752.607, 740.01, 738.045]] 
RATE (RPS) =====================================: 4

[[541.459, 569.784, 539.203, 538.406]] 
RATE (RPS) =====================================: 4

[[633.887, 608.815, 606.872, 590.471, 606.493, 589.762, 591.63, 585.51]] 
RATE (RPS) =====================================: 8

[[522.681, 518.086, 519.0, 513.084, 517.346, 517.946, 518.059, 524.536]] 
RATE (RPS) =====================================: 8

[[619.264, 603.334, 584.456, 582.593, 576.903, 576.746, 573.927, 565.836]] 
RATE (RPS) =====================================: 8

[[558.33, 525.418, 529.54, 537.344, 529.08, 527.04, 530.013, 520.301]] 
RATE (RPS) =====================================: 8

[[525.327, 523.699, 528.527, 536.395, 541.378, 513.599, 523.577, 523.587]] 
RATE (RPS) =====================================: 8

[[587.254, 602.251, 582.856, 606.939, 594.928, 589.088, 580.654, 576.079]] 
RATE (RPS) =====================================: 8

[[511.637, 1181.205, 507.764, 1523.995, 1197.012, 1212.478, 895.98, 906.29]] 
RATE (RPS) =====================================: 4

[[587.012, 586.284, 590.577, 585.892, 574.545, 572.324, 566.963, 555.382]] 
RATE (RPS) =====================================: 8

[[532.387, 553.556, 535.07, 539.977, 530.845, 538.201, 553.95, 556.44]] 
RATE (RPS) =====================================: 8

[[611.612, 611.66, 610.034, 592.694, 624.525, 586.152, 591.789, 571.632]] 
RATE (RPS) =====================================: 8

[[529.674, 521.74, 517.323, 547.582, 516.631, 535.052, 525.877, 541.025, 530.48, 524.547, 521.601, 878.07, 689.796, 1044.684, 521.522, 696.618]] 
RATE (RPS) =====================================: 15

[[640.14, 683.292, 661.383, 620.926, 663.524, 627.774, 657.948, 654.511, 636.822, 1013.595, 639.571, 1017.71, 830.308, 859.886, 990.692, 814.767]] 
RATE (RPS) =====================================: 14

[[600.731, 581.621, 598.78, 593.986, 592.909, 589.462, 591.04, 586.299, 587.871, 763.843, 1255.87, 768.742, 927.779, 932.519, 813.513, 804.282]] 
RATE (RPS) =====================================: 15

[[614.317, 637.652, 613.306, 603.426, 597.5, 596.74, 578.213, 572.422, 567.511, 566.129, 563.208, 1062.836, 1229.039, 884.572, 731.983, 540.143]] 
RATE (RPS) =====================================: 14

[[587.45, 588.422, 599.582, 594.323, 579.805, 577.754, 586.341, 595.18, 596.88, 599.897, 612.255, 603.021, 955.286, 943.822, 753.533, 817.361]] 
RATE (RPS) =====================================: 16

[[588.374, 588.829, 598.212, 588.059, 596.547, 604.705, 587.538, 575.967, 769.777, 740.694, 559.487, 789.845, 926.612, 1263.465, 756.085, 920.795]] 
RATE (RPS) =====================================: 15

[[580.748, 582.253, 624.717, 621.778, 611.723, 590.42, 596.281, 581.106, 573.898, 938.545, 561.151, 1262.598, 900.65, 757.81, 900.076, 764.786]] 
RATE (RPS) =====================================: 15

[[608.497, 589.933, 612.783, 589.521, 607.014, 592.331, 797.699, 587.821, 591.493, 575.998, 817.909, 814.863, 811.822, 1299.463, 930.055, 939.979]] 
RATE (RPS) =====================================: 15

[[597.169, 592.911, 591.924, 605.356, 604.818, 606.219, 597.751, 590.15, 608.633, 576.885, 576.86, 942.028, 821.882, 1028.866, 926.07, 767.7]] 
RATE (RPS) =====================================: 15

[[608.369, 608.867, 579.411, 580.998, 577.186, 576.259, 578.812, 576.09, 587.573, 565.31, 917.65, 902.662, 902.427, 1237.523, 893.789, 902.793]] 
RATE (RPS) =====================================: 15

[[1243.761, 596.258, 1233.626, 1265.98, 1274.76, 1255.712, 579.572, 773.535, 563.506, 923.144, 557.513, 967.826, 902.236, 722.686, 1240.794, 906.678, 1247.03, 735.313, 898.692, 1238.744, 890.815, 709.267, 1218.859, 869.698, 908.683, 868.885, 871.544, 889.755, 1236.858, 1267.628, 1219.223, 1228.277]] 
RATE (RPS) =====================================: 19

[[599.232, 1249.528, 599.989, 595.795, 583.837, 589.719, 579.853, 580.948, 1263.29, 1103.682, 944.837, 905.64, 920.763, 746.054, 740.43, 913.602, 912.868, 905.561, 905.043, 900.2, 780.659, 901.165, 1280.78, 1241.9279999999999, 786.172, 1263.321, 997.88, 888.192, 970.757, 799.592, 903.752, 1224.05]] 
RATE (RPS) =====================================: 25

[[1587.525, 1228.279, 789.638, 1571.73, 577.13, 571.803, 1284.681, 1565.559, 1239.131, 907.37, 740.297, 784.823, 1225.783, 896.278, 892.863, 724.801, 892.653, 1222.634, 891.81, 891.503, 1230.732, 721.202, 857.113, 761.876, 869.419, 724.473, 920.861, 888.745, 935.113, 1312.805, 917.988, 860.85]] 
RATE (RPS) =====================================: 22

[[1665.233, 1647.913, 1656.769, 3409.897, 1611.658, 2792.6620000000003, 2210.947, 2016.173, 665.531, 628.632, 634.387, 634.045, 1511.989, 697.645, 679.292, 660.769, 1616.0059999999999, 645.654, 1924.859, 1990.585]] 
RATE (RPS) =====================================: 20

[[654.676, 634.812, 624.087, 630.648, 597.169, 564.891, 590.107, 576.149, 547.46, 569.728, 541.879, 1598.2820000000002, 1592.934, 1591.2469999999998, 1578.534, 1573.646, 1572.4740000000002, 1911.603, 1911.509, 553.579]] 
RATE (RPS) =====================================: 24

[[532.798, 523.057, 527.202, 558.848, 515.301, 519.09, 539.968, 546.921, 564.332]] 
RATE (RPS) =====================================: 32

[[658.001, 581.692, 567.909, 574.689, 561.528, 569.315, 564.729, 543.534, 552.361, 554.603, 554.006, 550.81, 549.01, 533.531, 578.489, 632.31, 581.593]] 
RATE (RPS) =====================================: 32

[[525.175, 511.847, 521.879, 520.428, 538.98, 565.436, 549.556, 544.091, 527.052, 531.97]] 
RATE (RPS) =====================================: 32

[[578.163, 571.837, 560.415, 564.071, 580.051, 545.034, 522.046, 527.272, 542.262, 523.839, 552.033, 538.345, 512.498, 531.05, 569.127, 557.068, 523.017, 509.112]] 
RATE (RPS) =====================================: 32

[[895.807, 854.663, 856.592, 1056.597, 1023.168, 880.392, 601.971, 545.289, 540.001, 522.96, 562.722, 556.266, 538.12]] 
RATE (RPS) =====================================: 30

[[524.482, 540.601, 535.57, 508.35, 537.906, 542.271, 516.714, 527.564, 527.143, 517.898, 516.436, 521.91, 750.952, 539.921, 546.215, 575.083, 538.779, 520.809, 559.23, 523.511, 921.254, 877.87, 517.209, 641.889, 611.802]] 
RATE (RPS) =====================================: 33

[[637.114, 566.783, 581.036, 595.01, 573.44, 563.143, 552.983, 545.3, 569.96, 535.024, 529.34, 531.721, 936.24, 547.165, 577.001, 591.598, 577.853, 563.575, 559.126]] 
RATE (RPS) =====================================: 33

[[554.895, 547.567, 582.264, 587.816, 566.122, 616.217, 614.846, 602.444, 588.437, 571.137, 567.111, 570.649, 575.044, 549.034, 782.99, 1074.489, 893.111, 696.232, 581.88]] 
RATE (RPS) =====================================: 32

[[626.632, 606.487, 613.861, 636.932, 655.451, 1650.556, 650.248, 652.104, 648.589, 643.81, 650.541, 627.702, 642.653, 640.25, 633.597]] 
RATE (RPS) =====================================: 32

[[617.04, 611.325, 766.418, 584.142, 573.335, 561.519, 553.361, 535.68, 590.237, 639.745, 550.599, 561.422, 549.557, 548.569, 553.771]] 
RATE (RPS) =====================================: 33

[[555.96, 525.195, 519.014, 540.386, 518.758, 555.779, 539.811, 519.156, 522.898, 521.899, 514.642, 520.507, 525.324, 528.064, 576.929, 593.211, 580.253, 579.267, 564.362]] 
RATE (RPS) =====================================: 33

[[516.719, 532.392, 528.844, 549.882, 523.607, 549.177, 510.425, 533.292, 529.724, 524.051, 515.804, 545.8, 535.349, 527.607, 538.341, 539.278]] 
RATE (RPS) =====================================: 33

[[656.806, 629.722, 620.111, 599.697, 601.866, 592.312, 574.596, 589.024, 587.539, 590.992, 638.313, 601.469, 607.371, 583.501, 576.904]] 
RATE (RPS) =====================================: 33

[[529.689, 692.277, 874.64, 1042.365, 566.342, 1217.032, 869.872, 547.345, 523.785, 1589.221, 1553.1280000000002, 588.677, 1549.278, 561.234, 529.776]] 
RATE (RPS) =====================================: 28

[[523.447, 550.313, 542.61, 545.474, 529.84, 525.593, 527.046, 545.579, 537.285, 517.348, 547.825, 628.319, 555.888, 548.857, 542.929, 539.663]] 
RATE (RPS) =====================================: 33

[[530.601, 534.936, 536.587, 524.126, 868.59, 530.645, 553.775, 601.224, 542.462, 1581.874, 734.683, 1519.431, 684.536, 676.671, 673.169, 667.68, 657.975, 653.612, 637.836, 648.992]] 
RATE (RPS) =====================================: 32

[[515.113, 524.367, 527.129, 529.238, 523.903, 512.013, 514.497, 513.982, 511.276, 515.226, 520.889, 510.169, 512.131, 516.076, 517.366, 514.353]] 
RATE (RPS) =====================================: 34

[[514.715, 533.569, 545.116, 541.92, 537.327, 539.363, 544.932, 540.68, 547.364, 547.213, 513.367, 514.684, 508.378, 506.922, 508.074, 557.419, 520.856]] 
RATE (RPS) =====================================: 34

[[516.229, 519.574, 537.349, 516.353, 532.804, 535.708, 528.267, 524.964, 531.009, 516.306, 520.912, 515.333, 516.367, 512.119, 524.991, 529.247, 518.762]] 
RATE (RPS) =====================================: 34

[[529.873, 583.414, 590.285, 554.777, 556.044, 530.849, 585.044, 630.649, 574.244, 579.01, 559.923, 561.097, 535.23, 553.112]] 
RATE (RPS) =====================================: 34

[[539.091, 538.878, 544.133, 515.224, 519.034, 512.674, 508.436, 572.755, 508.639]] 
RATE (RPS) =====================================: 34

[[545.041, 528.063, 529.399, 557.493, 525.137, 534.607, 545.705, 529.273, 541.457, 520.976, 536.885, 573.255, 544.91, 521.093, 520.964]] 
RATE (RPS) =====================================: 34

[[573.306, 537.406, 536.929, 549.435, 531.106, 531.962, 549.781, 525.964, 542.785, 528.019, 530.494, 516.302, 523.741, 535.155, 527.846, 515.83]] 
RATE (RPS) =====================================: 34

[[558.985, 636.582, 597.468, 595.538, 599.386, 597.185, 576.088, 569.895, 535.293, 546.01, 550.1, 600.032, 551.892]] 
RATE (RPS) =====================================: 34

[[604.383, 565.854, 602.686, 590.638, 560.805, 576.396, 577.81, 565.654, 573.002, 564.399, 575.396, 564.025, 559.816, 537.886]] 
RATE (RPS) =====================================: 34

[[645.941, 622.6, 614.545, 614.579, 606.011, 601.133, 586.145, 575.121, 565.053, 724.255, 545.794, 882.885, 521.954, 518.48, 510.616]] 
RATE (RPS) =====================================: 35

[[600.587, 591.437, 544.671, 520.021, 531.685, 527.066, 527.797, 521.498, 516.843, 589.572, 530.648, 519.992, 521.412]] 
RATE (RPS) =====================================: 35

[[534.42, 549.493, 549.167, 545.634, 543.432, 770.848, 524.934, 536.627, 539.352, 552.675, 555.348, 570.155, 539.72, 542.452, 518.395]] 
RATE (RPS) =====================================: 35

[[524.469, 528.35, 536.932, 573.243, 570.629, 558.23, 581.839, 566.324, 535.02, 572.528, 1066.173, 547.067, 539.437, 599.507, 544.111, 548.287, 542.348, 532.008]] 
RATE (RPS) =====================================: 34

[[564.185, 548.201, 548.221, 540.636, 537.841, 551.319, 568.959, 525.096, 549.752, 544.309, 540.673, 542.61, 530.036, 522.31, 524.485, 541.563]] 
RATE (RPS) =====================================: 35

[[603.804, 1184.357, 593.903, 540.638, 1252.29, 1424.886, 544.858, 1184.6779999999999, 541.182, 1214.434, 559.532, 716.459, 545.825, 1200.369, 1090.857, 895.739, 537.652, 1060.092, 883.544, 1039.879, 782.907, 860.991, 861.614, 1067.772, 705.336, 892.625, 894.179, 1191.27, 699.452, 1042.087, 563.678, 561.562, 893.535, 891.925, 1550.76]] 
RATE (RPS) =====================================: 22

[[1384.314, 569.106, 585.431, 588.422, 1288.811, 594.886, 580.514, 568.378, 583.445, 565.409, 762.763, 889.106, 581.938, 574.136, 907.496, 1085.692, 745.194, 901.051, 583.456, 561.632, 754.253, 919.024, 1074.88, 927.274, 897.241, 1066.491, 919.399, 1531.017, 875.164, 887.06, 559.026, 1075.063, 886.223, 1062.55, 1056.717]] 
RATE (RPS) =====================================: 26

[[452.468, 1031.958, 438.194, 432.322, 425.862, 423.287, 1892.393, 753.822, 982.103, 1333.5810000000001, 1444.721, 912.687, 882.557, 1255.906, 1056.797, 1986.393, 874.349, 1626.7269999999999, 871.78, 1528.923, 1458.037, 373.766, 1054.863, 390.31, 1037.376, 1791.299, 1218.794, 887.608, 538.267, 1050.784, 877.229, 915.393, 1545.31, 1870.329, 531.269]] 
RATE (RPS) =====================================: 18

[[404.772, 366.902, 455.95, 433.637, 382.415, 376.246, 420.172, 403.367, 407.062, 392.403, 394.147, 1788.391, 364.376, 371.387, 1585.577, 1078.785, 1100.505, 920.854, 1585.9360000000001, 1571.4859999999999, 1079.372, 578.524, 1656.663, 367.043, 1923.72, 1082.371, 388.95, 368.201, 1508.507, 1895.99, 1854.021, 1101.507, 374.642, 1378.461, 1614.4650000000001]] 
RATE (RPS) =====================================: 19

[[359.328, 343.857, 487.444, 355.737, 469.743, 456.626, 367.383, 375.017, 377.301, 840.567, 433.152, 389.132, 383.997, 1138.461, 423.938, 1175.767, 1102.218, 358.279, 1995.833, 1272.777, 1407.151, 1826.51, 1421.587, 1600.857, 1880.711, 1700.672, 1693.7820000000002, 1875.438, 939.718, 2082.091, 1846.3719999999998, 1088.106, 2019.733, 382.107, 769.218]] 
RATE (RPS) =====================================: 18

[[473.075, 469.62, 371.721, 428.246, 372.272, 462.027, 431.822, 426.933, 435.932, 417.204, 424.605, 417.212, 415.234, 1995.19, 2172.137, 2178.808, 2175.21, 1210.71, 2138.943, 1929.958, 413.221, 428.01, 428.882, 406.275, 428.918, 400.193, 3161.849]] 
RATE (RPS) =====================================: 28

[[429.778, 419.943, 390.848, 371.544, 378.824, 357.817, 365.595, 955.622, 361.209, 357.524, 376.419, 374.016, 380.325, 1490.8609999999999, 379.093, 360.693, 375.844, 389.597, 368.581, 1354.841, 387.734]] 
RATE (RPS) =====================================: 34

[[403.014, 425.951, 419.154, 456.271, 437.292, 401.956, 419.479, 425.338, 400.929, 430.118, 400.396, 431.768, 422.668, 430.44, 1949.574, 446.085, 429.159, 424.384, 435.651, 409.478, 450.246, 423.156, 446.055, 430.887, 2944.168, 429.943]] 
RATE (RPS) =====================================: 34

[[455.913, 462.822, 412.5, 468.594, 451.854, 453.041, 421.406, 415.143, 406.817, 1945.258, 411.604, 1202.7930000000001, 410.168, 1664.56, 1164.876, 1939.2179999999998, 1930.4189999999999, 414.99, 1298.774, 1907.6889999999999, 2073.253, 1818.066, 395.7, 376.322, 1892.652, 2160.795, 394.867]] 
RATE (RPS) =====================================: 24

[[447.323, 464.768, 434.57, 437.934, 429.419, 441.406, 441.075, 434.995, 423.335, 420.902, 406.529, 396.483, 396.194, 400.508, 1119.747, 1586.4470000000001, 1140.261, 1188.779, 1589.844, 1600.399, 872.187, 1570.386, 405.955]] 
RATE (RPS) =====================================: 29

[[490.73, 536.755, 543.715, 504.232, 500.858, 481.832, 484.827, 466.955, 486.978, 498.782, 2067.976, 471.483, 2319.952, 502.43, 2457.751, 507.964, 2467.04, 2072.493, 2312.71, 2042.602, 512.328, 2407.1440000000002, 2081.714]] 
RATE (RPS) =====================================: 27

[[441.196, 418.876, 622.364, 427.108, 426.389, 477.374, 428.211, 437.67, 429.963, 452.607, 454.464, 443.565, 412.904, 411.073, 442.1]] 
RATE (RPS) =====================================: 36

[[456.848, 441.061, 432.596, 425.726, 421.061, 401.963, 457.443, 399.998, 407.714, 413.002, 418.312, 408.262, 404.362, 379.295, 378.942, 386.511, 393.165, 395.261]] 
RATE (RPS) =====================================: 36

[[371.803, 379.366, 366.883, 373.584, 358.663, 349.354, 356.991, 366.507, 350.036, 354.489, 357.22, 383.554, 384.945, 388.364, 391.805, 377.944, 381.059, 395.938]] 
RATE (RPS) =====================================: 36

[[437.307, 391.223, 388.373, 374.795, 380.863, 406.89, 386.585, 388.426, 373.581]] 
RATE (RPS) =====================================: 36

[[443.314, 437.242, 438.989, 416.712, 405.861, 390.783, 374.876, 370.948, 383.909, 363.78, 362.879, 364.04, 360.927, 359.45, 371.765]] 
RATE (RPS) =====================================: 37

[[364.217, 363.054, 387.822, 357.306, 365.394, 363.896, 371.426, 367.151, 368.247, 424.94, 389.375, 360.803, 365.606, 381.775]] 
RATE (RPS) =====================================: 37

[[405.099, 398.13, 397.361, 380.215, 419.609, 396.448, 399.145, 381.018, 365.072, 363.221, 373.031, 384.699, 352.406, 381.109, 373.72, 356.684]] 
RATE (RPS) =====================================: 37

[[420.342, 458.454, 434.785, 434.546, 436.289, 438.147, 439.467, 440.594, 468.321, 477.902, 447.769, 432.183, 419.064, 423.869, 431.451, 440.37]] 
RATE (RPS) =====================================: 37

[[392.614, 402.387, 398.777, 401.956, 397.584, 420.999, 406.933, 411.907, 427.046, 396.582, 407.467, 415.32, 412.221, 390.868, 1158.615, 1911.341]] 
RATE (RPS) =====================================: 35

[[357.943, 362.062, 433.953, 416.275, 415.499, 363.089, 380.914, 358.47, 346.809, 349.97, 352.028, 349.699, 361.032, 359.026, 348.661]] 
RATE (RPS) =====================================: 37

[[456.745, 416.757, 371.803, 390.651, 369.982, 343.945, 362.938, 383.375, 376.543]] 
RATE (RPS) =====================================: 37

[[422.781, 391.837, 389.263, 391.267, 429.389, 391.723, 390.891, 429.204, 390.558, 353.463, 354.099, 369.97, 353.972]] 
RATE (RPS) =====================================: 37

[[404.932, 365.931, 373.362, 367.778, 373.092, 371.172, 356.511, 346.494, 348.872, 372.265, 353.231]] 
RATE (RPS) =====================================: 37

[[391.001, 391.114, 364.472, 385.357, 379.869, 425.956, 404.224, 386.162, 432.577, 402.524]] 
RATE (RPS) =====================================: 37

[[366.528, 371.739, 1146.897, 407.312, 376.418, 970.309, 359.076, 395.054, 361.314, 920.118, 398.895, 379.556, 382.716, 366.043, 371.837, 363.512, 355.497]] 
RATE (RPS) =====================================: 37

[[454.649, 396.608, 393.662, 395.99, 416.506, 406.139, 417.526, 390.493, 387.68, 446.673, 416.052, 395.208]] 
RATE (RPS) =====================================: 38

[[403.232, 476.727, 393.246, 404.238, 396.848, 398.451, 384.032, 382.151, 401.098, 425.328, 387.941, 383.922, 363.815, 378.264]] 
RATE (RPS) =====================================: 38

[[416.052, 407.615, 408.344, 415.423, 410.524, 401.808, 437.777, 419.99, 423.847, 419.877, 408.061, 420.506, 409.135, 421.915, 457.877, 1989.589]] 
RATE (RPS) =====================================: 37

[[470.66, 481.453, 457.886, 460.604, 450.147, 461.209, 435.821, 447.078, 449.128, 450.272, 452.84, 436.866, 425.311, 405.996]] 
RATE (RPS) =====================================: 38

[[433.582, 468.976, 437.824, 406.449, 406.893, 1783.348, 1631.662, 426.488, 397.032, 399.515, 403.258, 433.065, 404.037, 402.514, 369.58]] 
RATE (RPS) =====================================: 36

[[370.781, 507.803, 512.825, 497.535, 451.119, 383.344, 396.664, 394.342]] 
RATE (RPS) =====================================: 38

[[404.619, 389.819, 398.982, 394.074, 409.486, 413.347, 394.067, 449.711, 417.578, 385.852, 372.455, 388.285, 367.969]] 
RATE (RPS) =====================================: 38

[[396.446, 381.707, 351.752, 379.486, 396.179, 381.231, 389.837, 364.433, 355.616, 380.329, 378.642, 381.471, 350.432, 366.39, 352.089, 346.228, 359.029]] 
RATE (RPS) =====================================: 38

[[390.172, 390.145, 380.537, 394.729, 427.971, 413.593, 406.426, 394.042]] 
RATE (RPS) =====================================: 38

[[2152.531, 383.261, 376.128, 1515.284, 1128.846, 1290.75, 372.53, 1430.159, 2084.021, 402.353, 385.329, 384.381, 359.854]] 
RATE (RPS) =====================================: 33

[[455.537, 485.501, 469.147, 541.936, 450.856, 513.738, 437.197, 529.81, 422.193, 416.504, 415.818, 414.031, 390.213]] 
RATE (RPS) =====================================: 39

[[491.883, 407.253, 471.03, 381.398, 376.916, 367.761, 375.108, 363.647, 370.986, 386.483, 372.712, 1137.53, 1222.148, 1530.52, 1539.659, 1488.008]] 
RATE (RPS) =====================================: 34

[[379.665, 366.732, 383.906, 384.097, 370.584, 356.255, 381.693, 387.565, 369.65, 365.001, 380.214, 369.623, 412.617, 381.226, 391.033, 381.121, 381.52, 419.544, 402.284, 391.355, 376.77, 398.832]] 
RATE (RPS) =====================================: 39

[[383.373, 397.935, 410.488, 396.041, 1409.211, 400.097, 394.047, 390.948, 395.699, 395.101, 386.276, 411.099, 388.484, 400.809, 389.835, 395.375, 374.088, 415.432, 402.996, 392.186]] 
RATE (RPS) =====================================: 38

[[401.668, 449.958, 404.654, 419.91, 402.601, 399.551, 390.636, 389.765, 390.465, 400.721, 390.392, 396.939, 382.27, 409.043, 393.291]] 
RATE (RPS) =====================================: 39

[[522.03, 387.642, 440.687, 424.333, 419.625, 402.431, 437.669, 442.681, 407.289, 420.146, 436.466, 492.756, 402.325, 382.548, 420.971, 406.917, 397.726, 432.896, 406.969, 410.885, 412.669]] 
RATE (RPS) =====================================: 39

[[390.733, 384.958, 392.054, 965.895, 398.306, 390.765, 409.605, 365.75, 382.961, 391.453, 394.613, 397.532, 398.153, 378.297, 374.105, 365.385, 367.144, 377.51, 391.542, 383.809, 357.606]] 
RATE (RPS) =====================================: 39

[[413.111, 407.626, 431.06, 420.465, 407.646, 429.059, 427.592, 456.804, 454.24, 446.192, 483.61, 459.689, 453.196, 448.087, 444.878, 448.299, 1274.101, 2212.506, 474.169, 434.972]] 
RATE (RPS) =====================================: 37

[[475.525, 364.945, 362.869, 452.328, 360.09, 354.792, 439.179, 433.059, 354.139, 358.927, 505.835, 1157.996, 373.269, 1911.0430000000001, 355.561, 2021.345, 1182.534, 1057.442, 351.378, 1944.411, 1965.1950000000002, 376.348, 2065.395, 1889.829, 358.086, 365.759, 1208.952, 1085.179, 1418.21, 1767.525, 852.538, 1895.113, 848.234, 385.818, 397.544, 929.564, 1588.72, 1098.7930000000001, 1631.3609999999999]] 
RATE (RPS) =====================================: 22

[[416.947, 355.091, 474.556, 469.304, 373.938, 465.973, 399.093, 456.799, 433.965, 436.165, 362.506, 418.939, 1495.192, 1149.171, 1491.0149999999999, 1629.571, 1683.608, 363.96, 979.502, 993.275, 1152.306, 397.625, 1412.422, 393.777, 1130.978, 960.752, 1287.396, 1611.489, 1608.0349999999999, 898.244, 1264.709, 1537.8609999999999, 362.037, 423.487, 367.082, 396.969, 1392.009, 376.991, 1302.199, 361.937]] 
RATE (RPS) =====================================: 25

[[354.363, 364.274, 385.553, 472.806, 363.692, 463.679, 346.864, 358.083, 359.01, 367.864, 372.601, 391.744, 1539.262, 392.512, 1321.029, 371.231, 1689.0990000000002, 2025.009, 1759.2730000000001, 1967.48, 1476.445, 1057.859, 912.3, 693.321, 1867.399, 951.041, 2065.803, 365.142, 1289.995, 915.837, 1523.743, 1518.772, 1274.9479999999999, 1585.2089999999998, 755.587, 405.046, 379.382, 2066.604, 1460.142, 381.961]] 
RATE (RPS) =====================================: 23

[[528.003, 1436.601, 413.134, 407.541, 398.23, 437.642, 477.47, 587.765, 1903.654, 420.796, 421.149, 450.452, 451.185, 431.466, 2025.123, 530.006, 1732.4270000000001, 1224.667, 1218.748, 1477.267, 1137.213, 1221.723, 415.255, 1482.647, 1318.034, 450.526, 454.984, 2021.023, 2040.462, 1208.103, 2006.149, 1983.1979999999999, 1970.563, 1188.096, 2210.349, 446.631, 439.238, 455.404, 459.065, 420.107]] 
RATE (RPS) =====================================: 21

[[359.499, 406.373, 564.717, 375.426, 543.653, 390.908, 395.675, 408.255, 377.098, 388.106, 383.736, 375.778, 362.054, 1937.202, 360.928, 1062.635, 1873.638, 352.985, 394.017, 1164.989, 397.236, 999.302, 1101.056, 2060.269, 2635.6040000000003, 1381.6480000000001, 384.425, 1612.9479999999999, 1926.48, 1837.001, 376.394, 391.891, 931.055, 747.763, 1416.042, 406.15, 392.31]] 
RATE (RPS) =====================================: 28

[[355.326, 511.333, 494.331, 1561.874, 367.409, 345.814, 370.287, 379.171, 367.316, 389.163, 369.348, 373.386, 2071.316, 396.001, 368.609, 1609.595, 1990.0819999999999, 1405.5, 1072.412, 1633.839, 394.372, 413.17, 380.368, 413.475, 375.228, 361.814, 381.396, 1638.431, 420.414, 424.599, 1898.299, 391.469, 1888.164]] 
RATE (RPS) =====================================: 30

[[391.022, 509.912, 410.881, 481.593, 2123.216, 395.423, 2092.797, 463.215, 389.467, 2320.867, 1910.5610000000001, 428.162, 398.215, 2029.653, 410.99, 392.559, 1911.2469999999998, 358.898, 1818.908, 926.565, 1082.045, 1963.604, 927.132, 904.042, 923.356, 1684.92, 374.114, 1391.9859999999999, 1574.033, 1807.6100000000001, 384.6]] 
RATE (RPS) =====================================: 27

[[456.024, 415.296, 552.135, 449.658, 444.323, 420.795, 514.205, 428.511, 499.393, 606.168, 603.225, 430.364, 421.71, 591.983, 1667.137, 408.437, 419.012, 1358.292, 419.699, 1673.824, 1329.766, 1593.443, 404.925, 1846.617, 406.411, 401.855, 1233.719, 1091.417, 1523.174, 1062.796, 1556.363, 1301.362, 381.97, 1420.992, 406.891, 1137.942, 380.764, 1250.638]] 
RATE (RPS) =====================================: 25

[[409.655, 390.392, 401.794, 484.596, 372.604, 352.576, 400.121, 403.282, 388.431, 385.978, 379.572, 1449.722, 399.378, 1107.615, 1268.76, 1425.496, 420.747, 1164.492, 601.269, 977.162, 1414.379, 403.372, 948.859, 359.029, 416.459, 384.85, 366.674, 382.17, 1375.989, 400.403, 1885.632]] 
RATE (RPS) =====================================: 32

[[384.845, 364.544, 366.432, 651.129, 384.488, 529.71, 361.44, 360.057, 882.207, 366.767, 462.717, 1471.9769999999999, 451.964, 480.976, 453.956, 1439.1480000000001, 437.139, 428.257, 2089.412, 1416.763, 3935.817, 3128.359, 3434.9030000000002, 3162.205, 3140.383, 1736.5929999999998, 1372.685, 2050.022, 1105.921, 1346.061, 2916.4539999999997, 1086.101, 378.211, 391.628, 695.701, 694.789, 687.641, 2003.062]] 
RATE (RPS) =====================================: 23

[[1972.074, 436.373, 412.149, 425.939, 1694.217, 449.464, 404.888, 1813.1660000000002, 397.23, 382.78, 381.664, 2049.746, 390.385, 369.495, 1415.694, 386.879, 1089.374, 1128.279, 1071.76, 380.179, 1649.574, 1855.203, 1082.523, 1550.38, 372.609, 1161.056, 384.933, 386.216, 1402.563, 1086.469, 1584.5700000000002, 1984.228, 388.357, 392.071, 1396.376]] 
RATE (RPS) =====================================: 22

[[358.343, 389.812, 478.619, 364.488, 365.411, 396.952, 372.01, 381.662, 361.878, 350.302, 396.04, 354.84, 379.925, 364.888, 749.36, 387.798, 412.527, 377.655, 410.023, 374.917, 1746.659, 394.713, 1382.171, 1109.296, 1435.724, 1091.75, 1867.067, 366.243, 360.621, 361.994, 488.553, 1451.263, 399.56, 1411.6190000000001, 1899.748, 1372.334, 365.498]] 
RATE (RPS) =====================================: 35

[[358.808, 366.927, 512.786, 490.561, 398.056, 362.646, 381.468, 402.153, 1871.749, 432.452, 386.172, 450.857, 402.136, 430.844, 425.652, 453.598, 1515.203, 1021.106, 436.026, 388.569, 384.911, 2167.597, 1224.109, 463.162, 1900.138, 1420.694, 437.471, 1365.065, 377.514, 414.49, 404.109, 391.326, 410.032, 1381.002]] 
RATE (RPS) =====================================: 36

[[1215.787, 377.239, 396.754, 402.018, 374.236, 389.846, 2958.857, 391.065, 389.372, 407.727, 358.066, 389.416, 927.564, 1736.795, 373.989, 755.738, 1476.825, 916.06, 438.525, 926.707, 385.59, 375.763, 504.148, 1405.481, 1531.499, 1398.425, 454.442, 400.161, 426.68, 406.256, 369.927, 380.892, 375.481, 364.225]] 
RATE (RPS) =====================================: 38

[[579.817, 417.621, 424.073, 408.075, 389.863, 412.912, 1971.359, 416.648, 407.836, 419.276, 415.256, 444.28, 401.809, 420.141, 400.677, 1147.722, 428.97, 1141.37, 1021.207, 425.393, 400.416, 1925.358, 1935.682, 783.245, 420.787, 464.798, 439.775, 1366.071, 429.311, 470.629, 387.505, 378.197, 420.337]] 
RATE (RPS) =====================================: 38

[[369.119, 934.124, 793.982, 441.592, 424.418, 437.388, 431.416, 432.17, 414.37, 412.082, 1974.973, 403.176, 392.759, 388.392, 397.555, 2014.068, 1857.9180000000001, 1909.058, 578.891, 592.733, 536.803, 544.152, 540.76, 448.332, 420.593, 1922.874, 1708.29, 518.434, 484.28]] 
RATE (RPS) =====================================: 39

[[412.663, 377.392, 372.3, 367.499, 477.722, 365.673, 426.628, 418.525, 373.932, 399.103, 371.385, 371.304, 374.053, 393.888, 371.639, 364.856, 1982.132, 377.924, 1413.3020000000001, 913.91, 755.393, 357.855, 376.294, 1498.9479999999999, 377.154, 366.315, 1996.062, 392.534, 387.397, 1414.59, 387.936, 376.621]] 
RATE (RPS) =====================================: 40

[[388.175, 400.772, 363.085, 375.123, 428.572, 535.508, 354.504, 368.817, 413.976, 405.35, 368.219, 380.232, 398.999, 444.154, 391.378, 384.006, 374.797, 376.723, 355.785, 358.452, 524.761, 362.039, 471.925, 482.081, 431.415, 425.88, 412.104, 384.238, 1804.399, 543.807, 1387.259]] 
RATE (RPS) =====================================: 43

[[369.945, 348.778, 414.472, 413.463, 385.233, 377.321, 392.022, 406.959, 403.794, 420.507, 437.179, 401.891, 430.505, 429.178, 421.652, 405.55, 431.722, 382.444, 535.173, 407.83, 453.316, 437.883, 417.613, 417.76, 441.041, 1811.4850000000001, 417.97, 1550.136, 408.02, 1951.873, 1012.564, 410.39, 417.213, 830.689, 407.613, 416.466, 1687.243, 1677.539]] 
RATE (RPS) =====================================: 39

[[1343.286, 1648.883, 385.689, 372.402, 363.472, 352.081, 1140.2359999999999, 356.566, 372.849, 383.571, 356.979, 1758.351, 353.923, 746.419, 1781.142, 963.73, 1650.154, 1787.086, 382.314, 391.697, 383.019, 378.104, 1804.337, 371.612, 1828.109, 384.408, 1401.305, 383.163, 398.431, 949.035, 355.985, 352.618, 407.583, 387.52]] 
RATE (RPS) =====================================: 35

[[432.985, 375.904, 505.341, 394.897, 377.178, 361.117, 397.599, 548.689, 1799.3490000000002, 535.912, 348.416, 522.562, 366.539, 411.809, 383.237, 383.109, 408.257, 2190.199, 394.349, 355.139, 358.271, 968.529, 370.182, 1924.5439999999999, 1450.548, 360.09, 1592.096, 1078.498, 1426.349, 366.098, 1475.642, 1063.565]] 
RATE (RPS) =====================================: 36

[[351.586, 358.896, 371.71, 368.911, 373.147, 369.556, 357.921, 351.479, 373.512, 376.575, 1803.114, 955.212, 1638.0149999999999, 1946.367, 1977.144, 377.064, 1105.119, 1115.278, 1845.154, 1107.946, 948.913, 1551.135, 368.141, 1855.614, 1447.3890000000001, 371.627, 497.214, 506.383, 1390.7559999999999, 767.651, 1846.616, 385.462, 1044.439, 390.877, 1348.175, 1033.821, 1367.372, 1962.5900000000001, 773.104, 485.867, 384.014, 1349.917, 1216.298, 1382.3220000000001]] 
RATE (RPS) =====================================: 29

[[1337.772, 413.35, 551.17, 402.321, 1310.194, 613.548, 410.225, 401.794, 1837.809, 392.555, 402.123, 1667.028, 422.593, 385.864, 417.568, 2003.055, 1530.0439999999999, 392.939, 389.812, 1862.72, 2181.512, 432.038, 448.353, 2034.649, 1263.354, 1973.492, 2128.168, 1582.6950000000002, 2163.955, 1569.949, 2164.7, 416.618, 1931.812, 1541.184, 612.915, 2003.343, 1865.813, 981.387, 1365.6779999999999, 1829.71, 409.01, 408.627, 1442.538, 1768.329, 413.733, 921.393, 1215.516, 1807.722, 399.494, 1857.1570000000002]] 
RATE (RPS) =====================================: 23

[[361.568, 376.662, 1476.703, 440.495, 411.109, 399.364, 418.928, 406.353, 411.719, 407.516, 398.224, 1426.253, 1237.872, 1073.874, 942.259, 929.696, 954.228, 1404.2930000000001, 405.032, 389.728, 435.198, 1625.659, 2173.213, 421.916, 412.878, 1333.04, 416.086, 1905.647, 386.683, 1430.155, 1387.405, 1865.154, 1140.808, 1357.149, 1414.037, 1963.204, 1798.409, 413.593, 387.404, 1613.4009999999998, 479.78, 406.362, 1482.459, 1434.759, 423.885, 1894.4299999999998, 1362.498, 395.761, 362.408, 362.26]] 
RATE (RPS) =====================================: 28

[[387.685, 2147.499, 561.489, 413.029, 402.491, 379.717, 381.011, 393.164, 1831.652, 380.031, 378.642, 383.716, 382.695, 411.671, 422.803, 1629.05, 424.687, 406.559, 1873.8609999999999, 1935.963, 1233.135, 1152.074, 980.641, 1919.308, 811.062, 428.852, 1889.667, 1555.366, 2066.594, 2054.289, 417.436, 1919.772, 1127.376, 418.559, 437.961, 437.689, 1401.354, 461.479, 1389.431, 1365.67, 479.157, 472.624, 1010.827, 442.737, 1991.363, 406.974, 1759.971, 1369.5520000000001, 1734.1970000000001, 2021.532]] 
RATE (RPS) =====================================: 27

[[433.628, 408.832, 435.398, 392.247, 425.391, 392.839, 400.754, 432.529, 379.395, 415.585, 394.321, 1593.25, 1460.225, 1284.38, 1454.71, 1281.122, 1551.988, 420.172, 402.534, 1244.118, 1234.601, 408.019, 411.267, 1657.993, 409.673, 423.255, 830.74, 2153.032, 1411.101, 1404.574, 417.162, 1376.0140000000001, 1199.925, 424.947, 407.825, 1155.871, 1966.0030000000002, 1917.786, 421.925, 2084.875, 436.491, 840.369, 397.54, 1548.721, 1384.211, 1518.778, 758.758, 1427.627, 766.164, 396.251]] 
RATE (RPS) =====================================: 28

[[362.503, 397.505, 381.695, 367.415, 377.37, 366.913, 389.02, 353.952, 404.21, 369.272, 363.446, 1132.644, 383.057, 1337.559, 375.348, 966.274, 407.978, 380.021, 1279.784, 418.751, 415.758, 1261.129, 1176.369, 409.521, 1485.2269999999999, 2045.341, 398.568, 982.819, 417.664, 1197.551, 2006.076, 1198.234, 1743.8229999999999, 415.0, 987.082, 1924.632, 2084.404, 1376.115, 402.017, 1256.383, 414.752, 1362.432, 1020.253, 1791.787, 1193.933, 419.444, 425.261, 1613.086, 1387.241, 424.223]] 
RATE (RPS) =====================================: 29

[[441.89, 369.931, 520.224, 442.462, 385.835, 386.802, 409.87, 376.771, 411.685, 399.731, 390.567, 1487.508, 1800.569, 404.308, 957.68, 1124.397, 1616.626, 980.07, 719.467, 1397.165, 925.953, 390.87, 976.037, 399.845, 741.745, 1615.717, 1248.552, 393.249, 1981.172, 1095.735, 1424.425, 937.916, 382.17, 1423.37, 1606.133, 1390.976, 372.53, 2040.218, 387.021, 415.046, 1368.637, 364.86, 427.122, 1408.005, 384.259, 385.622, 503.739, 377.203, 364.595, 459.125]] 
RATE (RPS) =====================================: 34

[[381.64, 408.331, 409.936, 398.581, 402.584, 390.341, 404.702, 396.905, 1102.846, 408.567, 384.494, 396.519, 408.534, 1899.3139999999999, 2205.055, 621.376, 1211.146, 798.14, 1995.839, 1989.4009999999998, 433.455, 1919.467, 1139.869, 1984.835, 1131.174, 1748.103, 1948.607, 1876.0700000000002, 1520.902, 1859.693, 1685.162, 1107.163, 1900.533, 1938.842, 1927.4160000000002, 1093.59, 397.938, 1908.655, 2081.373, 1900.2359999999999, 2068.614, 764.379, 1389.745, 1870.71, 1861.5430000000001, 427.005, 1462.836, 371.036, 421.833, 393.381]] 
RATE (RPS) =====================================: 21

[[385.519, 373.964, 405.401, 545.803, 387.546, 390.013, 399.122, 406.455, 395.061, 400.618, 366.347, 386.981, 374.165, 554.761, 2021.826, 1739.721, 365.802, 391.321, 1544.649, 1386.575, 1112.009, 1859.955, 398.478, 949.767, 568.154, 1800.643, 1117.232, 1586.979, 1589.5839999999998, 384.328, 1559.149, 1783.3609999999999, 1358.78, 410.945, 1974.1779999999999, 1771.0900000000001, 1815.636, 1694.632, 403.175, 1728.554, 1334.439, 387.355, 1391.725, 411.215, 419.573, 379.171, 1868.029, 1651.953, 383.41, 376.448]] 
RATE (RPS) =====================================: 28

[[375.314, 434.363, 454.596, 434.987, 425.84, 418.044, 405.41, 399.85, 429.405, 395.003, 415.547, 378.704, 434.543, 523.868, 1594.425, 418.673, 1550.271, 1998.229, 1854.55, 1580.996, 399.231, 1771.754, 1407.299, 1384.695, 945.953, 1183.004, 1183.782, 1776.853, 1164.616, 531.495, 969.07, 1580.934, 398.676, 1593.868, 401.817, 1605.96, 1561.9180000000001, 1458.127, 1050.402, 385.842, 478.494, 1555.8719999999998, 1533.106, 436.228, 383.047, 1543.01, 1966.327, 381.146, 1416.682, 358.506]] 
RATE (RPS) =====================================: 27

[[391.947, 388.553, 382.424, 383.871, 394.712, 402.679, 378.676, 380.126, 419.2, 950.39, 405.845, 361.95, 381.439, 1109.17, 1552.0230000000001, 1103.605, 1428.391, 399.726, 754.809, 1667.047, 910.221, 422.014, 1886.546, 1138.913, 420.042, 545.221, 1990.8719999999998, 972.602, 931.144, 1976.7179999999998, 1703.9940000000001, 394.052, 413.926, 536.409, 2032.276, 2105.579, 402.324, 1094.021, 1477.298, 417.657, 1980.319, 401.206, 1421.5, 374.665, 358.041, 390.941, 417.67, 412.784, 379.547, 381.451, 435.325, 382.7, 365.174, 1180.484, 401.702]] 
RATE (RPS) =====================================: 38

[[383.615, 2109.161, 376.355, 413.778, 409.262, 2098.713, 393.338, 399.365, 394.446, 389.521, 372.635, 1705.905, 396.383, 2104.405, 1156.394, 1161.321, 1169.121, 2014.92, 1847.56, 1152.438, 1837.9850000000001, 756.018, 826.917, 1151.879, 440.806, 965.096, 407.882, 2095.023, 965.893, 1883.233, 1904.887, 441.37, 980.779, 470.398, 970.162, 1966.654, 1409.85, 650.509, 1383.079, 1372.887, 423.362, 2070.401, 1716.935, 1867.682, 937.928, 767.069, 1114.649, 458.007, 478.657, 425.85, 417.98, 400.873, 412.104, 1792.8, 430.482]] 
RATE (RPS) =====================================: 31

[[1881.347, 486.631, 1278.742, 1396.3, 1564.964, 359.006, 386.138, 382.4, 388.398, 1279.729, 374.413, 368.995, 366.14, 371.245, 396.085, 1033.047, 1021.056, 367.548, 1001.814, 1294.82, 1428.292, 1018.91, 1154.339, 394.015, 992.003, 431.673, 398.404, 1168.8319999999999, 1162.299, 420.902, 1462.17, 1511.661, 694.256, 1178.525, 1444.908, 980.601, 1468.179, 1167.2, 1359.3519999999999, 1981.051, 417.866, 429.079, 2268.045, 432.437, 2147.4809999999998, 2314.99, 1396.4479999999999, 1034.295, 431.512, 1845.27, 1033.125, 2300.795, 1409.778, 460.355, 477.567]] 
RATE (RPS) =====================================: 24

[[443.064, 408.477, 419.065, 424.815, 1983.763, 1151.693, 904.883, 409.559, 2378.079, 418.057, 421.656, 418.545, 1203.502, 1183.802, 2254.512, 1192.311, 1180.727, 2244.466, 1868.498, 2004.444, 407.587, 1193.54, 2049.904, 2059.666, 1179.422, 2202.132, 1204.479, 1865.549, 447.939, 1169.188, 1522.5430000000001, 2027.455, 1614.46, 1984.681, 2177.749, 1138.652, 1986.0230000000001, 2043.912, 1915.133, 2016.412, 964.526, 1817.702, 2232.977, 1394.882, 1856.7089999999998, 1367.78, 980.047, 2051.718, 440.61, 1420.685, 459.372, 2391.549, 440.712, 1391.601, 1149.971]] 
RATE (RPS) =====================================: 16

[[387.229, 392.444, 375.01, 504.243, 1197.166, 388.112, 399.869, 1851.8339999999998, 388.251, 1336.114, 408.584, 405.984, 395.088, 421.19, 1992.228, 391.198, 380.612, 427.411, 1245.7359999999999, 1131.93, 413.553, 402.819, 1298.172, 1245.908, 380.633, 1465.967, 410.84, 1649.005, 1009.051, 1619.522, 1465.041, 1469.993, 401.402, 1595.833, 1147.843, 398.07, 1278.019, 1885.257, 1122.77, 2037.904, 1598.758, 1601.179, 1685.824, 384.107, 382.379, 1386.662, 1883.836, 380.492, 359.241, 1658.493, 367.46, 376.397, 1937.346, 410.078, 393.15]] 
RATE (RPS) =====================================: 28

[[485.421, 402.012, 368.155, 460.413, 390.388, 402.973, 397.327, 1986.9589999999998, 653.615, 392.026, 1874.499, 375.496, 375.487, 367.902, 374.374, 393.242, 1318.79, 1310.995, 1769.597, 585.133, 394.87, 394.068, 1135.961, 390.798, 417.541, 408.678, 1038.3029999999999, 1204.801, 1250.854, 1134.241, 420.777, 1603.929, 1777.411, 1632.025, 1663.8899999999999, 1167.22, 1627.72, 1163.251, 1331.22, 1626.546, 452.779, 1320.845, 459.378, 442.204, 489.931, 504.359, 457.744, 458.825, 500.834, 473.993, 1986.8229999999999, 2102.601, 496.357, 1996.2730000000001, 1186.8890000000001]] 
RATE (RPS) =====================================: 31

[[379.837, 414.693, 451.591, 424.202, 410.59, 429.967, 397.19, 407.789, 397.639, 421.446, 407.651, 445.062, 436.412, 415.157, 453.972, 2259.176, 535.781, 1494.5059999999999, 1284.455, 1184.182, 468.278, 1240.607, 2034.798, 451.525, 1900.4470000000001, 2205.327, 1948.382, 421.917, 2120.646, 1240.337, 2128.91, 1182.888, 865.223, 538.572, 420.77, 476.485, 437.306, 1160.061, 1029.835, 2010.441, 1488.274, 492.885, 1985.559, 2205.4809999999998, 437.791, 440.992, 414.355, 457.6, 422.588, 1370.6190000000001, 397.98, 424.702, 459.601, 452.168, 392.143]] 
RATE (RPS) =====================================: 35

[[353.784, 403.228, 499.603, 409.818, 1209.395, 393.125, 391.589, 382.36, 389.614, 383.067, 375.27, 403.549, 1119.396, 394.686, 1768.005, 383.344, 1857.4299999999998, 1950.031, 1659.547, 406.668, 1115.209, 2050.092, 2020.815, 1525.326, 378.193, 391.752, 395.905, 945.242, 1037.305, 901.476, 764.564, 1965.069, 388.095, 1878.693, 1368.769, 2040.97, 384.452, 924.735, 1603.8049999999998, 417.764, 1268.6190000000001, 402.375, 362.979, 407.291, 409.547, 396.172, 371.747, 413.798, 382.206, 364.101, 393.095, 366.561, 1103.81, 1929.96, 900.646]] 
RATE (RPS) =====================================: 36

[[432.736, 436.331, 1512.365, 418.221, 423.232, 409.585, 431.873, 2095.725, 444.494, 436.093, 421.421, 2177.343, 427.066, 678.433, 421.29, 516.136, 402.25, 1386.538, 1722.495, 392.362, 416.789, 1898.204, 507.038, 1163.349, 1484.518, 1671.1680000000001, 1657.5810000000001, 1116.696, 1317.517, 1833.54, 430.857, 400.277, 1522.521, 1316.695, 438.356, 1503.342, 1392.225, 426.861, 1749.716, 1893.512, 1379.042, 2044.144, 412.407, 1686.9650000000001, 389.31, 387.351, 1489.16, 467.377, 436.603, 405.571, 403.821, 382.934, 379.79, 404.401, 375.05]] 
RATE (RPS) =====================================: 32

[[424.89, 411.614, 425.355, 399.464, 381.586, 395.437, 396.663, 402.157, 394.991, 1173.791, 1455.199, 422.03, 1277.068, 1030.82, 1468.739, 1486.261, 1663.759, 961.612, 1290.729, 399.063, 378.198, 407.38, 396.936, 411.444, 1988.556, 1007.566, 481.89, 1800.949, 1243.734, 410.762, 1374.0, 377.375, 1458.7269999999999, 2071.166, 1195.425, 1701.988, 1381.1680000000001, 366.744, 1976.913, 1170.586, 1122.714, 1143.893, 409.346, 1134.204, 1368.347, 1940.047, 418.576, 451.477, 491.477, 460.537, 422.264, 407.79, 453.276, 424.616, 421.489]] 
RATE (RPS) =====================================: 30

[[357.222, 394.122, 393.669, 399.928, 364.866, 366.13, 365.504, 356.289, 393.983, 387.901, 1810.046, 381.573, 798.298, 950.397, 1121.461, 1554.024, 1534.9569999999999, 926.788, 1101.203, 1027.211, 911.004, 375.278, 410.007, 1707.0259999999998, 394.057, 853.717, 405.002, 377.309, 2067.836, 1974.058, 948.047, 1353.767, 1801.23, 1916.513, 1970.2179999999998, 1169.437, 1394.446, 387.724, 774.656, 415.19, 1110.848, 464.397, 1938.547, 1553.145, 430.277, 1405.417, 413.971, 415.604, 363.225, 1405.074, 383.94, 1368.766, 402.736, 389.689, 386.94, 1437.383, 1119.055, 970.415, 1444.585, 376.506]] 
RATE (RPS) =====================================: 36

[[423.383, 360.446, 435.008, 421.996, 422.312, 1918.6480000000001, 386.608, 393.62, 353.481, 401.584, 374.86, 1808.818, 365.326, 1002.72, 1833.1689999999999, 390.578, 397.92, 1415.251, 399.064, 1984.8229999999999, 1086.644, 1421.804, 1712.462, 1101.56, 388.9, 420.244, 1861.0929999999998, 1110.562, 1823.5059999999999, 2050.708, 404.087, 1771.649, 1807.008, 2013.835, 1844.1309999999999, 1101.318, 776.004, 1160.024, 391.312, 1693.725, 401.305, 402.26, 1408.511, 367.299, 1439.936, 1405.098, 378.66, 369.337, 391.552, 398.157, 365.414, 379.852, 1559.117, 390.216, 401.028, 357.934, 1857.663, 353.593, 374.605, 920.106]] 
RATE (RPS) =====================================: 34

[[383.474, 399.526, 400.009, 391.658, 582.22, 370.324, 1131.6779999999999, 375.432, 2081.803, 403.122, 398.098, 378.948, 370.354, 1771.107, 384.766, 740.563, 1275.432, 1271.2350000000001, 2119.024, 394.41, 414.682, 1140.242, 2077.908, 1035.592, 387.389, 405.979, 1156.1970000000001, 2007.008, 1833.301, 1819.029, 1603.644, 2055.673, 1493.681, 1587.472, 387.204, 1495.904, 429.793, 402.506, 430.875, 376.345, 388.248, 397.49, 1587.955, 396.073, 387.135, 1202.891, 1551.054, 1514.214, 374.246, 382.34, 396.276, 398.469, 394.522, 1356.632, 391.621, 1427.215, 390.886, 827.602, 1132.484, 359.894]] 
RATE (RPS) =====================================: 35

[[428.208, 420.589, 399.222, 421.145, 406.419, 397.62, 435.998, 413.339, 410.659, 402.018, 814.924, 992.147, 1191.785, 1704.13, 1196.838, 1562.066, 1461.999, 729.832, 1475.311, 1139.507, 376.39, 1457.04, 959.034, 404.012, 393.82, 1555.982, 391.965, 1175.169, 817.649, 400.505, 983.808, 419.136, 1816.899, 1139.838, 1425.588, 1000.735, 1440.541, 1948.667, 1427.292, 1185.525, 1176.364, 2090.154, 1151.661, 437.64, 1989.778, 1447.5430000000001, 379.659, 390.25, 376.136, 517.571, 386.463, 388.726, 392.027, 402.705, 2019.149, 1216.806, 1408.959, 1207.995, 1200.172, 400.115]] 
RATE (RPS) =====================================: 32

[[399.206, 391.216, 410.007, 411.057, 400.247, 396.804, 386.407, 380.104, 1102.151, 1110.034, 1279.9189999999999, 403.63, 1678.304, 401.168, 1092.509, 1983.617, 412.103, 1396.192, 389.151, 1541.422, 1776.72, 392.368, 1233.17, 1201.821, 1773.4969999999998, 968.337, 1151.075, 1848.371, 1987.1100000000001, 1163.351, 1994.924, 1134.337, 1363.461, 2082.579, 399.181, 377.15, 2029.259, 1981.6109999999999, 528.4, 506.261, 1115.996, 1126.267, 1384.446, 1778.596, 1135.0529999999999, 1815.665, 385.603, 956.086, 435.572, 411.567, 1879.167, 1362.188, 420.132, 1761.638, 1427.446, 1847.548, 1586.341, 438.231, 413.144, 406.103]] 
RATE (RPS) =====================================: 26

[[392.451, 425.333, 1977.865, 383.993, 406.323, 405.021, 393.714, 384.481, 1741.634, 409.987, 373.967, 367.77, 1849.3110000000001, 902.083, 1781.85, 1499.07, 405.078, 1940.3049999999998, 951.046, 441.404, 443.983, 1114.684, 1141.989, 376.885, 766.643, 391.139, 1076.015, 1836.614, 1726.469, 1801.2849999999999, 391.516, 1351.897, 1795.8719999999998, 1410.603, 365.884, 1636.376, 1816.96, 1656.036, 1828.26, 1056.718, 1092.51, 419.403, 405.085, 1853.9560000000001, 365.744, 1763.479, 1722.6779999999999, 380.024, 1805.522, 1073.88, 396.273, 369.593, 1847.56, 1383.423, 1905.835, 391.919, 1980.364, 1822.174, 1970.089, 384.407]] 
RATE (RPS) =====================================: 28

[[378.415, 386.685, 380.144, 380.248, 361.106, 359.676, 397.957, 1837.5410000000002, 387.152, 486.851, 1574.225, 383.713, 412.427, 443.922, 374.842, 401.103, 382.573, 432.18, 989.665, 1546.286, 1140.663, 2121.16, 388.895, 1145.596, 967.087, 447.023, 403.883, 1329.709, 403.867, 1257.911, 419.527, 420.392, 430.129, 1145.622, 1132.386, 1141.436, 1158.55, 2031.598, 1406.09, 415.255, 1156.962, 427.498, 397.251, 455.549, 410.879, 427.509, 1413.214, 420.137, 956.227, 1947.063, 1411.153, 1156.455, 1389.557, 364.786, 1846.414, 2158.276, 377.18, 1866.426, 409.216, 384.19]] 
RATE (RPS) =====================================: 37

[[400.106, 413.118, 520.674, 428.091, 402.434, 401.399, 461.046, 1756.931, 418.733, 433.4, 1668.092, 383.79, 1270.75, 962.564, 368.938, 1898.246, 1459.87, 447.903, 405.324, 2915.234, 379.102, 1006.869, 408.093, 1331.708, 1808.7, 1812.412, 1958.63, 941.734, 1809.6190000000001, 1638.0320000000002, 424.447, 1809.6680000000001, 419.193, 1143.437, 1132.318, 395.491, 1888.5729999999999, 1115.098, 1100.437, 1912.87, 1080.493, 2007.284, 426.494, 1381.546, 382.327, 448.554, 392.761, 397.85, 377.965, 1357.901, 398.302, 354.874, 420.717, 387.734, 380.477, 352.599, 376.766, 375.29, 1092.026, 1075.256]] 
RATE (RPS) =====================================: 34

[[417.181, 1282.596, 1876.692, 1613.5990000000002, 422.605, 437.027, 429.079, 423.508, 1994.594, 453.678, 442.138, 1131.47, 426.23, 1243.472, 410.319, 402.754, 1857.429, 1883.021, 2092.821, 434.34, 431.809, 457.02, 442.765, 2258.327, 963.11, 2157.728, 448.599, 2147.598, 2181.309, 1506.295, 1949.217, 2045.695, 1383.309, 428.982, 1371.338, 409.265, 430.201, 1119.588, 958.625, 1918.065, 1082.732, 1643.392, 1138.622, 1784.0810000000001, 435.517, 1890.143, 1382.279, 1404.217, 1386.413, 403.361, 1312.604, 383.27, 1591.3809999999999, 1432.689, 384.523, 368.607, 1376.406, 443.675, 427.69, 413.512]] 
RATE (RPS) =====================================: 28

[[397.708, 385.017, 399.063, 385.492, 409.776, 516.758, 373.553, 395.033, 2011.362, 481.925, 399.133, 2040.177, 378.02, 487.327, 400.142, 381.16, 386.882, 1253.685, 1150.983, 380.037, 1908.937, 411.313, 1556.239, 1530.387, 403.734, 957.294, 1821.886, 1232.991, 1111.187, 1421.407, 1741.317, 1236.922, 1131.06, 1386.493, 1402.894, 1073.842, 1226.174, 1907.981, 387.897, 414.578, 411.113, 1382.917, 387.346, 392.922, 1397.666, 394.762, 441.272, 432.76, 406.361, 1358.517, 424.606, 403.491, 369.208, 397.235, 415.293, 380.788, 397.839, 1935.319, 929.964, 387.293]] 
RATE (RPS) =====================================: 37

[[433.534, 430.615, 380.058, 439.712, 394.647, 400.787, 426.96, 437.856, 443.643, 440.047, 2197.095, 442.145, 405.924, 532.406, 2052.511, 396.741, 1665.165, 620.18, 1136.797, 506.751, 408.363, 1128.823, 1954.33, 404.171, 1302.991, 1125.876, 406.883, 1062.054, 1990.45, 1162.501, 1949.73, 1414.019, 429.96, 984.252, 411.914, 1365.686, 1385.5230000000001, 1150.675, 419.118, 455.556, 1023.965, 1932.908, 374.747, 394.223, 1378.149, 1402.363, 398.846, 395.845, 370.876, 376.201, 417.031, 1419.9189999999999, 402.554, 394.602, 386.532, 384.14, 1944.249, 1805.422, 400.089, 385.772, 411.994, 376.727, 417.6, 1751.383, 957.405]] 
RATE (RPS) =====================================: 41

[[377.839, 1859.87, 2331.734, 471.106, 461.713, 2129.948, 450.325, 425.49, 420.598, 1968.404, 2066.946, 1352.063, 408.908, 2073.698, 366.586, 388.328, 1440.3310000000001, 1732.647, 1104.314, 2103.166, 410.355, 1285.964, 1400.912, 372.406, 1956.062, 1703.267, 1685.8, 912.094, 1363.299, 2020.213, 754.928, 1828.403, 1669.243, 1370.451, 1091.07, 368.711, 1160.596, 1370.049, 381.927, 1952.748, 364.692, 943.342, 2258.402, 1881.605, 1787.38, 376.107, 395.276, 378.385, 1088.686, 922.625, 1092.643, 1866.5639999999999, 1859.729, 1833.665, 380.789, 919.335, 1349.133, 1399.194, 365.748, 1383.433, 349.314, 357.719, 744.181, 1076.974, 376.255]] 
RATE (RPS) =====================================: 28

[[362.1, 508.03, 366.894, 351.201, 357.254, 463.01, 374.091, 373.231, 367.832, 433.663, 382.515, 418.95, 412.089, 402.751, 1794.2939999999999, 1449.891, 1109.086, 1292.6390000000001, 1131.321, 1874.538, 923.264, 374.808, 383.724, 386.435, 1388.929, 1079.511, 1740.733, 1360.326, 451.636, 377.176, 1745.1, 420.961, 1798.588, 1835.016, 1832.7240000000002, 1622.871, 1149.709, 1818.2240000000002, 405.65, 1805.857, 1091.96, 1874.6779999999999, 1380.7440000000001, 382.532, 355.677, 2005.252, 360.364, 411.272, 1369.534, 1842.3719999999998, 360.724, 383.68, 360.218, 348.665, 375.388, 1625.395, 1052.047, 1748.733, 464.286, 406.631, 343.36, 382.34, 372.901, 1101.959, 918.907]] 
RATE (RPS) =====================================: 37

[[359.473, 388.661, 463.632, 401.151, 422.685, 406.205, 369.914, 355.3, 376.417, 377.747, 390.068, 410.156, 1568.943, 402.975, 372.67, 1381.614, 1800.243, 442.95, 421.048, 409.828, 750.192, 1472.479, 944.393, 1137.27, 1965.315, 1616.752, 1456.356, 1169.799, 1445.99, 1304.838, 1197.15, 967.402, 785.068, 1289.271, 1163.659, 1103.5720000000001, 455.739, 1391.988, 435.648, 474.847, 1430.2440000000001, 455.874, 1562.225, 1534.745, 427.6, 1376.1779999999999, 391.227, 374.771, 366.668, 359.405, 426.885, 377.474, 367.521, 376.859, 369.608, 383.97, 376.019, 368.813, 1423.188, 378.409, 1117.772, 1756.829, 1481.537, 1677.815, 1780.069]] 
RATE (RPS) =====================================: 39

[[399.147, 387.649, 357.809, 363.188, 417.583, 393.848, 1099.492, 1376.525, 391.543, 1864.661, 1535.406, 374.444, 388.5, 1415.242, 387.756, 927.046, 1242.205, 400.591, 1010.106, 806.305, 1804.325, 1486.3519999999999, 1027.568, 412.754, 1394.569, 416.686, 1831.912, 415.481, 445.353, 1585.528, 1601.214, 1275.657, 1133.675, 391.376, 1382.8, 1384.818, 505.708, 1413.003, 377.762, 434.766, 376.108, 402.168, 395.302, 1362.086, 393.086, 439.335, 404.817, 375.223, 1154.775, 364.8, 361.544, 372.265, 390.4, 1846.9270000000001, 1781.789, 374.863, 1614.132, 393.366, 1831.2, 1497.358, 389.227, 1843.7, 925.754, 380.901, 593.402]] 
RATE (RPS) =====================================: 38

[[427.903, 392.673, 1517.187, 1205.848, 412.499, 381.916, 370.534, 381.547, 365.944, 1009.997, 364.574, 401.74, 378.982, 380.981, 1992.159, 359.91, 3219.221, 2100.653, 3830.766, 2391.751, 1077.979, 412.14, 417.662, 1545.025, 381.729, 1898.059, 1886.021, 375.528, 1790.117, 406.73, 406.639, 963.332, 434.055, 4530.417, 3377.339, 477.034, 372.568, 376.643, 493.807, 457.822, 3575.8630000000003, 383.601, 382.018, 377.831, 383.033, 386.452, 1591.2930000000001, 418.349, 1371.943, 413.522, 383.121, 415.634, 1732.938, 2212.484, 1132.737, 430.119, 537.934, 1653.566, 2736.6549999999997, 4082.222, 474.078, 402.899, 2503.057, 392.752, 1331.09]] 
RATE (RPS) =====================================: 39

[[1414.282, 1418.9940000000001, 1411.825, 1412.481, 1399.307, 2879.4629999999997, 1954.281, 522.698, 1334.253, 2622.017, 514.372, 502.006, 478.968, 2477.873, 471.324, 2158.899, 2024.692, 485.104, 541.468, 544.812, 525.319, 1313.599, 513.721, 659.422, 1314.019, 2335.215, 2059.924, 1876.923, 1741.241, 2052.226, 1267.896, 2011.575, 2079.085, 2175.543, 1562.483, 1383.031, 1380.806, 1708.491, 1175.997, 621.13, 1189.638, 1950.8139999999999, 1959.719, 472.839, 425.882, 1296.809, 2346.517, 1261.9569999999999, 2021.711, 1975.3310000000001, 2038.884, 828.63, 1218.929, 1219.828, 1202.905, 418.428, 1557.146, 2009.795, 416.306, 1380.975, 1385.306, 409.089, 1573.182, 994.755, 1381.8220000000001]] 
RATE (RPS) =====================================: 19

[[383.841, 1274.1100000000001, 366.214, 1512.746, 370.768, 377.531, 2083.781, 380.512, 1370.766, 385.664, 383.158, 393.689, 369.715, 1757.751, 387.123, 385.981, 381.722, 1918.911, 400.027, 1665.925, 1284.121, 1095.932, 1966.19, 1941.551, 1801.2440000000001, 1746.96, 712.247, 1879.2350000000001, 1777.33, 1906.894, 1108.249, 1101.6680000000001, 1923.165, 764.531, 927.633, 1359.408, 1833.667, 371.837, 930.555, 1370.495, 1145.821, 938.967, 1821.5929999999998, 993.177, 1879.824, 1870.149, 2014.234, 2023.704, 403.581, 1353.133, 2036.848, 1856.403, 2024.848, 1504.674, 958.462, 1477.5819999999999, 1432.966, 412.306, 414.027, 410.078, 376.648, 1364.475, 1636.005, 1902.855, 1684.8519999999999]] 
RATE (RPS) =====================================: 26

[[373.929, 391.456, 1085.94, 393.302, 385.027, 408.078, 391.136, 383.26, 1012.273, 369.362, 404.961, 396.023, 377.419, 368.526, 378.462, 406.318, 1829.642, 1134.877, 1595.725, 379.06, 1136.229, 821.996, 1467.157, 380.483, 608.32, 968.809, 1766.435, 1712.969, 402.907, 385.942, 1881.118, 389.671, 1383.8519999999999, 406.12, 1681.076, 1189.212, 383.725, 452.268, 408.143, 390.188, 391.572, 387.187, 430.529, 374.599, 433.982, 1857.538, 404.858, 376.146, 443.858, 423.608, 391.567, 468.003, 413.066, 379.458, 979.116, 459.522, 1012.656, 397.075, 1237.334, 840.069, 843.436, 1856.267, 1218.813, 1018.869, 1681.249]] 
RATE (RPS) =====================================: 45

[[390.594, 1794.6860000000001, 405.98, 393.717, 404.77, 402.4, 388.031, 392.51, 2075.872, 386.694, 640.462, 1021.556, 395.736, 387.875, 396.691, 400.685, 408.182, 379.367, 1121.807, 1805.048, 1477.21, 1543.271, 416.301, 1471.405, 1614.3980000000001, 367.422, 424.87, 390.171, 819.608, 1516.0059999999999, 392.032, 405.787, 1676.137, 1660.692, 1159.003, 1964.784, 944.15, 437.902, 400.528, 457.144, 404.035, 403.382, 421.8, 431.354, 1183.586, 1413.405, 376.054, 1138.453, 383.492, 1095.573, 1820.013, 1785.6680000000001, 1850.1109999999999, 374.633, 1739.387, 761.975, 1343.643, 427.347, 380.703, 1615.443, 370.508, 351.232, 896.507, 1789.058, 409.024]] 
RATE (RPS) =====================================: 40

average response time [0]597.934
average response time [1]531.146
average response time [2]585.386
average response time [3]514.651
average response time [4]531.285
average response time [5]622.299
average response time [6]598.223
average response time [7]591.851
average response time [8]557.358
average response time [9]591.908
TOTAL AVERAGE RESPONSE TIME ====================: 572.2041
NUMBER OF THREADS ==============================: 1
TOTAL AVERAGE RATE (RPS) =====================================: 1.0
average response time [10]510.679
average response time [11]521.0385
average response time [12]606.504
average response time [13]596.88
average response time [14]612.73
average response time [15]526.9135
average response time [16]617.4960000000001
average response time [17]562.6925
average response time [18]525.8705
average response time [19]624.0185
TOTAL AVERAGE RESPONSE TIME ====================: 570.48225
NUMBER OF THREADS ==============================: 2
TOTAL AVERAGE RATE (RPS) =====================================: 2.0
average response time [20]526.5260000000001
average response time [21]621.20025
average response time [22]1353.84625
average response time [23]610.9245
average response time [24]657.9929999999999
average response time [25]517.6569999999999
average response time [26]589.4192499999999
average response time [27]564.27575
average response time [28]744.373
average response time [29]547.213
TOTAL AVERAGE RESPONSE TIME ====================: 673.3428
NUMBER OF THREADS ==============================: 4
TOTAL AVERAGE RATE (RPS) =====================================: 3.6
average response time [30]601.68
average response time [31]518.84225
average response time [32]585.382375
average response time [33]532.13325
average response time [34]527.011125
average response time [35]590.006125
average response time [36]992.045125
average response time [37]577.3723749999999
average response time [38]542.55325
average response time [39]600.01225
TOTAL AVERAGE RESPONSE TIME ====================: 606.7038124999999
NUMBER OF THREADS ==============================: 8
TOTAL AVERAGE RATE (RPS) =====================================: 7.6
average response time [40]602.638875
average response time [41]750.8030625
average response time [42]724.3279375
average response time [43]684.9373125
average response time [44]661.932
average response time [45]715.9369375
average response time [46]715.5337499999999
average response time [47]735.4488125
average response time [48]689.701375
average response time [49]724.7324375
TOTAL AVERAGE RESPONSE TIME ====================: 700.5992499999999
NUMBER OF THREADS ==============================: 16
TOTAL AVERAGE RATE (RPS) =====================================: 14.9
average response time [50]978.3393125
average response time [51]893.09746875
average response time [52]983.983375
average response time [53]1465.0323
average response time [54]1020.7707
average response time [55]536.3907777777778
average response time [56]571.065294117647
average response time [57]533.6414
average response time [58]544.8466666666667
average response time [59]725.7344615384616
TOTAL AVERAGE RESPONSE TIME ====================: 825.2901756350551
NUMBER OF THREADS ==============================: 32
TOTAL AVERAGE RATE (RPS) =====================================: 26.8
average response time [60]577.65476
average response time [61]585.969052631579
average response time [62]638.015
average response time [63]705.2942
average response time [64]586.448
average response time [65]542.1797368421053
average response time [66]531.26825
average response time [67]603.3482
average response time [68]882.3107333333334
average response time [69]544.251
TOTAL AVERAGE RESPONSE TIME ====================: 619.6738932807018
NUMBER OF THREADS ==============================: 33
TOTAL AVERAGE RATE (RPS) =====================================: 32.3
average response time [70]717.97025
average response time [71]517.358
average response time [72]530.6999411764706
average response time [73]523.3114117647059
average response time [74]565.9679285714286
average response time [75]528.7626666666666
average response time [76]536.9505333333333
average response time [77]534.7538125
average response time [78]578.0349230769231
average response time [79]572.7678571428571
TOTAL AVERAGE RESPONSE TIME ====================: 560.6577324232385
NUMBER OF THREADS ==============================: 34
TOTAL AVERAGE RATE (RPS) =====================================: 33.8
average response time [80]609.0074666666667
average response time [81]541.7868461538461
average response time [82]558.1768
average response time [83]581.4723333333334
average response time [84]542.51225
average response time [85]887.8477428571429
average response time [86]839.7874857142857
average response time [87]1032.7846857142856
average response time [88]913.6230571428572
average response time [89]1018.3031428571429
TOTAL AVERAGE RESPONSE TIME ====================: 752.5301810439561
NUMBER OF THREADS ==============================: 35
TOTAL AVERAGE RATE (RPS) =====================================: 27.7
average response time [90]926.4521111111111
average response time [91]506.03371428571427
average response time [92]581.6753846153846
average response time [93]1012.9664444444444
average response time [94]741.2802608695653
average response time [95]1183.445695652174
average response time [96]448.39093333333335
average response time [97]412.30677777777777
average response time [98]371.5836111111111
average response time [99]392.0047777777778
TOTAL AVERAGE RESPONSE TIME ====================: 657.6139710978393
NUMBER OF THREADS ==============================: 36
TOTAL AVERAGE RATE (RPS) =====================================: 32.0
average response time [100]389.6983333333333
average response time [101]373.6437142857143
average response time [102]382.9354375
average response time [103]440.2220625
average response time [104]547.0385625
average response time [105]370.362
average response time [106]385.8598888888889
average response time [107]389.109
average response time [108]366.69454545454545
average response time [109]396.3256
TOTAL AVERAGE RESPONSE TIME ====================: 404.18891444624825
NUMBER OF THREADS ==============================: 37
TOTAL AVERAGE RATE (RPS) =====================================: 36.8
average response time [110]487.813
average response time [111]409.7655
average response time [112]398.52092857142856
average response time [113]516.77125
average response time [114]448.9479285714286
average response time [115]586.9482
average response time [116]439.301625
average response time [117]398.94184615384614
average response time [118]371.2527647058823
average response time [119]399.701875
TOTAL AVERAGE RESPONSE TIME ====================: 445.79649180025854
NUMBER OF THREADS ==============================: 38
TOTAL AVERAGE RATE (RPS) =====================================: 37.6
average response time [120]943.4943846153847
average response time [121]457.1139230769231
average response time [122]705.190125
average response time [123]383.24031818181817
average response time [124]446.476
average response time [125]401.4576
average response time [126]424.1743333333333
average response time [127]412.2940952380952
average response time [128]571.3651
average response time [129]947.3033333333334
TOTAL AVERAGE RESPONSE TIME ====================: 569.2109212778888
NUMBER OF THREADS ==============================: 39
TOTAL AVERAGE RATE (RPS) =====================================: 35.9
average response time [130]837.171875
average response time [131]965.2991
average response time [132]1007.5524
average response time [133]850.6823243243243
average response time [134]782.2215454545454
average response time [135]1070.3739677419355
average response time [136]829.243052631579
average response time [137]694.2405806451613
average response time [138]1238.170105263158
average response time [139]963.6818000000001
TOTAL AVERAGE RESPONSE TIME ====================: 923.8636751060703
NUMBER OF THREADS ==============================: 40
TOTAL AVERAGE RATE (RPS) =====================================: 25.6
average response time [140]690.0611621621622
average response time [141]712.6290882352941
average response time [142]717.1045882352942
average response time [143]664.1338181818181
average response time [144]783.6104137931035
average response time [145]612.90403125
average response time [146]486.985
average response time [147]615.3271578947368
average response time [148]784.5899705882352
average response time [149]747.71871875
TOTAL AVERAGE RESPONSE TIME ====================: 681.5063949090645
NUMBER OF THREADS ==============================: 45
TOTAL AVERAGE RATE (RPS) =====================================: 37.9
average response time [150]959.0773409090909
average response time [151]1165.58656
average response time [152]935.15034
average response time [153]1013.68128
average response time [154]927.89832
average response time [155]881.01684
average response time [156]824.3081
average response time [157]1182.96832
average response time [158]953.83194
average response time [159]954.60664
TOTAL AVERAGE RESPONSE TIME ====================: 979.8125680909092
NUMBER OF THREADS ==============================: 50
TOTAL AVERAGE RATE (RPS) =====================================: 27.4
average response time [160]812.5803818181819
average response time [161]1037.1767636363636
average response time [162]1022.0987818181818
average response time [163]1372.3851818181818
average response time [164]944.0588545454546
average response time [165]905.4316909090909
average response time [166]894.1234727272728
average response time [167]856.4481272727272
average response time [168]923.1032181818182
average response time [169]889.6870545454545
TOTAL AVERAGE RESPONSE TIME ====================: 965.709352727273
NUMBER OF THREADS ==============================: 55
TOTAL AVERAGE RATE (RPS) =====================================: 30.1
average response time [170]906.2102333333333
average response time [171]922.5305666666667
average response time [172]890.3475666666667
average response time [173]935.0537333333333
average response time [174]1065.7503333333334
average response time [175]1079.2072
average response time [176]849.6572
average response time [177]922.0048333333333
average response time [178]1089.4752
average response time [179]838.7406333333333
TOTAL AVERAGE RESPONSE TIME ====================: 949.8977499999999
NUMBER OF THREADS ==============================: 60
TOTAL AVERAGE RATE (RPS) =====================================: 32.7
average response time [180]846.1537076923076
average response time [181]1149.9028923076924
average response time [182]899.1729384615385
average response time [183]846.0171230769231
average response time [184]869.6135538461539
average response time [185]1133.4249538461538
average response time [186]1373.291723076923
average response time [187]1204.462446153846
average response time [188]760.0272769230769
average response time [189]872.2749230769231
TOTAL AVERAGE RESPONSE TIME ====================: 995.4341538461537
NUMBER OF THREADS ==============================: 65
TOTAL AVERAGE RATE (RPS) =====================================: 35.2
average response time sent to Stackdriver [0]617.4960000000001
average response time sent to Stackdriver [1]518.84225
average response time sent to Stackdriver [2]724.3279375
average response time sent to Stackdriver [3]978.3393125
average response time sent to Stackdriver [4]533.6414
average response time sent to Stackdriver [5]531.26825
average response time sent to Stackdriver [6]536.9505333333333
average response time sent to Stackdriver [7]887.8477428571429
average response time sent to Stackdriver [8]1018.3031428571429
average response time sent to Stackdriver [9]741.2802608695653
average response time sent to Stackdriver [10]440.2220625
average response time sent to Stackdriver [11]448.9479285714286
average response time sent to Stackdriver [12]383.24031818181817
average response time sent to Stackdriver [13]947.3033333333334
average response time sent to Stackdriver [14]850.6823243243243
average response time sent to Stackdriver [15]694.2405806451613
average response time sent to Stackdriver [16]717.1045882352942
average response time sent to Stackdriver [17]486.985
average response time sent to Stackdriver [18]1165.58656
average response time sent to Stackdriver [19]881.01684
average response time sent to Stackdriver [20]954.60664
average response time sent to Stackdriver [21]1372.3851818181818
average response time sent to Stackdriver [22]856.4481272727272
average response time sent to Stackdriver [23]890.3475666666667
average response time sent to Stackdriver [24]849.6572
average response time sent to Stackdriver [25]838.7406333333333
average response time sent to Stackdriver [26]846.0171230769231
average response time sent to Stackdriver [27]1204.462446153846
NUMBER OF THREADS: [1, 2, 4, 8, 16, 32, 33, 34, 35, 36, 37, 38, 39, 40, 45, 50, 55, 60, 65]
WORKLOAD: HFU_LV;  
DATA COLLECTOR SETTING: CACHE;  
TOTAL EXECUTION TIME (Concurrent Parallel Requests): 297621.613
NUMBER OF REPLICAS: 8

