[[404.802]] 
RATE (RPS) =====================================: 1

[[354.543]] 
RATE (RPS) =====================================: 1

[[348.719]] 
RATE (RPS) =====================================: 1

[[356.899]] 
RATE (RPS) =====================================: 1

[[356.269]] 
RATE (RPS) =====================================: 1

[[355.81]] 
RATE (RPS) =====================================: 1

[[347.124]] 
RATE (RPS) =====================================: 1

[[353.555]] 
RATE (RPS) =====================================: 1

[[360.482]] 
RATE (RPS) =====================================: 1

[[347.144]] 
RATE (RPS) =====================================: 1

[[358.429, 351.955]] 
RATE (RPS) =====================================: 2

[[341.264, 339.813]] 
RATE (RPS) =====================================: 2

[[351.465, 346.48]] 
RATE (RPS) =====================================: 2

[[354.356, 335.677]] 
RATE (RPS) =====================================: 2

[[363.019, 349.038]] 
RATE (RPS) =====================================: 2

[[346.015, 340.707]] 
RATE (RPS) =====================================: 2

[[354.795, 346.723]] 
RATE (RPS) =====================================: 2

[[374.983, 343.98]] 
RATE (RPS) =====================================: 2

[[351.676, 345.358]] 
RATE (RPS) =====================================: 2

[[338.791, 340.204]] 
RATE (RPS) =====================================: 2

[[386.328, 353.004, 368.942, 364.967]] 
RATE (RPS) =====================================: 4

[[399.309, 364.423, 379.798, 381.951]] 
RATE (RPS) =====================================: 4

[[388.686, 352.896, 359.731, 343.857]] 
RATE (RPS) =====================================: 4

[[374.179, 357.811, 380.675, 364.434]] 
RATE (RPS) =====================================: 4

[[354.602, 349.185, 368.129, 345.493]] 
RATE (RPS) =====================================: 4

[[355.671, 361.253, 377.922, 378.649]] 
RATE (RPS) =====================================: 4

[[343.403, 363.021, 355.684, 355.276]] 
RATE (RPS) =====================================: 4

[[349.119, 371.725, 354.413, 355.392]] 
RATE (RPS) =====================================: 4

[[384.772, 389.674, 379.332, 382.463]] 
RATE (RPS) =====================================: 4

[[335.625, 363.759, 340.884, 347.554]] 
RATE (RPS) =====================================: 4

[[348.488, 374.749, 352.643, 365.266, 360.847, 345.961, 340.637, 345.26]] 
RATE (RPS) =====================================: 8

[[340.449, 345.549, 336.989, 344.318, 349.127, 344.204, 344.307, 347.698]] 
RATE (RPS) =====================================: 8

[[339.31, 339.808, 404.822, 353.424, 373.048, 367.272, 344.207, 358.544]] 
RATE (RPS) =====================================: 8

[[347.072, 370.825, 349.515, 359.908, 337.009, 359.492, 354.079, 345.367]] 
RATE (RPS) =====================================: 8

[[361.097, 387.562, 353.888, 371.38, 365.644, 366.839, 357.263, 358.235]] 
RATE (RPS) =====================================: 8

[[344.546, 347.72, 345.616, 381.718, 346.692, 356.435, 349.532, 345.069]] 
RATE (RPS) =====================================: 8

[[373.264, 344.08, 353.226, 362.676, 365.127, 348.338, 342.814, 346.204]] 
RATE (RPS) =====================================: 8

[[346.819, 345.496, 342.114, 341.352, 361.753, 347.745, 342.191, 341.524]] 
RATE (RPS) =====================================: 8

[[356.367, 348.611, 338.886, 342.929, 341.514, 340.743, 357.179, 363.753]] 
RATE (RPS) =====================================: 8

[[339.653, 342.918, 343.021, 373.994, 344.55, 361.061, 362.158, 365.776]] 
RATE (RPS) =====================================: 8

[[344.621, 382.989, 357.164, 348.116, 351.416, 333.292, 360.695, 347.553, 339.414, 342.289, 341.724, 343.213, 343.825, 340.291, 339.298, 342.857]] 
RATE (RPS) =====================================: 16

[[347.91, 348.303, 345.671, 345.435, 344.149, 365.52, 371.693, 357.642, 354.533, 353.266, 358.374, 352.212, 350.829, 343.693, 362.573, 346.633]] 
RATE (RPS) =====================================: 16

[[348.149, 372.454, 374.759, 357.766, 345.816, 345.636, 339.908, 346.844, 343.043, 342.22, 343.506, 343.594, 348.383, 348.658, 347.091, 349.483]] 
RATE (RPS) =====================================: 16

[[349.915, 359.865, 338.154, 342.889, 341.929, 351.144, 350.775, 382.004, 354.857, 360.993, 370.463, 363.154, 370.117, 380.72, 370.173, 370.94]] 
RATE (RPS) =====================================: 16

[[346.706, 400.036, 353.057, 347.502, 349.381, 352.83, 350.074, 356.401, 347.745, 345.797, 347.398, 353.908, 349.045, 343.116, 338.995, 344.694]] 
RATE (RPS) =====================================: 16

[[346.345, 364.53, 340.756, 368.725, 373.069, 405.498, 367.967, 363.873, 371.11, 347.704, 388.916, 355.001, 378.5, 356.512, 371.263, 350.862]] 
RATE (RPS) =====================================: 16

[[337.991, 366.736, 336.532, 353.199, 354.312, 350.486, 348.422, 358.007, 358.243, 354.109, 361.277, 344.316, 347.419, 353.963, 346.157, 349.328]] 
RATE (RPS) =====================================: 16

[[352.342, 353.137, 382.917, 352.718, 353.331, 360.631, 371.265, 347.079, 349.928, 344.84, 349.508, 376.608, 363.121, 343.738, 355.464, 344.727]] 
RATE (RPS) =====================================: 16

[[376.326, 357.497, 358.321, 350.452, 355.18, 357.525, 353.556, 361.162, 346.799, 356.377, 354.533, 351.545, 354.357, 357.909, 354.304, 353.131]] 
RATE (RPS) =====================================: 16

[[352.087, 343.679, 346.598, 371.106, 349.1, 353.283, 342.125, 340.642, 354.066, 350.905, 348.827, 371.255, 383.973, 369.396, 377.118, 345.449]] 
RATE (RPS) =====================================: 16

[[365.941, 370.942, 400.291, 390.254, 389.325, 375.675, 373.278, 357.02, 363.365, 402.98, 393.181, 387.021, 376.464, 451.475, 429.615, 413.262, 429.776, 407.587, 413.686, 410.097, 420.822, 403.687, 400.89, 382.245, 383.098, 359.536, 370.413, 379.754, 356.873, 364.097, 370.835, 362.737]] 
RATE (RPS) =====================================: 32

[[383.902, 348.564, 351.443, 362.926, 363.752, 363.975, 364.045, 366.675, 366.457, 367.45, 364.385, 364.02, 369.872, 366.905, 366.621, 367.556, 364.93, 369.256, 370.118, 371.001, 367.575, 358.296, 376.198, 363.459, 354.738, 379.561, 382.755, 356.57, 346.14, 354.806, 348.826, 349.553]] 
RATE (RPS) =====================================: 32

[[365.147, 357.812, 349.673, 341.803, 342.911, 345.438, 346.843, 349.867, 349.449, 345.862, 346.277, 344.418, 344.236, 342.305, 344.772, 341.496, 344.952, 343.527, 339.647, 337.504, 345.963, 352.406, 336.152, 338.741, 340.207, 344.924, 343.99, 348.433, 346.947, 347.356, 347.442, 346.159]] 
RATE (RPS) =====================================: 32

[[386.076, 375.191, 364.917, 359.005, 348.509, 349.812, 344.952, 343.332, 346.977, 352.533, 353.976, 354.305, 353.194, 350.641, 342.7, 358.277, 341.687, 337.932, 341.446, 338.184, 352.133, 340.675, 349.672, 381.795, 371.332, 378.7, 341.611, 358.296, 354.62, 347.898, 360.334, 339.249]] 
RATE (RPS) =====================================: 32

[[358.508, 363.695, 368.519, 352.431, 358.619, 367.664, 376.082, 358.399, 353.372, 337.256, 350.474, 345.925, 344.462, 346.975, 353.491, 347.979, 349.699, 340.686, 346.931, 347.519, 349.272, 353.021, 344.319, 346.518, 350.568, 348.767, 350.795, 349.423, 346.576, 344.625, 375.57, 351.015]] 
RATE (RPS) =====================================: 32

[[349.928, 358.583, 354.689, 374.38, 347.088, 359.104, 344.888, 346.291, 349.705, 355.177, 353.393, 358.326, 351.772, 349.74, 346.181, 366.129, 369.453, 362.711, 344.77, 359.988, 351.467, 363.585, 362.397, 366.151, 359.362, 354.446, 351.981, 349.926, 355.046, 378.788, 361.436, 358.878]] 
RATE (RPS) =====================================: 32

[[359.383, 363.33, 380.921, 344.811, 346.352, 348.162, 339.043, 340.796, 359.054, 352.242, 349.51, 344.042, 360.47, 351.324, 352.235, 366.469, 353.207, 340.344, 350.709, 348.813, 338.579, 353.431, 370.349, 364.373, 355.831, 342.799, 347.288, 354.319, 355.911, 354.012, 361.111, 346.932]] 
RATE (RPS) =====================================: 32

[[366.184, 346.445, 351.84, 355.551, 355.241, 351.285, 373.83, 357.395, 356.302, 356.25, 374.911, 370.314, 359.277, 363.343, 348.001, 349.634, 356.278, 366.226, 349.322, 358.967, 351.72, 398.897, 356.86, 348.363, 368.585, 354.283, 343.709, 355.934, 359.935, 352.585, 353.73, 355.901]] 
RATE (RPS) =====================================: 32

[[340.064, 359.865, 362.474, 376.384, 347.087, 344.696, 343.292, 346.133, 343.818, 348.122, 348.67, 344.576, 345.444, 345.094, 345.813, 343.868, 351.59, 340.37, 352.053, 343.136, 346.885, 339.756, 351.426, 343.223, 353.638, 353.772, 345.638, 344.262, 347.804, 351.664, 341.487, 340.05]] 
RATE (RPS) =====================================: 32

[[353.866, 352.961, 381.037, 350.269, 403.643, 393.683, 367.425, 383.023, 366.522, 380.691, 371.172, 355.259, 354.317, 366.8, 381.019, 365.141, 355.729, 357.039, 341.409, 345.083, 351.445, 346.901, 340.888, 341.652, 340.318, 342.127, 339.629, 341.803, 340.149, 338.5, 344.041, 345.886]] 
RATE (RPS) =====================================: 32

[[375.872, 389.301, 384.52, 393.413, 373.293, 367.887, 375.225, 376.639, 371.001, 362.235, 349.98, 357.666, 371.769, 371.108, 357.0, 577.21, 351.568, 347.192, 358.281, 470.867, 346.817, 411.703, 420.228, 389.769, 405.696, 445.125, 440.014, 423.421, 413.474, 425.218, 429.397, 393.454, 395.441, 394.04, 386.768, 386.928, 367.233, 380.023, 419.116, 393.628, 364.588, 368.127, 368.396, 343.529, 354.94, 371.453, 350.407, 356.05, 355.862, 353.727, 360.698, 351.572, 349.085, 351.814, 349.019, 352.604, 345.321, 376.702, 436.411, 385.461, 381.294, 369.647, 367.542, 348.177]] 
RATE (RPS) =====================================: 64

[[365.376, 372.296, 358.062, 376.763, 357.108, 365.669, 365.52, 356.913, 355.158, 363.874, 370.894, 364.725, 358.882, 364.025, 355.495, 358.307, 366.504, 365.241, 362.966, 360.853, 358.102, 358.443, 367.633, 370.291, 365.929, 373.41, 360.193, 366.306, 364.901, 362.558, 377.225, 371.17, 366.985, 368.994, 360.685, 364.504, 373.288, 368.086, 367.47, 371.181, 358.151, 363.978, 361.315, 373.822, 367.865, 377.492, 364.682, 373.749, 351.762, 356.985, 360.223, 359.147, 353.155, 362.727, 356.59, 360.323, 345.786, 349.207, 367.684, 388.004, 372.908, 382.067, 341.792, 366.06]] 
RATE (RPS) =====================================: 64

[[358.484, 363.654, 358.124, 361.171, 386.981, 371.805, 362.91, 379.843, 360.523, 367.646, 372.196, 371.99, 367.645, 355.719, 363.601, 357.964, 386.104, 356.357, 363.763, 357.016, 370.506, 366.867, 372.667, 374.909, 357.878, 394.756, 392.025, 360.203, 362.247, 396.396, 364.847, 360.18, 393.386, 346.457, 350.462, 375.565, 368.211, 374.487, 369.05, 358.776, 354.138, 408.084, 407.586, 363.287, 363.071, 375.483, 376.078, 365.877, 368.528, 356.622, 360.396, 351.939, 360.371, 355.264, 361.348, 342.293, 346.982, 360.447, 359.82, 361.85, 386.286, 386.361, 391.961, 355.892]] 
RATE (RPS) =====================================: 64

[[351.278, 353.431, 350.322, 352.133, 364.529, 370.439, 364.352, 365.234, 358.435, 373.828, 369.567, 369.637, 364.733, 376.917, 359.526, 357.699, 366.055, 360.597, 367.263, 381.713, 387.352, 355.341, 390.04, 369.592, 376.495, 377.287, 372.617, 363.266, 376.888, 360.188, 378.019, 372.112, 368.925, 375.076, 356.289, 382.967, 374.03, 380.002, 380.737, 357.377, 356.789, 378.227, 382.526, 369.839, 381.229, 364.971, 364.437, 358.753, 356.925, 358.21, 346.642, 360.216, 376.682, 366.006, 359.967, 363.174, 360.38, 354.889, 376.674, 368.204, 361.578, 360.294, 364.213, 371.066]] 
RATE (RPS) =====================================: 64

[[396.915, 385.508, 373.145, 391.702, 380.554, 379.349, 398.038, 395.553, 395.173, 381.352, 382.403, 392.626, 384.498, 381.953, 383.641, 402.281, 407.463, 384.115, 399.005, 377.762, 384.188, 385.17, 380.63, 384.505, 379.317, 378.555, 384.73, 386.615, 404.027, 366.628, 374.639, 367.215, 386.897, 387.53, 378.651, 353.027, 356.503, 368.269, 364.338, 362.928, 359.608, 357.212, 359.359, 360.46, 374.104, 367.721, 348.697, 366.712, 353.502, 343.874, 348.285, 372.891, 365.275, 444.257, 441.37, 437.585, 439.914, 436.408, 424.428, 416.94, 404.454, 400.128, 391.246, 383.19]] 
RATE (RPS) =====================================: 64

[[354.983, 411.164, 401.252, 369.872, 387.055, 377.927, 363.747, 365.511, 379.466, 369.561, 374.511, 368.03, 385.806, 392.661, 381.774, 383.116, 373.214, 364.399, 375.745, 372.341, 364.335, 372.145, 366.703, 372.339, 399.205, 396.217, 385.45, 378.749, 361.732, 387.84, 397.316, 376.791, 383.547, 387.126, 388.233, 395.632, 383.378, 388.465, 383.109, 383.328, 390.33, 384.206, 382.38, 382.433, 388.935, 386.743, 382.659, 393.484, 390.723, 399.432, 394.31, 389.262, 382.978, 439.328, 393.542, 391.012, 373.496, 384.062, 370.736, 398.231, 386.046, 376.55, 407.262, 393.696]] 
RATE (RPS) =====================================: 64

[[384.816, 396.269, 387.669, 398.837, 1343.659, 383.887, 396.344, 403.688, 386.897, 398.336, 382.611, 382.48, 389.52, 383.202, 391.818, 391.275, 407.044, 393.585, 396.268, 389.203, 390.965, 387.121, 390.71, 383.622, 391.48, 377.053, 382.614, 383.514, 389.462, 375.858, 378.654, 380.698, 381.584, 381.168, 387.862, 381.871, 376.944, 379.926, 372.124, 1362.439, 366.566, 375.996, 370.515, 372.947, 369.269, 371.265, 357.663, 371.412, 363.004, 362.751, 358.946, 366.364, 382.479, 359.814, 360.536, 364.981, 360.912, 378.546, 368.379, 367.723, 371.178, 366.008, 362.458, 362.463]] 
RATE (RPS) =====================================: 62

[[364.945, 364.496, 380.268, 373.143, 368.603, 380.463, 353.78, 368.482, 360.662, 365.912, 348.367, 363.713, 353.812, 378.208, 366.6, 353.792, 399.162, 363.564, 382.893, 381.222, 377.651, 380.429, 387.672, 378.447, 398.734, 386.305, 366.703, 361.005, 375.083, 364.85, 356.83, 361.008, 356.181, 349.344, 358.247, 354.242, 341.597, 339.554, 373.327, 369.916, 359.775, 366.119, 418.354, 411.253, 366.004, 367.079, 361.406, 363.247, 371.147, 361.61, 347.773, 351.491, 360.175, 349.998, 377.606, 366.564, 357.99, 373.674, 354.709, 345.56, 340.236, 336.395, 349.939, 343.571]] 
RATE (RPS) =====================================: 64

[[360.236, 352.758, 350.885, 354.586, 355.16, 351.064, 384.261, 358.89, 351.321, 365.073, 356.207, 356.278, 389.594, 371.084, 367.928, 372.048, 368.117, 376.894, 364.446, 361.986, 367.265, 363.294, 369.719, 363.126, 356.909, 362.038, 360.788, 360.773, 361.727, 360.046, 356.722, 359.125, 358.451, 355.26, 362.93, 360.295, 357.473, 353.602, 353.39, 352.279, 351.662, 368.504, 364.054, 370.122, 387.288, 367.97, 365.346, 365.608, 363.181, 362.982, 362.39, 394.487, 381.506, 357.297, 372.895, 368.092, 365.708, 366.75, 362.363, 361.327, 360.862, 364.902, 345.384, 381.694]] 
RATE (RPS) =====================================: 64

[[345.395, 349.363, 348.759, 345.923, 359.841, 361.535, 350.706, 368.738, 350.929, 378.744, 372.85, 360.598, 356.082, 349.511, 357.043, 354.754, 370.224, 376.032, 361.814, 359.055, 353.359, 354.937, 363.48, 350.485, 356.462, 364.875, 372.078, 380.284, 369.76, 371.615, 383.068, 386.673, 373.281, 377.95, 386.167, 377.528, 370.472, 371.468, 375.375, 362.721, 353.592, 377.58, 357.124, 351.32, 864.772, 873.02, 859.031, 865.317, 872.907, 858.343, 864.579, 869.933, 865.998, 876.748, 859.784, 847.334, 847.672, 831.295, 824.339, 813.527, 797.041, 793.713, 795.474, 783.243]] 
RATE (RPS) =====================================: 64

[[355.102, 386.231, 871.527, 374.399, 850.771, 853.403, 852.025, 858.076, 820.928, 826.556, 805.111, 810.676, 823.375, 808.747, 815.745, 816.667, 813.651, 796.501, 800.132, 1379.814, 780.492, 777.463, 779.599, 767.767, 777.91, 771.811, 792.568, 772.084, 773.971, 767.125, 771.844, 785.782, 768.94, 761.077, 759.764, 755.959, 752.467, 750.054, 750.438, 761.679, 749.706, 752.17, 751.77, 749.431, 753.94, 752.608, 759.784, 744.295, 731.337, 712.668, 865.723, 866.478, 862.286, 863.532, 861.745, 862.835, 862.23, 860.936, 862.176, 861.546, 846.76, 850.535, 865.081, 859.91, 839.148]] 
RATE (RPS) =====================================: 64

[[364.065, 355.615, 373.106, 364.533, 374.171, 364.028, 357.844, 362.078, 349.209, 349.68, 347.564, 342.583, 345.701, 344.551, 352.858, 363.136, 347.435, 349.524, 363.673, 349.031, 389.938, 375.073, 407.215, 351.9, 392.191, 420.129, 408.433, 391.138, 404.033, 403.408, 404.382, 409.525, 410.306, 402.101, 413.613, 398.283, 403.367, 405.877, 389.878, 394.449, 399.681, 399.176, 395.397, 404.003, 383.232, 414.955, 387.543, 375.721, 386.42, 403.655, 353.131, 355.922, 348.64, 346.868, 355.019, 341.271, 340.412, 354.801, 343.531, 354.297, 336.766, 373.521, 370.936, 340.894, 340.18]] 
RATE (RPS) =====================================: 65

[[344.872, 376.344, 372.663, 379.044, 364.492, 373.397, 376.591, 393.628, 399.287, 371.97, 360.02, 357.508, 375.497, 362.923, 358.267, 378.323, 364.756, 360.796, 363.687, 359.359, 361.42, 364.629, 361.951, 353.2, 367.884, 364.275, 360.53, 367.053, 386.005, 398.029, 384.117, 383.498, 364.277, 376.272, 368.735, 385.768, 372.407, 365.249, 362.618, 365.348, 392.057, 371.044, 386.875, 387.008, 391.847, 394.093, 373.596, 387.447, 392.188, 393.694, 390.906, 412.642, 423.506, 431.683, 396.288, 380.062, 384.482, 387.633, 375.8, 380.923, 435.548, 413.163, 435.569, 348.081, 369.401]] 
RATE (RPS) =====================================: 65

[[348.819, 351.506, 357.18, 354.607, 347.017, 351.421, 357.64, 351.751, 350.613, 366.886, 351.392, 344.515, 348.553, 353.468, 345.514, 349.082, 350.742, 357.884, 373.415, 364.797, 388.601, 383.557, 382.383, 371.298, 366.224, 369.583, 367.741, 361.842, 354.003, 348.905, 345.994, 354.366, 350.284, 354.583, 341.556, 354.173, 355.289, 364.046, 355.436, 348.97, 392.047, 388.384, 382.39, 374.963, 383.174, 362.162, 434.322, 433.823, 415.763, 411.117, 360.755, 362.128, 369.082, 348.099, 354.298, 343.05, 345.335, 340.371, 361.056, 339.586, 343.283, 395.896, 400.463, 395.99, 388.394]] 
RATE (RPS) =====================================: 65

[[343.03, 401.882, 341.331, 351.171, 374.444, 363.625, 351.188, 353.801, 349.58, 345.691, 346.45, 367.148, 361.081, 380.414, 385.224, 357.614, 351.625, 390.204, 384.11, 359.651, 357.918, 369.698, 390.027, 349.814, 381.57, 369.208, 360.1, 385.462, 400.017, 379.842, 379.728, 389.925, 383.069, 375.722, 368.386, 402.564, 397.362, 390.929, 383.937, 378.745, 362.617, 412.169, 365.596, 371.451, 439.549, 354.344, 398.549, 376.316, 362.369, 371.461, 389.213, 351.844, 348.886, 354.606, 370.294, 363.856, 361.148, 376.437, 356.332, 371.376, 381.142, 385.924, 369.129, 353.987, 361.993]] 
RATE (RPS) =====================================: 65

[[349.977, 357.0, 348.672, 360.044, 361.106, 372.603, 371.791, 359.897, 368.611, 371.502, 364.315, 369.183, 362.553, 360.439, 352.983, 368.694, 359.224, 360.964, 357.799, 351.837, 356.133, 364.66, 356.858, 354.809, 352.347, 372.928, 373.551, 358.108, 354.071, 346.092, 361.597, 382.079, 379.14, 382.713, 374.762, 361.045, 363.33, 355.85, 354.222, 351.424, 392.927, 359.812, 347.194, 390.308, 366.688, 353.106, 354.002, 400.306, 388.129, 355.899, 364.798, 366.905, 359.905, 349.888, 366.521, 384.695, 362.125, 361.876, 364.422, 345.645, 381.332, 363.409, 342.94, 347.169, 342.048]] 
RATE (RPS) =====================================: 65

[[409.854, 345.878, 360.688, 355.835, 359.654, 366.027, 373.435, 381.155, 364.006, 382.91, 378.549, 422.725, 374.003, 366.548, 362.825, 370.876, 370.507, 368.533, 360.989, 360.056, 355.987, 355.139, 368.98, 353.382, 387.478, 368.904, 357.241, 361.642, 376.385, 372.172, 379.431, 409.846, 398.378, 395.889, 395.143, 392.926, 402.718, 381.191, 386.928, 367.998, 368.288, 381.766, 366.269, 370.9, 370.956, 371.053, 366.859, 365.154, 358.257, 362.22, 365.62, 358.748, 357.371, 368.629, 395.831, 411.037, 383.154, 389.302, 374.727, 355.785, 345.767, 346.809, 360.264, 342.994, 367.947]] 
RATE (RPS) =====================================: 65

[[432.808, 368.168, 354.565, 346.864, 361.071, 363.545, 395.786, 408.831, 408.647, 371.34, 4430.276, 369.359, 409.817, 396.476, 379.222, 394.596, 373.116, 377.864, 370.399, 378.536, 382.484, 371.715, 363.234, 359.986, 395.083, 366.771, 379.971, 371.615, 370.794, 382.611, 392.14, 382.692, 365.812, 421.431, 381.306, 379.04, 375.243, 433.083, 423.352, 381.742, 358.646, 357.923, 371.289, 373.997, 369.797, 352.982, 355.724, 361.307, 356.871, 380.25, 371.484, 381.814, 358.207, 375.707, 385.545, 351.8, 352.101, 351.761, 357.197, 339.822, 355.03, 339.273, 355.816, 353.526, 347.188]] 
RATE (RPS) =====================================: 64

[[481.655, 468.631, 457.549, 460.865, 447.432, 537.754, 532.779, 471.189, 448.867, 484.09, 417.772, 448.777, 422.487, 420.173, 443.699, 422.439, 394.207, 383.72, 408.301, 1343.452, 1340.287, 1364.484, 1377.0430000000001, 1360.02, 1361.8519999999999, 1360.533, 1370.716, 1362.384, 1338.333, 422.251, 401.594, 387.321, 372.198, 379.578, 393.38, 389.721, 521.881, 512.683, 458.444, 471.555, 451.254, 449.344, 451.302, 468.459, 469.765, 459.48, 449.058, 418.138, 396.869, 366.468, 388.862, 362.393, 362.528, 360.343, 345.499, 340.92, 359.89, 346.171, 371.133, 356.203, 344.722, 344.961, 348.889, 370.844, 355.874]] 
RATE (RPS) =====================================: 55

[[363.341, 339.581, 356.718, 349.219, 357.298, 350.583, 385.192, 354.558, 366.336, 376.78, 347.143, 364.791, 348.044, 344.398, 343.285, 344.722, 342.895, 360.044, 347.132, 342.895, 339.788, 348.796, 347.553, 362.464, 355.599, 360.755, 419.61, 356.989, 348.046, 391.127, 394.746, 377.552, 379.526, 362.373, 372.87, 364.164, 361.632, 366.212, 356.192, 352.082, 371.706, 363.65, 355.217, 354.346, 357.703, 490.473, 358.157, 403.572, 432.19, 433.287, 388.704, 375.48, 370.732, 377.12, 361.493, 366.611, 354.54, 351.497, 1112.021, 353.625, 349.982, 368.417, 369.53, 405.303, 386.955]] 
RATE (RPS) =====================================: 64

[[388.395, 419.71, 371.752, 398.961, 395.5, 386.891, 382.411, 375.747, 365.381, 382.156, 369.346, 368.494, 412.948, 413.733, 363.329, 390.708, 378.909, 378.859, 378.868, 369.778, 426.417, 409.806, 397.53, 390.805, 401.973, 404.344, 398.403, 388.479, 416.413, 406.55, 397.63, 398.334, 424.514, 419.634, 406.641, 415.912, 423.767, 418.814, 457.225, 406.014, 407.505, 395.744, 404.596, 396.609, 398.681, 403.656, 379.105, 384.174, 379.323, 440.217, 367.696, 387.004, 385.058, 400.257, 389.614, 423.715, 379.376, 387.959, 359.758, 372.698, 352.965, 376.499, 352.607, 403.753, 388.285, 368.999]] 
RATE (RPS) =====================================: 66

[[399.169, 477.501, 417.005, 421.743, 485.254, 502.807, 536.797, 559.224, 587.059, 603.916, 621.374, 641.829, 671.745, 702.62, 719.525, 740.931, 766.66, 780.391, 803.037, 821.189, 843.949, 868.775, 891.476, 917.267, 964.915, 986.009, 1005.35, 1047.437, 1090.159, 1110.213, 1133.666, 1166.238, 1178.194, 1195.624, 1220.238, 1237.631, 1283.2069999999999, 1317.6, 1368.49, 1389.312, 1407.926, 1428.859, 1452.715, 1479.446, 1497.753, 1514.25, 1569.0810000000001, 1533.33, 1585.393, 1600.8490000000002, 1623.3310000000001, 1676.845, 1692.338, 1717.9279999999999, 1620.692, 1716.521, 1732.1, 1753.083, 1991.96, 1741.127, 1773.556, 1774.175, 1822.154, 1789.95, 1830.0810000000001, 1851.507]] 
RATE (RPS) =====================================: 26

[[380.826, 464.943, 407.185, 414.259, 520.227, 480.093, 539.53, 555.551, 580.361, 601.747, 623.686, 661.223, 692.094, 719.347, 741.234, 770.517, 784.159, 813.947, 842.205, 893.583, 852.765, 927.617, 1022.151, 1097.485, 1221.059, 1243.559, 1161.917, 1251.982, 1398.4769999999999, 1279.222, 1330.982, 1296.6779999999999, 1339.202, 1377.09, 1411.438, 1421.525, 1526.267, 1478.846, 1432.71, 1554.6860000000001, 1521.609, 1558.701, 1606.0700000000002, 1559.45, 1601.809, 1618.681, 1690.9070000000002, 1621.778, 1709.2440000000001, 1728.704, 1751.298, 1788.3, 1741.509, 1795.522, 1818.183, 1850.8490000000002, 1870.8319999999999, 1891.306, 1911.037, 1937.004, 1953.953, 1971.692, 1993.75, 2015.49, 2034.75, 2053.082]] 
RATE (RPS) =====================================: 22

[[815.939, 519.422, 437.62, 600.775, 647.874, 674.859, 718.813, 777.901, 880.27, 817.162, 918.681, 963.425, 1008.022, 1055.935, 1090.413, 1149.525, 1281.347, 1181.338, 1326.04, 1373.122, 1420.454, 1471.6019999999999, 1520.3780000000002, 1565.527, 1614.0230000000001, 1721.453, 1870.2179999999998, 1639.929, 1744.9969999999998, 1789.37, 1859.0720000000001, 1856.182, 1850.087, 1843.9270000000001, 1841.801, 1848.357, 1834.894, 1837.008, 1841.499, 1821.6689999999999, 1827.609, 1812.165, 1803.1860000000001, 1792.021, 1800.267, 1790.576, 1790.4470000000001, 1783.962, 1771.679, 1774.3220000000001, 1764.6979999999999, 1783.863, 1748.103, 1749.6280000000002, 1734.132, 1732.226, 1716.406, 1726.471, 1719.202, 1710.5259999999998, 1706.0990000000002, 1690.845, 1682.7269999999999, 1676.4450000000002, 1668.923, 1656.0259999999998]] 
RATE (RPS) =====================================: 12

[[369.915, 369.54, 373.939, 370.328, 363.982, 382.577, 357.292, 358.986, 364.182, 341.825, 355.063, 355.098, 349.311, 367.737, 357.56, 347.081, 343.294, 375.31, 370.605, 360.529, 372.433, 384.385, 370.399, 371.369, 369.147, 382.417, 375.23, 363.735, 357.133, 379.782, 376.287, 357.884, 366.578, 387.79, 382.327, 369.784, 434.277, 400.233, 404.601, 411.746, 373.477, 381.088, 366.558, 345.463, 376.556, 340.422, 356.129, 373.37, 346.679, 369.922, 360.059, 366.564, 356.353, 394.329, 371.982, 374.179, 361.571, 342.204, 338.954, 375.864, 453.034, 345.864, 394.455, 377.763, 380.404, 364.349]] 
RATE (RPS) =====================================: 66

[[359.932, 363.056, 351.648, 349.498, 352.851, 370.61, 366.744, 425.883, 376.838, 368.047, 373.452, 403.839, 369.083, 384.896, 369.771, 380.883, 356.937, 384.258, 350.175, 381.777, 354.005, 358.033, 359.433, 354.519, 355.158, 363.112, 361.383, 347.873, 422.222, 409.072, 421.212, 412.946, 413.682, 401.74, 385.661, 392.71, 383.409, 381.045, 381.71, 374.389, 375.29, 376.786, 369.154, 400.147, 374.018, 361.334, 355.185, 361.539, 355.774, 356.322, 352.827, 348.266, 383.035, 388.554, 368.533, 386.449, 363.351, 340.864, 341.978, 346.622, 348.65, 343.75, 343.592, 358.698, 367.141, 344.27]] 
RATE (RPS) =====================================: 66

[[380.453, 395.038, 358.558, 372.948, 371.319, 392.407, 347.103, 356.629, 351.347, 377.012, 372.28, 357.242, 359.601, 367.198, 360.598, 388.296, 379.405, 376.627, 409.588, 393.566, 378.833, 378.598, 364.821, 408.517, 399.782, 385.887, 374.227, 374.282, 377.283, 388.851, 382.367, 356.055, 381.847, 390.385, 373.301, 366.383, 375.497, 378.217, 376.884, 442.038, 422.97, 441.968, 370.646, 377.665, 405.771, 371.605, 364.481, 368.018, 376.21, 366.637, 348.58, 386.402, 344.595, 353.755, 376.935, 358.364, 359.479, 344.398, 376.731, 360.013, 353.927, 345.276, 346.827, 398.509, 391.19, 359.905]] 
RATE (RPS) =====================================: 66

[[344.227, 361.452, 386.148, 361.796, 352.998, 349.092, 368.801, 361.392, 369.796, 378.874, 374.945, 368.081, 388.324, 364.982, 361.269, 357.514, 366.563, 361.571, 367.542, 363.81, 358.09, 362.663, 371.061, 390.493, 373.247, 365.375, 373.861, 399.571, 352.932, 380.051, 369.179, 362.168, 379.997, 360.006, 407.323, 392.74, 388.327, 406.304, 368.609, 370.881, 399.507, 372.789, 347.538, 402.26, 381.118, 362.691, 354.897, 353.871, 357.603, 352.029, 369.865, 346.411, 344.901, 352.814, 369.408, 358.475, 356.973, 346.72, 355.13, 335.994, 370.309, 351.018, 348.963, 355.65, 353.941, 352.206]] 
RATE (RPS) =====================================: 66

[[379.952, 366.802, 387.028, 374.634, 403.112, 367.994, 375.728, 364.423, 417.251, 379.558, 365.813, 391.147, 1048.699, 369.164, 372.502, 399.903, 391.493, 390.987, 392.432, 386.215, 396.026, 392.298, 404.425, 1057.073, 396.436, 394.786, 382.838, 402.644, 574.124, 394.542, 363.228, 1030.96, 377.941, 389.969, 366.138, 380.926, 375.273, 362.663, 396.527, 385.889, 390.817, 387.048, 380.962, 369.866, 410.532, 407.666, 410.09, 398.008, 403.718, 369.116, 374.199, 418.677, 395.056, 380.64, 368.856, 362.605, 441.69, 360.965, 381.514, 377.358, 373.712, 381.54, 366.866, 385.491, 368.851, 362.123]] 
RATE (RPS) =====================================: 63

[[380.235, 395.092, 413.699, 431.447, 443.246, 470.331, 494.706, 514.798, 511.945, 530.531, 579.872, 574.694, 645.366, 580.781, 601.098, 636.388, 680.387, 647.941, 687.064, 706.961, 730.26, 747.859, 834.799, 762.541, 777.377, 849.07, 818.507, 881.867, 849.128, 896.153, 901.187, 954.244, 914.892, 963.621, 1097.819, 994.095, 1041.867, 1103.827, 1170.103, 1111.181, 1177.366, 1213.598, 1233.399, 1165.974, 1236.079, 1258.6779999999999, 1316.049, 1326.285, 1929.007, 1313.657, 1316.022, 1330.772, 1351.484, 1367.04, 1405.771, 1447.402, 1357.339, 1393.7269999999999, 1442.914, 1585.3899999999999, 1452.759, 1424.943, 1466.7930000000001, 1512.895, 1524.8890000000001, 1566.867]] 
RATE (RPS) =====================================: 35

[[400.928, 420.729, 419.612, 416.571, 416.435, 432.611, 465.896, 465.486, 493.35, 448.966, 471.061, 487.447, 497.675, 464.665, 494.769, 533.956, 536.664, 534.804, 498.877, 457.439]] 
RATE (RPS) =====================================: 67

[[378.757, 391.283, 417.766, 433.764, 439.347, 465.744, 520.619, 478.188, 412.417, 385.011, 400.907, 418.274, 430.307, 425.079, 431.655, 441.314, 488.495, 475.086, 455.634, 476.508, 477.751, 426.737, 460.449, 456.301, 475.067]] 
RATE (RPS) =====================================: 67

[[499.54, 529.792, 479.759, 510.014, 510.15, 518.2, 511.594, 549.684, 589.335, 602.084, 589.401, 603.412, 594.153, 584.732, 601.349, 592.264, 595.118, 574.824, 534.582]] 
RATE (RPS) =====================================: 67

[[390.923, 403.021, 397.957, 415.685, 434.1, 432.545, 431.427, 431.547, 457.122, 477.339, 509.115, 547.002, 561.937, 531.639, 547.908, 531.919, 498.961, 504.659, 514.049, 517.081, 534.486, 553.72]] 
RATE (RPS) =====================================: 67

[[369.611, 395.23, 386.371, 441.393, 428.908, 387.636, 382.711, 396.132, 406.185, 430.654, 434.815, 413.536, 384.838, 411.743, 431.056, 427.372, 456.796, 436.387]] 
RATE (RPS) =====================================: 67

[[372.068, 391.661, 383.465, 391.149, 393.271, 388.744, 424.175, 388.284, 387.876, 406.625, 486.893, 389.871, 443.302, 377.654, 429.843, 385.812, 372.104, 381.171]] 
RATE (RPS) =====================================: 67

[[372.246, 400.452, 375.855, 397.095, 426.797, 402.647, 438.368, 434.194, 435.855, 470.641, 436.876, 468.754, 463.401, 480.605, 498.74, 523.892, 456.46, 479.399, 496.903, 491.004, 527.1, 526.715, 572.411, 649.012, 676.872]] 
RATE (RPS) =====================================: 67

[[398.429, 400.413, 436.642, 426.82, 492.798, 454.726, 487.748, 466.896, 479.938, 442.286, 460.49, 471.435, 402.909, 385.434, 382.998, 399.265, 436.571, 473.643, 435.855, 416.072, 439.67, 376.353, 396.654]] 
RATE (RPS) =====================================: 67

[[400.608, 429.491, 393.099, 421.058, 381.062, 364.995, 369.053, 380.379, 389.114, 384.113, 384.103]] 
RATE (RPS) =====================================: 67

[[421.2, 516.385, 483.743, 465.154, 462.602, 465.021, 448.788, 463.693, 481.335, 520.162, 492.366, 444.981, 437.517, 500.114, 465.039, 408.151, 446.725, 450.338, 469.744, 370.951, 372.713, 375.229, 387.947]] 
RATE (RPS) =====================================: 67

[[399.551, 402.501, 402.508, 405.241, 377.835, 424.81, 393.626, 384.235, 389.455, 440.632, 369.637, 395.952, 398.072]] 
RATE (RPS) =====================================: 68

[[455.328, 416.993, 437.743, 403.165, 439.895, 473.912, 427.472, 380.052, 380.567, 373.328, 407.508, 422.66, 430.204]] 
RATE (RPS) =====================================: 68

[[384.345, 385.851, 375.491, 393.703, 480.128, 442.447, 471.052, 439.218, 448.948, 465.008, 438.415, 449.759, 476.426, 462.063, 469.804, 410.268, 419.103, 435.924, 421.532, 435.4, 455.251]] 
RATE (RPS) =====================================: 68

[[388.28, 437.815, 410.357, 447.584, 455.533, 467.476, 471.904, 520.389, 480.472, 496.704, 507.841, 506.283, 439.838, 435.967, 463.254, 410.999, 385.354, 416.868, 403.816, 414.388, 417.189]] 
RATE (RPS) =====================================: 68

[[445.005, 396.562, 429.427, 439.018, 483.501, 522.225, 485.979, 533.435, 534.43, 518.46, 546.346, 531.807, 409.931, 376.689, 419.23, 456.788, 443.555, 386.447, 413.509]] 
RATE (RPS) =====================================: 68

[[400.519, 398.082, 427.96, 441.171, 461.867, 458.202, 481.654, 497.27, 516.788, 504.598, 463.524, 464.843, 535.237, 484.31, 467.708, 523.363, 546.954, 583.012, 537.752, 558.3, 488.76, 485.045, 489.942, 474.401, 480.283, 485.791, 479.883, 473.711]] 
RATE (RPS) =====================================: 68

[[447.661, 412.256, 421.998, 407.262, 429.929, 431.979, 462.308, 368.729, 382.256, 370.292, 394.998, 431.3, 388.679, 429.479, 388.218, 368.839, 391.166, 389.537, 416.627, 382.844, 390.654, 384.723]] 
RATE (RPS) =====================================: 68

[[387.119, 395.748, 403.956, 410.808, 383.215, 440.376, 398.675, 425.108, 433.67, 382.432, 446.568, 398.243, 420.004, 396.308, 403.761, 407.852, 420.169, 448.61, 424.802]] 
RATE (RPS) =====================================: 68

[[385.409, 388.786, 400.951, 433.488, 417.182, 433.57, 433.599, 483.188, 503.786, 452.152, 493.547, 471.01, 420.71, 372.661, 496.096, 393.397, 418.651, 439.387, 410.464, 425.014, 428.116, 480.855, 397.161, 394.819, 404.895]] 
RATE (RPS) =====================================: 68

[[433.834, 419.882, 418.032, 415.136, 421.592, 484.452, 443.477, 474.929, 485.357, 470.775, 492.268, 395.844, 386.101, 375.821, 380.867, 392.695]] 
RATE (RPS) =====================================: 68

[[408.048, 443.87, 436.545, 526.769, 552.311, 632.272, 608.363, 658.531, 606.619, 630.324, 658.578, 686.586, 730.233, 771.73, 820.162, 813.48, 816.904, 865.009, 795.553, 847.75, 863.268, 858.277, 912.518, 970.083, 953.021]] 
RATE (RPS) =====================================: 69

[[389.519, 369.797, 365.92, 375.889, 389.072, 361.155, 381.155, 356.298, 395.554, 380.302, 347.102, 355.95, 398.726, 357.943, 377.412, 363.595, 346.193, 343.84, 361.572, 346.235, 358.825, 354.363, 347.742, 348.234, 348.456, 347.756, 398.585, 367.989]] 
RATE (RPS) =====================================: 69

[[385.823, 389.635, 382.373, 376.254, 416.402, 394.102, 395.21, 379.034, 360.001, 382.616, 402.063, 417.955, 411.501, 969.088, 935.088, 891.83, 875.4, 835.401, 804.325, 755.138, 731.278, 686.002, 670.083, 629.232, 596.084, 589.375]] 
RATE (RPS) =====================================: 69

[[399.945, 409.285, 359.279, 355.853, 366.866, 363.528, 385.024, 376.352, 365.133, 356.871, 384.785, 355.788, 362.636, 356.065, 353.529, 349.494, 383.201, 368.4, 367.26, 365.771, 359.305]] 
RATE (RPS) =====================================: 69

[[398.195, 401.972, 399.827, 381.925, 372.628, 394.809, 464.682, 418.007, 389.605, 413.278, 379.469, 417.633, 420.5, 418.359, 403.2, 417.277, 394.355, 420.23, 401.937, 365.28, 356.762, 369.525, 381.743, 366.886, 368.207, 368.036]] 
RATE (RPS) =====================================: 69

[[367.425, 380.12, 380.995, 383.981, 388.257, 380.533, 381.691, 389.729, 370.588, 358.32, 347.493, 367.508, 370.208, 358.072, 346.577, 339.814, 350.03, 357.717, 353.931, 360.546, 360.594, 359.988]] 
RATE (RPS) =====================================: 69

[[363.302, 411.812, 364.045, 367.339, 358.397, 354.682, 358.944, 368.353, 348.62, 359.008, 367.898, 360.47, 352.154, 353.629, 353.426, 349.386, 351.176, 356.748, 356.863, 350.23, 367.782, 363.866, 347.762, 356.682, 354.4, 355.67, 356.475, 365.302]] 
RATE (RPS) =====================================: 69

[[383.116, 383.674, 363.634, 366.337, 410.37, 390.733, 387.016, 401.335, 379.871, 397.257, 1360.673, 344.999, 374.792, 371.053, 357.348, 347.07, 345.478, 338.809]] 
RATE (RPS) =====================================: 68

[[354.581, 358.67, 348.118, 402.029, 369.41, 382.679, 388.948, 368.693, 404.916, 388.789, 372.715, 349.393, 373.36, 373.181, 426.489, 381.63, 423.971, 395.173, 382.246, 353.551, 363.626, 342.898, 344.699, 349.719]] 
RATE (RPS) =====================================: 69

[[433.441, 411.064, 368.03, 407.371, 416.479, 400.196, 393.771, 540.202, 460.892, 439.132, 409.371, 379.392, 390.794, 370.421, 394.268, 382.351, 395.33, 367.56, 371.9, 380.174, 366.128, 357.278, 385.291, 351.723, 358.287]] 
RATE (RPS) =====================================: 69

[[423.264, 380.228, 371.314, 421.171, 407.239, 395.133, 365.711, 394.649, 386.984, 385.291, 372.535, 395.905, 385.186, 389.411, 425.963, 352.312, 365.87, 363.463, 368.556, 367.342, 392.552, 350.592, 349.927, 356.856, 390.594, 375.827, 372.076, 393.451, 372.703, 362.481, 369.98]] 
RATE (RPS) =====================================: 70

[[377.442, 400.802, 421.171, 391.266, 402.245, 395.841, 362.545, 364.528, 391.587, 369.407, 356.679, 363.374, 370.04, 360.182, 374.039, 365.454, 358.1, 381.673, 359.411, 361.526]] 
RATE (RPS) =====================================: 70

[[359.226, 377.488, 354.536, 352.155, 351.308, 341.528, 364.694, 364.441, 360.606, 345.681, 370.282, 352.745, 353.594, 350.229, 361.606, 349.748, 343.517, 345.204, 339.943, 338.211, 340.314, 341.607, 356.852, 339.428, 349.124, 351.942]] 
RATE (RPS) =====================================: 70

[[383.821, 379.142, 354.146, 346.654, 385.163, 367.36, 396.273, 362.891, 362.928, 398.877, 386.926, 399.181, 360.211, 379.854, 353.139, 353.218, 364.98, 339.137, 351.817, 352.387, 337.503, 383.996]] 
RATE (RPS) =====================================: 70

[[379.949, 368.295, 368.879, 364.931, 355.018, 372.726, 394.939, 371.948, 388.929, 378.259, 352.792, 383.185, 355.511, 352.132, 353.293, 362.669, 348.754, 369.387, 421.045, 408.331, 345.216, 365.055, 355.834, 335.783, 375.428, 349.776, 356.023, 366.412]] 
RATE (RPS) =====================================: 70

[[422.88, 400.971, 384.279, 388.864, 373.031, 364.633, 391.562, 374.783, 385.458, 408.797, 388.085, 383.598, 368.761, 379.357, 406.465, 365.236, 379.685, 354.29, 343.689, 372.787, 376.73, 365.021, 389.848, 358.925, 374.023, 390.638, 377.614, 360.519]] 
RATE (RPS) =====================================: 70

[[353.162, 351.553, 353.284, 359.467, 369.893, 358.145, 370.147, 360.64, 357.591, 361.072, 360.628, 352.993, 348.155, 381.662, 360.647, 398.78, 378.022, 373.324, 393.391, 345.328, 350.951, 370.882, 376.194, 353.42, 371.166, 346.93, 377.024, 358.472, 345.191, 367.488, 349.268, 353.148]] 
RATE (RPS) =====================================: 70

[[396.771, 390.563, 379.922, 377.813, 370.083, 381.057, 393.268, 383.376, 348.672, 373.955, 355.894, 360.097, 350.309, 355.627, 342.755, 343.959]] 
RATE (RPS) =====================================: 70

[[416.153, 392.516, 1105.504, 401.111, 400.269, 383.542, 381.544, 367.306, 377.511, 407.015, 379.474, 367.791, 907.684, 898.76, 898.426, 833.411, 820.969, 763.15, 1367.613]] 
RATE (RPS) =====================================: 68

[[371.787, 403.081, 417.29, 376.05, 396.766, 380.737, 400.343, 388.729, 380.982, 382.263, 372.749, 370.426, 412.914, 360.563, 407.694, 390.437, 389.552, 380.624, 345.656, 354.394, 378.148, 366.561, 360.025, 364.182]] 
RATE (RPS) =====================================: 70

average response time [0]404.802
average response time [1]354.543
average response time [2]348.719
average response time [3]356.899
average response time [4]356.269
average response time [5]355.81
average response time [6]347.124
average response time [7]353.555
average response time [8]360.482
average response time [9]347.144
TOTAL AVERAGE RESPONSE TIME ====================: 358.5347
NUMBER OF THREADS ==============================: 1
TOTAL AVERAGE RATE (RPS) =====================================: 1.0
AVERAGE NUMBER OF REPLICAS USED ====================================== 1
average response time [10]355.192
average response time [11]340.5385
average response time [12]348.97249999999997
average response time [13]345.0165
average response time [14]356.0285
average response time [15]343.361
average response time [16]350.759
average response time [17]359.4815
average response time [18]348.517
average response time [19]339.4975
TOTAL AVERAGE RESPONSE TIME ====================: 348.73639999999995
NUMBER OF THREADS ==============================: 2
TOTAL AVERAGE RATE (RPS) =====================================: 2.0
AVERAGE NUMBER OF REPLICAS USED ====================================== 1
average response time [20]368.31025
average response time [21]381.37025
average response time [22]361.2925
average response time [23]369.27475
average response time [24]354.35225
average response time [25]368.37375
average response time [26]354.346
average response time [27]357.66225000000003
average response time [28]384.06025
average response time [29]346.95550000000003
TOTAL AVERAGE RESPONSE TIME ====================: 364.599775
NUMBER OF THREADS ==============================: 4
TOTAL AVERAGE RATE (RPS) =====================================: 4.0
AVERAGE NUMBER OF REPLICAS USED ====================================== 1
average response time [30]354.231375
average response time [31]344.080125
average response time [32]360.054375
average response time [33]352.908375
average response time [34]365.2385
average response time [35]352.166
average response time [36]354.46612500000003
average response time [37]346.12424999999996
average response time [38]348.74775
average response time [39]354.14137500000004
TOTAL AVERAGE RESPONSE TIME ====================: 353.215825
NUMBER OF THREADS ==============================: 8
TOTAL AVERAGE RATE (RPS) =====================================: 8.0
AVERAGE NUMBER OF REPLICAS USED ====================================== 1
average response time [40]347.4223125
average response time [41]353.02725
average response time [42]349.831875
average response time [43]359.88075000000003
average response time [44]351.6678125
average response time [45]365.6644375
average response time [46]351.2810625
average response time [47]356.334625
average response time [48]356.185875
average response time [49]356.2255625
TOTAL AVERAGE RESPONSE TIME ====================: 354.75215625
NUMBER OF THREADS ==============================: 16
TOTAL AVERAGE RATE (RPS) =====================================: 16.0
AVERAGE NUMBER OF REPLICAS USED ====================================== 1
average response time [50]389.2569375
average response time [51]364.1353125
average response time [52]345.70809375
average response time [53]353.74878125
average response time [54]352.47359375
average response time [55]356.74246875
average response time [56]353.00475
average response time [57]358.3468125
average response time [58]347.8798125
average response time [59]357.48209375
TOTAL AVERAGE RESPONSE TIME ====================: 357.87786562499997
NUMBER OF THREADS ==============================: 32
TOTAL AVERAGE RATE (RPS) =====================================: 32.0
AVERAGE NUMBER OF REPLICAS USED ====================================== 1
average response time [60]382.21790625
average response time [61]364.335296875
average response time [62]368.020859375
average response time [63]367.096546875
average response time [64]384.45340625
average response time [65]383.837671875
average response time [66]409.9258125
average response time [67]365.795109375
average response time [68]363.69378125000003
average response time [69]513.8065625
TOTAL AVERAGE RESPONSE TIME ====================: 390.31829531249997
NUMBER OF THREADS ==============================: 64
TOTAL AVERAGE RATE (RPS) =====================================: 63.8
AVERAGE NUMBER OF REPLICAS USED ====================================== 1
average response time [70]791.4901692307692
average response time [71]373.8707076923077
average response time [72]379.11115384615385
average response time [73]364.94718461538463
average response time [74]371.7519230769231
average response time [75]363.0301846153846
average response time [76]372.43873846153843
average response time [77]436.71458461538464
average response time [78]562.7917692307692
average response time [79]378.6975692307692
TOTAL AVERAGE RESPONSE TIME ====================: 439.4843984615385
NUMBER OF THREADS ==============================: 65
TOTAL AVERAGE RATE (RPS) =====================================: 63.7
AVERAGE NUMBER OF REPLICAS USED ====================================== 1
average response time [80]393.7414242424242
average response time [81]1176.5526666666667
average response time [82]1283.4528030303031
average response time [83]1491.5679393939395
average response time [84]370.2921666666667
average response time [85]370.99425757575756
average response time [86]375.6382878787879
average response time [87]366.5929696969697
average response time [88]417.84104545454545
average response time [89]991.5769393939394
TOTAL AVERAGE RESPONSE TIME ====================: 723.8250500000001
NUMBER OF THREADS ==============================: 66
TOTAL AVERAGE RATE (RPS) =====================================: 48.8
AVERAGE NUMBER OF REPLICAS USED ====================================== 3
average response time [90]467.89705
average response time [91]442.4984
average response time [92]556.3151052631579
average response time [93]482.91554545454545
average response time [94]412.29855555555554
average response time [95]399.66488888888887
average response time [96]476.09176
average response time [97]433.21934782608696
average response time [98]390.6431818181818
average response time [99]449.9955652173913
TOTAL AVERAGE RESPONSE TIME ====================: 451.15394000238075
NUMBER OF THREADS ==============================: 67
TOTAL AVERAGE RATE (RPS) =====================================: 67.0
AVERAGE NUMBER OF REPLICAS USED ====================================== 3
average response time [100]398.7734615384615
average response time [101]419.1405384615385
average response time [102]436.1969523809524
average response time [103]446.5862380952381
average response time [104]461.7023157894737
average response time [105]486.10464285714284
average response time [106]404.16972727272724
average response time [107]411.96968421052634
average response time [108]431.15576
average response time [109]430.691375
TOTAL AVERAGE RESPONSE TIME ====================: 432.64906956060605
NUMBER OF THREADS ==============================: 68
TOTAL AVERAGE RATE (RPS) =====================================: 68.0
AVERAGE NUMBER OF REPLICAS USED ====================================== 3
average response time [110]714.67216
average response time [111]365.54210714285716
average response time [112]579.2805
average response time [113]368.7795238095238
average response time [114]395.55103846153844
average response time [115]366.0962272727273
average response time [116]359.80075
average response time [117]427.97583333333336
average response time [118]374.9785
average response time [119]397.23384
TOTAL AVERAGE RESPONSE TIME ====================: 434.991048001998
NUMBER OF THREADS ==============================: 69
TOTAL AVERAGE RATE (RPS) =====================================: 68.9
AVERAGE NUMBER OF REPLICAS USED ====================================== 3
average response time [120]380.7924516129032
average response time [121]376.36560000000003
average response time [122]352.1541923076923
average response time [123]368.1638181818182
average response time [124]367.87496428571427
average response time [125]379.66175
average response time [126]362.7505625
average response time [127]369.0075625
average response time [128]624.7236315789473
average response time [129]381.331375
TOTAL AVERAGE RESPONSE TIME ====================: 396.2825907967075
NUMBER OF THREADS ==============================: 70
TOTAL AVERAGE RATE (RPS) =====================================: 69.8
AVERAGE NUMBER OF REPLICAS USED ====================================== 3
average response time sent to Stackdriver [0]354.346
average response time sent to Stackdriver [1]356.2255625
average response time sent to Stackdriver [2]367.096546875
average response time sent to Stackdriver [3]379.11115384615385
average response time sent to Stackdriver [4]562.7917692307692
average response time sent to Stackdriver [5]1491.5679393939395
average response time sent to Stackdriver [6]442.4984
average response time sent to Stackdriver [7]398.7734615384615
average response time sent to Stackdriver [8]430.691375
average response time sent to Stackdriver [9]359.80075
average response time sent to Stackdriver [10]379.66175
NUMBER OF THREADS: [1, 2, 4, 8, 16, 32, 64, 65, 66, 67, 68, 69, 70]
WORKLOAD: HFU_LV;  
TOTAL EXECUTION TIME (Concurrent Parallel Requests): 119222.651


