[[443.083, 382.932, 467.089, 505.902, 540.296, 578.536, 616.901, 654.649, 694.17, 734.052, 860.108, 769.957, 804.768, 899.717, 929.817, 997.622, 1045.281, 1076.926, 1116.959, 1153.429, 1191.834, 1241.0149999999999, 1456.613, 1271.204, 1347.147, 1476.7350000000001, 1285.452, 1361.97, 1555.571, 1495.031, 1585.2930000000001, 1630.0520000000001, 1662.164, 1695.642, 1733.0700000000002, 1790.249, 1838.3229999999999, 1880.184, 1916.4470000000001, 1953.536, 1992.306, 2031.009, 2067.65, 2105.576, 2135.005, 2212.137, 2149.079, 2311.915, 2264.712, 2214.569]] 
AVERAGE RESPONSE TIME: 1362.47368
NUMBER OF THREADS: [50]
WORKLOAD: LV_HF; PAL CONFIG: default; NUMBER OF REPLICAS: 1 
TOTAL EXECUTION TIME (Concurrent Parallel Requests): 2739.132


[[452.987, 394.379, 475.752, 509.623, 548.136, 604.967, 689.439, 821.408, 723.725, 765.495, 852.185, 891.333, 933.77, 1038.443, 985.663, 1067.448, 1110.026, 1191.069, 1142.982, 1257.083, 1285.7930000000001, 1324.401, 1365.8229999999999, 1392.9940000000001, 1476.387, 1416.357, 1554.298, 1499.649, 1587.481, 1628.517, 1670.716, 1712.065, 1876.395, 1744.69, 1800.387, 1957.149, 1896.351, 2030.052, 1964.7179999999998, 2048.967, 2139.52, 2072.207, 2144.429, 2175.051, 2217.814, 2248.703, 2371.254, 2278.182, 2297.898, 2369.828]] 
AVERAGE RESPONSE TIME: 1440.07978
NUMBER OF THREADS: [50]
WORKLOAD: LV_HF; PAL CONFIG: default; NUMBER OF REPLICAS: 1 
TOTAL EXECUTION TIME (Concurrent Parallel Requests): 2850.138


[[409.906, 447.014, 497.126, 527.552, 584.297, 531.187, 616.591, 705.993, 649.562, 751.794, 812.115, 863.457, 991.103, 891.767, 932.682, 1017.659, 1057.084, 1103.866, 1135.9180000000001, 1175.258, 1214.114, 1252.6779999999999, 1290.734, 1334.5230000000001, 1364.18, 1412.713, 1408.943, 1537.5, 1467.464, 1568.783, 1627.127, 1727.809, 1676.395, 1766.058, 1805.5839999999998, 1894.473, 1828.1979999999999, 1921.5149999999999, 1955.732, 2025.315, 1968.313, 2040.519, 2079.246, 2131.722, 2172.227, 2266.071, 2200.631, 2294.374, 2374.4719999999998, 2326.638]] 
AVERAGE RESPONSE TIME: 1392.71964
NUMBER OF THREADS: [50]
WORKLOAD: LV_HF; PAL CONFIG: default; NUMBER OF REPLICAS: 1 
TOTAL EXECUTION TIME (Concurrent Parallel Requests): 2812.761


[[459.684, 400.328, 480.301, 559.795, 507.429, 593.893, 726.052, 628.1, 666.245, 768.409, 805.04, 844.419, 884.445, 930.177, 968.46, 1005.244, 1130.831, 1066.107, 1016.243, 1173.891, 1113.042, 1201.837, 1239.571, 1277.059, 1315.993, 1352.527, 1419.241, 1373.624, 1481.504, 1436.797, 1588.809, 1684.687, 1629.402, 1488.3690000000001, 1783.592, 1681.527, 1726.463, 1813.911, 1849.915, 1883.101, 1921.6680000000001, 2093.94, 1951.462, 1988.886, 2025.85, 2114.847, 2151.386, 2185.808, 2222.2889999999998, 2253.898]] 
AVERAGE RESPONSE TIME: 1337.32196
NUMBER OF THREADS: [50]
WORKLOAD: LV_HF; PAL CONFIG: default; NUMBER OF REPLICAS: 1 
TOTAL EXECUTION TIME (Concurrent Parallel Requests): 2697.955


[[434.749, 375.791, 462.359, 511.115, 591.781, 685.013, 637.338, 739.212, 769.74, 852.454, 790.414, 866.127, 913.093, 980.9, 931.853, 1005.559, 1087.983, 1042.386, 1106.43, 1186.148, 1143.603, 1262.6019999999999, 1215.448, 1275.285, 1315.157, 1354.971, 1420.259, 1372.2069999999999, 1450.179, 1531.9569999999999, 1477.701, 1637.399, 1570.971, 1667.4389999999999, 1791.9270000000001, 1825.9569999999999, 1686.376, 1712.771, 1853.3319999999999, 1898.4389999999999, 1928.0439999999999, 2177.9, 1944.591, 1970.777, 2006.731, 2081.196, 2024.51, 2134.147, 2228.637, 2174.663]] 
AVERAGE RESPONSE TIME: 1342.11242
NUMBER OF THREADS: [50]
WORKLOAD: LV_HF; PAL CONFIG: default; NUMBER OF REPLICAS: 1 
TOTAL EXECUTION TIME (Concurrent Parallel Requests): 2752.2110000000002


[[397.986, 432.808, 466.101, 544.024, 492.235, 677.255, 578.392, 617.27, 709.33, 745.675, 786.939, 860.452, 813.162, 898.418, 917.43, 954.28, 996.513, 1027.063, 1208.825, 1056.022, 1090.414, 1133.212, 1197.1680000000001, 1239.05, 1309.892, 1263.637, 1338.237, 1473.548, 1382.095, 1424.761, 1504.749, 1532.9679999999998, 1580.241, 1615.821, 1659.126, 1773.5700000000002, 1669.649, 1709.7530000000002, 1808.806, 1852.567, 1930.347, 1878.149, 1946.6480000000001, 1982.071, 2008.861, 2039.392, 2065.549, 2169.925, 2084.148, 2194.485]] 
AVERAGE RESPONSE TIME: 1300.78038
NUMBER OF THREADS: [50]
WORKLOAD: LV_HF; PAL CONFIG: default; NUMBER OF REPLICAS: 1 
TOTAL EXECUTION TIME (Concurrent Parallel Requests): 2723.516


[[406.086, 438.895, 471.427, 503.592, 641.087, 542.475, 587.895, 680.417, 721.319, 761.873, 803.984, 885.455, 838.809, 963.703, 911.965, 1086.421, 980.542, 1022.689, 1105.021, 1123.429, 1152.905, 1232.855, 1263.845, 1176.982, 1299.033, 1358.0729999999999, 1312.391, 1429.388, 1383.395, 1575.546, 1477.153, 1601.438, 1634.461, 1708.855, 1656.222, 1791.113, 1740.8110000000001, 1943.0410000000002, 1897.067, 1851.368, 1790.933, 1963.44, 2046.695, 2132.765, 1986.8899999999999, 2043.039, 2119.16, 2197.212, 2152.366, 2245.752]] 
AVERAGE RESPONSE TIME: 1332.82556
NUMBER OF THREADS: [50]
WORKLOAD: LV_HF; PAL CONFIG: default; NUMBER OF REPLICAS: 1 
TOTAL EXECUTION TIME (Concurrent Parallel Requests): 2740.649


[[766.274, 524.252, 649.556, 547.117, 578.282, 672.547, 428.373, 783.258, 825.751, 728.686, 851.325, 884.11, 906.825, 939.79, 979.354, 1020.306, 1146.037, 1053.159, 1089.976, 1176.277, 1284.127, 1237.386, 1314.592, 1351.8310000000001, 1390.017, 1428.816, 1476.634, 1513.152, 1555.4569999999999, 1596.137, 1641.938, 1682.246, 1755.738, 1696.696, 1782.096, 1823.299, 1848.2759999999998, 1884.103, 1925.665, 1963.012, 2092.7690000000002, 2173.6, 1995.632, 2402.637, 2208.091, 2293.135, 2241.109, 2335.508, 2460.353, 2411.74]] 
AVERAGE RESPONSE TIME: 1426.34094
NUMBER OF THREADS: [50]
WORKLOAD: LV_HF; PAL CONFIG: default; NUMBER OF REPLICAS: 1 
TOTAL EXECUTION TIME (Concurrent Parallel Requests): 2870.261


