[[485.893]] 
RATE (RPS) =====================================: 1

[[334.436]] 
RATE (RPS) =====================================: 1

[[333.32]] 
RATE (RPS) =====================================: 1

[[423.184]] 
RATE (RPS) =====================================: 1

[[333.677]] 
RATE (RPS) =====================================: 1

[[334.078]] 
RATE (RPS) =====================================: 1

[[332.474]] 
RATE (RPS) =====================================: 1

[[408.125]] 
RATE (RPS) =====================================: 1

[[331.884]] 
RATE (RPS) =====================================: 1

[[331.484]] 
RATE (RPS) =====================================: 1

[[345.648, 336.179]] 
RATE (RPS) =====================================: 2

[[413.868, 415.617]] 
RATE (RPS) =====================================: 2

[[334.987, 336.777]] 
RATE (RPS) =====================================: 2

[[367.695, 336.025]] 
RATE (RPS) =====================================: 2

[[417.93, 420.394]] 
RATE (RPS) =====================================: 2

[[338.544, 335.501]] 
RATE (RPS) =====================================: 2

[[569.997, 656.887]] 
RATE (RPS) =====================================: 2

[[567.208, 639.658]] 
RATE (RPS) =====================================: 2

[[647.392, 567.484]] 
RATE (RPS) =====================================: 2

[[581.01, 649.197]] 
RATE (RPS) =====================================: 2

[[561.723, 626.156, 690.97, 771.046]] 
RATE (RPS) =====================================: 4

[[568.232, 657.157, 788.052, 695.702]] 
RATE (RPS) =====================================: 4

[[570.754, 636.896, 705.178, 767.102]] 
RATE (RPS) =====================================: 4

[[588.427, 653.682, 705.058, 776.346]] 
RATE (RPS) =====================================: 4

[[583.017, 731.229, 651.77, 779.451]] 
RATE (RPS) =====================================: 4

[[564.761, 643.339, 695.139, 763.696]] 
RATE (RPS) =====================================: 4

[[673.8, 744.11, 566.357, 780.718]] 
RATE (RPS) =====================================: 4

[[558.404, 704.48, 633.408, 762.202]] 
RATE (RPS) =====================================: 4

[[587.437, 799.891, 713.69, 632.837]] 
RATE (RPS) =====================================: 4

[[586.597, 739.991, 644.812, 788.392]] 
RATE (RPS) =====================================: 4

[[657.506, 714.972, 557.949, 778.071, 897.896, 806.641, 945.713, 1009.66]] 
RATE (RPS) =====================================: 7

[[641.809, 573.758, 704.653, 841.372, 890.213, 955.684, 1008.261, 711.701]] 
RATE (RPS) =====================================: 7

[[645.588, 571.909, 744.14, 796.819, 855.004, 986.898, 914.676, 1036.672]] 
RATE (RPS) =====================================: 7

[[575.382, 647.449, 691.764, 756.028, 815.372, 868.488, 938.847, 1006.738]] 
RATE (RPS) =====================================: 7

[[602.01, 744.33, 661.398, 779.723, 903.695, 832.206, 952.29, 1003.112]] 
RATE (RPS) =====================================: 7

[[561.262, 623.114, 772.395, 688.523, 806.668, 943.21, 860.918, 1008.88]] 
RATE (RPS) =====================================: 7

[[772.805, 575.571, 689.508, 798.755, 585.741, 848.912, 906.744, 972.772]] 
RATE (RPS) =====================================: 8

[[566.327, 637.65, 686.938, 745.157, 877.359, 806.102, 927.3, 1002.118]] 
RATE (RPS) =====================================: 7

[[571.615, 636.619, 824.716, 680.017, 740.435, 875.111, 940.682, 1001.983]] 
RATE (RPS) =====================================: 7

[[562.382, 708.508, 614.309, 751.575, 811.378, 871.202, 997.226, 918.282]] 
RATE (RPS) =====================================: 8

[[567.027, 626.195, 683.312, 743.112, 807.203, 998.653, 856.586, 909.979, 1035.4470000000001, 1153.3890000000001, 1073.161, 1199.932, 1326.584, 1252.75, 1445.638, 1368.679]] 
RATE (RPS) =====================================: 8

[[761.405, 572.377, 680.319, 811.365, 889.755, 952.882, 1010.622, 1071.441, 1139.368, 1201.867, 1259.325, 1322.3229999999999, 1443.042, 1369.358, 1567.6509999999998, 1496.031]] 
RATE (RPS) =====================================: 6

[[577.17, 636.073, 826.107, 682.174, 730.95, 860.562, 987.681, 906.053, 1035.742, 1099.25, 1159.25, 1222.0149999999999, 1291.449, 1501.037, 1336.517, 1416.679]] 
RATE (RPS) =====================================: 8

[[571.001, 563.762, 554.594, 550.325, 534.19, 534.965, 536.356, 529.281, 862.369, 866.873, 860.073, 876.476, 849.661, 843.585, 839.437, 508.19]] 
RATE (RPS) =====================================: 16

[[576.759, 568.544, 561.69, 543.597, 534.925, 535.322, 515.711, 510.041, 730.452, 886.249, 837.902, 842.151, 506.014, 860.958, 1151.344, 830.274]] 
RATE (RPS) =====================================: 15

[[568.502, 556.962, 547.765, 563.315, 538.51, 512.404, 498.613]] 
RATE (RPS) =====================================: 16

[[493.384, 508.267, 491.359, 500.04, 516.798, 494.132, 495.995, 515.029, 509.491, 496.337]] 
RATE (RPS) =====================================: 16

[[499.229, 490.845, 493.23, 495.358, 503.396, 565.133, 559.141, 554.869, 535.33]] 
RATE (RPS) =====================================: 16

[[516.439, 498.016, 493.6, 521.627, 499.923, 514.377, 497.943, 492.954]] 
RATE (RPS) =====================================: 16

[[489.677, 489.21, 490.19, 500.454, 501.052]] 
RATE (RPS) =====================================: 16

[[576.94, 573.524, 548.939, 545.613, 539.379, 531.954, 530.954, 528.756, 844.602, 837.224, 1149.088, 822.158, 497.547, 495.363, 509.231, 503.678, 512.259, 835.228]] 
RATE (RPS) =====================================: 31

[[561.222, 583.824, 1203.395, 1213.594, 1186.233, 1194.73, 1160.355, 536.329, 838.767, 1174.357, 826.337, 522.458, 523.943, 511.076, 1197.119, 820.735, 712.037, 675.587, 665.265, 658.746]] 
RATE (RPS) =====================================: 25

[[564.144, 553.227, 534.38, 505.902, 496.367, 507.697, 513.975, 496.049, 489.216, 492.649, 496.715, 839.041, 1152.397, 510.285, 826.366, 817.562, 492.449]] 
RATE (RPS) =====================================: 31

[[519.847, 512.411, 515.229, 508.169, 505.032, 512.5, 1176.263, 517.45, 529.994, 542.532, 540.253, 497.667, 511.09, 516.198, 488.992, 530.011, 512.194, 898.434, 662.758, 830.601, 535.541, 517.411]] 
RATE (RPS) =====================================: 31

[[536.811, 510.672, 512.31, 502.124, 500.815, 494.253, 493.928, 489.398, 522.864, 525.204, 494.407, 499.889, 499.075, 505.74, 516.801, 523.45, 510.11, 499.027]] 
RATE (RPS) =====================================: 32

[[509.987, 534.705, 523.066, 523.196, 510.075, 541.946, 522.757, 510.388, 535.118, 527.17, 537.774, 501.627, 503.888]] 
RATE (RPS) =====================================: 32

[[505.593, 499.703, 500.334, 519.141, 535.526, 523.534, 525.816, 518.85, 517.538, 528.442, 527.43, 507.385, 504.535, 500.983, 610.929, 514.941, 499.086, 572.393]] 
RATE (RPS) =====================================: 32

[[511.38, 527.566, 539.152, 536.01, 526.529, 531.04, 525.21, 530.895, 526.577, 528.961, 534.896, 513.769, 504.209, 506.432, 505.497, 933.163, 526.274, 505.057, 829.354]] 
RATE (RPS) =====================================: 32

[[511.571, 544.577, 522.139, 509.614, 519.121, 512.822, 539.448, 545.736, 531.168, 513.572, 492.014, 503.852, 496.987, 490.032, 495.957, 528.89, 495.976]] 
RATE (RPS) =====================================: 32

[[645.737, 617.766, 610.425, 604.16, 568.11, 564.014, 553.536, 553.098, 503.53, 494.405, 568.888, 553.601, 531.125, 505.548, 512.969]] 
RATE (RPS) =====================================: 32

[[504.145, 488.276, 494.661, 538.14, 524.833, 524.06, 509.264, 526.795, 521.406, 527.277, 516.926, 566.685, 540.429, 500.197, 501.049, 549.216, 521.519, 498.9]] 
RATE (RPS) =====================================: 33

[[512.744, 530.002, 505.459, 500.696, 499.441, 519.907, 511.95, 1165.865, 1143.874, 520.458, 513.104, 1157.274, 502.066, 496.458, 505.635, 494.911, 492.291, 492.857, 497.083, 497.044, 838.495]] 
RATE (RPS) =====================================: 30

[[627.872, 618.286, 598.912, 607.328, 584.623, 589.842, 581.071, 574.945, 900.933, 872.271, 1173.576, 743.937, 685.39, 874.6, 529.798, 525.38, 829.31, 704.739, 661.422, 825.935, 494.018]] 
RATE (RPS) =====================================: 32

[[634.971, 597.358, 584.126, 583.096, 553.346, 541.783, 528.329, 511.881, 838.516, 1149.148, 821.933, 496.03, 659.847, 663.614, 825.373, 509.3, 824.443, 822.273, 502.865]] 
RATE (RPS) =====================================: 32

[[521.298, 506.6, 519.109, 506.449, 514.163, 524.012, 512.84, 539.194, 497.855, 520.92, 534.714, 511.443, 501.279, 494.633, 492.073]] 
RATE (RPS) =====================================: 33

[[631.704, 563.955, 554.382, 550.975, 543.907, 510.558, 526.896, 511.347, 506.945, 530.665, 526.226, 526.932]] 
RATE (RPS) =====================================: 33

[[516.005, 510.65, 534.829, 512.13, 513.464, 528.212, 504.64, 503.331, 501.452, 530.731, 510.714, 524.107, 3346.691, 3334.799]] 
RATE (RPS) =====================================: 31

[[512.622, 554.76, 544.794, 513.977, 514.849, 504.898, 502.405, 547.581, 529.073, 509.78, 518.427, 518.312, 513.169, 524.502, 522.703, 558.29, 515.748, 500.031]] 
RATE (RPS) =====================================: 33

[[632.438, 630.825, 626.098, 598.507, 588.894, 592.401, 561.104, 541.319, 839.185, 499.31, 505.479, 496.81, 505.861, 514.437]] 
RATE (RPS) =====================================: 33

[[509.868, 519.704, 645.141, 623.18, 555.405, 553.834, 542.271, 513.506, 505.582, 491.793, 518.054, 501.431]] 
RATE (RPS) =====================================: 33

[[509.921, 514.005, 504.686, 529.858, 495.53, 533.153, 513.021, 504.862, 519.548, 506.265, 492.934, 558.92, 488.958, 502.36, 510.327, 529.66, 494.854, 530.252, 517.101, 498.388, 505.713]] 
RATE (RPS) =====================================: 34

[[643.488, 647.186, 628.648, 635.034, 588.176, 586.194, 558.586, 872.037, 540.672, 559.09, 532.331, 676.66, 509.706, 520.377, 517.505, 513.072, 533.204, 830.03, 541.685, 503.438, 835.538]] 
RATE (RPS) =====================================: 34

[[499.269, 508.062, 490.053, 531.909, 522.456, 525.728, 503.261, 499.5, 521.967, 504.613, 514.054, 510.721, 506.859]] 
RATE (RPS) =====================================: 34

[[509.674, 522.076, 516.776, 520.487, 509.844, 502.535, 508.923, 512.22, 509.591, 497.809, 509.583, 510.088, 496.991, 527.259, 499.819, 506.079, 529.919, 520.498, 512.376]] 
RATE (RPS) =====================================: 34

[[514.002, 520.367, 497.983, 505.85, 500.46, 511.203, 539.441, 517.917, 531.152, 516.99, 507.701, 494.998, 499.552, 501.383, 513.572, 523.128]] 
RATE (RPS) =====================================: 34

[[523.053, 515.392, 499.88, 501.613, 551.111, 541.446, 543.271, 533.545, 527.946, 520.814, 594.066, 523.311]] 
RATE (RPS) =====================================: 34

[[519.963, 523.345, 498.574, 496.543, 503.461, 497.191, 514.451, 501.687, 530.911, 529.014, 500.046, 521.021, 523.564, 524.548, 501.736, 499.802, 534.15, 522.421]] 
RATE (RPS) =====================================: 34

[[518.623, 524.397, 505.621, 508.233, 500.925, 523.432, 526.753, 531.728, 503.41, 519.942, 519.949, 510.436, 499.105, 2037.9470000000001, 2014.686]] 
RATE (RPS) =====================================: 32

[[514.656, 503.538, 529.922, 521.149, 516.722, 504.324, 506.233, 502.654, 501.097, 495.221, 492.624, 508.067, 501.574, 836.681, 492.782, 486.829]] 
RATE (RPS) =====================================: 34

[[631.741, 618.76, 617.255, 639.567, 625.908, 607.045, 604.278, 597.763, 886.776, 1077.507, 880.094, 1234.133, 869.199, 866.798, 879.899, 1034.87, 1026.174, 851.172, 1006.2, 832.614, 526.817, 523.484]] 
RATE (RPS) =====================================: 29

[[589.046, 687.662, 1633.387, 677.121, 1621.132, 655.991, 1601.591, 1107.885, 1072.2, 916.707, 3175.991, 2844.993, 2831.5299999999997, 570.393, 518.719, 517.376, 505.444, 496.578, 586.223, 587.499]] 
RATE (RPS) =====================================: 27

[[596.242, 585.278, 541.384, 536.255, 546.088, 524.156, 498.273, 531.7, 511.795, 518.884, 513.031, 716.276, 692.796, 693.555]] 
RATE (RPS) =====================================: 35

[[496.234, 519.348, 500.353, 500.637, 500.103, 489.831, 500.585, 491.246, 491.613, 492.771, 531.836, 508.259, 514.012]] 
RATE (RPS) =====================================: 35

[[741.207, 717.631, 711.992, 672.957, 651.473, 634.274, 521.36]] 
RATE (RPS) =====================================: 35

[[533.054, 507.869, 499.35, 508.798, 522.761, 512.645, 553.044, 508.778, 530.951, 517.071, 494.947]] 
RATE (RPS) =====================================: 35

[[557.971, 517.869, 499.247, 500.948, 501.368, 496.58, 495.86, 495.075, 495.517, 505.96, 523.58, 501.219]] 
RATE (RPS) =====================================: 35

[[507.247, 498.73, 489.664, 495.488, 501.665, 493.301, 501.218, 499.562, 500.875, 542.736]] 
RATE (RPS) =====================================: 35

[[507.582, 515.75, 491.05, 508.019, 495.546, 497.895, 500.547, 492.199]] 
RATE (RPS) =====================================: 35

[[537.099, 534.285, 503.854, 506.661, 495.346, 551.267, 508.653, 512.653, 501.786, 493.037, 495.095]] 
RATE (RPS) =====================================: 35

[[529.812, 517.307, 515.95, 514.338, 521.727, 562.017, 510.602, 554.53, 532.563, 545.11, 511.252, 553.829, 545.531, 557.551, 508.697]] 
RATE (RPS) =====================================: 35

[[504.442, 542.69, 514.055, 529.978, 535.898, 502.745, 526.822, 509.121, 539.681, 610.774, 558.218, 487.802, 502.04, 491.936]] 
RATE (RPS) =====================================: 36

[[508.544, 497.51, 501.314, 500.649, 531.441, 497.439, 501.207, 519.671, 525.427, 521.442, 501.343]] 
RATE (RPS) =====================================: 36

[[556.202, 520.933, 522.008, 522.15, 517.25, 517.518, 510.991, 497.571, 546.034, 542.818, 525.207, 518.228, 502.808, 511.425, 495.003]] 
RATE (RPS) =====================================: 36

[[536.539, 505.407, 501.724, 511.476, 504.807, 491.962, 533.474, 510.984, 522.671, 515.309, 505.324, 505.485, 499.864, 498.93, 497.634]] 
RATE (RPS) =====================================: 36

[[509.325, 522.862, 526.12, 509.384, 522.652, 510.44, 531.849, 499.02]] 
RATE (RPS) =====================================: 36

[[569.261, 527.664, 508.177, 494.453, 516.31, 514.82, 519.033, 491.141, 508.966]] 
RATE (RPS) =====================================: 36

[[527.677, 514.339, 532.658, 500.747, 512.846, 504.787, 497.492, 395.024, 385.445]] 
RATE (RPS) =====================================: 36

[[371.008, 353.222, 385.107, 387.614, 348.825, 351.868, 384.716, 341.766]] 
RATE (RPS) =====================================: 36

[[354.832, 350.002, 343.094, 350.706, 355.933, 364.252, 343.334, 383.362, 439.513, 398.188, 358.309, 352.381]] 
RATE (RPS) =====================================: 36

[[384.572, 355.891, 372.66, 363.121, 358.214, 346.229, 339.785, 345.395, 343.864, 360.631, 364.918, 344.918, 336.375, 393.211, 348.652]] 
RATE (RPS) =====================================: 36

[[377.415, 342.733, 373.171, 351.929, 346.877, 399.364, 349.671, 383.174, 342.586, 369.032, 354.741, 336.437]] 
RATE (RPS) =====================================: 37

[[352.996, 345.461, 354.188, 337.39, 373.536, 349.347, 345.984, 348.807]] 
RATE (RPS) =====================================: 37

[[341.632, 333.321, 334.9, 347.173, 341.985, 351.503, 332.309, 335.036, 365.907]] 
RATE (RPS) =====================================: 37

[[365.925, 356.484, 370.061, 382.392, 367.044, 378.53, 347.063, 430.531, 360.518, 375.517, 355.059, 381.156, 383.91, 343.46]] 
RATE (RPS) =====================================: 37

[[340.962, 334.495, 334.154, 350.723, 335.218, 330.856, 332.999, 335.088, 343.321, 335.64]] 
RATE (RPS) =====================================: 37

[[345.778, 376.713, 347.537, 345.643, 363.848, 348.342, 378.841, 387.708, 393.329, 341.673, 336.124, 333.546, 349.96, 335.795, 342.378]] 
RATE (RPS) =====================================: 37

[[376.981, 389.065, 368.571, 370.561, 341.237, 341.768, 370.735, 362.352, 384.373, 346.511, 358.64, 359.652, 332.761]] 
RATE (RPS) =====================================: 37

[[378.804, 401.564, 356.899, 358.65, 347.211, 352.269, 347.407, 357.186, 356.038, 347.859, 353.097, 364.89]] 
RATE (RPS) =====================================: 37

[[353.837, 382.256, 373.401, 378.534, 366.138, 359.724, 367.783, 340.996, 337.909, 373.874, 354.04, 345.383, 342.913]] 
RATE (RPS) =====================================: 37

[[351.818, 341.618, 351.559, 333.103, 330.558, 330.076, 342.506, 361.002, 353.797, 340.323, 340.477, 351.398, 330.547, 334.209, 339.925, 368.068, 357.455]] 
RATE (RPS) =====================================: 37

[[394.874, 358.604, 369.722, 373.431, 354.7, 405.323, 363.911, 408.017, 388.227, 384.827, 1053.88, 348.526, 1702.042, 905.253, 357.003, 383.925, 358.65, 351.256, 347.097, 354.808, 372.301, 384.798, 1369.341, 351.337, 379.304]] 
RATE (RPS) =====================================: 35

[[386.386, 471.471, 351.017, 341.987, 438.869, 422.341, 342.074, 412.179, 398.397, 927.431, 391.487, 341.677, 363.746, 368.31, 1710.29, 1813.9569999999999, 388.854, 349.794, 347.438, 1433.633, 346.458]] 
RATE (RPS) =====================================: 35

[[354.717, 447.818, 440.526, 377.704, 384.063, 365.488, 351.129, 345.695, 361.717, 358.621, 341.529, 344.764, 382.3, 361.68, 352.109, 345.357, 423.99, 339.569, 389.266, 332.525, 343.027, 349.964]] 
RATE (RPS) =====================================: 38

[[363.527, 356.465, 365.728, 346.627, 343.107, 356.377, 355.765, 341.085, 359.181, 408.958, 344.975, 341.056, 343.118, 360.313, 346.202, 422.877, 382.839, 373.542, 340.781, 336.765, 330.198]] 
RATE (RPS) =====================================: 38

[[452.945, 366.222, 350.048, 352.864, 421.511, 392.547, 1471.6190000000001, 383.745, 335.384, 341.16, 339.047, 1342.995, 1488.115, 1489.262, 1322.995, 382.89, 359.303, 336.715, 349.265, 350.771, 364.62, 1363.325, 346.052, 361.543, 343.136, 339.763, 363.535, 344.935, 338.374]] 
RATE (RPS) =====================================: 32

[[353.071, 356.075, 351.988, 357.614, 379.516, 337.057, 368.868, 372.649, 358.657, 359.511, 346.642, 340.265, 384.705, 354.013, 362.251, 380.661, 353.888, 376.847, 339.118, 346.784, 340.28, 339.86, 333.131, 335.593, 351.138]] 
RATE (RPS) =====================================: 38

[[382.768, 353.732, 380.206, 355.032, 414.375, 368.036, 349.929, 339.911, 371.091, 338.184, 347.757, 343.571, 412.243, 375.402, 389.996, 369.963, 378.033, 370.039, 373.767, 346.96, 714.879, 1487.526, 1306.766, 1017.873, 339.337, 1481.467, 1663.384, 1481.38, 379.766, 340.936]] 
RATE (RPS) =====================================: 32

[[357.051, 361.523, 360.772, 352.627, 334.895, 349.077, 349.29, 336.326, 335.26, 348.037, 343.631, 345.993, 868.737, 716.88, 368.322, 1343.426, 358.737, 1072.876, 1478.158, 347.852, 357.068, 355.455, 352.484]] 
RATE (RPS) =====================================: 35

[[417.877, 400.943, 361.442, 389.925, 380.574, 377.925, 335.108, 1001.528, 1021.361, 1829.656, 1692.625, 1350.018, 1662.6660000000002, 1006.205, 1495.079, 1475.801, 368.846, 1640.005, 365.388, 1669.008, 1864.693, 738.277, 1716.113, 460.906, 352.346, 358.939, 421.45, 1364.1109999999999, 336.505, 346.074, 342.13]] 
RATE (RPS) =====================================: 24

[[406.779, 403.729, 366.073, 361.363, 345.634, 344.048, 345.241, 1653.024, 1319.7350000000001, 337.545, 352.956, 1031.361, 1160.058, 1314.8890000000001, 1658.4679999999998, 1030.455, 362.799, 331.953, 347.367, 338.82, 334.094, 344.516]] 
RATE (RPS) =====================================: 31

[[426.57, 359.348, 349.055, 344.114, 385.039, 339.894, 350.471, 349.633, 372.702, 359.932, 360.985, 343.687, 374.106, 356.008, 373.754, 344.397, 379.689, 1546.0140000000001, 1404.592, 339.924, 1664.3519999999999, 394.759, 353.615, 334.846, 418.37, 370.607, 402.682, 400.034, 373.102]] 
RATE (RPS) =====================================: 36

[[362.564, 362.883, 339.637, 340.465, 341.615, 343.688, 347.154, 379.53, 365.05, 374.336, 356.687, 355.077, 354.462, 1423.835, 337.272, 337.907, 352.166, 1329.0, 378.021, 338.89, 351.266, 390.037, 374.602, 361.002]] 
RATE (RPS) =====================================: 37

[[375.349, 403.364, 380.571, 357.831, 365.669, 334.749, 341.811, 361.473, 357.747, 346.888, 343.655, 366.326, 379.322, 358.62, 364.482, 367.979, 1553.661, 1682.091, 347.486, 1030.869, 369.418, 379.249, 335.229, 346.026, 372.311, 354.993, 350.874, 369.565, 340.709]] 
RATE (RPS) =====================================: 36

[[399.123, 397.808, 1412.95, 436.118, 431.143, 366.582, 364.585, 402.654, 363.481, 1729.328, 1720.6399999999999, 1529.975, 363.866, 1673.6, 912.077, 1236.331, 344.208, 1684.993, 382.405, 357.718, 361.382, 362.127, 1394.2730000000001, 363.289, 352.578, 347.445, 1420.954, 362.954, 358.043, 345.343]] 
RATE (RPS) =====================================: 30

[[387.464, 375.985, 350.316, 338.555, 349.727, 352.715, 383.43, 345.786, 352.008, 347.041, 339.895, 344.577, 354.141, 338.341, 333.151, 338.382, 339.127, 1320.19, 1008.824, 333.311, 337.226, 354.059, 338.459]] 
RATE (RPS) =====================================: 37

[[404.726, 368.768, 390.071, 383.204, 378.016, 364.171, 352.878, 353.81, 354.226, 372.796, 374.8, 415.541, 387.136, 397.717, 402.702, 484.566, 389.207, 369.06, 350.102, 343.756, 441.165, 376.66, 370.776, 340.564, 346.046, 357.927, 365.314, 359.235, 354.752]] 
RATE (RPS) =====================================: 39

[[344.848, 336.897, 351.021, 333.441, 332.618, 335.214, 342.341, 339.071, 338.89, 338.353, 339.23, 353.634, 1753.5410000000002, 351.611, 1343.223, 336.547, 330.058, 337.555]] 
RATE (RPS) =====================================: 37

[[460.349, 404.072, 366.274, 394.256, 372.639, 339.179, 357.336, 345.669, 384.346, 362.575, 386.138, 1199.187, 895.904, 373.051, 386.473, 365.883, 354.161, 367.2, 446.386, 442.102, 376.129, 1354.211, 350.008, 348.371, 378.883, 352.71, 367.937, 363.074]] 
RATE (RPS) =====================================: 37

[[408.193, 363.576, 357.654, 345.201, 350.061, 357.607, 359.446, 345.426, 348.068, 352.973, 366.698, 343.434, 1531.124, 1836.702, 1680.181, 389.784, 1745.2240000000002, 1536.693, 873.426, 1046.186, 1713.807, 350.573, 338.309, 1395.616]] 
RATE (RPS) =====================================: 31

[[368.231, 400.195, 356.884, 362.737, 372.824, 356.086, 331.212, 341.168, 393.479, 372.029, 356.654, 378.994, 353.139, 392.107, 397.046, 350.911, 336.288, 419.358, 378.679, 341.397, 339.663]] 
RATE (RPS) =====================================: 39

[[366.514, 375.036, 360.313, 408.95, 385.756, 341.513, 369.849, 341.729, 357.553, 369.792, 352.032, 344.608, 366.893, 362.998, 394.205, 345.882, 364.289, 380.671, 352.363, 399.549, 377.642, 362.818, 342.205]] 
RATE (RPS) =====================================: 40

[[368.118, 359.524, 367.497, 347.532, 347.873, 365.474, 355.846, 365.678, 356.779, 335.965, 348.686, 375.618, 407.237, 416.588, 395.082, 381.743, 345.452, 354.627, 350.987, 362.427, 1052.467, 1345.479, 345.273, 344.952, 348.102, 1502.904, 579.297, 333.481, 385.446, 347.557, 1329.258]] 
RATE (RPS) =====================================: 36

[[344.46, 359.175, 346.293, 361.463, 345.433, 338.408, 363.974, 350.413, 341.386, 349.074, 333.945, 353.004, 352.358, 1078.683, 1520.546, 345.308, 664.58, 364.518, 338.007, 343.683, 342.492, 341.633, 1342.583, 1669.2069999999999, 1710.73, 1675.5430000000001, 1665.172]] 
RATE (RPS) =====================================: 33

[[390.343, 403.74, 481.305, 358.109, 456.541, 377.832, 463.975, 371.614, 398.211, 400.546, 333.817, 362.672, 343.275, 388.939, 353.854, 370.618, 1262.241, 362.528, 1726.0990000000002, 372.763, 353.742, 346.235, 1665.173, 375.899, 362.622, 401.167, 356.459, 355.504]] 
RATE (RPS) =====================================: 37

[[485.546, 462.796, 388.514, 467.413, 369.009, 442.297, 436.06, 343.671, 1256.385, 347.939, 1428.175, 1539.768, 348.523, 339.901, 410.274, 390.479, 358.848, 1698.156, 1666.482, 1821.932, 339.806, 347.546, 347.807, 356.477, 424.248, 363.336, 360.201, 359.171]] 
RATE (RPS) =====================================: 34

[[339.905, 495.716, 459.159, 471.504, 430.881, 451.094, 423.837, 388.835, 426.872, 367.424, 358.015, 416.437, 934.303, 353.401, 354.528, 365.016, 356.787, 391.335, 382.011, 1102.482, 385.425, 381.278, 335.861, 580.996, 349.957, 341.646, 420.221, 389.852, 337.732]] 
RATE (RPS) =====================================: 39

[[362.176, 359.306, 469.93, 450.499, 360.32, 362.042, 411.879, 403.739, 359.012, 399.239, 407.423, 370.304, 359.438, 349.266, 355.228, 351.254, 370.053, 350.366, 383.384, 367.562, 371.25, 342.779, 366.771, 347.027]] 
RATE (RPS) =====================================: 40

[[360.95, 345.838, 366.099, 348.052, 364.649, 353.11, 347.534, 351.961, 346.407, 340.377, 358.442, 341.479, 336.97, 357.843, 336.247, 354.955, 355.145, 478.886]] 
RATE (RPS) =====================================: 40

[[379.871, 383.81, 378.554, 364.051, 352.584, 346.358, 344.479, 342.7, 353.071, 1302.208, 709.261, 351.864, 1524.007, 1667.1770000000001, 1734.087, 1172.42, 362.168, 355.661, 335.731, 353.787, 344.863, 346.227, 333.322, 347.445, 354.933]] 
RATE (RPS) =====================================: 35

[[346.689, 332.832, 343.509, 343.282, 340.433, 348.44, 349.809, 348.363, 465.773, 358.037, 416.944, 414.31, 341.525, 342.684, 349.181, 372.712, 342.15, 353.919]] 
RATE (RPS) =====================================: 40

[[339.246, 335.882, 340.094, 360.303, 345.113, 339.225, 340.528, 339.316, 339.669, 341.508, 397.729, 343.086, 334.955, 356.172, 361.618, 365.61, 340.985, 872.654, 1641.123, 1165.205, 350.571, 356.212, 1210.113, 342.416]] 
RATE (RPS) =====================================: 42

[[360.469, 357.894, 353.042, 362.744, 358.069, 494.573, 345.263, 352.998, 371.625, 443.842, 427.959, 526.579, 416.542, 346.857, 398.591, 497.137, 375.674, 367.49, 874.582, 413.508, 364.02, 386.132, 339.889, 367.406, 373.045, 1390.2939999999999, 359.676, 1029.67]] 
RATE (RPS) =====================================: 43

[[339.862, 336.054, 338.759, 349.38, 340.476, 331.727, 346.187, 339.796, 338.745, 345.821, 351.332, 337.205, 1191.591, 1509.886, 340.909, 1647.466, 1679.48, 345.861, 358.399, 347.39, 358.27, 1040.182, 1344.6109999999999, 1308.752, 1675.75, 550.565, 1804.013]] 
RATE (RPS) =====================================: 36

[[480.801, 352.543, 462.77, 352.842, 342.026, 442.929, 364.984, 533.664, 425.747, 415.405, 364.651, 363.758, 393.894, 465.002, 402.472, 365.037, 427.233, 374.347, 369.595, 358.75, 566.335, 1374.121, 1029.125, 348.783, 555.561, 352.363, 338.101, 344.99, 351.629, 366.671, 380.902, 1350.667]] 
RATE (RPS) =====================================: 42

[[354.618, 365.624, 383.817, 377.956, 362.912, 360.21, 386.602, 397.252, 370.895, 372.851, 400.491, 375.538, 385.257, 383.864, 368.124, 374.111, 342.466, 335.706, 333.955, 347.351, 343.753, 348.037, 361.847, 378.202, 1073.797, 393.022, 345.629, 418.102, 379.987, 926.769, 374.564, 1206.244]] 
RATE (RPS) =====================================: 43

[[347.743, 345.191, 358.018, 455.133, 338.117, 351.062, 358.494, 398.508, 358.162, 372.02, 366.787, 364.729, 369.406, 340.646, 1002.24, 1674.719, 1658.15, 353.393, 1027.866, 348.836, 874.777, 1641.507, 336.468, 355.922, 340.657, 370.316, 346.171]] 
RATE (RPS) =====================================: 40

[[452.535, 360.138, 545.242, 456.694, 517.205, 500.925, 407.653, 395.762, 346.561, 357.455, 359.201, 350.041, 372.922, 630.695, 341.783, 383.119, 350.325, 356.906, 344.288, 1038.491, 341.607, 346.309, 347.428, 379.987, 331.06]] 
RATE (RPS) =====================================: 44

[[469.968, 360.452, 526.656, 509.703, 518.482, 360.719, 577.044, 471.941, 467.936, 347.077, 455.501, 371.178, 348.771, 630.263, 344.441, 700.501, 375.675, 363.908, 350.798, 339.964, 685.267, 730.889]] 
RATE (RPS) =====================================: 45

[[384.084, 451.034, 377.084, 356.908, 515.937, 374.056, 342.103, 526.823, 396.847, 578.434, 689.07, 798.765, 384.548, 395.423, 367.068, 1078.157, 941.321, 819.075, 366.364, 338.192, 371.847, 340.19, 1066.959, 356.173]] 
RATE (RPS) =====================================: 43

[[502.758, 346.258, 348.709, 369.377, 550.534, 368.503, 398.477, 617.531, 361.784, 702.232, 353.932, 789.21, 439.284, 360.123, 356.327, 369.016, 398.047, 356.64, 370.353, 364.967, 358.337, 352.997, 374.983, 358.097, 335.448, 338.94, 355.221, 334.487]] 
RATE (RPS) =====================================: 45

[[701.054, 465.725, 581.836, 362.062, 544.506, 343.889, 347.5, 733.86, 527.907, 821.459, 356.75, 919.49, 479.641, 1013.36, 1257.502, 1127.114, 439.358, 363.263, 369.294, 1327.708, 361.504, 1223.261, 1418.32, 346.966, 1504.003, 1710.655, 334.458, 348.511, 1544.519, 345.868, 1765.444, 337.234, 1853.98]] 
RATE (RPS) =====================================: 39

[[346.025, 353.267, 340.818, 472.9, 353.635, 340.685, 462.057, 464.033, 348.786, 423.345, 353.908, 406.632, 360.805, 336.672, 449.55, 351.647, 353.225, 352.806, 345.476, 338.269, 336.754, 335.696, 329.81, 333.11, 330.524, 334.875, 346.212]] 
RATE (RPS) =====================================: 50

[[351.734, 347.922, 365.907, 347.827, 410.397, 386.62, 378.663, 347.414, 362.315, 344.418, 363.526, 370.653, 366.609, 356.894, 373.034, 355.876, 352.352, 390.443, 346.24, 367.259, 372.888, 378.038, 345.668, 341.175, 350.228, 404.411, 351.88, 355.844, 333.257, 335.958]] 
RATE (RPS) =====================================: 50

[[345.513, 364.725, 413.617, 362.03, 353.742, 449.426, 360.715, 380.531, 385.281, 365.494, 346.231, 347.059, 345.752, 344.84, 339.629, 340.781, 334.582, 332.732, 339.871, 340.842, 340.262, 335.782, 338.754, 339.959, 338.628, 357.651, 380.639, 351.373, 353.685, 351.244]] 
RATE (RPS) =====================================: 50

[[406.823, 352.355, 383.05, 361.299, 363.16, 350.978, 352.199, 370.176, 350.403, 374.184, 355.2, 381.038, 382.588, 510.29, 353.036, 401.487, 464.143, 362.336, 337.375, 339.497, 354.169, 364.783, 347.057, 352.682, 359.015, 351.458, 344.061, 366.845, 455.362, 404.883, 394.14, 354.586, 371.923, 347.115, 345.872, 339.304, 341.952]] 
RATE (RPS) =====================================: 50

[[352.434, 388.245, 355.395, 368.792, 351.531, 369.22, 350.504, 342.558, 335.653, 369.056, 377.401, 355.201, 347.964, 355.818, 344.073, 363.595, 364.652, 363.544, 347.332, 355.144, 360.693, 369.959, 365.53, 346.021, 345.421, 358.026, 359.624, 390.345, 370.582, 351.852, 392.445, 347.295, 348.27]] 
RATE (RPS) =====================================: 50

[[406.73, 368.705, 360.804, 391.778, 337.203, 337.524, 340.725, 398.099, 354.125, 351.114, 384.517, 350.668, 412.275, 411.489, 364.951, 365.186, 340.671, 345.923, 351.136, 348.952, 343.646, 344.047, 343.966, 346.12, 381.321, 339.866, 380.487, 354.257, 349.874, 345.52, 335.458, 349.499, 336.794, 462.979]] 
RATE (RPS) =====================================: 50

[[352.964, 342.349, 353.598, 480.51, 372.386, 364.393, 344.548, 361.711, 374.748, 497.832, 376.874, 345.524, 451.225, 554.534, 343.281, 355.894, 347.799, 334.938, 613.256, 339.805, 338.086, 685.963]] 
RATE (RPS) =====================================: 50

[[383.192, 456.954, 364.21, 542.195, 377.131, 619.74, 361.385, 375.885, 671.432, 359.68, 336.312, 332.176, 377.746, 340.132, 697.617, 335.136, 794.575, 336.428, 360.552, 341.827, 822.002, 385.227, 859.725, 356.665, 954.317, 1063.345, 1168.017, 331.578, 1236.941]] 
RATE (RPS) =====================================: 47

[[486.9, 807.748, 695.271, 911.658, 1026.563, 556.686, 1128.018, 447.697, 534.695, 393.054, 1201.2640000000001, 504.908, 1288.251, 354.675, 463.455, 474.706, 384.632, 344.052, 1315.509, 1740.627, 1593.3049999999998, 1454.521, 401.865, 398.126, 375.059, 357.216, 367.205, 347.206, 1848.205, 736.041, 1698.1, 1692.104, 360.732, 356.687, 1892.955, 362.419, 374.574, 356.024]] 
RATE (RPS) =====================================: 38

[[466.381, 353.937, 372.556, 456.617, 338.89, 478.779, 379.419, 369.347, 390.956, 560.835, 342.267, 351.068, 629.749, 706.714, 367.685, 343.398, 787.314, 893.315, 960.763, 1182.607, 413.621, 1034.643, 1217.853, 373.107, 370.726, 343.584, 334.509, 339.572]] 
RATE (RPS) =====================================: 52

[[361.392, 516.648, 388.166, 559.49, 387.964, 354.694, 343.754, 611.066, 389.946, 374.524, 677.077, 361.3, 693.478, 773.874, 403.336, 410.516, 859.295, 372.753, 356.334, 903.571, 1121.903, 417.388, 984.912, 410.568, 379.146, 347.148, 1106.785, 343.656, 1203.846, 338.307, 1232.886, 348.704, 353.818]] 
RATE (RPS) =====================================: 51

[[366.591, 471.072, 368.001, 364.947, 495.77, 370.797, 360.604, 371.642, 392.537, 508.105, 352.002, 356.662, 570.008, 387.274, 376.727, 632.703, 408.973, 357.922, 707.057, 362.7, 717.827, 364.34, 338.39, 342.042, 350.768, 343.959]] 
RATE (RPS) =====================================: 55

[[334.595, 493.117, 603.629, 375.124, 369.512, 393.479, 372.106, 388.144, 344.381, 385.557, 573.407, 383.106, 671.757, 339.842, 339.523, 359.887, 703.184, 868.239, 340.56, 939.304, 359.672, 354.328, 352.868, 962.586, 396.927, 360.542, 337.995, 356.101, 328.719, 357.306, 369.827, 342.672]] 
RATE (RPS) =====================================: 55

[[590.533, 370.556, 462.8, 571.54, 553.314, 550.176, 555.611, 598.335, 492.702, 367.946, 358.631, 1297.551, 1514.2759999999998, 1505.653, 456.005, 358.116, 669.16, 1618.888, 1612.74, 338.638, 1626.78, 341.641, 941.662, 982.418, 352.799, 1079.965, 1186.904, 1298.284, 1540.201, 1553.432, 367.335, 1388.866, 1687.958, 401.034, 1535.1019999999999, 1532.8110000000001, 365.888, 1330.886, 353.163]] 
RATE (RPS) =====================================: 39

[[458.97, 361.281, 355.208, 352.216, 377.448, 363.72, 348.684, 359.642, 350.401, 359.211, 368.577, 460.187, 353.182, 359.608, 365.154, 625.877, 862.606, 465.05, 703.617, 353.441, 903.762, 335.203, 966.147, 341.707, 372.238, 1018.211, 1080.954, 1188.741]] 
RATE (RPS) =====================================: 52

[[467.606, 361.373, 670.686, 529.13, 744.179, 822.647, 1019.021, 876.304, 1245.595, 349.034, 1063.145, 1391.9560000000001, 1247.125, 1615.5529999999999, 1455.279, 367.028, 392.975, 345.219, 355.182, 1634.482, 1778.422, 1891.367]] 
RATE (RPS) =====================================: 45

[[351.335, 368.809, 502.373, 855.166, 595.661, 1289.117, 1047.039, 907.962, 653.853, 353.246, 1053.271, 1264.063, 1477.664, 1329.297, 367.48, 347.423, 1610.7, 344.018, 1479.578, 1700.6950000000002, 1784.612, 360.322, 354.367, 346.403, 2030.322, 1794.8780000000002, 343.013, 2104.668, 1825.955]] 
RATE (RPS) =====================================: 41

[[480.168, 565.78, 639.69, 882.234, 729.416, 984.876, 590.848, 380.254, 1057.883, 397.462, 1117.047, 1194.032, 442.146, 384.581, 348.218, 362.359, 1116.744, 346.529, 1182.122, 359.142, 355.909, 351.667, 361.23, 352.219, 353.619]] 
RATE (RPS) =====================================: 50

[[1369.122, 1506.104, 1364.883, 2117.956, 1458.55, 2058.894, 1424.209, 1422.911, 471.495, 451.343, 1530.529, 477.2, 358.494, 1079.195, 339.872, 702.633, 1358.504, 412.354, 409.726, 690.135, 383.396, 347.314, 761.655, 1151.44, 451.746, 740.951]] 
RATE (RPS) =====================================: 43

[[415.988, 1465.367, 347.892, 379.978, 455.858, 456.524, 837.252, 530.049, 409.907, 1159.143, 379.505, 359.595, 645.817, 1051.257, 506.515, 489.314, 451.357, 1514.076, 1351.82, 515.329, 502.93, 473.551]] 
RATE (RPS) =====================================: 55

[[479.616, 364.192, 390.307, 357.691, 469.68, 553.475, 623.881, 413.811, 341.181, 688.313, 409.839, 858.633, 716.465, 341.61, 893.766, 356.152, 331.97, 334.101, 347.36, 891.531, 337.34, 332.159, 352.284, 935.835, 1025.909]] 
RATE (RPS) =====================================: 59

[[345.606, 487.955, 563.479, 352.672, 656.755, 750.714, 398.996, 353.105, 393.501, 404.916, 710.14, 368.043, 732.537, 821.223, 391.106, 373.695, 850.261, 375.101, 397.187, 363.828, 809.316, 875.055, 367.666, 961.313, 376.284, 338.878]] 
RATE (RPS) =====================================: 60

[[360.294, 478.338, 351.888, 382.582, 363.002, 370.659, 471.959, 526.815, 735.929, 608.317, 407.786, 363.637, 774.601, 391.013, 374.663, 377.094, 428.512, 751.514, 402.246, 841.025, 333.708, 841.435, 989.568, 1092.3220000000001, 345.881, 1167.451]] 
RATE (RPS) =====================================: 58

[[470.736, 562.133, 377.46, 651.971, 348.892, 750.195, 376.548, 361.631, 355.554, 343.231, 596.175, 338.035, 650.395, 383.249, 383.581, 746.763, 356.507, 335.673, 354.614, 337.235, 346.368]] 
RATE (RPS) =====================================: 60

[[463.969, 565.078, 343.524, 608.375, 348.655, 344.969, 648.511, 756.954, 356.922, 851.877, 933.243, 367.446, 348.088, 367.315, 806.368, 371.862, 366.456, 853.652, 356.198, 359.819, 356.747, 374.681, 371.369]] 
RATE (RPS) =====================================: 60

[[360.122, 361.033, 358.193, 474.357, 373.383, 351.152, 347.371, 476.046, 370.141, 552.35, 339.129, 385.945, 538.5, 347.953, 344.98, 338.763, 347.483, 346.075, 345.083, 331.42, 337.141]] 
RATE (RPS) =====================================: 60

[[487.063, 376.841, 348.028, 558.008, 350.819, 614.143, 701.727, 364.079, 766.87, 943.044, 804.098, 402.096, 394.455, 406.289, 362.581, 903.479, 1020.44, 340.313, 1113.968, 1214.137, 1316.334, 373.627, 360.514, 1358.526, 338.842, 346.767, 1412.341, 349.805, 377.46, 1481.877]] 
RATE (RPS) =====================================: 53

[[372.215, 470.872, 467.034, 580.361, 561.719, 645.957, 423.338, 548.744, 731.053, 805.433, 910.786, 473.503, 434.858, 987.968, 425.957, 1087.531, 351.478, 1084.331, 1144.342, 485.809, 1167.52, 374.959, 359.975, 1174.54, 375.506, 340.808, 422.275, 1207.584, 361.207, 362.58, 401.397, 1235.483, 1320.667, 1410.334, 346.459]] 
RATE (RPS) =====================================: 51

[[361.443, 348.983, 454.707, 354.71, 349.082, 549.443, 380.982, 376.512, 369.955, 1727.9769999999999, 340.391, 354.738, 815.931, 355.106, 914.619, 540.107, 339.846, 345.818, 982.887, 1083.519, 389.969, 377.542, 355.931, 357.182, 1085.829, 954.2, 1426.452, 346.436, 343.694, 342.543, 354.081, 908.828, 1053.286, 352.955, 1125.267, 360.731, 1344.817, 1293.588, 1243.82, 347.014, 1172.17, 1167.5529999999999, 1493.336, 1651.608, 346.528, 355.496, 356.287, 1487.518, 364.954, 368.852]] 
RATE (RPS) =====================================: 46

[[456.123, 343.093, 370.591, 358.881, 345.148, 348.58, 385.031, 343.041, 484.224, 588.442, 688.748, 352.798, 341.484, 352.251, 360.311, 359.168, 352.901, 349.599, 730.219, 844.211, 343.833, 385.211, 362.527, 384.982, 371.766, 370.966, 908.365, 765.306, 366.351, 363.724, 356.384, 348.738, 767.409, 858.084, 379.287, 936.088, 333.517, 994.724, 344.888, 332.845, 1093.472]] 
RATE (RPS) =====================================: 64

[[464.949, 383.58, 1509.125, 370.592, 573.117, 348.438, 541.337, 737.661, 522.002, 543.484, 478.692, 772.538, 405.39, 358.519, 448.834, 823.667, 390.233, 358.552, 376.508, 356.897, 404.49, 393.192, 916.519, 351.768, 404.122, 381.402, 366.632, 372.736, 887.883, 386.731, 382.764, 632.28, 468.245, 421.696, 644.185, 381.73, 385.456, 339.069, 335.606, 343.339, 599.265, 340.738, 637.582]] 
RATE (RPS) =====================================: 64

[[347.143, 399.393, 481.115, 357.211, 342.249, 579.386, 377.502, 673.136, 396.158, 395.364, 345.422, 383.616, 366.121, 747.647, 840.51, 364.35, 356.246, 360.612, 352.875, 373.619, 429.666, 413.462, 394.031, 1026.218, 801.245, 383.42, 341.208, 345.712, 404.317, 360.022, 350.376, 734.465, 823.62, 348.58, 392.851, 353.659, 413.07, 843.674, 380.029, 339.756, 388.929, 354.09, 338.399, 356.596]] 
RATE (RPS) =====================================: 64

[[497.403, 353.709, 443.032, 375.594, 380.054, 421.747, 363.128, 498.855, 360.461, 363.3, 361.924, 540.166, 386.998, 386.33, 351.784, 386.321, 384.008, 562.455, 353.612, 363.786, 631.78, 352.974, 699.325, 1031.954, 356.226, 352.485, 719.356, 758.031, 364.336, 807.393, 437.417, 352.816, 368.964, 401.284, 374.513, 353.829, 337.831, 358.393, 350.45, 365.799, 338.607, 341.375, 337.83]] 
RATE (RPS) =====================================: 64

[[358.564, 350.09, 342.933, 358.473, 464.85, 348.581, 568.312, 336.609, 352.71, 358.003, 353.065, 343.199, 349.197, 351.574, 410.507, 370.087, 567.547, 645.094, 366.705, 361.165, 368.267, 365.824, 370.537, 683.296, 397.588, 374.226, 401.448, 672.644, 342.496, 726.602, 371.392, 342.285, 767.191, 339.442, 345.597, 360.481, 350.022, 334.256, 333.718, 341.689]] 
RATE (RPS) =====================================: 65

[[485.357, 480.175, 477.788, 351.628, 352.784, 345.638, 343.402, 436.572, 343.024, 1140.071, 339.798, 355.926, 344.628, 979.009, 363.326, 1670.308, 1650.391, 1559.385, 373.164, 1060.489, 1107.676, 1338.8, 1032.633, 354.787, 1185.493, 1834.9969999999998, 353.365, 513.115, 1316.546, 1777.55, 719.656, 354.528, 1525.3519999999999, 1679.752, 803.896, 1487.519, 1501.547, 363.825, 372.045, 369.819, 1849.624, 356.04, 1899.284, 819.807, 1659.701, 1523.213, 388.89, 865.635, 346.412, 371.702, 351.616, 1887.3690000000001]] 
RATE (RPS) =====================================: 44

[[367.415, 373.376, 361.699, 355.705, 345.989, 351.656, 339.14, 455.821, 679.678, 350.634, 383.686, 362.398, 362.874, 511.733, 735.369, 365.243, 518.836, 489.106, 714.339, 1537.951, 359.608, 487.639, 378.619, 1042.698, 342.456, 1328.8519999999999, 1325.549, 357.618, 351.779, 1941.384, 358.646, 354.738, 1685.277, 1166.524, 342.275, 355.718, 353.313, 347.808, 899.582, 1671.755, 387.111, 899.646, 1300.674, 1732.112, 675.95, 1030.165, 1776.863, 872.276, 1473.934, 864.614, 1648.8809999999999, 1307.882]] 
RATE (RPS) =====================================: 50

[[343.249, 350.334, 344.771, 1303.126, 348.303, 333.188, 356.791, 1122.206, 342.134, 338.535, 1108.134, 332.339, 347.235, 339.684, 1080.044, 350.008, 364.279, 1688.604, 1036.761, 1039.658, 1654.7730000000001, 1030.613, 1169.146, 1161.943, 359.229, 338.734, 347.927, 720.415, 1329.215, 1320.06, 871.612, 1462.363, 352.113, 337.716, 340.397, 371.792, 336.228, 359.552, 367.924, 357.503, 336.359, 344.066, 344.207, 335.151]] 
RATE (RPS) =====================================: 51

[[401.564, 379.585, 349.979, 379.875, 348.237, 350.489, 362.917, 349.157, 380.746, 352.816, 362.952, 1176.159, 345.689, 1660.442, 375.487, 387.053, 392.083, 340.059, 373.099, 364.001, 367.167, 370.724, 421.457, 1347.344, 355.117, 363.404, 355.05, 455.081, 403.823, 351.457, 379.287, 360.062, 361.678, 400.241, 362.96, 351.895, 407.215, 430.727, 422.331, 377.346, 363.484, 364.458, 350.187, 355.496, 406.45, 353.742, 409.179, 354.472, 345.918, 343.796]] 
RATE (RPS) =====================================: 62

[[374.167, 402.983, 364.277, 476.519, 343.445, 418.404, 365.391, 369.049, 383.852, 1054.6, 390.459, 359.276, 391.184, 1070.518, 373.589, 390.889, 1613.9850000000001, 348.367, 378.822, 420.639, 401.936, 493.102, 398.903, 431.798, 424.004, 392.534, 349.654, 364.674, 391.941, 384.806, 353.813, 358.284, 407.42, 395.366, 498.539, 350.987, 343.975, 368.194, 334.837, 344.296]] 
RATE (RPS) =====================================: 62

average response time [0]485.893
average response time [1]334.436
average response time [2]333.32
average response time [3]423.184
average response time [4]333.677
average response time [5]334.078
average response time [6]332.474
average response time [7]408.125
average response time [8]331.884
average response time [9]331.484
TOTAL AVERAGE RESPONSE TIME ====================: 364.8555
NUMBER OF THREADS ==============================: 1
TOTAL AVERAGE RATE (RPS) =====================================: 1.0
average response time [10]340.9135
average response time [11]414.7425
average response time [12]335.882
average response time [13]351.86
average response time [14]419.16200000000003
average response time [15]337.0225
average response time [16]613.442
average response time [17]603.433
average response time [18]607.4380000000001
average response time [19]615.1034999999999
TOTAL AVERAGE RESPONSE TIME ====================: 463.8999
NUMBER OF THREADS ==============================: 2
TOTAL AVERAGE RATE (RPS) =====================================: 2.0
average response time [20]662.47375
average response time [21]677.28575
average response time [22]669.9825
average response time [23]680.87825
average response time [24]686.36675
average response time [25]666.73375
average response time [26]691.2462499999999
average response time [27]664.6235
average response time [28]683.46375
average response time [29]689.948
TOTAL AVERAGE RESPONSE TIME ====================: 677.300225
NUMBER OF THREADS ==============================: 4
TOTAL AVERAGE RATE (RPS) =====================================: 4.0
average response time [30]796.0509999999999
average response time [31]790.931375
average response time [32]818.96325
average response time [33]787.5085
average response time [34]809.8455
average response time [35]783.12125
average response time [36]768.851
average response time [37]781.118875
average response time [38]783.89725
average response time [39]779.35775
TOTAL AVERAGE RESPONSE TIME ====================: 789.964575
NUMBER OF THREADS ==============================: 8
TOTAL AVERAGE RATE (RPS) =====================================: 7.2
average response time [40]1002.9779375
average response time [41]1096.8206874999998
average response time [42]1016.7943125
average response time [43]680.071125
average response time [44]686.9958125
average response time [45]540.8672857142857
average response time [46]502.0832
average response time [47]521.8367777777778
average response time [48]504.359875
average response time [49]494.1166
TOTAL AVERAGE RESPONSE TIME ====================: 704.6923613492064
NUMBER OF THREADS ==============================: 16
TOTAL AVERAGE RATE (RPS) =====================================: 13.3
average response time [50]632.357611111111
average response time [51]838.30545
average response time [52]605.2012352941176
average response time [53]585.4807727272728
average response time [54]507.60433333333333
average response time [55]521.669
average response time [56]522.8977222222222
average response time [57]560.1037368421053
average response time [58]514.9103529411765
average response time [59]559.1274666666667
TOTAL AVERAGE RESPONSE TIME ====================: 584.7657681138005
NUMBER OF THREADS ==============================: 32
TOTAL AVERAGE RATE (RPS) =====================================: 31.0
average response time [60]519.6543333333333
average response time [61]614.1720952380953
average response time [62]695.4375238095238
average response time [63]665.6964210526315
average response time [64]513.1054666666666
average response time [65]540.3743333333333
average response time [66]919.4110714285714
average response time [67]522.5511666666666
average response time [68]580.9048571428572
average response time [69]539.98075
TOTAL AVERAGE RESPONSE TIME ====================: 611.1288018671678
NUMBER OF THREADS ==============================: 33
TOTAL AVERAGE RATE (RPS) =====================================: 32.3
average response time [70]512.396
average response time [71]608.2217619047619
average response time [72]510.65015384615384
average response time [73]511.713
average response time [74]512.2311875
average response time [75]531.2873333333333
average response time [76]513.4682222222223
average response time [77]716.3458
average response time [78]525.8795625
average response time [79]792.6388181818182
TOTAL AVERAGE RESPONSE TIME ====================: 573.483183948829
NUMBER OF THREADS ==============================: 34
TOTAL AVERAGE RATE (RPS) =====================================: 33.3
average response time [80]1159.8734
average response time [81]571.8366428571428
average response time [82]502.83292307692307
average response time [83]664.4134285714285
average response time [84]517.2061818181818
average response time [85]507.5995
average response time [86]503.0486
average response time [87]501.0735
average response time [88]512.7032727272727
average response time [89]532.0544
TOTAL AVERAGE RESPONSE TIME ====================: 597.2641849050949
NUMBER OF THREADS ==============================: 35
TOTAL AVERAGE RATE (RPS) =====================================: 34.2
average response time [90]525.443
average response time [91]509.6351818181818
average response time [92]520.4097333333333
average response time [93]509.4393333333333
average response time [94]516.4565
average response time [95]516.6472222222222
average response time [96]485.66833333333335
average response time [97]365.51575
average response time [98]366.15883333333335
average response time [99]357.22906666666665
TOTAL AVERAGE RESPONSE TIME ====================: 467.26029540404045
NUMBER OF THREADS ==============================: 36
TOTAL AVERAGE RATE (RPS) =====================================: 36.0
average response time [100]360.59416666666664
average response time [101]350.963625
average response time [102]342.6406666666667
average response time [103]371.2607142857143
average response time [104]337.3456
average response time [105]355.1476666666667
average response time [106]361.78515384615383
average response time [107]360.15616666666665
average response time [108]359.7529230769231
average response time [109]344.61405882352943
TOTAL AVERAGE RESPONSE TIME ====================: 354.4260741698987
NUMBER OF THREADS ==============================: 37
TOTAL AVERAGE RATE (RPS) =====================================: 37.0
average response time [110]512.84628
average response time [111]587.9902857142857
average response time [112]367.889
average response time [113]358.0707619047619
average response time [114]579.1271034482759
average response time [115]355.20727999999997
average response time [116]585.8103
average response time [117]512.8033478260869
average response time [118]888.5007741935484
average response time [119]658.6775909090909
TOTAL AVERAGE RESPONSE TIME ====================: 540.692272399605
NUMBER OF THREADS ==============================: 38
TOTAL AVERAGE RATE (RPS) =====================================: 33.8
average response time [120]488.69934482758623
average response time [121]441.54775
average response time [122]470.28679310344825
average response time [123]739.2657666666667
average response time [124]420.11782608695654
average response time [125]377.57558620689656
average response time [126]474.3385
average response time [127]460.5179642857143
average response time [128]780.6650833333333
average response time [129]366.62290476190475
TOTAL AVERAGE RESPONSE TIME ====================: 501.96375192725054
NUMBER OF THREADS ==============================: 39
TOTAL AVERAGE RATE (RPS) =====================================: 35.9
average response time [130]366.22434782608696
average response time [131]491.06287096774196
average response time [132]664.5211481481482
average response time [133]506.9936785714286
average response time [134]639.3128571428572
average response time [135]441.1210344827586
average response time [136]376.26029166666666
average response time [137]358.05244444444446
average response time [138]593.62556
average response time [139]361.69955555555555
TOTAL AVERAGE RESPONSE TIME ====================: 479.88737888056886
NUMBER OF THREADS ==============================: 40
TOTAL AVERAGE RATE (RPS) =====================================: 37.4
average response time [140]494.138875
average response time [141]466.27035714285716
average response time [142]725.8692222222222
average response time [143]481.8030625
average response time [144]435.29853125
average response time [145]572.4088148148148
average response time [146]424.57328
average response time [147]468.5060909090909
average response time [148]525.6859166666667
average response time [149]411.8775714285714
TOTAL AVERAGE RESPONSE TIME ====================: 500.6431721934223
NUMBER OF THREADS ==============================: 45
TOTAL AVERAGE RATE (RPS) =====================================: 42.3
average response time [150]793.2727575757576
average response time [151]366.72303703703705
average response time [152]361.84833333333336
average response time [153]356.04566666666665
average response time [154]371.5357837837838
average response time [155]359.5204545454545
average response time [156]362.8355588235294
average response time [157]406.0099090909091
average response time [158]549.7283448275862
average response time [159]790.334552631579
TOTAL AVERAGE RESPONSE TIME ====================: 471.7854398315637
NUMBER OF THREADS ==============================: 50
TOTAL AVERAGE RATE (RPS) =====================================: 47.4
average response time [160]541.4361428571428
average response time [161]566.3104545454546
average response time [162]424.5930769230769
average response time [163]451.812375
average response time [164]890.0076923076923
average response time [165]528.9658214285714
average response time [166]937.4230909090909
average response time [167]994.5962068965517
average response time [168]613.447
average response time [169]955.4081153846154
TOTAL AVERAGE RESPONSE TIME ====================: 690.3999976252196
NUMBER OF THREADS ==============================: 55
TOTAL AVERAGE RATE (RPS) =====================================: 48.3
average response time [170]668.1374545454545
average response time [171]525.88404
average response time [172]531.5127692307692
average response time [173]558.9322692307692
average response time [174]448.90219047619047
average response time [175]500.95991304347825
average response time [176]382.22
average response time [177]672.9523666666666
average response time [178]681.5595142857143
average response time [179]689.50446
TOTAL AVERAGE RESPONSE TIME ====================: 566.0564977479042
NUMBER OF THREADS ==============================: 60
TOTAL AVERAGE RATE (RPS) =====================================: 56.2
average response time [180]490.8124634146341
average response time [181]500.9661627906977
average response time [182]458.1152272727273
average response time [183]440.1775581395349
average response time [184]413.65665
average response time [185]880.09725
average response time [186]757.3960384615384
average response time [187]654.9641136363637
average response time [188]434.47874
average response time [189]451.98695
TOTAL AVERAGE RESPONSE TIME ====================: 548.2651153715497
NUMBER OF THREADS ==============================: 65
TOTAL AVERAGE RATE (RPS) =====================================: 59.0
average response time sent to Stackdriver [0]662.47375
average response time sent to Stackdriver [1]818.96325
average response time sent to Stackdriver [2]1096.8206874999998
average response time sent to Stackdriver [3]838.30545
average response time sent to Stackdriver [4]614.1720952380953
average response time sent to Stackdriver [5]539.98075
average response time sent to Stackdriver [6]525.8795625
average response time sent to Stackdriver [7]501.0735
average response time sent to Stackdriver [8]360.59416666666664
average response time sent to Stackdriver [9]587.9902857142857
average response time sent to Stackdriver [10]888.5007741935484
average response time sent to Stackdriver [11]420.11782608695654
average response time sent to Stackdriver [12]491.06287096774196
average response time sent to Stackdriver [13]593.62556
average response time sent to Stackdriver [14]435.29853125
average response time sent to Stackdriver [15]366.72303703703705
average response time sent to Stackdriver [16]790.334552631579
average response time sent to Stackdriver [17]528.9658214285714
average response time sent to Stackdriver [18]668.1374545454545
average response time sent to Stackdriver [19]382.22
average response time sent to Stackdriver [20]458.1152272727273
average response time sent to Stackdriver [21]654.9641136363637
NUMBER OF THREADS: [1, 2, 4, 8, 16, 32, 33, 34, 35, 36, 37, 38, 39, 40, 45, 50, 55, 60, 65]
WORKLOAD: HFU_HV;  
DATA COLLECTOR SETTING: CONTROLLED BY PAL FRAMEWORK;  
TOTAL EXECUTION TIME (Concurrent Parallel Requests): 230437.108
NUMBER OF REPLICAS: 7

