[[416.113]] 
RATE (RPS) =====================================: 1

[[380.947]] 
RATE (RPS) =====================================: 1

[[387.296]] 
RATE (RPS) =====================================: 1

[[382.11]] 
RATE (RPS) =====================================: 1

[[383.382]] 
RATE (RPS) =====================================: 1

[[394.574]] 
RATE (RPS) =====================================: 1

[[389.365]] 
RATE (RPS) =====================================: 1

[[381.707]] 
RATE (RPS) =====================================: 1

[[391.572]] 
RATE (RPS) =====================================: 1

[[397.533]] 
RATE (RPS) =====================================: 1

[[419.334, 450.57]] 
RATE (RPS) =====================================: 2

[[430.277, 384.567]] 
RATE (RPS) =====================================: 2

[[451.194, 390.34]] 
RATE (RPS) =====================================: 2

[[384.049, 424.549]] 
RATE (RPS) =====================================: 2

[[433.022, 388.74]] 
RATE (RPS) =====================================: 2

[[389.533, 437.887]] 
RATE (RPS) =====================================: 2

[[434.611, 388.74]] 
RATE (RPS) =====================================: 2

[[383.367, 421.667]] 
RATE (RPS) =====================================: 2

[[462.949, 426.045]] 
RATE (RPS) =====================================: 2

[[440.603, 383.046]] 
RATE (RPS) =====================================: 2

[[556.67, 388.722, 428.454, 470.817]] 
RATE (RPS) =====================================: 4

[[431.912, 382.636, 465.287, 484.425]] 
RATE (RPS) =====================================: 4

[[382.797, 493.811, 434.652, 520.748]] 
RATE (RPS) =====================================: 4

[[399.423, 452.723, 526.223, 466.743]] 
RATE (RPS) =====================================: 4

[[455.858, 409.014, 527.208, 569.285]] 
RATE (RPS) =====================================: 4

[[389.449, 432.637, 472.082, 506.353]] 
RATE (RPS) =====================================: 4

[[408.142, 460.218, 497.433, 534.04]] 
RATE (RPS) =====================================: 4

[[379.995, 426.415, 462.557, 492.344]] 
RATE (RPS) =====================================: 4

[[390.122, 430.101, 511.071, 458.431]] 
RATE (RPS) =====================================: 4

[[386.022, 434.757, 458.965, 498.351]] 
RATE (RPS) =====================================: 4

[[434.032, 390.45, 622.148, 462.872, 532.768, 644.757, 678.837, 708.361]] 
RATE (RPS) =====================================: 8

[[516.614, 397.326, 426.57, 581.541, 526.928, 610.487, 697.63, 645.217]] 
RATE (RPS) =====================================: 8

[[480.772, 392.133, 422.486, 610.226, 528.949, 640.592, 670.006, 709.953]] 
RATE (RPS) =====================================: 8

[[408.018, 451.362, 485.255, 571.438, 509.069, 632.556, 586.399, 670.729]] 
RATE (RPS) =====================================: 8

[[543.643, 453.409, 394.085, 466.328, 545.41, 599.265, 695.55, 642.482]] 
RATE (RPS) =====================================: 8

[[387.823, 479.838, 424.5, 552.965, 499.41, 627.481, 564.478, 650.425]] 
RATE (RPS) =====================================: 8

[[2722.2309999999998, 1615.623, 447.53, 798.878, 520.963, 692.156, 550.059, 727.368]] 
RATE (RPS) =====================================: 6

[[1298.717, 610.691, 606.673, 472.971, 589.113, 603.659, 1293.248, 1462.292]] 
RATE (RPS) =====================================: 5

[[381.597, 524.694, 427.187, 603.002, 456.586, 536.602, 673.312, 606.148]] 
RATE (RPS) =====================================: 8

[[628.503, 382.171, 422.316, 466.623, 519.225, 652.255, 689.611, 729.454]] 
RATE (RPS) =====================================: 8

[[434.935, 491.573, 523.426, 1249.113, 597.155, 679.72, 626.844, 738.167, 835.939, 785.252, 869.529, 910.618, 992.049, 1040.653, 1080.758, 1119.396]] 
RATE (RPS) =====================================: 12

[[449.35, 395.86, 514.565, 557.789, 643.816, 593.482, 668.111, 745.66, 697.613, 978.248, 826.211, 764.424, 892.749, 839.531, 973.924, 1014.447]] 
RATE (RPS) =====================================: 15

[[448.511, 519.768, 557.351, 597.624, 634.602, 669.68, 712.704, 754.556, 779.602, 981.674, 866.809, 809.055, 913.301, 1005.17, 1093.867, 1032.844]] 
RATE (RPS) =====================================: 13

[[382.902, 425.791, 504.574, 457.412, 541.706, 613.16, 560.657, 632.562, 681.285, 724.946, 760.189, 790.388, 824.88, 866.063, 902.649, 942.749]] 
RATE (RPS) =====================================: 16

[[506.257, 457.908, 399.223, 566.65, 509.116, 583.141, 621.808, 663.465, 847.682, 698.788, 784.109, 718.063, 980.366, 842.949, 1132.666, 1183.884]] 
RATE (RPS) =====================================: 14

[[440.732, 391.719, 471.112, 510.285, 540.729, 575.094, 615.546, 687.886, 766.92, 720.019, 792.954, 825.967, 861.194, 941.481, 879.038, 963.39]] 
RATE (RPS) =====================================: 16

[[429.719, 485.822, 633.432, 498.48, 524.726, 751.424, 666.473, 778.609, 810.138, 848.69, 890.812, 923.245, 998.66, 1045.006, 941.479, 1076.361]] 
RATE (RPS) =====================================: 14

[[486.952, 425.232, 518.872, 637.168, 581.764, 531.816, 660.918, 704.044, 732.307, 867.401, 765.706, 808.137, 1000.634, 891.416, 932.721, 1008.208]] 
RATE (RPS) =====================================: 14

[[435.075, 388.097, 454.705, 535.486, 485.307, 656.774, 554.545, 592.147, 664.764, 764.986, 695.248, 796.986, 944.207, 856.985, 1021.2, 964.376]] 
RATE (RPS) =====================================: 15

[[455.653, 402.669, 548.318, 469.849, 569.517, 618.274, 675.859, 718.955, 821.324, 759.498, 874.369, 912.903, 985.849, 1051.17, 1090.195, 1131.35]] 
RATE (RPS) =====================================: 13

[[405.497, 447.644, 477.138, 526.327, 608.015, 554.531, 664.623, 993.648, 700.606, 930.724, 765.869, 834.159, 1003.771, 1069.949, 1021.993, 1103.467, 1139.238, 1168.965, 1297.104, 1166.712, 1213.583, 1339.086, 1287.729, 1425.625, 1373.6, 1452.629, 1497.243, 1553.7759999999998, 1638.0, 1688.279, 1726.258, 1757.089]] 
RATE (RPS) =====================================: 12

[[388.587, 428.187, 466.846, 514.116, 553.227, 691.355, 585.605, 625.967, 854.473, 761.969, 882.642, 790.124, 914.174, 952.77, 994.901, 1037.382, 1122.451, 1062.145, 1202.913, 1151.19, 1243.933, 1424.074, 1373.219, 1263.241, 1450.3980000000001, 1307.49, 1532.705, 1489.683, 1708.118, 1608.8490000000002, 1782.516, 1730.779]] 
RATE (RPS) =====================================: 15

[[415.399, 504.49, 448.1, 622.791, 526.65, 559.46, 620.752, 754.388, 692.811, 836.323, 779.377, 1097.378, 902.427, 852.311, 942.535, 983.457, 1025.291, 1341.772, 1154.23, 1243.24, 1375.034, 1413.77, 1500.003, 1448.575, 1687.825, 1547.5520000000001, 1769.741, 1901.483, 1846.524, 1937.4479999999999, 1998.251, 2008.529]] 
RATE (RPS) =====================================: 15

[[480.297, 472.432, 518.938, 564.84, 604.646, 639.47, 672.207, 707.875, 751.689, 788.018, 835.105, 870.494, 911.383, 948.777, 1006.387, 1041.484, 1176.885, 1121.06, 1066.955, 1224.519, 1362.474, 1494.694, 1898.107, 1433.72, 1558.51, 1741.038, 1767.473, 1585.212, 1797.566, 1609.395, 1637.7469999999998, 1448.712]] 
RATE (RPS) =====================================: 14

[[511.882, 430.861, 573.348, 518.613, 599.972, 638.429, 681.899, 709.868, 740.924, 694.383, 809.736, 755.081, 900.023, 851.944, 928.357, 848.745, 978.681, 906.068]] 
RATE (RPS) =====================================: 32

[[390.989, 432.392, 468.827, 501.326, 538.191, 571.401, 590.209, 639.861, 667.951, 708.243, 733.212, 765.818, 801.46, 835.369, 872.119, 977.3, 888.684, 1048.795, 1111.816, 1125.819]] 
RATE (RPS) =====================================: 29

[[390.138, 417.565, 433.67, 459.206, 490.497, 522.294, 581.559, 654.334, 689.163, 724.691, 750.882, 789.803, 829.048, 861.956, 892.85, 980.741, 911.834, 968.567]] 
RATE (RPS) =====================================: 32

[[441.171, 485.537, 503.085, 536.609, 571.449, 582.005, 612.002, 692.241, 647.473, 722.072, 756.788, 792.03, 849.076, 776.224, 833.944, 868.254, 890.308]] 
RATE (RPS) =====================================: 32

[[402.363, 470.923, 408.879, 488.883, 522.736, 558.0, 592.666, 594.429, 609.186, 627.093, 692.642, 644.527, 707.4, 744.973, 747.449, 788.49]] 
RATE (RPS) =====================================: 32

[[403.897, 440.52, 436.853, 482.7, 493.993, 518.008, 551.518, 621.567, 658.096, 690.007, 717.731, 752.986, 800.778, 831.228, 884.543]] 
RATE (RPS) =====================================: 32

[[466.767, 414.47, 494.562, 549.413, 563.402, 619.865, 626.93, 648.093, 683.638, 717.474, 757.766, 802.737, 865.289, 923.454, 955.693, 981.267, 976.088, 1013.219, 1030.955, 1062.858, 1102.884, 1107.065, 1130.614, 1144.334, 1254.161, 1172.3899999999999, 1225.391, 1300.902, 1238.307, 1301.616, 1376.915, 1306.186, 1424.281, 1484.07, 1490.417, 1506.411, 1575.047, 1518.779]] 
RATE (RPS) =====================================: 43

[[413.866, 438.736, 465.872, 478.372, 655.971, 497.58, 636.983, 672.025, 749.951, 688.442, 826.09, 759.1, 780.897, 891.184, 796.841, 922.441, 803.477, 947.557, 962.111, 979.651, 977.722, 970.018, 985.829, 1083.696, 980.227, 1147.636, 1173.507, 1205.49, 1287.19, 1237.6109999999999, 1255.401]] 
RATE (RPS) =====================================: 57

[[413.685, 426.649, 468.158, 513.664, 573.104, 651.866, 733.337, 911.36, 759.863, 658.619, 782.927, 798.095, 881.373, 913.853, 932.571, 980.694, 925.944, 988.101, 922.05, 999.976, 1037.856, 1084.3220000000001, 1153.695, 1377.355, 1240.176, 1188.278, 1260.984, 1276.9189999999999, 1399.964, 1353.354, 1439.0520000000001, 1431.358, 1446.175, 1439.153, 1473.888]] 
RATE (RPS) =====================================: 49

[[487.466, 422.936, 445.69, 493.845, 516.686, 548.001, 517.213, 546.244, 565.89, 600.836, 639.36, 666.283, 667.571, 750.022, 690.773, 817.024, 762.574, 841.624, 870.964, 930.837, 1022.64, 967.465, 1031.99, 1063.034, 1093.983, 1131.772, 1165.651, 1170.4470000000001, 1182.001, 1214.1109999999999, 1248.239, 1265.8029999999999]] 
RATE (RPS) =====================================: 53

[[444.881, 487.841, 533.493, 561.296, 582.227, 595.046, 606.113, 623.887, 656.186, 674.041, 704.25, 711.881, 777.064, 798.544, 828.163, 871.691, 910.813, 949.96, 983.57, 1033.632, 1102.245, 1182.336, 1255.646, 1178.8899999999999, 1248.675, 1241.79, 1317.336, 1248.613, 1326.254, 1335.024, 1410.498, 1360.587]] 
RATE (RPS) =====================================: 51

[[483.362, 423.512, 498.941, 487.558, 519.634, 563.253, 510.032, 585.325, 723.931, 662.233, 614.648, 755.612, 843.844, 797.061, 876.522, 820.924, 878.331, 912.897, 969.356, 1003.216, 1000.013, 1024.239, 1060.831, 1140.931, 1085.08, 1154.063, 1219.893, 1141.871, 1213.202, 1350.1390000000001, 1233.187, 1364.047, 1265.557, 1380.693, 1420.258, 1429.269]] 
RATE (RPS) =====================================: 47

[[405.932, 423.331, 552.114, 471.361, 510.136, 518.05, 508.419, 563.929, 517.275, 586.393, 636.766, 681.045, 572.74, 723.81, 674.462, 770.533, 794.24, 816.79, 842.042, 915.377, 953.164, 851.153, 955.594, 997.373, 948.246, 1039.471, 979.195, 1047.545, 1092.021]] 
RATE (RPS) =====================================: 61

[[508.268, 536.77, 568.324, 605.086, 631.048, 644.048, 696.991, 736.902, 758.999, 800.553, 820.757, 835.508, 953.879, 907.922, 970.304, 823.599, 978.266, 886.01, 1035.341, 922.991, 949.036, 984.277, 963.047, 970.817, 954.868, 982.102, 1059.649, 1016.792, 1072.551, 1136.201, 1058.852]] 
RATE (RPS) =====================================: 58

[[429.772, 439.814, 469.7, 467.765, 517.662, 530.84, 580.582, 580.654, 663.133, 587.425, 638.952, 694.239, 710.709, 729.14, 634.621, 715.111, 738.299, 743.597, 768.473, 842.934, 919.025, 941.259, 980.956, 1000.253, 1036.44, 1085.716, 1040.305]] 
RATE (RPS) =====================================: 60

[[414.089, 421.562, 458.785, 492.236, 602.483, 559.018, 639.287, 667.592, 795.951, 695.746, 729.266, 790.723, 814.298, 897.166, 818.828, 898.723, 1000.145, 952.457, 1028.459, 1068.768, 1104.042, 1139.817, 1262.1309999999999, 1171.95, 1331.065, 1473.583, 1375.542, 1477.599, 1504.854, 1538.467, 1642.1309999999999, 1575.8, 1665.517, 1693.462, 1702.511, 1730.134, 1751.449]] 
RATE (RPS) =====================================: 44

[[381.695, 421.615, 467.096, 529.347, 433.113, 465.204, 531.787, 572.205, 697.072, 591.758, 631.069, 732.278, 756.115, 786.953, 830.175, 902.721, 972.835, 1003.657, 1120.907, 1028.778, 1065.579, 1140.221, 1165.604, 1204.184, 1226.617, 1252.034, 1266.9279999999999, 1304.622, 1325.576]] 
RATE (RPS) =====================================: 53

[[431.122, 457.658, 520.024, 556.017, 592.952, 633.142, 590.372, 611.136, 643.916, 700.067, 712.157, 727.817, 794.488, 739.514, 816.843, 787.89]] 
RATE (RPS) =====================================: 65

[[409.511, 460.755, 501.482, 513.984, 540.19, 571.568, 658.428, 601.792, 680.887, 688.138, 709.516, 737.867, 756.225, 791.25, 825.149, 685.813]] 
RATE (RPS) =====================================: 65

[[432.026, 462.306, 473.959, 477.984, 511.18, 550.717, 581.675, 612.456, 648.838, 731.246, 747.121, 763.128, 673.051, 717.151, 728.115]] 
RATE (RPS) =====================================: 65

[[409.432, 435.613, 464.028, 414.484, 401.767, 444.192, 460.098, 459.613, 489.52, 495.061, 434.798, 479.944, 532.736, 472.791, 509.171, 475.915]] 
RATE (RPS) =====================================: 65

[[455.304, 392.098, 519.108, 532.124, 521.846, 557.425, 599.98, 589.432, 589.212, 583.896, 609.389, 610.445, 653.332, 603.444, 679.266, 618.366, 621.964, 659.095, 607.815]] 
RATE (RPS) =====================================: 65

[[438.382, 404.975, 435.705, 475.77, 415.1, 477.325, 418.461, 503.615, 453.385, 529.598, 562.09, 427.855, 525.788, 590.041, 622.566, 402.971, 445.322, 582.832, 488.575, 511.845, 572.275, 514.877, 529.093, 523.076, 475.661, 493.13, 548.051]] 
RATE (RPS) =====================================: 65

[[425.82, 441.489, 466.526, 530.032, 473.053, 521.829, 560.902, 601.283, 626.843, 669.072, 511.496, 542.655, 539.531, 745.983, 502.481, 480.888, 537.913, 550.397, 575.389, 544.256, 405.474, 446.79, 558.287, 453.96, 560.611, 558.276, 419.558, 450.083, 486.069, 513.94, 511.884, 449.532]] 
RATE (RPS) =====================================: 65

[[441.925, 431.14, 482.898, 580.974, 536.169, 427.042, 546.985, 576.285, 588.949, 618.465, 456.718, 588.266, 673.245, 623.745, 425.364, 484.915, 424.502, 497.37, 700.883, 601.014, 530.034, 611.524, 495.053, 669.561, 476.347, 451.268, 599.142, 450.867, 477.071, 583.508, 613.832, 636.81, 457.996, 671.521]] 
RATE (RPS) =====================================: 65

[[378.014, 411.042, 404.506, 432.876, 461.076, 540.617, 452.377, 558.643, 484.257, 570.059, 610.108, 667.112, 482.808, 676.41, 478.489, 563.589, 502.041, 575.09, 548.756, 586.517, 543.916, 579.97, 552.047, 593.847, 619.591, 542.013, 581.798, 661.265, 603.151, 658.693, 731.635, 688.197, 719.063, 734.207, 693.717, 704.146, 737.143]] 
RATE (RPS) =====================================: 65

[[385.497, 419.216, 433.66, 463.55, 431.862, 486.368, 429.062, 494.77, 410.019, 517.057, 449.87, 495.3, 528.822, 626.975, 534.948, 519.141, 591.35, 573.927, 564.487, 556.044, 592.555, 556.273, 559.484, 545.718, 542.604, 548.045, 553.669, 552.832, 557.808, 540.596, 573.973, 607.789, 638.966, 467.389, 478.032]] 
RATE (RPS) =====================================: 66

[[427.126, 439.078, 475.984, 414.378, 454.563, 475.038, 477.701, 498.911, 527.051, 484.268, 507.167, 545.883, 534.595, 566.636, 567.328, 561.652, 544.62, 550.366, 531.693, 590.142, 533.016, 532.533, 645.688, 584.118, 721.79, 510.595, 629.411, 689.08, 494.622, 706.599, 484.419, 702.782, 690.183, 765.925, 830.394, 852.248, 425.934, 886.138, 423.414]] 
RATE (RPS) =====================================: 66

[[418.475, 443.519, 413.017, 445.478, 444.903, 417.666, 443.176, 480.641, 527.44, 422.724, 444.358, 525.873, 537.223, 425.038, 610.965, 708.559, 426.179, 485.488, 442.213, 496.96, 641.263, 587.676, 661.649, 696.485, 721.299, 404.232, 404.082, 413.017, 414.545, 605.675, 398.432, 425.644]] 
RATE (RPS) =====================================: 66

[[511.749, 453.088, 413.667, 486.767, 548.959, 559.816, 443.402, 413.23, 593.438, 468.743, 591.777, 604.837, 631.141, 460.692, 607.43, 685.106, 624.833, 470.306, 537.667, 663.22, 569.776, 605.804, 628.226, 734.534, 683.686, 646.501, 605.281, 586.407, 587.914, 588.167, 621.999, 515.356, 652.094, 541.842, 576.999]] 
RATE (RPS) =====================================: 66

[[402.592, 418.075, 416.239, 438.227, 466.19, 521.366, 532.147, 472.435, 399.54, 452.913, 464.218, 499.079, 429.104, 425.9, 475.58, 399.568, 456.852, 412.854, 495.82, 462.384, 490.376, 512.579, 486.451, 508.837, 454.581, 499.412, 524.716, 425.8, 539.428, 486.152, 415.139]] 
RATE (RPS) =====================================: 66

[[458.287, 410.069, 493.362, 418.901, 516.887, 457.044, 526.34, 453.444, 562.667, 438.34, 448.523, 551.739, 476.693, 562.722, 601.687, 674.423, 603.211, 429.954, 628.341, 421.147, 480.706, 427.499, 562.064, 574.43, 437.367, 686.437, 592.685, 615.678, 657.765, 408.847, 646.657, 415.897, 686.157]] 
RATE (RPS) =====================================: 66

[[384.905, 390.721, 428.767, 449.669, 471.955, 410.279, 484.7, 428.143, 461.323, 504.236, 542.848, 560.361, 519.004, 410.702, 517.104, 488.295, 534.623, 532.979, 437.647, 537.6, 577.221, 610.547, 445.074, 625.717, 642.538, 421.288, 654.72, 430.447, 470.25, 676.822, 695.684, 422.383, 514.454, 449.338, 686.57]] 
RATE (RPS) =====================================: 66

[[416.268, 416.337, 499.562, 485.959, 461.259, 1433.995, 579.564, 504.678, 564.138, 517.388, 534.546, 549.041, 554.319, 411.812, 593.192, 663.046, 579.044, 708.705, 619.01, 686.206, 702.068, 674.023, 710.732, 748.416, 688.482, 697.292, 638.553, 645.646, 638.006, 582.338, 639.554, 592.993, 685.251, 626.827, 697.301, 707.482]] 
RATE (RPS) =====================================: 65

[[389.85, 417.899, 440.575, 432.545, 386.411, 457.627, 498.511, 427.243, 469.219, 506.708, 500.894, 537.16, 494.265, 572.228, 504.795, 550.948, 574.531, 490.984, 590.47, 625.194, 506.814, 701.185, 727.385, 613.174, 553.243, 437.508, 445.598, 644.847, 690.663, 697.488, 457.462, 681.404, 719.81, 780.05, 476.102, 431.949, 811.849, 464.494, 502.201, 864.499, 800.817, 861.59, 460.065, 532.358]] 
RATE (RPS) =====================================: 66

[[432.721, 394.358, 464.935, 459.124, 416.11, 534.182, 487.555, 576.621, 457.049, 614.704, 640.45, 496.264, 511.932, 651.344, 550.885, 601.926, 616.077, 560.042, 651.832, 587.468, 584.838, 596.945, 630.369, 630.207, 666.61, 697.746, 618.938, 604.352, 637.673, 623.715, 645.802, 649.04, 682.186, 663.209, 707.537, 731.604, 746.063, 773.275, 585.436, 612.471, 755.416]] 
RATE (RPS) =====================================: 66

[[460.939, 400.619, 497.608, 508.167, 546.686, 569.255, 602.989, 630.657, 663.852, 396.972, 436.637, 649.592, 689.927, 776.963, 699.051, 783.58, 780.997, 812.955, 821.634, 854.78, 421.522, 796.502, 427.924, 858.909, 865.359, 845.285, 394.215]] 
RATE (RPS) =====================================: 67

[[435.132, 420.573, 533.775, 443.526, 448.874, 447.881, 428.959, 482.679, 454.048, 522.795, 523.264, 544.389, 573.559, 584.402, 473.22, 580.362, 502.809, 592.306, 488.793, 562.514, 633.295, 581.25, 436.687, 649.521, 681.05, 433.634, 509.56, 443.713, 642.383, 649.921, 467.593, 675.433, 468.006, 482.307, 629.791, 434.95, 608.412, 454.098]] 
RATE (RPS) =====================================: 67

[[395.356, 444.231, 480.697, 420.647, 477.38, 577.645, 452.651, 509.415, 573.363, 568.532, 416.824, 564.879, 592.985, 635.299, 635.556, 415.159, 481.704, 437.922, 487.445, 431.997, 504.794, 557.031, 497.247, 416.747, 534.75, 578.103, 415.67, 526.444, 711.547, 641.597, 537.942, 388.454, 563.971, 596.854, 651.768, 601.853, 613.466]] 
RATE (RPS) =====================================: 67

[[408.958, 428.38, 442.141, 455.987, 473.981, 430.746, 435.67, 412.226, 430.351, 412.862, 472.477, 503.753, 412.346, 394.171, 426.441, 420.724, 407.178, 415.778, 440.899, 475.538, 515.902, 549.305, 380.613, 423.999, 559.694, 440.588, 467.563]] 
RATE (RPS) =====================================: 67

[[407.966, 406.359, 456.148, 460.374, 544.822, 444.977, 610.88, 612.935, 483.655, 493.046, 514.563, 556.905, 588.659, 455.491, 531.72, 419.78, 453.795, 512.245, 468.985, 509.849, 466.078, 465.169, 484.632, 481.812, 516.929, 596.098, 524.929, 608.621, 423.113, 632.077, 439.297, 493.45, 631.067, 663.726, 688.602, 750.102, 820.449]] 
RATE (RPS) =====================================: 67

[[451.421, 420.862, 502.449, 420.834, 479.053, 496.095, 528.858, 412.154, 435.033, 474.951, 524.962, 552.732, 459.115, 542.438, 459.85, 531.534, 466.656, 542.287, 505.963, 429.22, 562.349, 543.15, 605.475, 557.938, 609.494, 624.886, 646.938, 467.169, 609.325, 475.86, 486.73, 476.093, 465.874, 537.185, 478.852]] 
RATE (RPS) =====================================: 67

[[396.437, 440.426, 414.82, 485.528, 470.562, 494.508, 458.319, 500.614, 509.229, 536.499, 520.388, 566.42, 533.927, 575.606, 586.355, 602.512, 613.528, 586.438, 625.012, 449.107, 475.056, 461.811, 490.523, 518.617, 537.242, 451.055, 477.816, 481.869, 431.279, 491.155, 525.171, 424.789, 555.383, 480.372, 411.372, 535.566]] 
RATE (RPS) =====================================: 67

[[397.194, 399.62, 431.99, 403.08, 423.567, 476.713, 431.619, 437.934, 468.502, 479.61, 496.922, 498.758, 541.729, 547.99, 492.461, 507.194, 536.152, 561.115, 618.456, 652.025, 450.821, 656.878, 459.947, 534.727, 607.881, 624.597, 462.531]] 
RATE (RPS) =====================================: 67

[[418.965, 415.3, 444.874, 505.338, 526.314, 424.078, 475.583, 423.179, 455.717, 501.534, 490.627, 613.558, 473.162, 468.304, 480.661, 460.984, 500.832, 532.363, 417.268, 535.749, 587.629, 399.589, 437.759, 613.534, 746.971, 696.239, 632.353, 768.514, 409.449, 801.698, 876.664, 969.001, 482.061, 435.839, 514.991, 411.423, 442.272, 469.282, 481.453, 530.505, 575.484, 613.179, 648.584, 690.147, 469.778, 508.637, 699.693, 908.823, 948.552, 446.885, 507.715, 553.32, 1010.114, 958.055, 442.192, 671.754, 718.951, 761.213]] 
RATE (RPS) =====================================: 66

[[417.59, 498.826, 411.389, 417.619, 525.255, 569.357, 408.273, 464.351, 437.934, 512.291, 558.601, 420.917, 401.58, 426.674, 518.641, 544.217, 459.305, 391.853, 536.375, 460.97, 571.424, 489.506, 628.774, 520.019, 540.339, 563.037, 383.794, 688.046, 452.116, 569.933, 500.297, 599.755, 524.521, 700.436, 516.979, 741.604, 611.852, 545.03, 769.644, 805.782, 581.317, 522.806, 556.292, 625.205, 608.103, 601.086, 803.09, 656.19, 636.405, 622.439, 676.276, 657.485, 701.748, 640.357, 677.331, 705.764, 714.127, 754.265, 757.151, 630.588, 705.863, 773.716, 763.312, 659.748, 808.731, 725.427, 673.783]] 
RATE (RPS) =====================================: 67

[[422.155, 455.767, 428.617, 466.464, 429.852, 475.47, 516.314, 432.726, 414.309, 549.145, 468.367, 586.123, 448.035, 492.343, 384.805, 604.191, 644.505, 457.535, 681.124, 507.651, 709.763, 755.251, 541.279, 392.589, 571.644, 789.229, 447.641, 417.31, 824.19, 463.64, 857.644, 461.609, 482.38, 492.647, 553.733, 642.318, 870.976, 586.937, 913.234, 660.718, 490.11, 697.9, 926.86, 740.501, 450.335, 495.937, 953.386, 523.605, 761.119, 980.035, 556.791, 1010.141, 773.569, 821.163, 1033.351, 855.628, 897.515, 610.489, 556.412, 438.09, 475.177, 638.963, 1030.195, 887.849, 1076.744, 916.039, 635.512, 455.519]] 
RATE (RPS) =====================================: 64

[[410.043, 455.957, 410.849, 417.662, 426.953, 468.65, 489.214, 526.576, 445.149, 412.688, 497.529, 445.528, 462.698, 576.811, 519.287, 486.819, 597.934, 520.647, 391.472, 627.914, 512.995, 666.206, 706.331, 531.993, 797.292, 517.432, 731.377, 548.615, 628.571, 539.706, 390.908, 682.146, 724.376, 428.517, 815.832, 771.243, 447.874, 529.788, 569.503, 610.303, 475.748, 515.545, 693.726, 807.701, 585.938, 661.523, 702.735, 736.149, 698.652, 614.814, 675.703, 715.451, 714.767, 757.42, 777.629, 732.262, 796.793, 803.575, 780.871, 791.609, 816.342, 765.991, 825.406, 791.708, 834.732, 869.664, 834.231, 596.046]] 
RATE (RPS) =====================================: 68

[[424.474, 504.879, 412.17, 493.117, 485.458, 421.122, 516.742, 667.19, 492.713, 452.637, 564.971, 537.308, 647.02, 441.967, 545.774, 427.999, 502.401, 499.383, 676.148, 574.113, 577.318, 669.189, 657.285, 694.035, 593.105, 441.609, 679.942, 721.832, 706.177, 631.223, 747.549, 571.45, 411.728, 493.095, 469.598, 768.872, 811.741, 686.74, 842.884, 877.553, 597.825, 640.531, 673.143, 399.735, 703.041, 752.598, 868.101, 778.811, 445.592, 569.859, 853.418, 766.973, 804.146, 875.959, 903.632, 817.039, 851.763, 583.819, 918.101, 886.697, 924.123, 486.73, 613.902, 520.974, 909.923, 934.406, 966.233, 947.177]] 
RATE (RPS) =====================================: 68

[[417.781, 403.535, 440.154, 483.829, 416.871, 535.452, 440.333, 555.244, 601.261, 634.245, 681.79, 392.468, 409.476, 447.888, 425.601, 689.914, 473.34, 511.242, 454.525, 426.804, 788.7, 701.267, 463.751, 832.107, 522.484, 559.334, 406.426, 847.542, 454.819, 426.873, 489.248, 525.681, 543.783, 846.556, 431.545, 575.254, 468.998, 664.098, 605.45, 857.353, 493.288, 683.008, 878.132, 917.681, 709.787, 748.25, 945.486, 470.256, 542.015, 472.402, 509.254, 566.846, 945.512, 737.652, 974.395, 767.56, 812.36, 507.759, 559.091, 843.739, 868.57, 588.005, 959.899, 998.888, 1038.95, 490.67, 588.159, 853.234]] 
RATE (RPS) =====================================: 67

[[392.992, 449.467, 419.641, 391.572, 454.979, 499.167, 387.706, 424.494, 469.415, 447.695, 497.553, 483.098, 522.591, 505.814, 396.028, 533.669, 535.566, 416.365, 418.245, 448.473, 646.581, 548.082, 588.901, 466.075, 669.138, 539.249, 746.897, 691.348, 469.766, 552.317, 468.175, 772.504, 864.907, 811.927, 554.283, 584.122, 451.954, 492.699, 532.408, 835.667, 878.915, 393.358, 553.306, 593.563, 650.929, 576.8, 410.026, 449.688, 621.593, 664.515, 477.613, 676.031, 860.267, 893.238, 957.963, 679.831, 473.171, 768.762, 1001.762, 695.144, 781.685, 610.27, 1058.657, 451.947, 1088.389, 504.039, 598.567, 532.884]] 
RATE (RPS) =====================================: 65

[[468.581, 407.066, 427.534, 451.416, 464.564, 492.78, 499.481, 540.969, 408.483, 411.872, 455.629, 445.669, 469.943, 402.928, 523.708, 515.033, 559.481, 451.459, 479.029, 535.668, 513.784, 430.504, 602.13, 531.465, 513.76, 527.32, 593.561, 537.99, 618.703, 535.919, 636.341, 532.476, 419.92, 573.547, 457.39, 655.834, 582.06, 629.916, 651.391, 447.171, 553.419, 588.146, 643.916, 670.702, 697.478, 410.014, 703.905, 529.497, 467.222, 396.824, 531.177, 561.699, 463.67, 674.986, 421.813, 446.422, 487.019, 469.451, 518.926, 658.435, 538.389, 571.994, 463.156, 674.393, 492.34, 464.649, 501.781, 566.32]] 
RATE (RPS) =====================================: 68

[[516.166, 401.849, 416.168, 412.866, 470.419, 433.657, 479.688, 521.802, 523.048, 398.951, 443.359, 553.551, 579.3, 538.049, 509.4, 401.257, 547.021, 599.314, 565.04, 643.652, 441.428, 601.695, 677.594, 643.363, 721.349, 545.263, 680.45, 581.655, 724.114, 627.124, 418.387, 659.919, 498.501, 715.475, 733.707, 563.513, 608.72, 734.946, 691.795, 619.375, 700.538, 742.619, 796.764, 747.004, 585.216, 806.244, 743.055, 645.921, 597.466, 648.891, 804.059, 743.332, 779.617, 712.507, 654.002, 801.21, 840.776, 694.224, 581.899, 740.917, 732.583, 737.015, 776.472, 862.622, 814.883, 811.81, 711.97, 846.188]] 
RATE (RPS) =====================================: 68

[[414.475, 416.654, 488.642, 431.587, 404.606, 481.55, 408.66, 432.681, 471.747, 508.747, 497.768, 514.616, 527.449, 488.133, 515.594, 544.199, 577.371, 540.468, 450.308, 396.523, 534.436, 575.286, 518.754, 452.636, 521.765, 568.251, 513.504, 615.602, 561.219, 652.124, 507.231, 550.524, 584.308, 465.472, 706.784, 490.671, 436.793, 586.924, 741.824, 510.131, 550.341, 768.988, 809.519, 662.761, 564.841, 444.039, 464.072, 544.299, 588.651, 477.519, 605.942, 624.088, 624.585, 484.097, 655.726, 713.004, 675.577, 494.979, 580.135, 679.244, 495.838, 525.642, 665.372, 753.026, 697.356, 546.61, 547.436, 559.484]] 
RATE (RPS) =====================================: 68

[[390.153, 430.472, 481.932, 563.695, 404.345, 652.111, 436.631, 413.188, 438.069, 465.323, 470.946, 653.918, 503.684, 455.689, 659.302, 487.674, 527.98, 477.748, 661.296, 536.516, 684.577, 608.34, 680.439, 714.757, 446.177, 734.282, 769.032, 722.364, 521.051, 441.115, 499.846, 783.941, 517.599, 555.305, 765.973, 950.944, 834.828, 571.674, 785.873, 426.034, 1003.086, 444.54, 474.307, 1059.955, 498.658, 1219.763, 537.086, 1100.607, 535.371, 690.904, 666.246, 587.656, 684.964, 1209.1390000000001, 1281.0819999999999, 695.888, 612.237, 712.438, 1309.17, 406.211, 447.188, 1357.5, 1428.9279999999999, 447.915, 572.418, 507.555, 399.198, 537.006]] 
RATE (RPS) =====================================: 59

[[446.715, 432.104, 401.65, 526.039, 450.925, 438.119, 537.882, 496.442, 556.744, 401.466, 515.164, 577.658, 484.496, 431.124, 611.761, 449.484, 674.427, 622.558, 430.96, 499.334, 489.333, 448.731, 711.669, 651.335, 484.477, 479.545, 418.563, 730.094, 505.898, 558.135, 452.856, 731.792, 560.048, 770.075, 808.372, 598.797, 438.715, 476.022, 494.761, 445.159, 513.471, 598.464, 676.66, 625.06, 741.858, 506.442, 742.181, 521.24, 630.104, 664.901, 827.686, 412.429, 698.902, 723.863, 462.959, 605.947, 745.402, 632.43, 425.526, 463.227, 732.415, 727.189, 403.028, 728.966, 620.415, 703.066, 454.333, 426.131]] 
RATE (RPS) =====================================: 68

[[411.129, 457.795, 409.861, 579.915, 443.979, 468.494, 403.067, 459.16, 417.199, 500.063, 518.706, 459.48, 636.133, 546.947, 424.484, 468.934, 504.429, 486.528, 534.101, 578.926, 627.053, 465.479, 424.289, 636.898, 496.924, 670.125, 638.167, 703.787, 453.67, 735.95, 662.489, 700.922, 498.324, 457.926, 509.297, 527.831, 742.317, 614.246, 695.519, 546.89, 694.232, 754.061, 739.626, 461.508, 495.915, 746.007, 711.683, 742.868, 620.208, 780.526, 652.235, 806.8, 682.971, 705.642, 713.413, 808.198, 839.912, 862.084, 410.626, 1015.126, 1171.092, 865.609, 389.639, 663.23, 1032.693, 570.154, 489.704, 516.043, 423.99]] 
RATE (RPS) =====================================: 66

[[473.964, 402.389, 402.518, 412.79, 444.61, 470.329, 422.542, 503.941, 400.518, 468.263, 493.361, 404.4, 442.157, 404.376, 514.232, 622.759, 567.097, 425.908, 470.222, 569.104, 497.976, 617.616, 441.896, 506.652, 408.808, 580.804, 441.09, 504.86, 606.721, 615.549, 534.78, 575.979, 614.614, 622.919, 661.713, 677.399, 615.335, 673.573, 439.586, 703.242, 464.359, 736.894, 554.399, 762.276, 571.146, 476.319, 555.097, 499.424, 581.906, 606.064, 659.781, 664.32, 566.907, 564.387, 691.652, 658.875, 843.04, 659.761, 739.645, 577.478, 845.489, 639.801, 496.488, 671.125, 521.516, 587.042, 613.889, 809.058, 841.235]] 
RATE (RPS) =====================================: 69

[[390.226, 417.602, 435.945, 398.768, 479.531, 418.749, 391.574, 455.954, 465.06, 506.134, 434.469, 533.856, 571.746, 624.519, 458.631, 446.283, 630.676, 393.004, 665.07, 463.505, 499.148, 555.17, 436.39, 577.916, 659.127, 443.362, 408.561, 681.822, 575.848, 464.05, 457.88, 639.604, 588.728, 500.209, 545.117, 658.699, 466.428, 638.585, 689.186, 702.402, 526.525, 615.23, 544.604, 467.267, 629.016, 617.88, 635.81, 650.822, 619.705, 432.784, 659.33, 753.608, 660.042, 444.886, 584.272, 724.925, 767.223, 736.027, 487.265, 778.194, 751.355, 514.236, 771.38, 586.896, 765.985, 532.881, 781.315, 785.911, 883.985]] 
RATE (RPS) =====================================: 69

[[418.105, 413.427, 418.532, 447.575, 487.981, 419.079, 612.106, 558.579, 446.652, 499.212, 434.191, 449.589, 429.294, 529.869, 611.327, 453.05, 682.398, 617.233, 509.966, 692.251, 417.762, 458.354, 695.269, 433.35, 480.596, 454.33, 462.738, 505.214, 681.092, 521.027, 579.194, 447.664, 483.682, 621.842, 676.473, 417.722, 486.006, 694.753, 432.147, 806.203, 610.839, 722.383, 459.543, 569.41, 627.119, 862.637, 457.114, 895.011, 929.559, 477.65, 612.805, 951.104, 555.932, 606.763, 441.979, 546.509, 588.281, 661.987, 546.456, 606.226, 576.781, 610.644, 847.128, 660.839, 450.969, 679.994, 515.476, 829.797, 680.753]] 
RATE (RPS) =====================================: 69

[[420.621, 470.551, 481.917, 487.844, 431.581, 458.622, 541.567, 483.413, 455.109, 492.824, 534.737, 521.573, 398.213, 573.12, 465.568, 606.255, 620.975, 658.254, 574.645, 506.229, 664.659, 493.859, 553.244, 424.049, 408.366, 451.418, 480.855, 488.569, 538.326, 540.556, 568.507, 608.436, 471.852, 641.372, 539.377, 562.074, 444.001, 555.638, 517.545, 634.265, 459.94, 665.492, 717.653, 525.646, 573.645, 514.104, 695.277, 729.904, 499.376, 534.42, 719.406, 766.183, 553.448, 421.642, 457.225, 554.759, 459.496, 586.408, 469.472, 584.803, 494.751, 631.808, 678.903, 621.216, 686.87, 718.68, 757.76, 797.357, 857.68]] 
RATE (RPS) =====================================: 69

[[524.139, 3497.874, 3458.699, 2297.641, 469.078, 1597.33, 3431.187, 2275.962, 552.813, 1568.213, 599.492, 615.192, 576.926, 573.198, 606.726, 499.07, 496.737, 474.084, 1559.4180000000001, 561.957, 738.724, 1506.767, 599.503, 495.884, 579.334, 515.295, 531.357, 510.343, 408.998, 628.02, 715.607, 2585.869, 657.215, 602.303, 591.869, 619.321, 1803.075, 712.794, 1589.853, 644.906, 584.496, 527.431, 596.138, 613.805, 651.796, 670.87, 588.525, 480.523, 1548.972, 726.56, 1527.83, 616.656, 545.924, 1508.38, 590.201, 1425.747, 473.952, 544.831, 1455.951, 658.312, 661.001, 3472.551, 2312.624, 3481.948, 555.733, 2441.638, 524.563, 567.281, 576.583]] 
RATE (RPS) =====================================: 48

[[455.64, 448.081, 445.663, 469.95, 432.069, 402.751, 494.549, 466.957, 528.131, 424.379, 411.364, 598.205, 544.736, 444.374, 617.39, 417.223, 1404.445, 583.229, 669.486, 523.853, 604.82, 477.973, 573.547, 671.178, 597.682, 424.856, 395.997, 449.986, 469.014, 482.454, 587.817, 513.11, 627.568, 494.336, 557.023, 656.221, 628.358, 521.809, 664.143, 676.467, 563.9, 603.252, 684.792, 725.834, 699.308, 519.403, 740.083, 619.229, 549.865, 786.484, 768.499, 821.125, 709.666, 629.56, 848.58, 823.279, 509.209, 838.808, 721.181, 856.127, 804.993, 538.879, 856.079, 804.683, 914.541, 567.825, 825.785, 864.87, 953.78]] 
RATE (RPS) =====================================: 68

[[459.424, 422.394, 467.33, 443.842, 392.312, 466.651, 492.728, 485.554, 425.924, 493.116, 462.241, 480.322, 517.025, 619.824, 501.719, 477.313, 558.611, 619.299, 526.514, 500.71, 656.145, 524.397, 515.222, 551.904, 547.567, 496.897, 538.639, 665.983, 700.316, 570.799, 1417.203, 762.889, 588.109, 640.065, 711.586, 518.756, 720.558, 783.293, 461.856, 504.28, 543.19, 525.855, 560.431, 569.185, 676.312, 551.777, 608.408, 582.889, 709.086, 741.482, 649.813, 558.793, 733.918, 644.635, 739.741, 505.387, 550.731, 642.422, 505.774, 715.866, 656.057, 587.244, 480.382, 676.322, 683.058, 564.637, 457.758, 681.47, 569.851]] 
RATE (RPS) =====================================: 68

[[412.553, 430.501, 441.961, 436.88, 497.855, 410.971, 467.684, 1213.259, 497.183, 605.165, 454.081, 443.552, 610.671, 587.842, 579.698, 587.561, 631.941, 537.586, 556.44, 588.735, 622.935, 704.187, 513.585, 651.209, 594.371, 481.417, 501.348, 491.793, 680.276, 483.155, 527.544, 1450.499, 611.074, 560.74, 415.856, 635.864, 629.815, 636.131, 665.108, 423.071, 532.036, 646.735, 670.8, 541.451, 563.439, 542.423, 602.649, 551.964, 593.926, 615.984, 640.15, 462.59, 501.24, 544.118, 628.781, 545.272, 501.893, 546.598, 520.596, 545.048, 657.76, 572.887, 563.282, 463.252, 609.579, 440.83, 481.187, 427.764, 543.528]] 
RATE (RPS) =====================================: 67

[[418.186, 429.05, 436.05, 427.895, 470.093, 476.771, 513.668, 472.056, 437.482, 453.972, 503.79, 526.15, 448.544, 578.953, 510.369, 451.15, 451.009, 496.454, 496.159, 549.787, 508.989, 549.167, 564.052, 577.838, 413.884, 510.306, 561.848, 582.398, 431.486, 530.948, 567.872, 570.127, 750.879, 642.367, 582.66, 670.691, 556.449, 409.968, 774.268, 508.227, 435.875, 799.383, 523.85, 469.765, 900.187, 497.515, 793.751, 515.892, 493.876, 451.911, 880.693, 486.466, 438.143, 473.113, 462.511, 539.892, 849.349, 485.0, 873.625, 887.209, 901.629, 914.062, 392.111, 942.953, 461.756, 1011.979, 390.661, 395.367, 473.227]] 
RATE (RPS) =====================================: 68

[[393.578, 429.899, 391.768, 504.799, 484.863, 527.183, 409.429, 445.954, 397.992, 485.026, 419.743, 530.658, 458.75, 399.178, 551.118, 429.181, 509.851, 586.337, 500.897, 621.673, 571.47, 609.39, 440.21, 630.295, 472.469, 634.39, 674.885, 651.209, 493.463, 698.467, 675.007, 730.715, 793.02, 702.61, 586.618, 726.165, 427.237, 658.926, 749.023, 693.837, 439.015, 769.041, 476.276, 730.948, 714.367, 744.567, 751.836, 753.026, 760.819, 770.102, 803.135, 762.625, 731.188, 455.884, 745.681, 732.124, 463.546, 495.981, 515.907, 702.06, 773.629, 708.546, 507.531, 527.749, 648.859, 744.095, 661.951, 852.416, 753.01, 781.964]] 
RATE (RPS) =====================================: 70

[[408.07, 520.541, 462.091, 543.344, 581.008, 397.974, 413.066, 406.211, 485.529, 420.575, 500.93, 504.585, 579.909, 591.018, 671.888, 519.799, 405.796, 569.582, 717.746, 597.561, 760.32, 638.758, 573.202, 702.224, 782.696, 740.413, 777.965, 800.888, 841.86, 886.267, 779.868, 430.63, 542.891, 894.395, 580.181, 923.147, 436.77, 478.303, 611.993, 1044.233, 975.364, 509.288, 728.655, 570.493, 624.911, 1042.696, 597.222, 1071.108, 1111.5430000000001, 637.754, 614.583, 728.034, 689.109, 641.058, 760.178, 853.941, 708.151, 647.037, 1070.3029999999999, 852.759, 1069.525, 885.498, 837.94, 628.038, 657.213, 1086.495, 1000.461, 1087.073, 810.004, 624.329]] 
RATE (RPS) =====================================: 61

[[417.664, 411.59, 463.878, 485.904, 445.751, 524.509, 527.638, 396.593, 411.334, 436.354, 442.751, 447.188, 527.722, 500.357, 559.712, 452.503, 525.203, 431.837, 499.757, 552.086, 586.152, 560.273, 451.208, 520.607, 591.689, 481.725, 621.802, 664.145, 700.151, 526.28, 747.727, 554.062, 527.53, 765.951, 544.141, 799.246, 586.99, 578.364, 612.381, 646.677, 693.694, 810.069, 720.401, 790.184, 580.029, 619.792, 831.646, 648.195, 685.64, 500.416, 723.678, 779.166, 529.737, 826.271, 804.113, 852.76, 890.498, 816.68, 900.355, 783.743, 444.355, 811.676, 864.06, 482.139, 633.461, 915.051, 992.069, 486.852, 639.825, 679.966]] 
RATE (RPS) =====================================: 70

[[408.434, 419.418, 478.565, 437.999, 439.343, 503.254, 418.11, 408.646, 425.188, 453.971, 566.997, 515.227, 514.981, 600.764, 408.588, 425.464, 479.797, 522.38, 553.343, 604.607, 571.035, 607.463, 655.305, 634.366, 437.314, 680.65, 703.733, 742.21, 801.717, 535.135, 728.295, 819.465, 441.892, 744.547, 553.939, 784.628, 583.025, 809.544, 636.536, 669.406, 444.855, 489.146, 876.996, 821.009, 900.737, 768.125, 669.402, 804.082, 493.343, 835.952, 735.787, 898.145, 676.721, 851.246, 764.069, 529.696, 563.834, 907.611, 978.544, 822.784, 1031.346, 840.393, 576.896, 1051.325, 821.709, 648.271, 843.188, 1070.005, 1117.471, 857.179]] 
RATE (RPS) =====================================: 66

[[478.458, 412.026, 415.074, 398.741, 487.964, 459.828, 431.365, 435.408, 536.079, 465.733, 493.762, 467.248, 523.575, 506.667, 545.567, 591.049, 503.39, 542.08, 618.221, 579.879, 493.265, 589.35, 642.681, 533.89, 470.001, 623.627, 505.109, 664.342, 615.745, 560.274, 696.229, 654.371, 619.836, 659.572, 686.095, 719.395, 749.336, 673.265, 440.689, 777.927, 644.79, 483.842, 703.561, 559.0, 715.293, 500.628, 660.301, 714.334, 757.155, 740.972, 783.886, 605.83, 546.192, 800.485, 691.159, 753.971, 618.172, 710.598, 913.034, 822.089, 744.512, 612.188, 703.089, 641.716, 676.81, 706.497, 713.546, 717.345, 655.275, 705.719]] 
RATE (RPS) =====================================: 70

[[423.039, 456.639, 393.985, 398.115, 400.655, 435.251, 498.519, 438.95, 558.597, 599.623, 415.268, 630.662, 684.233, 439.938, 493.584, 703.051, 538.165, 751.406, 831.627, 409.511, 906.03, 1003.375, 940.048, 430.593, 1020.75, 441.015, 514.286, 550.124, 464.097, 581.981, 493.467, 1019.402, 611.402, 594.001, 546.903, 713.4, 1042.276, 633.613, 665.129, 406.446, 591.865, 1068.944, 425.075, 471.446, 676.891, 741.319, 819.297, 480.825, 737.632, 521.081, 670.527, 592.396, 542.166, 1023.996, 619.707, 798.494, 1046.762, 633.457, 721.053, 813.205, 685.786, 748.348, 817.595, 775.515, 851.774, 674.26, 758.789, 803.802, 826.769, 735.151]] 
RATE (RPS) =====================================: 63

[[460.033, 460.865, 478.869, 434.723, 428.555, 451.749, 549.496, 500.561, 532.737, 491.222, 529.116, 408.483, 601.244, 400.35, 468.717, 492.466, 534.54, 617.947, 671.004, 469.004, 706.828, 547.005, 514.574, 541.841, 733.669, 771.3, 461.799, 569.411, 803.679, 540.399, 571.908, 577.052, 595.053, 802.963, 450.589, 666.191, 617.789, 634.561, 582.209, 815.718, 871.019, 672.622, 908.47, 645.854, 685.056, 722.849, 740.817, 969.851, 1014.293, 667.08, 905.8, 753.582, 1033.413, 439.813, 1070.909, 793.331, 1106.597, 462.735, 1130.408, 667.314, 716.956, 489.852, 704.164, 429.102, 514.299, 1024.417, 642.698, 676.383, 615.635, 741.723]] 
RATE (RPS) =====================================: 64

[[395.873, 397.228, 430.193, 468.546, 397.069, 492.822, 434.844, 409.502, 421.804, 457.502, 504.499, 510.953, 422.243, 522.081, 595.788, 540.929, 461.33, 612.404, 416.696, 486.82, 523.072, 629.805, 420.716, 457.833, 419.184, 638.753, 472.446, 434.059, 497.877, 453.212, 472.355, 517.189, 514.351, 698.727, 637.912, 735.317, 467.813, 516.77, 735.335, 471.018, 529.662, 765.125, 494.437, 497.247, 528.672, 786.16, 521.788, 852.405, 800.181, 523.354, 825.111, 529.991, 492.384, 434.756, 546.863, 826.293, 859.253, 892.281, 394.566, 913.294, 422.822, 953.83, 994.075, 497.715, 1015.413, 404.62, 461.076, 414.137, 497.733, 451.202]] 
RATE (RPS) =====================================: 69

[[388.057, 416.924, 496.614, 439.723, 426.647, 519.64, 417.455, 434.957, 465.278, 423.572, 489.214, 427.809, 441.383, 507.015, 514.227, 532.933, 455.47, 507.095, 549.042, 551.169, 425.174, 553.53, 482.387, 419.046, 580.331, 495.568, 528.739, 623.258, 532.067, 715.59, 809.517, 568.029, 548.054, 652.556, 667.559, 455.589, 398.612, 801.927, 692.887, 710.963, 799.401, 445.716, 824.866, 616.376, 826.218, 515.131, 859.451, 928.173, 838.463, 869.707, 603.936, 668.807, 746.047, 869.764, 693.943, 599.125, 651.595, 834.962, 835.216, 668.893, 751.834, 690.989, 821.744, 632.408, 816.115, 691.903, 872.866, 816.139, 785.93, 665.729]] 
RATE (RPS) =====================================: 70

[[403.104, 439.063, 431.495, 457.375, 472.132, 397.251, 433.796, 474.814, 542.293, 482.331, 513.939, 497.823, 550.471, 596.569, 643.743, 697.257, 575.057, 409.545, 730.303, 604.274, 641.863, 758.116, 798.983, 507.147, 567.121, 828.667, 870.587, 418.539, 895.4, 587.991, 541.265, 634.037, 909.218, 674.144, 710.801, 992.217, 928.19, 1025.192, 716.278, 750.701, 426.775, 517.55, 440.036, 549.757, 1004.887, 1419.435, 729.452, 756.717, 538.843, 990.487, 767.151, 1005.475, 409.462, 436.461, 458.982, 459.969, 479.601, 479.941, 935.23, 661.219, 954.783, 465.467, 702.452, 729.089, 947.05, 986.917, 770.429, 423.749, 454.509, 968.353]] 
RATE (RPS) =====================================: 66

average response time [0]416.113
average response time [1]380.947
average response time [2]387.296
average response time [3]382.11
average response time [4]383.382
average response time [5]394.574
average response time [6]389.365
average response time [7]381.707
average response time [8]391.572
average response time [9]397.533
TOTAL AVERAGE RESPONSE TIME ====================: 390.4599
NUMBER OF THREADS ==============================: 1
TOTAL AVERAGE RATE (RPS) =====================================: 1.0
NUMBER OF REPLICAS USED ================================================= 1
average response time [10]434.952
average response time [11]407.422
average response time [12]420.767
average response time [13]404.299
average response time [14]410.881
average response time [15]413.71000000000004
average response time [16]411.6755
average response time [17]402.517
average response time [18]444.497
average response time [19]411.8245
TOTAL AVERAGE RESPONSE TIME ====================: 416.2544999999999
NUMBER OF THREADS ==============================: 2
TOTAL AVERAGE RATE (RPS) =====================================: 2.0
NUMBER OF REPLICAS USED ================================================= 1
average response time [20]461.16575
average response time [21]441.065
average response time [22]458.002
average response time [23]461.278
average response time [24]490.34125
average response time [25]450.13025
average response time [26]474.95825
average response time [27]440.32775000000004
average response time [28]447.43125
average response time [29]444.52375
TOTAL AVERAGE RESPONSE TIME ====================: 456.922325
NUMBER OF THREADS ==============================: 4
TOTAL AVERAGE RATE (RPS) =====================================: 4.0
NUMBER OF REPLICAS USED ================================================= 1
average response time [30]559.278125
average response time [31]550.289125
average response time [32]556.889625
average response time [33]539.35325
average response time [34]542.5215
average response time [35]523.365
average response time [36]1009.351
average response time [37]867.1705000000001
average response time [38]526.141
average response time [39]561.26975
TOTAL AVERAGE RESPONSE TIME ====================: 623.5628875
NUMBER OF THREADS ==============================: 8
TOTAL AVERAGE RATE (RPS) =====================================: 7.5
NUMBER OF REPLICAS USED ================================================= 1
average response time [40]810.9454375
average response time [41]722.23625
average response time [42]773.569875
average response time [43]663.2445625
average response time [44]718.5046875
average response time [45]686.504125
average response time [46]768.9422500000001
average response time [47]722.081
average response time [48]675.6805
average response time [49]755.3595
TOTAL AVERAGE RESPONSE TIME ====================: 729.7068187500001
NUMBER OF THREADS ==============================: 16
TOTAL AVERAGE RATE (RPS) =====================================: 14.2
NUMBER OF REPLICAS USED ================================================= 2
average response time [50]1088.52740625
average response time [51]1059.25090625
average response time [52]1148.05990625
average response time [53]1116.81590625
average response time [54]726.6007777777778
average response time [55]733.4891
average response time [56]686.0443333333333
average response time [57]680.0157647058824
average response time [58]600.0399375
average response time [59]618.9616666666667
TOTAL AVERAGE RESPONSE TIME ====================: 845.7805704983659
NUMBER OF THREADS ==============================: 32
TOTAL AVERAGE RATE (RPS) =====================================: 24.5
NUMBER OF REPLICAS USED ================================================= 2
average response time [60]1021.4134210526315
average response time [61]860.3701290322581
average response time [62]995.3833714285714
average response time [63]823.09296875
average response time [64]923.2022812499999
average response time [65]928.1518055555556
average response time [66]736.1554137931034
average response time [67]863.5405806451613
average response time [68]721.7546666666667
average response time [69]1077.990162162162
TOTAL AVERAGE RESPONSE TIME ====================: 895.1054800336109
NUMBER OF THREADS ==============================: 64
TOTAL AVERAGE RATE (RPS) =====================================: 52.3
NUMBER OF REPLICAS USED ================================================= 4
average response time [70]855.4394827586207
average response time [71]644.6946875
average response time [72]633.2846875
average response time [73]607.3968666666667
average response time [74]461.19768750000003
average response time [75]579.1337368421052
average response time [76]495.1245925925926
average response time [77]520.6969375
average response time [78]542.0996470588235
average response time [79]576.4536756756756
TOTAL AVERAGE RESPONSE TIME ====================: 591.5522001594484
NUMBER OF THREADS ==============================: 65
TOTAL AVERAGE RATE (RPS) =====================================: 63.8
NUMBER OF REPLICAS USED ================================================= 4
average response time [80]520.7902285714285
average response time [81]571.3607435897436
average response time [82]497.9341875
average response time [83]568.9844
average response time [84]464.01787096774194
average response time [85]525.0293939393939
average response time [86]509.1118285714286
average response time [87]623.6953611111111
average response time [88]562.0593636363636
average response time [89]598.7563658536585
TOTAL AVERAGE RESPONSE TIME ====================: 544.173974374087
NUMBER OF THREADS ==============================: 66
TOTAL AVERAGE RATE (RPS) =====================================: 65.9
NUMBER OF REPLICAS USED ================================================= 4
average response time [90]636.7991111111111
average response time [91]524.3543157894737
average response time [92]522.6466216216216
average response time [93]445.86188888888887
average response time [94]530.2514864864864
average response time [95]508.10814285714287
average response time [96]503.2030833333333
average response time [97]503.70418518518517
average response time [98]575.9429655172414
average response time [99]587.2165820895523
TOTAL AVERAGE RESPONSE TIME ====================: 533.8088382880037
NUMBER OF THREADS ==============================: 67
TOTAL AVERAGE RATE (RPS) =====================================: 66.9
NUMBER OF REPLICAS USED ================================================= 4
average response time [100]632.1936029411764
average response time [101]619.3252794117647
average response time [102]651.981794117647
average response time [103]622.4098529411765
average response time [104]592.4182794117647
average response time [105]523.0914411764705
average response time [106]633.8637352941176
average response time [107]550.1351176470588
average response time [108]655.1741029411764
average response time [109]562.5547647058823
TOTAL AVERAGE RESPONSE TIME ====================: 604.3147970588235
NUMBER OF THREADS ==============================: 68
TOTAL AVERAGE RATE (RPS) =====================================: 66.3
NUMBER OF REPLICAS USED ================================================= 4
average response time [110]607.0033043478261
average response time [111]566.8980434782609
average response time [112]572.1578695652174
average response time [113]571.9930724637682
average response time [114]558.0276811594202
average response time [115]1075.4144202898551
average response time [116]623.2819275362319
average response time [117]584.9534927536232
average response time [118]569.9979565217392
average response time [119]564.5472898550724
TOTAL AVERAGE RESPONSE TIME ====================: 629.4275057971015
NUMBER OF THREADS ==============================: 69
TOTAL AVERAGE RATE (RPS) =====================================: 66.1
NUMBER OF REPLICAS USED ================================================= 4
average response time [120]605.3594428571429
average response time [121]694.9284285714285
average response time [122]618.0564714285714
average response time [123]663.0735428571428
average response time [124]612.4157428571428
average response time [125]653.6154714285715
average response time [126]647.1894428571428
average response time [127]560.2759428571428
average response time [128]618.6722
average response time [129]656.8474285714286
TOTAL AVERAGE RESPONSE TIME ====================: 633.0434114285714
NUMBER OF THREADS ==============================: 70
TOTAL AVERAGE RATE (RPS) =====================================: 66.9
NUMBER OF REPLICAS USED ================================================= 4
average response time sent to Stackdriver [0]458.002
average response time sent to Stackdriver [1]523.365
average response time sent to Stackdriver [2]768.9422500000001
average response time sent to Stackdriver [3]1148.05990625
average response time sent to Stackdriver [4]618.9616666666667
average response time sent to Stackdriver [5]923.2022812499999
average response time sent to Stackdriver [6]1077.990162162162
average response time sent to Stackdriver [7]520.6969375
average response time sent to Stackdriver [8]525.0293939393939
average response time sent to Stackdriver [9]522.6466216216216
average response time sent to Stackdriver [10]587.2165820895523
average response time sent to Stackdriver [11]633.8637352941176
average response time sent to Stackdriver [12]571.9930724637682
average response time sent to Stackdriver [13]584.9534927536232
average response time sent to Stackdriver [14]612.4157428571428
NUMBER OF THREADS: [1, 2, 4, 8, 16, 32, 64, 65, 66, 67, 68, 69, 70]
WORKLOAD: HFU_LV;  
TOTAL EXECUTION TIME (Concurrent Parallel Requests): 165114.68


