[[560.822]] 
[[545.395]] 
[[481.191]] 
[[523.207]] 
[[508.893]] 
[[521.922]] 
[[545.732]] 
[[837.975]] 
[[547.592]] 
[[551.808]] 
[[513.217, 552.214]] 
[[477.912, 518.46]] 
[[489.281, 522.279]] 
[[526.792, 560.457]] 
[[549.211, 495.235]] 
[[528.351, 1841.866]] 
[[526.992, 564.812]] 
[[565.374, 521.506]] 
[[550.355, 502.264]] 
[[538.942, 607.305]] 
[[475.37, 522.709, 555.553, 593.673]] 
[[588.614, 630.72, 542.655, 660.677]] 
[[521.933, 589.286, 1185.528, 599.25]] 
[[635.814, 537.111, 1509.469, 568.16]] 
[[541.097, 576.674, 605.209, 667.327]] 
[[532.848, 692.805, 606.323, 554.0]] 
[[584.741, 678.852, 515.925, 608.275]] 
[[517.613, 553.76, 633.834, 590.354]] 
[[526.2, 478.447, 614.425, 561.847]] 
[[607.011, 470.96, 550.185, 496.254]] 
[[485.456, 667.732, 513.332, 608.742, 556.925, 725.213, 673.679, 759.379]] 
[[526.188, 565.524, 598.633, 691.217, 740.959, 780.922, 809.486, 845.192]] 
[[481.563, 648.077, 553.363, 587.02, 494.2, 748.847, 788.858, 652.396]] 
[[493.567, 542.757, 578.253, 611.807, 662.03, 799.023, 736.911, 686.428]] 
[[637.836, 508.031, 542.426, 571.099, 653.619, 782.697, 684.01, 726.046]] 
[[1477.106, 551.443, 1584.455, 702.909, 575.654, 1702.534, 1695.167, 811.655]] 
[[505.928, 542.794, 682.503, 571.353, 619.3, 705.478, 775.447, 723.61]] 
[[561.499, 520.292, 626.244, 924.289, 693.128, 753.136, 801.119, 842.93]] 
[[507.922, 549.041, 577.349, 654.747, 605.218, 809.909, 698.547, 857.122]] 
[[626.384, 565.498, 679.773, 749.616, 1548.873, 691.988, 847.168, 764.744]] 
[[591.044, 494.33, 532.964, 753.463, 612.673, 696.399, 649.294, 809.425, 762.196, 946.116, 846.547, 884.834, 965.709, 997.463, 1090.216, 1038.969]] 
[[612.175, 520.32, 680.505, 539.381, 624.62, 696.19, 727.815, 764.918, 953.63, 809.519, 865.341, 1003.744, 877.75, 1063.853, 1146.423, 1093.255]] 
[[496.125, 547.485, 583.608, 626.853, 722.266, 671.595, 770.549, 862.704, 1212.782, 1884.95, 1033.646, 988.398, 1050.916, 1080.825, 1129.095, 1172.173]] 
[[521.339, 606.027, 551.61, 654.728, 704.59, 740.438, 888.947, 819.37, 758.451, 962.954, 903.259, 1046.429, 986.448, 1173.833, 1117.431, 2018.063]] 
[[1441.289, 549.861, 597.81, 679.135, 618.942, 751.455, 690.179]] 
[[590.515, 537.334, 573.357, 605.214, 640.78, 670.921, 711.917, 797.76, 744.527]] 
[[516.524, 545.104, 662.283, 611.678, 562.092, 690.14, 733.469]] 
[[1539.202, 568.354, 601.6, 637.166, 688.394, 1563.3]] 
[[523.473, 554.0, 578.46, 718.633, 612.426, 661.407, 728.676, 760.46]] 
[[523.705, 565.701, 609.528, 576.454, 676.568, 623.991, 1502.67, 735.434, 672.025]] 
[[484.753, 521.615, 604.457, 550.736, 621.753, 663.603, 1373.662, 748.089, 758.479, 789.407, 896.545, 930.669, 958.287, 766.631, 804.581]] 
[[1536.1399999999999, 640.132, 1300.965, 659.517, 1641.105, 2031.293, 1726.2089999999998, 783.955, 1780.6399999999999, 874.668, 991.217, 923.373, 1045.262, 998.036, 1074.441, 1075.731]] 
[[528.646, 557.645, 604.914, 642.94, 691.209, 726.703, 761.925, 809.692, 855.009, 892.055, 1586.621, 1543.471, 895.638, 980.914, 923.431, 1013.221, 1015.742, 1048.259]] 
[[586.031, 512.711, 602.269, 641.013, 657.466, 676.771, 698.038, 752.42, 709.064, 769.994, 793.58, 832.392, 857.622, 907.694]] 
[[527.084, 477.944, 561.711, 581.145, 660.811, 613.596, 694.401, 716.34, 742.34, 981.411, 781.668, 825.163, 885.064, 989.502, 1062.98, 993.766, 1030.386]] 
[[539.262, 580.925, 600.36, 637.865, 672.24, 712.898, 756.695, 782.367, 805.874, 859.141, 965.307, 894.5, 1001.518, 1356.3229999999999, 1114.087, 1073.07, 1165.848, 1177.644]] 
[[844.964, 1249.165, 540.427, 566.359, 596.687, 714.5, 614.757, 637.661, 750.432, 704.995, 1598.726, 1608.201, 1616.2240000000002]] 
[[518.985, 603.578, 545.75, 634.649, 774.931, 659.544, 735.94, 757.529, 1015.744, 1151.522, 1100.525, 1902.835, 1672.723, 1949.0410000000002, 732.81, 782.857, 2864.916, 1965.858, 2534.629, 975.792, 1832.9679999999998]] 
[[578.74, 517.268, 460.868, 600.114, 636.461, 745.027, 655.514, 762.184, 791.906, 842.45, 794.035, 831.731, 859.957]] 
[[565.123, 456.091, 499.385, 600.198, 684.961, 647.579, 731.903, 731.057, 759.618, 789.345, 825.526, 851.244, 945.206, 891.942, 973.479, 1010.777]] 
[[491.496, 522.252, 621.702, 564.417, 647.974, 682.043, 706.734, 708.889, 683.923, 734.705, 776.841, 846.191, 939.377, 978.294, 1001.162, 1122.149, 1025.74, 1065.403, 1129.154, 1150.421, 1280.6109999999999, 1171.12, 1217.334, 1331.877, 1269.934, 1357.961, 1391.438, 1418.039, 1445.026, 1521.295, 1465.258, 1531.28, 1668.992, 1575.373, 1735.922, 1760.105, 1806.9279999999999]] 
[[486.255, 509.867, 523.641, 652.726, 556.546, 577.572, 703.661, 753.938, 811.953, 773.666, 826.152, 861.098, 901.593, 933.798, 1049.358, 1010.521, 995.432, 1014.523, 1106.204, 1060.749, 1120.159, 1149.911, 1216.569, 1171.607, 1255.549, 1280.031, 1533.969, 1322.542, 1390.349, 1541.758, 1582.961, 1601.164, 1624.057, 1665.9279999999999, 1724.199, 1764.868]] 
[[533.926, 572.648, 599.897, 618.296, 726.329, 666.891, 849.209, 745.112, 782.049, 853.65, 878.923, 917.656, 942.63, 944.019, 1013.921, 2019.901, 1054.216, 1172.443, 1126.502, 1321.465, 1080.244, 2027.464, 1206.984, 1334.549, 1472.961, 1354.67, 1397.114, 1492.208, 1495.893, 1532.5639999999999, 1607.6190000000001, 1555.422, 1665.8139999999999, 1623.096, 1656.911, 1686.5729999999999, 1719.817]] 
[[548.937, 576.042, 623.061, 655.77, 1533.306, 683.382, 1560.8780000000002, 713.575, 1580.463, 1610.8780000000002, 1634.777, 665.895, 674.273, 703.175, 739.73, 768.405, 798.395, 825.304, 767.468, 874.05, 950.319, 882.604, 943.887, 967.493]] 
[[581.627, 619.014, 708.521, 658.542, 711.311, 744.382, 772.679, 800.651, 793.804, 830.448, 827.007, 860.045, 855.809, 873.891, 894.651, 903.414, 934.049, 992.263, 1052.449]] 
[[516.123, 635.801, 541.962, 576.206, 673.204, 619.797, 677.391, 715.852, 803.699, 732.16, 799.672, 824.315, 850.459, 893.647, 971.766, 923.888, 954.033, 968.757, 1043.015, 980.034, 1060.037, 1089.683]] 
[[528.971, 543.221, 583.363, 615.555, 646.223, 673.509, 712.86, 731.125, 751.672, 800.452, 749.687, 774.615, 796.098, 900.26, 817.128, 919.109, 1037.582, 963.253, 1065.326, 1081.618, 1106.411, 1144.797, 1185.481, 495.044, 534.993, 1181.386, 560.957]] 
[[567.819, 719.11, 602.922, 659.891, 731.771, 751.64, 558.108, 777.902, 571.468, 818.979, 688.056, 852.982, 902.807, 879.098, 744.147, 892.139, 905.511, 1019.489, 947.917, 707.028, 748.519, 1006.467, 820.096, 776.142, 1034.857, 1063.207, 837.896, 1084.798, 1152.987, 1103.959, 873.16, 1191.594, 1184.51, 1543.129, 928.342, 1205.042, 950.057, 981.916, 1266.027, 1031.041, 1391.578, 984.751, 1432.979, 1082.914, 1454.749, 1014.099, 1481.13, 1087.517, 1130.8600000000001, 1491.267, 1541.08, 1565.346]] 
[[582.209, 902.212, 595.55, 1527.0230000000001, 1631.085, 1567.662, 1522.4560000000001, 1459.502, 1478.559, 1617.549, 1554.286, 689.504, 1567.29, 758.747, 1562.3029999999999, 706.895, 805.559, 755.229, 722.826, 1650.103, 769.851, 720.06, 1566.397, 768.687, 788.478, 1581.632, 788.877, 820.003, 670.46, 832.863, 1551.056, 869.7, 660.961, 693.98, 1569.644, 890.932, 719.992, 754.298, 1534.931, 1571.086, 770.993]] 
[[546.425, 606.903, 538.445, 622.336, 665.803, 718.453, 548.605, 740.576, 758.368, 572.763, 614.867, 787.569, 645.243, 851.381, 797.32, 903.188, 948.613, 659.789, 668.539, 952.42, 679.274, 977.737, 711.447, 1003.382, 735.743, 1009.043, 1045.317, 760.846, 1076.025, 778.077, 785.76, 822.285, 1094.389, 1039.62, 842.846, 909.66, 858.138, 1098.718, 947.091, 1143.035, 1170.165]] 
[[503.492, 567.49, 517.873, 523.287, 565.955, 589.225, 600.183, 540.53, 586.588, 643.242, 606.639, 713.144, 761.044, 649.198, 786.553, 625.562, 845.24, 797.283, 837.133, 626.137, 869.558, 1006.339, 893.058, 941.158, 606.748, 1004.354, 609.428, 1031.717, 1058.885, 1104.471, 606.876, 631.626, 1120.087, 1163.941, 1247.555, 1191.076, 1272.279, 1296.0729999999999, 603.01, 642.757, 704.645, 1306.104, 1347.16]] 
[[482.267, 488.42, 507.658, 504.135, 513.275, 551.449, 504.138, 648.152, 523.351, 549.329, 726.222, 663.115, 743.726, 506.193, 629.836, 558.737, 745.584, 776.472, 628.841, 644.843, 720.26, 668.79, 748.88, 786.459, 744.287, 788.254, 825.53, 760.976, 840.408, 788.338, 835.668, 891.82, 991.632, 914.826, 842.966, 940.609, 938.684, 935.889]] 
[[588.788, 680.196, 649.945, 575.973, 596.499, 686.473, 731.56, 607.671, 640.957, 658.731, 720.291, 660.487, 718.645, 748.769, 758.726, 644.528, 665.015, 703.101, 632.732, 664.647, 688.752, 683.73, 656.003, 657.54, 737.39, 685.978]] 
[[515.668, 553.172, 574.86, 565.937, 601.197, 645.144, 645.394, 590.709, 610.329, 612.12, 628.022, 660.704, 671.495, 700.884, 570.279, 513.58, 584.063, 649.736]] 
[[560.101, 574.433, 595.062, 604.43, 617.837, 628.262, 646.638, 536.147, 561.296, 584.111, 621.608, 699.616, 735.849, 637.317, 773.155, 566.885, 790.819, 566.648, 800.646, 592.618, 834.285, 863.705, 568.438, 613.793, 862.03, 919.745, 632.751, 575.543, 652.711, 915.579, 676.177]] 
[[554.496, 588.834, 1604.683, 668.457, 584.039, 537.032, 570.107, 1580.19, 560.884, 1795.339, 569.129, 884.111, 611.542, 540.189, 604.598, 604.366, 639.896, 661.246, 698.587, 567.54, 603.278, 1535.0059999999999, 732.549, 1558.7939999999999, 1634.431, 1549.946, 1565.051, 552.306, 1616.345, 1621.0549999999998, 1536.895, 557.382]] 
[[560.69, 563.263, 551.632, 575.919, 605.242, 610.725, 638.586, 668.059, 544.952, 590.491, 645.283, 741.78, 637.093, 687.813, 773.351, 657.797, 788.778, 738.762, 768.833, 881.57, 797.082, 906.866, 917.177, 560.258]] 
[[546.66, 548.58, 559.89, 550.143, 573.797, 589.018, 541.538, 607.49, 560.784, 620.376, 552.483, 554.987, 575.819, 553.305, 591.287, 616.42, 648.129, 682.568, 659.877, 496.661, 531.439, 667.379, 702.973, 527.732]] 
[[509.558, 505.034, 530.508, 570.622, 611.778, 521.283, 559.524, 647.71, 555.654, 670.059, 589.521, 523.339, 530.297, 630.323, 557.709, 636.827, 657.041, 689.135, 609.855, 520.077, 564.62, 699.671, 673.86, 607.704, 694.338, 727.482, 742.773, 745.79]] 
[[507.622, 536.745, 502.805, 544.892, 505.318, 554.704, 595.049, 547.613, 592.237, 614.901, 640.908, 528.779, 634.601, 663.501, 712.877, 537.913, 731.587, 543.247, 545.956, 729.334, 517.36]] 
[[478.773, 526.23, 585.374, 591.994, 476.37, 597.989, 498.382, 612.43, 653.365, 521.207, 607.388, 651.535, 598.048, 703.316, 671.967, 698.239, 684.071, 764.875, 708.639, 665.716, 714.914, 749.928, 756.36, 781.594, 821.517, 746.26, 759.94, 777.634, 740.839, 772.152]] 
[[524.59, 560.608, 569.593, 531.338, 514.34, 589.872, 536.627, 567.387, 524.27, 588.385, 535.478, 596.03, 522.17, 553.27, 583.593, 617.176, 575.535, 586.833, 612.09, 629.786, 561.84]] 
[[609.485, 540.802, 518.597, 608.468, 573.473, 620.943, 654.096, 671.712, 698.6, 552.451, 690.154, 576.454, 694.738, 534.754, 687.486, 719.937, 527.898, 757.868, 548.162, 816.146, 533.188, 881.886, 823.679, 1551.408, 526.38, 559.936, 589.467]] 
[[520.898, 573.523, 680.13, 588.366, 613.916, 692.649, 723.924, 842.363, 738.192, 765.885, 836.794, 909.734, 841.59, 981.503, 1035.371, 1038.668, 1068.064, 1130.287, 1084.188, 1241.93, 512.874, 1113.071, 1153.911, 562.273, 1184.666, 514.854, 1219.443, 1255.438, 509.971]] 
[[565.794, 589.808, 635.482, 532.28, 675.935, 621.014, 538.089, 573.286, 598.377, 617.579, 649.438, 680.135, 624.95, 669.846, 688.931, 710.355, 758.36, 785.629, 617.655, 821.686, 947.634, 833.459, 849.254, 932.022, 997.454, 534.094, 577.226, 1028.211, 1046.335, 574.899, 606.213, 613.152]] 
[[506.146, 500.792, 531.38, 540.859, 549.596, 535.351, 544.37, 579.367, 573.32, 606.747, 607.126, 645.211, 612.155, 642.526, 619.242, 639.738, 652.755, 915.891, 596.085, 653.718, 674.501, 591.691]] 
[[589.729, 569.18, 498.98, 513.068, 578.159, 590.335, 547.801, 562.692, 556.898, 521.707, 616.975, 549.465, 512.512, 549.053, 585.071, 670.493, 623.629, 752.036, 685.847, 747.124, 560.393, 577.785, 597.808, 689.692, 732.275, 602.576]] 
[[532.126, 563.318, 589.758, 1551.817, 595.891, 586.258, 582.675, 604.251, 637.384, 718.049, 763.407, 656.066, 622.524, 557.292, 596.804, 628.048, 754.241, 789.988, 827.024, 869.616, 629.738, 890.964, 636.399, 557.361, 656.846, 579.81, 893.172, 655.2, 594.393, 688.201, 900.439, 700.076, 565.245, 920.214, 729.94, 951.725, 650.228, 608.79, 546.434]] 
[[557.713, 618.513, 541.797, 618.908, 552.34, 631.356, 538.224, 658.173, 576.728, 625.428, 657.503, 532.567, 645.257, 690.926, 530.978, 714.501, 559.235, 719.54, 762.919, 573.943, 781.405, 570.765, 617.217, 643.858, 565.218, 669.738, 752.6, 567.92, 613.336, 667.428, 771.528, 813.577, 848.704, 890.998, 599.372, 915.294, 915.258, 614.16, 650.782, 575.844]] 
[[550.556, 1443.54, 542.078, 571.022, 553.716, 576.944, 542.304, 578.915, 568.563, 599.179, 564.536, 610.06, 545.524, 565.556, 618.709, 562.716, 651.285, 674.842, 1591.813, 695.524, 582.327, 531.938, 529.706, 615.554, 1291.05, 554.069, 639.529, 2608.734, 1527.179, 621.671, 532.235, 636.954, 1011.155, 605.171, 1907.613, 570.839, 519.098]] 
[[527.553, 563.951, 561.169, 581.028, 619.455, 550.939, 584.612, 687.914, 525.674, 622.115, 549.278, 713.046, 562.334, 706.607, 590.503, 634.966, 670.245, 720.481, 750.261, 691.23, 782.087, 544.657, 697.394, 765.904, 817.076, 702.292, 548.466, 587.657, 772.195, 805.735, 585.603, 619.825, 909.393, 785.93, 821.968, 805.634, 913.187, 591.125, 608.91, 883.564, 611.39, 885.446]] 
[[529.267, 529.043, 567.028, 540.921, 646.656, 582.47, 674.013, 526.027, 599.416, 566.909, 642.847, 511.105, 659.491, 696.081, 619.844, 760.724, 536.488, 634.479, 699.429, 778.571, 656.507, 807.057, 608.333, 933.329, 669.679, 861.261, 953.165, 676.239, 717.468, 1021.868, 969.565, 1075.814, 541.679, 1072.526, 681.894, 529.715, 1077.965, 690.33, 1107.225, 523.467, 1093.726, 657.958, 1113.371]] 
[[538.991, 536.803, 525.889, 539.445, 539.321, 537.071, 560.501, 585.056, 1416.854, 568.236, 544.154, 591.617, 656.046, 608.282, 569.537, 642.613, 613.443, 537.598, 538.146, 637.943, 681.339, 699.228, 725.294, 774.977, 793.821, 865.128, 612.37, 544.707, 931.965, 980.807, 542.997, 995.617, 555.143, 567.859, 629.803, 549.511, 653.773]] 
[[577.512, 540.056, 1547.654, 525.377, 603.738, 1541.142, 522.093, 525.855, 549.465, 595.194, 536.857, 557.459, 559.411, 572.147, 573.238, 596.197, 630.463, 534.911, 677.945, 558.497, 600.004, 538.658, 607.243, 703.474, 554.043, 611.938, 678.161, 627.244, 599.232, 629.012, 696.899, 631.3, 649.614, 597.362, 731.293, 662.622, 674.082, 745.144, 780.827, 664.306, 568.513, 656.992, 606.63, 683.823]] 
[[520.151, 555.841, 583.371, 544.437, 566.542, 589.82, 570.656, 598.345, 931.393, 566.966, 898.215, 630.811, 668.409, 606.433, 624.746, 670.289, 556.045, 642.675, 577.988, 678.905, 662.663, 590.434, 694.401, 718.44, 583.437, 598.225, 639.17, 698.698, 615.185, 1531.453, 664.125, 683.911, 717.184, 599.018, 626.296, 646.957, 690.113, 710.745, 617.327, 702.716]] 
[[539.346, 592.271, 622.609, 535.48, 588.696, 615.665, 542.98, 582.726, 581.558, 636.5, 639.231, 668.856, 519.281, 538.458, 770.738, 657.135, 697.749, 790.007, 538.392, 832.591, 573.457, 594.224, 642.021, 491.892, 679.619, 528.148, 722.508, 1466.546, 794.128, 1668.482, 575.853, 521.854, 794.868, 1428.8310000000001, 835.209, 751.169, 528.294, 844.2, 1018.418, 925.835, 1049.802]] 
[[568.517, 561.689, 564.643, 537.201, 548.58, 578.632, 582.557, 593.831, 550.026, 560.132, 573.557, 576.169, 632.884, 622.318, 559.975, 653.697, 661.911, 643.845, 608.816, 673.234, 590.229, 535.661, 655.144, 691.944, 677.749, 646.39, 618.919, 596.316, 668.552, 635.58, 690.582, 527.296, 716.476, 657.772, 715.019, 749.561, 817.154, 536.379, 765.971, 690.409, 545.186, 586.157, 739.947, 859.011, 575.544, 1542.99, 750.617, 788.923, 784.667, 727.785, 590.773, 816.422, 849.916, 732.619, 885.352, 815.58, 915.825, 845.09, 549.529, 578.193, 922.815, 600.116, 706.418, 942.583, 839.807, 532.886, 969.47]] 
[[542.626, 528.255, 517.989, 546.541, 541.719, 583.334, 549.884, 539.282, 524.552, 585.247, 631.589, 553.923, 543.443, 519.563, 676.866, 580.714, 646.098, 1652.632, 620.279, 714.554, 539.441, 650.957, 702.636, 564.854, 714.983, 599.382, 600.146, 740.003, 668.408, 638.341, 1526.819, 690.833, 693.508, 1884.682, 682.882, 710.67, 743.407, 1570.955, 685.749, 633.39, 682.185, 583.933, 630.293, 675.31, 683.074, 629.657, 705.375, 738.623, 700.51, 676.807, 583.848, 739.075, 772.573, 602.01, 726.167, 783.179, 650.326, 656.921, 694.092, 725.108, 665.74, 826.135, 773.11, 703.167, 736.257, 722.552, 835.555]] 
[[541.266, 549.773, 580.223, 558.926, 547.287, 587.138, 593.942, 567.443, 599.285, 656.954, 613.242, 573.12, 619.202, 556.553, 1513.2, 601.858, 637.975, 557.338, 600.199, 672.551, 623.38, 593.093, 655.22, 584.997, 721.784, 672.01, 595.439, 746.396, 614.135, 578.588, 577.852, 763.89, 804.133, 591.314, 611.812, 611.32, 622.759, 637.758, 646.198, 652.444, 529.599, 671.265, 659.159, 726.923, 858.796, 543.199, 794.492, 907.981, 869.715, 603.831, 962.321, 772.303, 910.483, 973.192, 520.791, 540.741, 982.035, 765.35, 1053.503, 1001.557, 816.639, 552.409, 557.419, 762.459, 592.663, 641.12, 572.078]] 
[[577.575, 533.513, 571.436, 577.233, 546.319, 555.601, 639.2, 594.665, 667.926, 572.046, 604.353, 554.693, 582.399, 537.252, 617.028, 554.703, 651.784, 589.553, 530.095, 691.278, 558.728, 606.668, 711.326, 664.11, 773.831, 715.193, 563.719, 619.177, 574.189, 627.908, 793.588, 659.577, 710.594, 612.104, 557.65, 613.845, 670.06, 712.358, 827.957, 640.364, 679.951, 724.398, 890.443, 673.04, 712.212, 566.785, 909.395, 941.713, 711.79, 691.299, 712.404, 579.897, 618.521, 726.707, 740.552, 980.568, 679.137, 641.11, 716.303, 909.653, 988.068, 736.86, 737.947, 1003.76, 651.668, 684.784, 688.869]] 
[[526.693, 535.58, 536.528, 541.785, 572.19, 614.596, 545.573, 601.221, 633.714, 668.645, 563.208, 611.688, 694.782, 635.699, 566.049, 660.869, 724.624, 581.682, 686.923, 603.309, 740.361, 543.956, 561.594, 759.761, 588.727, 604.588, 560.157, 778.519, 664.821, 651.115, 610.214, 564.652, 728.658, 680.534, 556.587, 597.48, 754.64, 567.233, 616.861, 655.359, 628.13, 706.722, 682.888, 639.986, 715.416, 651.742, 802.51, 711.596, 642.931, 666.705, 708.086, 540.683, 618.809, 737.275, 634.491, 641.013, 741.13, 809.824, 755.578, 846.74, 519.701, 698.136, 791.548, 664.696, 608.309, 815.586, 708.194, 736.169]] 
[[529.054, 522.868, 510.682, 518.747, 534.203, 539.853, 615.027, 521.327, 520.094, 556.38, 550.046, 519.124, 585.135, 530.953, 503.072, 526.199, 588.221, 532.105, 533.819, 584.226, 559.103, 538.998, 519.993, 1531.887, 1323.634, 577.82, 1281.3980000000001, 608.413, 610.077, 593.337, 631.146, 558.697, 679.528, 1500.722, 513.851, 1337.998, 1608.655, 557.798, 682.744, 513.13, 1368.733, 525.669, 895.098, 706.991, 1566.674, 1193.791, 566.452, 732.084, 1437.649, 623.082, 750.342, 1612.496, 829.252, 564.217]] 
[[555.231, 567.829, 591.471, 582.532, 639.501, 546.781, 578.196, 594.781, 556.047, 600.309, 654.742, 623.573, 658.096, 669.561, 685.458, 719.027, 689.251, 590.877, 718.49, 541.126, 727.514, 598.747, 638.614, 557.489, 537.412, 704.496, 638.536, 717.417, 658.751, 540.231, 726.266, 661.75, 555.81, 741.595, 580.341, 667.885, 641.498, 634.702, 538.724, 576.077, 560.593, 802.529, 739.042, 634.666, 642.199, 682.741, 750.396, 598.82, 633.957, 539.874, 586.835, 626.799, 695.609, 746.849, 731.726, 636.219, 693.243, 594.314, 667.591]] 
[[505.335, 515.504, 548.78, 506.358, 551.936, 585.141, 485.425, 533.176, 531.825, 564.145, 697.162, 642.314, 589.357, 568.276, 530.715, 549.357, 539.137, 570.398, 749.803, 678.681, 546.369, 578.968, 590.849, 608.023, 528.545, 734.876, 569.415, 542.439, 588.199, 749.558, 790.09, 611.036, 542.382, 545.566, 598.634, 565.613, 624.487, 541.208, 766.876, 590.145, 687.197, 585.276, 834.448, 751.519, 598.213, 574.716, 710.688, 737.098, 598.36, 835.929, 630.012, 590.837, 645.741, 532.457, 570.986]] 
[[518.265, 590.208, 546.606, 506.382, 506.892, 528.506, 540.398, 639.178, 571.338, 541.506, 603.109, 561.218, 632.534, 562.071, 604.062, 600.206, 637.831, 616.716, 618.353, 622.178, 654.867, 697.906, 733.989, 620.613, 598.372, 718.093, 664.87, 538.064, 645.521, 592.312, 728.367, 546.631, 752.935, 802.389, 882.22, 626.462, 655.522, 948.649, 543.36, 997.499, 627.152, 686.302, 529.92, 988.862, 526.702, 1019.943, 614.324, 679.405, 1030.468, 535.744, 620.966, 526.102, 580.164, 648.703, 677.565]] 
[[551.001, 635.729, 667.523, 520.619, 538.962, 671.864, 702.25, 531.947, 725.795, 571.291, 575.274, 632.582, 590.697, 535.381, 592.765, 766.979, 618.183, 700.727, 623.596, 579.359, 775.431, 620.723, 633.364, 703.381, 797.93, 855.385, 632.978, 504.435, 734.247, 908.958, 527.822, 547.062, 972.799, 744.975, 915.96, 498.494, 579.213, 975.44, 604.019, 742.935, 480.99, 625.797, 478.188, 672.021, 487.417, 524.412, 939.649, 478.803, 546.151, 711.459, 496.933, 953.37, 527.34, 557.985, 563.517, 631.786, 699.452, 952.388]] 
[[495.25, 520.46, 521.985, 613.332, 508.534, 573.63, 517.271, 499.195, 697.469, 1509.029, 760.809, 559.699, 556.101, 581.229, 953.595, 945.147, 940.329, 523.067, 656.745, 550.594, 599.5, 524.817, 541.592, 551.707, 624.605, 567.22, 544.064, 572.955, 638.012, 602.56, 872.442, 548.386, 617.594, 604.935, 805.912, 873.48, 787.603, 577.339, 896.961, 922.636, 775.985, 944.512, 1267.109, 703.348, 706.159, 704.595, 715.864, 691.666, 682.816, 674.993, 929.781, 733.721, 651.316, 750.739, 680.756, 714.646, 771.562]] 
[[532.911, 558.298, 526.136, 528.169, 586.331, 1519.33, 632.338, 534.115, 604.907, 554.871, 541.66, 654.939, 608.489, 553.351, 535.435, 580.979, 571.084, 591.989, 638.54, 540.259, 528.769, 695.539, 746.651, 554.196, 584.687, 552.328, 588.421, 607.359, 544.887, 608.213, 754.946, 638.077, 566.338, 513.917, 588.624, 591.981, 616.382, 544.715, 613.58, 650.22, 606.254, 643.974, 667.593, 662.824, 714.611, 721.3, 515.495, 644.789, 724.026, 673.691, 500.31, 612.4, 714.636, 678.735, 742.63, 682.154, 635.267]] 
[[557.099, 540.381, 586.946, 553.256, 563.736, 572.325, 562.775, 602.403, 581.973, 1656.136, 740.826, 1575.8139999999999, 628.98, 573.798, 1850.877, 685.004, 664.211, 1591.374, 878.998, 716.293, 986.738, 1605.149, 663.642, 581.731, 1055.526, 1990.72, 1941.42, 1656.002, 1719.995, 1598.007, 1581.6509999999998, 712.503, 1564.839, 568.633, 805.732, 836.77, 1667.896, 697.021, 1760.885, 1659.3020000000001, 2038.344, 1033.56, 856.529, 1856.3809999999999, 1045.251, 1601.733, 790.361, 758.507, 703.242, 778.369, 794.894, 1553.5520000000001, 716.111, 1511.34, 545.449, 1500.138, 878.841, 545.227, 1497.0230000000001]] 
[[521.742, 625.391, 554.924, 521.252, 532.834, 556.786, 579.005, 559.335, 680.231, 636.913, 529.252, 585.852, 625.962, 560.853, 606.864, 663.916, 554.565, 681.997, 563.873, 587.013, 597.524, 603.566, 689.814, 626.353, 566.875, 592.653, 702.078, 650.256, 610.143, 548.203, 571.376, 558.682, 647.287, 692.527, 577.662, 590.667, 713.92, 618.484, 620.547, 554.741, 620.43, 706.492, 572.708, 626.124, 604.554, 631.185, 511.233, 617.8, 628.19, 517.702, 656.008, 679.779, 633.439, 534.412, 743.884, 668.773]] 
[[506.697, 552.881, 578.409, 512.203, 519.917, 599.557, 533.526, 582.73, 625.879, 524.814, 535.601, 711.384, 652.786, 531.225, 535.269, 594.941, 566.248, 719.583, 541.931, 746.53, 591.11, 766.571, 624.373, 786.4, 583.288, 520.945, 805.642, 610.009, 550.669, 637.518, 603.485, 541.229, 676.863, 609.135, 743.89, 797.293, 844.102, 872.805, 906.225, 574.675, 948.985, 612.136, 652.249, 562.485, 551.415, 968.676, 649.748, 583.397, 546.816, 597.259, 963.898, 616.831, 994.26, 646.168, 1024.674]] 
[[524.023, 504.714, 490.431, 522.208, 499.283, 499.917, 538.573, 535.044, 518.453, 531.529, 561.018, 607.403, 545.152, 566.247, 512.445, 600.525, 512.82, 526.014, 627.747, 636.135, 568.943, 668.098, 497.689, 564.014, 686.479, 651.172, 555.922, 486.281, 691.297, 569.436, 502.44, 486.747, 664.672, 619.256, 728.072, 499.268, 672.577, 609.14, 516.842, 621.721, 653.706, 684.7, 487.412, 695.825, 581.592, 619.474, 646.27, 684.229, 720.34, 633.711, 745.511, 474.275]] 
[[537.194, 585.006, 606.907, 569.434, 621.508, 545.04, 714.027, 584.897, 532.985, 619.773, 602.257, 802.691, 547.951, 616.979, 849.457, 572.618, 605.413, 608.077, 867.767, 546.099, 896.455, 584.708, 585.44, 547.909, 580.812, 1525.683, 591.441, 575.83, 572.424, 871.418, 597.305, 908.123, 668.918, 612.719, 928.035, 959.518, 567.159, 692.608, 734.933, 533.947, 564.62, 818.501, 769.847, 582.848, 530.891, 520.205, 583.796, 899.36, 596.23, 803.328, 629.398, 821.019, 652.036, 853.59, 506.235]] 
[[521.311, 526.709, 563.041, 606.426, 530.484, 563.898, 556.605, 578.914, 545.976, 613.609, 665.509, 535.327, 762.143, 700.469, 545.457, 557.56, 538.951, 549.025, 555.984, 593.22, 569.668, 559.07, 542.322, 573.951, 583.509, 1657.5549999999998, 746.631, 573.279, 634.1, 770.275, 561.541, 948.338, 583.339, 574.491, 610.306, 894.786, 737.007, 543.005, 595.158, 752.248, 611.779, 597.181, 612.822, 735.139, 593.322, 681.269, 631.949, 583.777, 612.722, 731.683, 628.114, 591.616, 616.196, 646.944, 632.616, 619.664, 526.814, 700.109, 541.058]] 
[[552.038, 529.457, 548.783, 614.331, 533.525, 560.517, 532.503, 618.858, 1685.533, 637.72, 533.012, 535.002, 572.018, 552.552, 618.011, 669.927, 619.024, 1314.152, 614.095, 533.67, 670.941, 704.146, 1314.278, 539.847, 511.207, 722.799, 1309.1109999999999, 750.432, 1324.142, 528.024, 537.209, 800.828, 840.493, 893.136, 529.911, 531.526, 564.291, 914.376, 527.117, 635.392, 1775.5059999999999, 1256.308, 661.798, 559.726, 1280.932, 870.874, 664.07, 1278.4180000000001, 884.17, 534.194, 525.052, 557.431, 2062.043, 915.181]] 
[[552.344, 559.802, 604.742, 546.813, 563.672, 656.49, 612.184, 682.819, 572.227, 760.016, 715.427, 549.452, 552.314, 568.749, 758.877, 556.019, 832.332, 552.646, 769.207, 851.142, 568.973, 566.897, 594.437, 713.897, 662.249, 547.769, 868.86, 731.843, 811.975, 533.696, 549.61, 555.12, 636.624, 843.89, 725.385, 562.334, 546.777, 633.138, 725.877, 537.064, 803.944, 731.218, 538.171, 767.904, 808.857, 845.73, 798.299, 559.286, 853.592, 799.53, 520.131, 852.319, 808.081]] 
[[550.135, 503.511, 538.524, 593.564, 558.346, 540.22, 585.769, 602.159, 614.811, 640.795, 561.881, 528.675, 515.96, 521.104, 597.208, 631.988, 641.216, 536.15, 512.247, 555.961, 583.982, 500.007, 670.837, 507.837, 521.272, 543.351, 739.844, 700.26, 520.262, 759.141, 564.514, 600.497, 770.713, 519.801, 500.608, 671.683, 619.485, 769.433, 511.771, 522.386, 559.01, 777.211, 852.544, 543.024, 791.218, 479.319, 862.049, 527.409, 883.585, 916.051, 574.194, 517.038, 646.503, 984.567, 533.872, 928.475, 568.271, 1000.163]] 
[[525.036, 511.593, 518.256, 569.675, 592.841, 527.593, 542.58, 549.008, 560.419, 535.342, 560.787, 636.098, 588.49, 549.967, 587.681, 537.816, 625.044, 560.4, 593.88, 631.969, 674.396, 516.496, 554.048, 567.817, 517.682, 605.002, 617.953, 605.747, 675.254, 728.971, 542.654, 528.789, 583.457, 610.041, 583.031, 631.823, 577.52, 613.369, 528.553, 618.042, 664.422, 580.629, 625.605, 530.267, 545.75, 635.637, 575.32, 562.227, 664.485, 629.57, 590.129, 585.474, 685.507, 619.456]] 
[[532.261, 568.947, 611.112, 594.759, 533.403, 533.314, 665.681, 537.327, 606.935, 529.075, 562.72, 548.475, 571.063, 680.661, 621.084, 567.399, 750.021, 842.146, 899.116, 937.873, 527.237, 575.434, 579.629, 614.304, 541.793, 585.055, 611.813, 674.451, 624.676, 674.772, 1052.843, 682.368, 711.79, 718.726, 526.962, 566.666, 603.771, 562.642, 592.708, 801.654, 722.899, 661.491, 750.28, 596.069, 817.545, 664.964, 755.768, 682.634, 807.42, 705.414, 805.906, 755.438, 834.584, 584.577, 824.383, 588.693, 644.581, 784.814, 829.796, 872.202, 685.742, 797.115]] 
[[540.446, 553.311, 615.147, 577.347, 554.762, 622.332, 590.429, 676.412, 576.791, 592.605, 594.446, 628.871, 834.068, 728.229, 864.286, 577.285, 580.458, 635.938, 615.307, 880.757, 586.18, 898.393, 939.133, 590.564, 599.84, 604.522, 958.007, 624.964, 979.406, 535.869, 698.316, 615.032, 642.937, 567.166, 552.808, 634.849, 607.881, 672.833, 709.294, 952.802, 616.01, 975.431, 634.52, 589.049, 535.13, 706.4, 653.158, 594.474, 641.032, 677.612, 602.895, 649.615, 668.734, 669.4, 875.668, 606.738, 648.054, 899.326, 647.712]] 
[[541.389, 532.691, 606.52, 535.141, 579.446, 666.491, 562.561, 545.747, 2030.874, 580.858, 554.47, 562.579, 546.454, 578.157, 578.014, 577.84, 622.02, 1917.3600000000001, 594.071, 550.742, 779.544, 763.222, 765.717, 764.919, 1832.335, 838.531, 782.95, 543.71, 1842.726, 745.487, 533.501, 678.917, 749.249, 658.013, 655.089, 647.004, 634.068, 788.064, 698.399, 736.229, 635.437, 744.995, 568.333, 782.217, 733.502, 855.596, 554.045, 555.487, 807.16, 715.506, 574.484, 849.98, 753.389, 696.011, 772.501, 573.822, 538.998, 719.698, 548.378, 734.53, 766.785, 570.621]] 
[[535.765, 526.426, 521.855, 557.255, 545.716, 547.832, 552.681, 525.489, 575.805, 540.162, 531.864, 587.151, 547.88, 509.339, 593.326, 534.753, 569.604, 532.951, 593.063, 583.493, 650.428, 634.679, 659.303, 660.724, 689.892, 739.558, 520.993, 517.2, 547.889, 525.473, 581.099, 556.719, 742.771, 788.285, 662.805, 601.684, 507.791, 785.131, 594.886, 647.819, 492.19, 660.648, 515.967, 516.991, 613.349, 665.416, 527.104, 629.939, 575.804, 514.166]] 
[[627.931, 625.863, 613.366, 606.436, 612.874, 601.743, 651.922, 580.41, 585.828, 673.974, 727.088, 601.187, 637.223, 601.723, 704.181, 565.417, 754.417, 564.786, 807.963, 695.986, 563.469, 741.303, 832.471, 568.42, 752.379, 870.115, 904.389, 588.671, 569.466, 568.119, 606.637, 755.226, 900.816, 628.074, 582.053, 916.129, 763.531, 574.192, 967.399, 588.848, 770.449, 904.014, 975.02, 784.994, 559.659, 584.501, 562.124, 608.756, 765.708, 644.211, 567.138, 683.2, 771.748, 707.406, 577.905, 786.529, 631.912, 524.453, 889.397, 844.269, 547.262, 908.683]] 
[[576.884, 572.986, 628.469, 556.225, 617.277, 556.53, 603.004, 539.135, 602.222, 580.359, 580.313, 566.134, 665.24, 593.347, 593.954, 570.69, 618.773, 641.208, 561.46, 532.359, 646.459, 580.059, 577.034, 653.801, 635.299, 554.56, 555.372, 611.782, 557.594, 646.511, 589.483, 611.467, 613.043, 647.704, 631.572, 647.752, 645.996, 565.807, 583.643, 551.571, 565.281, 585.618, 683.431, 632.383, 706.734, 603.631, 749.428, 565.046, 600.384, 638.907, 543.564, 744.74, 574.707, 495.863, 549.352, 594.434, 574.72]] 
[[553.321, 552.526, 621.309, 544.995, 544.021, 569.046, 564.661, 652.543, 583.561, 593.258, 672.104, 582.406, 540.315, 591.153, 540.917, 579.684, 617.961, 521.038, 610.871, 635.965, 549.955, 550.856, 644.463, 579.484, 581.515, 661.739, 602.349, 1546.723, 695.911, 599.066, 726.847, 1568.4769999999999, 566.511, 585.462, 1606.501, 617.094, 728.859, 622.72, 543.506, 643.597, 571.341, 674.461, 548.421, 607.204, 591.646, 601.639, 621.332, 633.765, 706.806, 613.12, 643.107, 719.862, 838.481, 782.619, 603.999, 619.547, 843.602, 544.636, 749.602, 798.11, 763.657, 596.851, 636.281, 786.481, 653.165, 591.763, 811.875, 618.336, 567.05, 628.621]] 
[[574.861, 542.133, 543.132, 536.089, 606.219, 642.796, 550.241, 669.353, 573.118, 544.092, 570.221, 601.502, 672.809, 583.15, 546.509, 541.318, 572.185, 736.238, 594.606, 679.95, 549.134, 579.509, 577.421, 725.543, 656.379, 588.596, 595.701, 555.15, 640.572, 705.661, 544.207, 649.307, 618.633, 704.958, 633.892, 628.391, 569.12, 718.685, 592.684, 647.983, 611.548, 673.89, 553.147, 578.195, 604.025, 612.496, 606.47, 612.185, 670.065, 606.238, 634.677, 550.656, 604.318, 679.981, 611.636, 714.415, 572.558, 639.126, 611.508, 666.447, 595.562, 627.61, 664.696, 684.032, 704.741, 575.082, 747.411, 673.419, 723.809, 604.692]] 
[[528.148, 532.288, 526.324, 547.245, 586.394, 532.21, 560.166, 537.849, 523.504, 518.178, 577.977, 580.242, 544.669, 610.393, 595.724, 524.799, 611.249, 555.72, 604.685, 650.706, 531.533, 554.881, 621.829, 661.964, 660.712, 691.812, 769.881, 751.518, 600.134, 673.1, 547.017, 549.727, 537.885, 678.481, 571.226, 569.544, 761.922, 532.168, 809.783, 647.255, 739.194, 567.764, 692.498, 826.578, 736.028, 862.915, 515.961, 775.919, 721.624, 808.053, 869.922, 637.847, 965.986, 515.889, 906.348, 724.625, 976.934, 797.262, 1041.974, 1003.081, 673.806, 814.599, 734.401, 730.052, 764.385, 796.454, 810.507, 1744.346, 546.778, 985.093]] 
[[539.919, 538.193, 541.158, 554.977, 559.869, 605.197, 567.664, 548.691, 550.361, 625.327, 588.713, 628.623, 547.346, 557.26, 602.049, 568.082, 620.259, 599.679, 573.23, 658.195, 609.58, 688.333, 611.623, 646.374, 547.774, 595.374, 618.184, 569.834, 581.099, 822.093, 665.044, 629.328, 618.782, 712.737, 575.409, 654.8, 717.85, 601.827, 816.597, 652.502, 544.44, 607.186, 663.363, 823.239, 682.833, 716.027, 530.865, 581.066, 534.098, 594.735, 731.923, 646.958, 767.487, 672.165, 810.725, 594.553, 745.738, 841.406, 872.946, 811.042, 901.425, 744.515, 647.559, 603.932, 746.259, 912.961, 626.157, 526.502, 811.609, 540.402]] 
[[551.837, 547.07, 552.916, 550.605, 591.632, 533.313, 560.225, 561.713, 603.068, 603.26, 547.947, 585.376, 618.688, 619.671, 559.916, 538.435, 627.184, 568.561, 627.98, 560.868, 643.259, 590.187, 621.932, 652.128, 651.852, 689.106, 606.581, 558.548, 565.44, 622.119, 724.95, 619.586, 655.149, 713.016, 633.538, 810.51, 744.03, 688.922, 587.301, 541.262, 637.596, 548.205, 681.901, 721.275, 813.28, 569.698, 738.258, 615.988, 657.203, 578.224, 735.383, 607.738, 705.426, 608.357, 1062.789, 626.288, 833.212, 1032.944, 618.038, 824.104, 748.325, 1671.842, 809.45, 649.715, 895.155, 872.216, 817.591, 964.474, 821.455, 1006.166]] 
[[620.064, 649.453, 635.105, 643.485, 602.201, 604.145, 613.079, 611.87, 648.889, 590.584, 591.8, 582.296, 570.765, 572.096, 583.301, 561.935, 619.658, 603.543, 537.511, 576.855, 1624.874, 1616.607, 1611.241, 1604.251, 734.008, 734.887, 745.173, 844.067, 994.353, 742.355, 790.196, 801.353, 823.801, 828.793, 2684.381, 697.387, 952.965, 800.133, 740.067, 751.571, 680.628, 692.987, 882.299, 648.977, 704.966, 637.042, 842.81, 848.852, 2241.197, 1118.395, 819.624, 817.287, 806.489, 1983.045, 672.532, 779.167, 803.487, 765.105, 760.644, 819.47, 850.447, 816.238, 1627.25, 1620.777, 1623.3029999999999, 1601.6889999999999, 751.566, 1592.384, 1588.414, 693.498]] 
average response time [0]560.822
average response time [1]545.395
average response time [2]481.191
average response time [3]523.207
average response time [4]508.893
average response time [5]521.922
average response time [6]545.732
average response time [7]837.975
average response time [8]547.592
average response time [9]551.808
TOTAL AVERAGE RESPONSE TIME ====================: 562.4537
NUMBER OF THREADS ==============================: 1
average response time [10]532.7155
average response time [11]498.18600000000004
average response time [12]505.78
average response time [13]543.6245
average response time [14]522.223
average response time [15]1185.1085
average response time [16]545.902
average response time [17]543.44
average response time [18]526.3095000000001
average response time [19]573.1234999999999
TOTAL AVERAGE RESPONSE TIME ====================: 597.6412499999999
NUMBER OF THREADS ==============================: 2
average response time [20]536.82625
average response time [21]605.6665
average response time [22]723.99925
average response time [23]812.6385
average response time [24]597.57675
average response time [25]596.4939999999999
average response time [26]596.9482499999999
average response time [27]573.89025
average response time [28]545.22975
average response time [29]531.1025
TOTAL AVERAGE RESPONSE TIME ====================: 612.0372
NUMBER OF THREADS ==============================: 4
average response time [30]623.80725
average response time [31]694.765125
average response time [32]619.2905
average response time [33]638.847
average response time [34]638.2205
average response time [35]1137.615375
average response time [36]640.801625
average response time [37]715.329625
average response time [38]657.481875
average response time [39]809.2555
TOTAL AVERAGE RESPONSE TIME ====================: 717.5414374999999
NUMBER OF THREADS ==============================: 8
average response time [40]791.977625
average response time [41]811.2149375
average response time [42]927.123125
average response time [43]903.3698125000001
average response time [44]761.2387142857143
average response time [45]652.4805555555556
average response time [46]617.3271428571429
average response time [47]933.0026666666666
average response time [48]642.191875
average response time [49]720.6751111111112
TOTAL AVERAGE RESPONSE TIME ====================: 776.060156547619
NUMBER OF THREADS ==============================: 16
average response time [50]764.8844666666666
average response time [51]1192.66775
average response time [52]893.2241666666666
average response time [53]714.0760714285714
average response time [54]772.0771764705883
average response time [55]871.9957777777778
average response time [56]926.3921538461539
average response time [57]1224.4345714285714
average response time [58]698.1734615384615
average response time [59]747.7146250000001
TOTAL AVERAGE RESPONSE TIME ====================: 880.5640220823458
NUMBER OF THREADS ==============================: 32
average response time [60]1117.4962162162162
average response time [61]1084.857611111111
average response time [62]1195.9347567567568
average response time [63]928.4194583333333
average response time [64]811.2924736842106
average response time [65]811.4318636363637
average response time [66]811.1368888888888
average response time [67]995.0153846153846
average response time [68]1086.6202439024391
average response time [69]820.3952195121951
TOTAL AVERAGE RESPONSE TIME ====================: 966.2600116656898
NUMBER OF THREADS ==============================: 64
average response time [70]817.3186744186047
average response time [71]706.8426052631579
average response time [72]670.8895
average response time [73]605.1829444444445
average response time [74]671.2333870967742
average response time [75]952.75946875
average response time [76]683.8334166666666
average response time [77]585.805625
average response time [78]610.0747142857143
average response time [79]585.1404285714285
TOTAL AVERAGE RESPONSE TIME ====================: 688.9080764496791
NUMBER OF THREADS ==============================: 65
average response time [80]663.9015333333333
average response time [81]565.7529047619047
average response time [82]669.1914074074074
average response time [83]859.8095172413794
average response time [84]702.9556875
average response time [85]605.3894090909091
average response time [86]599.2801153846154
average response time [87]702.0951794871795
average response time [88]658.788775
average response time [89]780.8703783783784
TOTAL AVERAGE RESPONSE TIME ====================: 680.8034907585107
NUMBER OF THREADS ==============================: 66
average response time [90]677.5904523809523
average response time [91]728.8593023255814
average response time [92]659.2401351351351
average response time [93]655.0824318181818
average response time [94]664.3134
average response time [95]729.8933414634147
average response time [96]687.0080298507463
average response time [97]712.5778805970149
average response time [98]683.194328358209
average response time [99]675.5139104477612
TOTAL AVERAGE RESPONSE TIME ====================: 687.3273212376996
NUMBER OF THREADS ==============================: 67
average response time [100]651.7024852941177
average response time [101]757.8258148148149
average response time [102]636.7921355932203
average response time [103]609.8105454545455
average response time [104]650.7003636363636
average response time [105]654.0643620689655
average response time [106]699.2518947368421
average response time [107]624.9938596491228
average response time [108]1073.5969322033898
average response time [109]607.404125
TOTAL AVERAGE RESPONSE TIME ====================: 696.6142518451381
NUMBER OF THREADS ==============================: 68
average response time [110]658.8606363636363
average response time [111]583.5921538461539
average response time [112]676.4248909090909
average response time [113]635.8639152542373
average response time [114]784.2525370370371
average response time [115]668.3160566037736
average response time [116]627.1105344827586
average response time [117]586.6592222222222
average response time [118]672.4996935483871
average response time [119]672.8979830508474
TOTAL AVERAGE RESPONSE TIME ====================: 656.6477623318144
NUMBER OF THREADS ==============================: 69
average response time [120]737.9447419354839
average response time [121]586.78226
average response time [122]688.4090806451613
average response time [123]601.2508947368422
average response time [124]669.4381428571429
average response time [125]619.6669
average response time [126]689.3952142857142
average response time [127]647.7721714285715
average response time [128]684.3139571428571
average response time [129]917.5952428571428
TOTAL AVERAGE RESPONSE TIME ====================: 684.2568605888916
NUMBER OF THREADS ==============================: 70
average response time sent to Stackdriver [0]1185.1085
average response time sent to Stackdriver [1]531.1025
average response time sent to Stackdriver [2]809.2555
average response time sent to Stackdriver [3]933.0026666666666
average response time sent to Stackdriver [4]772.0771764705883
average response time sent to Stackdriver [5]1117.4962162162162
average response time sent to Stackdriver [6]811.4318636363637
average response time sent to Stackdriver [7]706.8426052631579
average response time sent to Stackdriver [8]585.1404285714285
average response time sent to Stackdriver [9]599.2801153846154
average response time sent to Stackdriver [10]659.2401351351351
average response time sent to Stackdriver [11]683.194328358209
average response time sent to Stackdriver [12]654.0643620689655
average response time sent to Stackdriver [13]676.4248909090909
average response time sent to Stackdriver [14]672.4996935483871
average response time sent to Stackdriver [15]619.6669
NUMBER OF THREADS: [1, 2, 4, 8, 16, 32, 64, 65, 66, 67, 68, 69, 70]
WORKLOAD: HFU_LV;  
TOTAL EXECUTION TIME (Concurrent Parallel Requests): 177357.751
NUMBER OF REPLICAS USED: 6

