[[489.746, 482.503, 497.763, 505.467, 479.575, 543.059, 482.222, 543.311, 513.525, 565.518, 536.091, 479.467, 567.624, 525.489, 1714.871, 663.494, 567.242, 587.122, 562.401, 1537.9279999999999, 617.884, 602.82, 649.976, 619.28, 689.663, 1292.7440000000001, 684.183, 721.332, 685.424, 585.894, 818.454, 739.982, 604.058, 889.898, 647.422, 749.337, 654.497, 524.994, 571.449, 773.944, 675.487, 787.139, 688.618, 799.472, 559.846, 667.839, 1358.049, 560.039, 1000.408, 605.301]] 
AVERAGE RESPONSE TIME: 693.39702
NUMBER OF THREADS: [50]
WORKLOAD: LV_HF; PAL CONFIG: compression; NUMBER OF REPLICAS: 5 
TOTAL EXECUTION TIME (Concurrent Parallel Requests): 1821.7469999999998


[[574.249, 610.459, 544.233, 541.729, 630.719, 587.554, 572.079, 545.72, 620.715, 596.887, 570.488, 628.642, 617.31, 628.756, 664.008, 715.459, 653.886, 660.923, 706.626, 759.46, 1910.1219999999998, 692.853, 526.564, 740.625, 782.89, 841.688, 1603.696, 520.512, 725.473, 707.868, 774.513, 534.214, 749.608, 804.432, 554.247, 822.188, 826.745, 862.738, 1454.9279999999999, 617.236, 738.691, 851.6, 915.613, 627.475, 559.816, 920.913, 666.947, 974.326, 1065.985, 820.275]] 
AVERAGE RESPONSE TIME: 752.49366
NUMBER OF THREADS: [50]
WORKLOAD: LV_HF; PAL CONFIG: compression; NUMBER OF REPLICAS: 5 
TOTAL EXECUTION TIME (Concurrent Parallel Requests): 2065.432


[[643.06, 646.583, 681.73, 687.338, 582.972, 532.482, 539.447, 627.252, 593.832, 619.817, 574.48, 583.73, 623.215, 696.287, 780.572, 729.372, 658.722, 508.548, 661.403, 698.371, 544.638, 564.909, 665.008, 591.75, 777.815, 826.471, 687.311, 619.419, 616.893, 725.657, 676.36, 724.185, 774.311, 638.732, 687.836, 809.5, 619.493, 728.716, 768.239, 666.542, 719.096, 725.855, 668.715, 745.86, 696.835, 772.65, 718.154, 819.174, 711.431, 847.202]] 
AVERAGE RESPONSE TIME: 676.1594
NUMBER OF THREADS: [50]
WORKLOAD: LV_HF; PAL CONFIG: compression; NUMBER OF REPLICAS: 5 
TOTAL EXECUTION TIME (Concurrent Parallel Requests): 1225.643


[[507.805, 490.885, 534.469, 499.466, 492.748, 543.873, 480.931, 621.672, 513.087, 564.767, 560.593, 501.237, 649.562, 694.5, 587.896, 735.463, 500.077, 518.087, 748.211, 541.591, 501.344, 576.553, 569.52, 602.79, 533.921, 506.972, 550.494, 615.268, 669.768, 564.024, 668.838, 574.564, 514.577, 512.976, 599.005, 660.465, 624.932, 626.639, 650.983, 576.467, 685.361, 637.085, 498.664, 706.345, 581.828, 741.16, 616.984, 617.769, 653.945, 684.55]] 
AVERAGE RESPONSE TIME: 588.21422
NUMBER OF THREADS: [50]
WORKLOAD: LV_HF; PAL CONFIG: compression; NUMBER OF REPLICAS: 5 
TOTAL EXECUTION TIME (Concurrent Parallel Requests): 1165.777


[[503.67, 479.399, 483.339, 457.251, 521.751, 500.317, 547.205, 474.815, 506.482, 587.39, 545.432, 628.062, 467.943, 681.066, 568.525, 537.207, 718.568, 493.479, 752.774, 572.963, 585.607, 797.302, 455.978, 625.058, 496.254, 650.41, 573.518, 795.535, 603.843, 491.075, 621.107, 450.93, 521.441, 491.198, 537.095, 591.268, 662.745, 824.664, 750.31, 655.795, 587.335, 846.461, 874.516, 645.824, 903.77, 936.94, 631.271, 445.277, 974.023, 458.818]] 
AVERAGE RESPONSE TIME: 610.26012
NUMBER OF THREADS: [50]
WORKLOAD: LV_HF; PAL CONFIG: compression; NUMBER OF REPLICAS: 5 
TOTAL EXECUTION TIME (Concurrent Parallel Requests): 1386.672


[[523.239, 507.623, 527.527, 548.45, 539.591, 592.542, 582.266, 531.053, 546.182, 508.434, 574.64, 633.377, 614.91, 668.857, 605.689, 700.494, 527.759, 712.165, 570.293, 581.655, 641.479, 596.745, 757.693, 709.305, 539.304, 788.869, 635.651, 604.939, 557.06, 637.305, 804.831, 686.457, 509.396, 540.427, 607.853, 709.482, 782.392, 819.568, 471.214, 774.294, 534.25, 501.993, 817.678, 550.935, 817.26, 845.927, 887.171, 516.68, 1522.348, 545.982]] 
AVERAGE RESPONSE TIME: 646.22468
NUMBER OF THREADS: [50]
WORKLOAD: LV_HF; PAL CONFIG: compression; NUMBER OF REPLICAS: 5 
TOTAL EXECUTION TIME (Concurrent Parallel Requests): 1968.821


[[454.295, 447.668, 472.13, 485.089, 527.582, 509.829, 560.688, 450.4, 449.325, 495.767, 481.243, 563.559, 467.406, 517.309, 581.931, 510.769, 617.734, 483.333, 666.348, 515.776, 451.576, 506.212, 687.042, 735.041, 521.481, 509.931, 551.882, 732.121, 461.881, 436.091, 750.761, 568.821, 500.004, 657.785, 463.182, 560.14, 583.218, 577.619, 621.062, 454.066, 458.864, 698.862, 743.645, 511.778, 626.605, 770.189, 626.887, 477.116, 527.493, 782.655]] 
AVERAGE RESPONSE TIME: 556.24382
NUMBER OF THREADS: [50]
WORKLOAD: LV_HF; PAL CONFIG: compression; NUMBER OF REPLICAS: 5 
TOTAL EXECUTION TIME (Concurrent Parallel Requests): 1259.711


[[487.437, 463.172, 523.8, 466.333, 491.902, 496.779, 550.284, 537.362, 678.819, 500.707, 1382.997, 545.149, 537.288, 595.517, 672.884, 439.927, 622.999, 497.745, 683.173, 542.251, 581.354, 481.626, 497.96, 689.468, 605.646, 602.02, 519.073, 609.058, 703.494, 648.456, 491.241, 739.82, 663.69, 507.815, 532.065, 561.29, 474.95, 741.008, 545.638, 659.185, 491.773, 554.553, 505.562, 575.791, 617.391, 528.688, 514.843, 562.601, 550.026, 603.146]] 
AVERAGE RESPONSE TIME: 581.51512
NUMBER OF THREADS: [50]
WORKLOAD: LV_HF; PAL CONFIG: compression; NUMBER OF REPLICAS: 5 
TOTAL EXECUTION TIME (Concurrent Parallel Requests): 1510.0729999999999


[[420.002, 407.436, 383.648, 399.293, 395.448, 435.368, 433.865, 433.586, 455.983, 422.343, 436.121, 471.191, 456.619, 475.513, 473.458, 483.145, 533.836, 510.778, 567.145, 473.58, 558.761, 506.573, 452.187, 539.033, 566.606, 609.736, 462.118, 533.944, 526.331, 565.85, 398.984, 588.327, 639.811, 452.172, 671.078, 572.197, 420.677, 458.444, 584.891, 676.447, 439.521, 458.566, 439.886, 702.921, 744.676, 461.509, 450.769, 480.347, 743.036, 518.518]] 
AVERAGE RESPONSE TIME: 505.84548
NUMBER OF THREADS: [50]
WORKLOAD: LV_HF; PAL CONFIG: compression; NUMBER OF REPLICAS: 5 
TOTAL EXECUTION TIME (Concurrent Parallel Requests): 1201.323


[[485.791, 468.913, 512.979, 518.002, 467.627, 517.079, 567.791, 606.99, 543.279, 463.673, 507.982, 466.414, 507.387, 559.615, 599.436, 643.845, 692.063, 476.502, 578.53, 503.853, 541.678, 472.526, 589.547, 646.751, 675.516, 763.832, 527.697, 654.578, 690.175, 780.894, 702.04, 549.848, 752.29, 465.04, 783.809, 510.003, 572.91, 818.979, 856.637, 455.803, 504.982, 753.006, 584.536, 536.32, 599.234, 807.062, 757.648, 827.719, 511.436, 606.712]] 
AVERAGE RESPONSE TIME: 599.73918
NUMBER OF THREADS: [50]
WORKLOAD: LV_HF; PAL CONFIG: compression; NUMBER OF REPLICAS: 5 
TOTAL EXECUTION TIME (Concurrent Parallel Requests): 1204.775


