1
[405.703]
2
[389.77, 430.327]
4
[485.321, 391.705, 423.797, 502.96]
8
[452.12, 397.944, 474.018, 512.89, 584.869, 540.382, 623.088, 651.233]
16
[390.64, 426.649, 469.96, 546.442, 495.348, 569.512, 603.42, 640.324, 677.77, 713.198, 756.723, 783.457, 865.002, 808.09, 931.565, 883.544]
32
[394.532, 434.907, 466.246, 499.116, 551.403, 590.246, 618.334, 713.862, 798.228, 661.137, 737.737, 822.341, 844.147, 928.053, 962.985, 875.908, 1081.696, 985.421, 1020.047, 1104.297, 1175.602, 1129.558, 1251.7359999999999, 1199.071, 1276.853, 1311.03, 1379.864, 1544.057, 1451.23, 1616.612, 1485.818, 1567.174]
64
[390.858, 553.134, 421.009, 605.924, 430.865, 471.658, 552.801, 606.229, 724.722, 625.001, 661.793, 784.335, 733.961, 822.333, 868.504, 897.697, 932.692, 963.427, 1001.313, 1034.579, 1073.085, 1101.898, 1138.388, 1188.521, 1241.976, 1275.134, 1311.7649999999999, 1393.73, 1339.386, 1423.003, 1451.88, 1487.561, 1520.589, 1555.586, 1600.858, 1730.6570000000002, 1659.7089999999998, 1754.608, 1829.999, 1775.393, 1852.386, 1879.542, 1962.955, 1910.062, 1990.819, 2028.055, 2064.866, 2099.343, 2181.321, 2122.883, 2203.621, 2239.976, 2314.723, 2262.633, 2339.538, 2372.099, 2506.121, 2420.0950000000003, 2531.513, 2560.83, 2589.508, 2618.049, 2695.126, 2650.698]
65
[411.185, 460.616, 489.455, 587.188, 510.248, 773.379, 594.953, 716.89, 623.084, 658.655, 796.633, 826.529, 744.684, 859.085, 894.541, 929.0, 959.865, 998.416, 1039.369, 1157.801, 1068.118, 1257.971, 1192.94, 1289.193, 1327.472, 1363.141, 1397.308, 1433.742, 1469.6100000000001, 1506.57, 1543.883, 1578.5320000000002, 1610.6480000000001, 1647.0, 1681.587, 1830.897, 1700.616, 1734.758, 1769.9589999999998, 1925.967, 1864.0990000000002, 1820.158, 2041.366, 1970.016, 2068.442, 2097.251, 2211.904, 2124.078, 2158.443, 2229.236, 2249.1440000000002, 2269.457, 2312.5969999999998, 2331.5, 2416.281, 2355.941, 2427.8, 2467.609, 2491.49, 2820.2709999999997, 2567.795, 2512.956, 2579.929, 2688.457, 2609.102]
66
[440.469, 506.228, 392.747, 535.216, 568.644, 601.937, 642.077, 676.759, 718.055, 800.479, 744.318, 829.825, 911.283, 861.113, 937.364, 971.974, 1003.211, 1042.641, 1112.633, 1065.431, 1131.535, 1159.254, 1238.627, 1193.922, 1332.564, 1257.9850000000001, 1410.725, 1428.703, 1457.924, 1495.621, 1650.714, 1514.117, 1547.8600000000001, 1587.4679999999998, 1707.684, 1649.066, 1773.183, 1723.121, 1892.2559999999999, 1777.105, 1811.141, 1882.08, 1974.9679999999998, 2003.094, 1903.74, 2025.595, 2159.299, 2220.305, 2257.876, 2292.853, 2325.966, 2403.738, 2359.469, 2421.186, 2539.808, 2454.429, 2478.6440000000002, 2543.6130000000003, 2583.578, 2665.7870000000003, 2616.667, 2690.3379999999997, 2760.058, 2709.868, 2778.8869999999997, 2815.872]
67
[389.513, 428.335, 464.069, 559.415, 506.282, 576.61, 657.504, 580.997, 693.228, 756.843, 702.439, 780.712, 860.001, 805.286, 880.727, 945.301, 893.504, 1009.848, 968.696, 1081.726, 1029.399, 1107.451, 1141.436, 1167.927, 1200.867, 1360.769, 1232.802, 1263.971, 1287.628, 1367.909, 1554.643, 1425.237, 1573.21, 1485.7069999999999, 1593.644, 1626.4859999999999, 1703.196, 1667.8429999999998, 1732.931, 1807.414, 1768.377, 1827.844, 2046.071, 1989.896, 1837.842, 1896.213, 2043.36, 2071.415, 2297.686, 2144.355, 2077.787, 2354.448, 2177.33, 2291.436, 2368.2, 2404.61, 2614.793, 2418.126, 2448.901, 2476.048, 2512.8379999999997, 2579.7380000000003, 2610.689, 2638.4629999999997, 2675.398, 2704.45, 2734.476]
68
[408.892, 443.791, 470.182, 635.627, 502.382, 536.394, 555.872, 627.409, 663.17, 698.507, 732.169, 767.637, 810.171, 874.677, 924.77, 953.902, 993.161, 1028.419, 1066.693, 1104.931, 1180.068, 1132.893, 1217.167, 1293.694, 1220.482, 1342.032, 1295.307, 1373.472, 1409.09, 1466.937, 1477.3809999999999, 1522.633, 1553.033, 1583.356, 1616.8490000000002, 1669.4160000000002, 1754.327, 1798.754, 1926.691, 1831.3310000000001, 1869.106, 1947.9299999999998, 1978.73, 2012.492, 2092.134, 2042.73, 2120.66, 2199.833, 2153.5860000000002, 2240.89, 2272.309, 2347.24, 2289.766, 2356.223, 2627.706, 2387.21, 2462.063, 2412.547, 2495.294, 2706.534, 2598.1040000000003, 2641.935, 2730.0370000000003, 2769.145, 2794.51, 2831.248, 2904.184, 2859.656]
69
[409.844, 529.614, 487.206, 431.391, 541.85, 591.567, 607.502, 691.751, 766.876, 807.791, 840.032, 875.881, 917.304, 994.733, 1076.304, 1030.215, 1151.569, 1103.792, 1181.901, 1212.436, 1294.013, 1253.2640000000001, 1400.751, 1307.675, 1338.305, 1408.031, 1430.488, 1515.017, 1644.0639999999999, 1455.44, 1573.762, 1528.363, 1656.299, 1692.143, 1931.005, 1726.866, 1804.6779999999999, 1853.83, 1936.693, 2013.146, 2050.301, 1946.3110000000001, 2110.999, 2184.75, 2050.271, 2212.102, 2121.21, 2279.294, 2239.478, 2431.598, 2292.29, 2323.588, 2353.965, 2434.031, 2464.951, 2573.7780000000002, 2634.388, 2479.691, 2668.936, 2699.001, 2715.882, 2870.758, 2744.6130000000003, 2761.014, 2796.218, 2861.978, 2895.301, 2929.549, 2957.852]
70
[391.653, 562.049, 519.849, 406.13, 445.859, 569.163, 633.956, 755.632, 647.911, 680.762, 765.457, 787.604, 830.799, 864.884, 907.083, 938.7, 1053.61, 1082.901, 983.07, 1191.44, 1088.936, 1131.143, 1286.798, 1199.952, 1227.76, 1302.856, 1331.51, 1357.504, 1396.607, 1470.739, 1510.449, 1416.932, 1527.825, 1559.221, 1590.354, 1627.063, 1656.563, 1687.88, 1826.8690000000001, 1906.3049999999998, 1731.113, 1849.0639999999999, 1981.592, 1928.336, 1997.719, 2029.04, 2108.574, 2064.345, 2135.878, 2205.149, 2156.93, 2319.0190000000002, 2230.878, 2453.277, 2327.192, 2234.05, 2356.256, 2481.136, 2699.196, 2596.455, 2505.637, 2616.998, 2702.117, 2739.191, 2851.659, 2757.152, 2789.013, 2866.94, 2904.438, 2931.058]
71
[517.37, 406.241, 419.52, 450.499, 529.629, 570.02, 688.271, 596.448, 634.505, 722.555, 760.104, 797.489, 838.17, 878.795, 918.456, 952.376, 989.181, 1184.594, 1033.763, 1114.931, 1209.294, 1256.124, 1291.529, 1328.941, 1369.387, 1414.925, 1448.438, 1482.345, 1520.865, 1557.1950000000002, 1595.58, 1673.746, 1626.596, 1702.5639999999999, 1740.0839999999998, 1778.1219999999998, 1809.844, 1848.2820000000002, 1966.6019999999999, 1881.3980000000001, 2025.681, 2068.398, 2106.151, 2143.327, 2220.589, 2173.575, 2252.896, 2294.677, 2330.656, 2369.027, 2407.387, 2439.963, 2536.451, 2488.193, 2556.7219999999998, 2592.078, 2629.366, 2666.337, 2703.686, 2742.253, 2791.795, 2875.569, 2916.777, 2952.207, 2990.566, 3028.473, 3103.432, 3055.599, 3133.265, 3165.578, 3206.032]
72
[396.47, 427.403, 464.709, 507.973, 663.392, 537.281, 573.637, 601.32, 656.28, 880.261, 706.349, 735.43, 770.688, 944.697, 1038.593, 983.969, 1149.413, 1098.489, 1055.897, 1255.321, 1207.683, 1165.282, 1270.393, 1306.712, 1381.341, 1332.666, 1414.077, 1435.21, 1472.5059999999999, 1546.513, 1489.729, 1571.304, 1608.903, 1644.1480000000001, 1773.368, 1725.766, 1796.133, 1822.3690000000001, 1853.9589999999998, 2011.52, 1959.842, 1875.4, 1905.921, 2023.848, 2053.358, 2130.322, 2082.8, 2162.656, 2194.842, 2228.112, 2255.734, 2286.4030000000002, 2362.136, 2313.715, 2384.04, 2526.132, 2416.893, 2584.128, 2548.625, 2609.684, 2752.361, 2643.202, 2663.866, 2766.094, 2840.295, 2791.424, 2859.533, 2895.536, 2923.866, 2947.237, 2979.316, 3017.135]
73
[410.614, 536.659, 447.256, 463.964, 540.662, 575.664, 604.163, 642.131, 658.655, 701.794, 725.758, 763.926, 916.348, 822.465, 856.092, 936.284, 967.311, 1003.394, 1118.111, 1066.614, 1016.287, 1124.851, 1235.0430000000001, 1151.65, 1182.083, 1258.407, 1282.748, 1318.989, 1345.91, 1395.4470000000001, 1413.1689999999999, 1450.029, 1480.443, 1514.559, 1651.463, 1552.1219999999998, 1697.201, 1736.269, 1812.554, 1845.749, 1873.373, 1949.894, 1899.065, 1978.3600000000001, 2058.001, 2006.179, 2126.698, 2071.263, 2148.321, 2182.706, 2252.885, 2295.093, 2195.081, 2432.758, 2310.391, 2342.383, 2567.717, 2468.367, 2493.329, 2788.188, 2578.783, 2640.457, 2658.286, 2824.198, 2698.514, 2766.349, 2827.458, 2894.0280000000002, 2936.19, 2838.203, 2992.083, 3022.727, 2930.265]
74
[448.823, 400.136, 485.642, 527.953, 626.389, 551.279, 622.091, 652.569, 694.363, 732.146, 771.282, 813.523, 877.438, 918.878, 954.503, 1038.164, 985.023, 1067.2930000000001, 1109.272, 1203.497, 1128.882, 1152.386, 1226.951, 1261.09, 1284.651, 1367.588, 1323.121, 1382.59, 1407.784, 1447.358, 1476.834, 1501.1689999999999, 1575.2069999999999, 1520.8519999999999, 1751.742, 1620.095, 1698.571, 1773.548, 1809.672, 1842.8049999999998, 1922.742, 1873.812, 1999.499, 1950.031, 2031.284, 2068.213, 2101.236, 2146.032, 2186.028, 2267.984, 2213.968, 2296.838, 2335.313, 2406.562, 2357.146, 2524.941, 2425.58, 2559.968, 2608.81, 2727.5190000000002, 2628.23, 2662.177, 2782.837, 2729.725, 2785.055, 2860.525, 2818.108, 2887.427, 2920.1369999999997, 2952.254, 2981.831, 3016.119, 3062.1, 3089.082]
75
[398.067, 422.972, 555.653, 524.021, 446.97, 706.823, 562.104, 720.486, 599.99, 769.91, 612.69, 801.268, 835.857, 875.112, 911.284, 992.299, 945.327, 1054.309, 1003.646, 1164.251, 1077.304, 1207.836, 1096.635, 1257.105, 1207.249, 1369.138, 1276.887, 1314.137, 1397.9859999999999, 1438.586, 1468.973, 1504.435, 1574.7530000000002, 1659.606, 1734.971, 1687.0149999999999, 1766.1770000000001, 1823.172, 1844.688, 1862.1799999999998, 1897.691, 1975.661, 1928.844, 2007.327, 2086.042, 2036.411, 2299.707, 2194.928, 2117.557, 2064.216, 2204.777, 2326.44, 2268.067, 2383.771, 2464.661, 2420.122, 2479.396, 2511.07, 2582.9139999999998, 2539.224, 2647.092, 2595.381, 2676.136, 2709.217, 2739.279, 2763.3940000000002, 2795.186, 2827.629, 2856.399, 2885.051, 2912.9700000000003, 2984.549, 2942.8, 3019.072, 3059.405]
76
[412.109, 499.695, 440.75, 518.123, 548.172, 584.268, 660.816, 761.367, 598.034, 696.767, 816.113, 771.7, 849.262, 890.629, 920.453, 1006.605, 953.909, 1043.384, 1075.391, 1117.257, 1190.427, 1144.294, 1222.244, 1250.662, 1290.49, 1318.835, 1352.103, 1429.633, 1377.189, 1502.46, 1809.789, 1582.891, 1431.555, 1614.452, 1653.592, 1671.845, 1692.627, 1766.8609999999999, 1799.953, 1893.373, 1797.199, 1917.99, 1819.797, 2007.991, 1933.3400000000001, 2061.474, 2101.693, 2166.611, 2114.941, 2188.265, 2291.54, 2372.831, 2196.108, 2384.122, 2554.626, 2417.15, 2493.832, 2440.585, 2552.623, 2589.8289999999997, 2616.316, 2813.86, 2648.315, 2677.93, 2708.858, 2736.89, 2849.5789999999997, 2800.91, 2879.661, 2956.9719999999998, 2905.0879999999997, 2982.131, 3015.277, 3077.753, 3195.7690000000002, 3147.813]
77
[445.154, 396.687, 470.268, 500.838, 535.858, 711.203, 593.763, 624.799, 644.709, 750.398, 704.76, 825.459, 778.015, 851.583, 884.25, 962.227, 916.458, 975.693, 1012.951, 1045.911, 1080.335, 1114.6970000000001, 1152.176, 1187.97, 1225.567, 1259.1019999999999, 1297.0439999999999, 1361.402, 1443.557, 1534.7269999999999, 1473.763, 1551.774, 1576.5349999999999, 1617.7530000000002, 1652.932, 1686.363, 1721.893, 1759.5230000000001, 1885.842, 1810.48, 1908.6680000000001, 1945.096, 1980.203, 2019.978, 2062.341, 2092.412, 2127.32, 2169.817, 2307.415, 2338.674, 2235.299, 2458.705, 2364.265, 2395.4139999999998, 2518.779, 2468.021, 2537.105, 2565.785, 2587.909, 2668.791, 2624.774, 2764.58, 2852.545, 2677.402, 2701.745, 2762.533, 2889.156, 2838.402, 2915.936, 2953.124, 3035.015, 3142.865, 3090.6059999999998, 3316.526, 3171.207, 3205.885, 3250.268]
78
[490.678, 401.411, 441.42, 522.994, 640.071, 547.406, 573.004, 691.868, 651.914, 770.057, 710.153, 791.496, 820.493, 857.507, 892.881, 928.582, 964.185, 1010.144, 1038.244, 1073.173, 1105.974, 1183.718, 1244.176, 1289.387, 1409.2069999999999, 1315.4560000000001, 1353.625, 1432.811, 1472.342, 1506.776, 1641.8400000000001, 1593.801, 1538.449, 1714.0520000000001, 1656.809, 1752.172, 1775.788, 1811.94, 1841.278, 1874.973, 1911.454, 1946.415, 2005.41, 2101.158, 2143.488, 2170.024, 2241.661, 2200.556, 2272.195, 2418.259, 2304.351, 2341.341, 2472.512, 2426.277, 2501.146, 2537.674, 2576.886, 2742.859, 2644.401, 2594.939, 2674.8360000000002, 2754.8559999999998, 2793.135, 2828.763, 2907.1459999999997, 3006.715, 2954.986, 3077.698, 3025.72, 3143.905, 3091.066, 3167.161, 3205.576, 3243.959, 3318.268, 3265.454, 3337.665, 3376.425]
79
[405.622, 481.625, 433.553, 548.78, 494.695, 570.433, 603.413, 678.817, 635.866, 711.724, 743.612, 783.649, 842.487, 890.981, 929.888, 963.878, 1001.747, 1073.739, 1125.42, 1159.614, 1200.216, 1233.02, 1312.327, 1263.953, 1340.5819999999999, 1388.367, 1413.599, 1446.077, 1483.76, 1516.808, 1555.741, 1681.15, 1576.49, 1792.614, 1601.1779999999999, 1726.467, 1805.743, 1891.505, 1923.3139999999999, 1833.777, 1983.1390000000001, 2018.251, 1926.585, 2041.827, 2068.838, 2109.504, 2141.407, 2173.393, 2386.578, 2201.0190000000002, 2238.29, 2273.084, 2305.65, 2411.911, 2469.854, 2352.505, 2537.5789999999997, 2566.611, 2602.989, 2637.142, 2672.843, 2768.876, 2692.083, 2779.3450000000003, 2827.042, 2839.919, 2911.315, 2910.685, 3014.167, 2965.419, 3034.536, 3070.32, 3105.012, 3130.84, 3351.555, 3396.632, 3265.723, 3134.846, 3164.668]
80
[408.411, 476.215, 514.778, 422.233, 573.765, 590.78, 727.523, 606.391, 650.458, 735.427, 850.891, 755.983, 795.512, 858.595, 890.057, 960.059, 912.309, 985.393, 1067.339, 1023.329, 1146.259, 1085.34, 1264.387, 1211.723, 1163.438, 1339.882, 1273.463, 1399.768, 1424.893, 1470.395, 1506.182, 1532.201, 1566.036, 1601.412, 1635.624, 1678.2649999999999, 1718.431, 1745.25, 1780.417, 1815.292, 1853.446, 1879.2820000000002, 1954.5729999999999, 1901.373, 2022.803, 1960.711, 2038.445, 2062.175, 2203.842, 2099.152, 2227.227, 2260.755, 2291.076, 2320.707, 2396.673, 2348.828, 2433.965, 2503.5, 2539.742, 2621.788, 2574.475, 2719.763, 2635.0950000000003, 2664.436, 2732.224, 2751.2129999999997, 2782.767, 2851.76, 2810.946, 2914.175, 2988.118, 3017.786, 3048.003, 3073.823, 3106.834, 3140.658, 3194.385, 3231.725, 3264.95, 3290.321]
TOTAL EXECUTION TIME: 79989.138
