[[380.854, 417.149, 459.57, 373.355, 419.894, 548.617, 589.436, 636.643, 500.091, 600.38, 678.373, 458.338, 503.829, 718.782, 981.356, 641.057, 759.816, 723.37, 850.331, 931.159, 677.122, 796.744, 1017.133, 882.521, 1103.834, 930.347, 837.532, 1147.888, 1237.984, 1159.556, 972.971, 1190.71, 1200.16, 1116.159, 879.454, 529.182, 790.039, 1322.605, 1278.651, 1066.985, 745.44, 1020.435, 1234.518, 1043.634, 1270.453, 1502.305, 1361.425, 1411.301, 1457.7440000000001, 1446.376, 1326.425, 1548.0030000000002, 1393.9, 1489.3809999999999, 1531.393, 1572.441, 1619.08, 1601.217, 1663.766, 1754.53, 1799.7849999999999, 1702.983, 1642.036, 1864.6799999999998, 2092.257, 1857.5030000000002, 1958.932, 1897.066, 1769.946, 1687.202, 1910.3890000000001, 2041.092, 1726.348, 1995.915, 1807.5819999999999, 1974.522, 2214.864, 2014.271, 1930.859, 2052.864, 2123.527, 2166.43, 2453.29, 2497.925, 2587.9030000000002, 2254.329, 2129.627, 2678.147, 2085.956, 2536.6059999999998, 2379.061, 2724.301, 2318.61, 2169.573, 2252.499, 2760.268, 2205.743, 2384.397, 2616.525, 2797.84, 2332.092, 2283.416, 2838.203, 2415.708, 2880.109, 2926.7380000000003, 2518.886, 2446.817, 2957.996, 3007.937, 3047.899, 2541.761, 3087.339, 3126.793, 2571.7039999999997, 3161.351, 2612.075, 2663.279, 2695.427, 2746.633, 3198.123, 2778.499, 3348.335, 3257.125, 3431.596, 3288.448, 3370.791, 2786.759, 2823.533, 2945.486, 2896.161, 3426.85, 2974.494, 2837.361, 3482.801, 3503.292, 2994.736, 3535.65, 3106.659, 3058.102, 3563.878, 3010.345, 3657.8940000000002, 3598.687, 3741.651, 3691.638, 3163.474, 3775.378, 3108.218, 3195.458]] 
AVERAGE RESPONSE TIME: 1991.8732133333333
NUMBER OF THREADS: [150]
WORKLOAD: LV_HF; PAL CONFIG: default; NUMBER OF REPLICAS: 2 
TOTAL EXECUTION TIME (Concurrent Parallel Requests): 4111.659


[[362.745, 406.702, 452.345, 499.201, 641.39, 542.998, 726.307, 587.632, 773.869, 820.49, 428.562, 863.329, 905.06, 373.153, 521.127, 472.397, 567.516, 944.958, 661.672, 988.321, 609.833, 709.633, 801.651, 1027.914, 755.36, 844.336, 1113.747, 1162.402, 1067.28, 884.916, 1204.316, 940.184, 1007.173, 1291.789, 1248.834, 1188.973, 1091.441, 1144.726, 1340.717, 1231.362, 1423.816, 1473.002, 1374.118, 1326.386, 1494.23, 1275.128, 1385.788, 1531.6779999999999, 1448.715, 1638.031, 1569.763, 1580.741, 1533.28, 1689.192, 1727.4279999999999, 1776.8980000000001, 1621.679, 1812.607, 1662.993, 1709.5729999999999, 1846.49, 1753.546, 1797.0140000000001, 1850.0149999999999, 1908.4389999999999, 1937.819, 2112.747, 2118.826, 1897.7359999999999, 2027.239, 1979.473, 2071.322, 1927.5259999999998, 2246.895, 2203.585, 2014.129, 1968.749, 2155.397, 2058.316, 2284.945, 2252.181, 2206.001, 2147.304, 2323.42, 2369.006, 2294.44, 2437.726, 2361.48, 2456.855, 2411.748, 2565.798, 2520.0370000000003, 2476.353, 2654.391, 2610.217, 2490.65, 2695.725, 2528.562, 2594.224, 2735.064, 2639.255, 2931.844, 2678.925, 2782.605, 2821.568, 2867.813, 2718.86, 2757.641, 2795.733, 3003.739, 3056.398, 2835.221, 3103.623, 2881.495, 3154.44, 3205.002, 3251.236, 2915.926, 3394.2690000000002, 3302.909, 2956.2219999999998, 2994.569, 3430.046, 3088.84, 3036.319, 3461.159, 3121.189, 3169.861, 3217.382, 3250.067, 3291.511, 3335.1639999999998, 3415.259, 3379.139, 3471.3469999999998, 3444.329, 3508.06, 3504.448, 3590.4880000000003, 3677.404, 3535.959, 3614.362, 3524.8940000000002, 3562.395, 3699.9629999999997, 3738.676, 3817.5969999999998, 3769.9139999999998, 3578.746, 3843.933]] 
AVERAGE RESPONSE TIME: 2104.53694
NUMBER OF THREADS: [150]
WORKLOAD: LV_HF; PAL CONFIG: default; NUMBER OF REPLICAS: 2 
TOTAL EXECUTION TIME (Concurrent Parallel Requests): 4125.209


[[366.45, 378.531, 456.869, 428.653, 476.09, 405.861, 502.033, 611.237, 546.453, 595.109, 517.702, 695.82, 562.22, 648.252, 737.945, 829.828, 781.699, 653.66, 915.116, 740.974, 869.07, 958.078, 784.473, 831.368, 1043.296, 998.665, 874.764, 916.217, 957.914, 1081.448, 1123.901, 999.219, 1040.887, 1126.123, 1213.412, 1083.291, 1170.969, 1162.288, 1204.81, 1259.9560000000001, 1302.0439999999999, 1252.131, 1345.694, 1290.15, 1432.858, 1483.9, 1328.392, 1529.3319999999999, 1507.782, 1549.117, 1367.905, 1417.0810000000001, 1460.604, 1657.4270000000001, 1599.185, 1568.1599999999999, 1610.018, 1701.829, 1745.2640000000001, 1788.906, 1648.587, 1686.162, 1830.975, 1876.717, 1940.5349999999999, 1991.187, 1724.699, 1771.091, 2032.019, 1813.259, 2075.431, 1852.182, 2118.655, 1891.7240000000002, 1934.721, 1974.432, 2158.281, 2201.25, 2012.852, 2259.0969999999998, 2053.309, 2137.742, 2095.58, 2176.352, 2483.314, 2340.79, 2243.094, 2431.393, 2568.759, 2523.397, 2609.449, 2653.225, 2697.622, 2740.118, 2270.523, 2321.1549999999997, 2355.2110000000002, 2396.508, 2769.543, 2429.547, 2468.3559999999998, 2514.0950000000003, 2586.232, 2710.163, 2664.408, 2800.169, 2620.332, 2835.857, 2776.589, 2731.508, 2864.581, 2851.44, 2802.978, 2895.136, 2934.566, 2871.9610000000002, 2965.286, 2944.982, 2900.199, 2974.625, 2985.6710000000003, 3000.716, 3017.27, 3034.542, 3070.129, 3103.422, 3042.048, 3138.709, 3219.635, 3264.131, 3166.82, 3065.796, 3110.928, 3284.445, 3324.441, 3383.931, 3170.5860000000002, 3212.382, 3254.505, 3308.547, 3402.582, 3341.5860000000002, 3438.167, 3526.261, 3377.286, 3574.864, 3463.277, 3403.238, 3445.04, 3601.663]] 
AVERAGE RESPONSE TIME: 2020.1666533333334
NUMBER OF THREADS: [150]
WORKLOAD: LV_HF; PAL CONFIG: default; NUMBER OF REPLICAS: 2 
TOTAL EXECUTION TIME (Concurrent Parallel Requests): 3971.791


[[367.248, 375.404, 408.224, 568.107, 419.785, 514.083, 534.387, 463.53, 444.528, 485.574, 627.88, 711.866, 615.242, 574.24, 797.677, 661.516, 722.941, 840.548, 670.732, 805.289, 883.946, 927.976, 803.287, 972.614, 1070.41, 1016.693, 915.16, 868.506, 955.823, 1003.278, 1109.527, 1044.456, 1151.776, 1081.061, 1121.557, 1195.204, 1161.784, 1282.288, 1238.374, 1200.785, 1323.56, 1283.969, 1240.996, 1330.586, 1365.517, 1407.7649999999999, 1373.245, 1412.748, 1450.9279999999999, 1535.77, 1670.039, 1580.5819999999999, 1622.909, 1494.747, 1452.2440000000001, 1758.368, 1541.71, 1706.9160000000002, 1844.375, 1799.77, 1581.816, 1926.692, 1883.444, 1636.2939999999999, 1966.01, 1786.836, 1742.117, 1678.587, 2005.114, 1824.9389999999999, 2046.688, 1910.501, 1863.8220000000001, 2174.584, 2087.729, 2128.536, 1948.9679999999998, 2261.101, 2214.38, 1988.92, 2351.709, 2305.107, 2027.307, 2392.087, 2458.479, 2612.434, 2613.195, 2060.869, 2609.992, 2099.925, 2138.285, 2181.165, 2639.045, 2689.533, 2218.525, 2260.154, 2913.334, 2907.992, 2293.66, 2898.95, 2331.432, 2896.947, 2369.4139999999998, 2574.035, 2414.643, 2928.402, 2562.818, 2558.531, 2917.123, 2563.2309999999998, 2963.623, 3010.633, 2626.502, 3048.304, 2845.95, 3086.036, 3129.303, 2833.878, 2830.197, 3162.389, 2813.706, 2851.861, 2863.011, 3176.202, 2837.651, 2907.325, 3201.847, 2920.331, 3232.47, 3289.333, 3379.045, 2981.786, 2941.23, 3451.244, 3011.208, 3096.501, 3045.594, 3486.694, 3163.76, 3121.975, 3199.059, 3373.915, 3235.929, 3279.044, 3321.807, 3545.344, 3400.737, 3491.841, 3475.572, 3516.49]] 
AVERAGE RESPONSE TIME: 2009.3651866666667
NUMBER OF THREADS: [150]
WORKLOAD: LV_HF; PAL CONFIG: default; NUMBER OF REPLICAS: 2 
TOTAL EXECUTION TIME (Concurrent Parallel Requests): 3889.515


[[410.324, 369.867, 459.578, 513.715, 376.219, 420.157, 602.858, 462.967, 553.938, 689.989, 644.258, 491.031, 774.066, 729.096, 574.278, 532.671, 841.138, 665.844, 614.108, 790.254, 705.475, 935.354, 746.057, 882.391, 839.295, 892.675, 1043.786, 982.045, 1156.257, 938.541, 1069.826, 1088.271, 1131.17, 989.162, 1192.717, 1236.653, 1277.242, 1321.2440000000001, 1170.687, 1399.205, 1362.365, 1350.978, 1209.59, 1303.051, 1253.811, 1441.032, 1445.953, 1400.758, 1482.65, 1575.79, 1485.94, 1531.1860000000001, 1614.7469999999998, 1655.786, 1737.923, 1695.917, 1576.176, 1520.4850000000001, 1777.2069999999999, 1865.1399999999999, 1820.4769999999999, 1618.324, 1663.5839999999998, 1708.597, 1765.242, 1903.203, 1872.047, 1941.016, 1827.934, 1912.4740000000002, 2046.101, 1998.9859999999999, 2086.151, 2049.609, 2003.775, 1953.54, 2092.6059999999998, 2179.745, 2142.201, 2188.942, 2135.288, 2264.357, 2304.9030000000002, 2220.455, 2278.706, 2342.214, 2232.831, 2336.502, 2432.011, 2387.767, 2517.272, 2470.008, 2377.652, 2417.892, 2603.14, 2558.205, 2456.205, 2495.9809999999998, 2597.814, 2535.578, 2695.381, 2648.812, 2740.753, 2632.9700000000003, 2674.891, 2783.381, 2730.37, 2802.261, 2827.792, 2839.7619999999997, 2911.601, 2867.897, 2976.79, 2875.0460000000003, 3014.336, 2955.898, 2913.124, 3043.841, 3081.044, 2982.474, 3020.939, 3110.083, 3097.803, 3052.402, 3145.654, 3182.506, 3223.419, 3124.457, 3162.124, 3248.919, 3289.955, 3189.432, 3225.527, 3311.859, 3344.145, 3250.692, 3284.135, 3369.342, 3404.559, 3532.417, 3309.682, 3433.943, 3468.135, 3325.675, 3363.683, 3542.08, 3443.069, 3394.42, 3476.658, 3521.672]] 
AVERAGE RESPONSE TIME: 2035.9202599999999
NUMBER OF THREADS: [150]
WORKLOAD: LV_HF; PAL CONFIG: default; NUMBER OF REPLICAS: 2 
TOTAL EXECUTION TIME (Concurrent Parallel Requests): 3839.486


[[377.683, 419.788, 378.918, 565.195, 458.669, 517.55, 424.067, 469.489, 608.74, 652.831, 496.536, 783.814, 535.73, 827.316, 693.239, 735.906, 866.005, 909.131, 576.42, 956.494, 700.04, 782.338, 658.049, 613.694, 737.718, 820.498, 996.348, 905.342, 1038.009, 859.768, 959.881, 1203.369, 1077.615, 1002.716, 1145.202, 1043.746, 1313.763, 1128.216, 1172.193, 1083.575, 1266.993, 1220.505, 1239.412, 1283.6190000000001, 1324.524, 1373.066, 1385.9859999999999, 1413.122, 1499.5810000000001, 1456.2060000000001, 1464.863, 1527.4569999999999, 1539.951, 1581.542, 1569.655, 1723.393, 1676.826, 1621.019, 1763.732, 1874.9360000000001, 1605.798, 1823.721, 1914.8780000000002, 1686.809, 1643.011, 1958.1950000000002, 1812.258, 1769.201, 1723.2759999999998, 2002.142, 2044.228, 1852.557, 1894.559, 2114.987, 1942.539, 1982.412, 2165.209, 2210.699, 2257.0299999999997, 2119.639, 2065.933, 2298.901, 2019.809, 2350.252, 2425.177, 2489.45, 2440.353, 2168.396, 2217.771, 2531.243, 2573.239, 2274.583, 2334.003, 2665.402, 2427.76, 2413.609, 2615.2380000000003, 2451.198, 2793.0299999999997, 2491.868, 2702.607, 2743.401, 2839.135, 2529.794, 2882.04, 2923.774, 2565.9610000000002, 2609.797, 2962.182, 2647.0860000000002, 2691.967, 2993.427, 2726.7200000000003, 3065.162, 2760.474, 3106.913, 2794.6059999999998, 3143.945, 2828.49, 2867.8360000000002, 2905.133, 3216.004, 3167.141, 2935.422, 2975.062, 3122.906, 3077.685, 3023.828, 3223.721, 3135.997, 3196.614, 3233.817, 3271.666, 3275.449, 3306.852, 3309.941, 3217.986, 3427.781, 3377.9049999999997, 3323.276, 3329.084, 3454.077, 3491.575, 3342.963, 3382.39, 3521.2870000000003, 3416.91, 3454.159, 3536.614, 3490.842]] 
AVERAGE RESPONSE TIME: 2016.0117066666667
NUMBER OF THREADS: [150]
WORKLOAD: LV_HF; PAL CONFIG: default; NUMBER OF REPLICAS: 2 
TOTAL EXECUTION TIME (Concurrent Parallel Requests): 3861.323


[[373.572, 504.248, 459.599, 634.346, 379.747, 427.704, 412.751, 555.714, 520.121, 468.009, 564.253, 708.729, 617.125, 581.536, 664.544, 658.444, 709.868, 751.897, 805.211, 756.321, 844.071, 884.164, 972.155, 926.613, 1059.518, 1014.959, 1107.761, 886.802, 791.52, 843.165, 928.779, 972.504, 1016.909, 1147.337, 1115.821, 1069.972, 1270.6390000000001, 1187.747, 1206.984, 1227.074, 1156.463, 1301.535, 1249.422, 1308.067, 1343.4940000000001, 1434.9479999999999, 1388.098, 1356.662, 1678.268, 1500.4769999999999, 1594.353, 1477.245, 1394.647, 1726.126, 1773.124, 1432.635, 1823.858, 1515.837, 1561.097, 1868.704, 1913.489, 1656.9360000000001, 1600.801, 1730.796, 1954.9560000000001, 2003.229, 1809.4, 2049.98, 1886.2649999999999, 1929.394, 2094.992, 1977.644, 2022.041, 2137.615, 2064.757, 2181.329, 2103.899, 2224.264, 2142.936, 2228.944, 2272.299, 2182.634, 2317.839, 2359.753, 2401.483, 2308.225, 2263.146, 2351.428, 2441.309, 2392.175, 2484.064, 2453.42, 2570.202, 2528.093, 2703.75, 2617.6639999999998, 2510.131, 2745.917, 2555.758, 2604.147, 2646.0209999999997, 2667.633, 2827.328, 2739.121, 2775.802, 2867.305, 2914.534, 2770.5460000000003, 2969.678, 2856.83, 2808.066, 2902.184, 3009.835, 2936.983, 2974.2129999999997, 3108.625, 3057.781, 3006.975, 3174.345, 3044.469, 3081.248, 3119.564, 3123.446, 3203.477, 3255.132, 3197.17, 3149.561, 3404.057, 3277.004, 3220.327, 3347.187, 3447.304, 3554.7709999999997, 3615.409, 3245.443, 3712.235, 3309.787, 3634.3540000000003, 3361.716, 3786.249, 3731.522, 3395.651, 3438.436, 3837.822, 3468.988, 3510.792, 3559.849, 3600.825, 3900.768, 3639.816]] 
AVERAGE RESPONSE TIME: 2079.19054
NUMBER OF THREADS: [150]
WORKLOAD: LV_HF; PAL CONFIG: default; NUMBER OF REPLICAS: 2 
TOTAL EXECUTION TIME (Concurrent Parallel Requests): 4228.003


[[479.41, 491.042, 999.805, 624.45, 577.51, 614.084, 612.938, 1154.983, 849.496, 750.065, 657.285, 519.282, 670.202, 785.181, 695.739, 739.312, 1087.645, 941.264, 621.203, 1039.604, 600.57, 1191.677, 886.866, 787.729, 830.435, 1285.5819999999999, 912.261, 868.734, 1234.275, 951.005, 1036.078, 990.326, 1420.189, 1328.17, 1373.103, 1123.73, 1465.276, 1074.836, 1507.343, 1567.089, 1162.888, 1208.391, 1637.673, 1250.074, 1691.6019999999999, 1331.9940000000001, 1570.574, 1288.645, 1371.625, 1786.524, 1735.96, 1837.513, 1888.763, 1425.899, 1480.037, 1929.337, 1610.422, 1655.518, 1995.63, 1977.74, 2070.615, 1693.588, 2021.142, 1816.008, 1948.42, 1898.944, 1735.4389999999999, 2127.216, 2075.547, 2030.686, 2115.872, 2167.874, 2156.391, 2266.983, 2215.993, 2313.204, 2196.611, 2358.704, 2403.996, 2238.3940000000002, 2278.973, 2446.238, 2323.0299999999997, 2584.8289999999997, 2488.432, 2675.618, 2359.494, 2757.837, 2803.495, 2400.256, 2868.544, 2440.9809999999998, 2483.29, 2909.4049999999997, 2954.2039999999997, 2996.939, 2523.042, 2569.678, 2610.397, 2656.328, 2738.707, 3026.453, 2786.608, 3112.577, 3063.704, 3148.507, 3193.699, 2810.674, 2889.784, 2846.494, 3229.205, 2920.0950000000003, 3275.857, 2958.923, 2999.359, 3310.172, 3031.238, 3345.929, 3063.757, 3102.207, 3372.673, 3463.239, 3130.646, 3521.651, 3603.411, 3471.3559999999998, 3995.256, 3544.175, 4021.348, 3182.24, 4063.331, 3128.923, 3484.723, 3602.422, 3243.647, 3283.5969999999998, 3189.202, 3628.242, 3310.368, 3664.142, 3705.9120000000003, 4059.26, 3743.0370000000003, 3782.01, 3471.971, 3825.044, 3331.787, 3570.495, 3522.24, 4104.412]] 
AVERAGE RESPONSE TIME: 2206.93286
NUMBER OF THREADS: [150]
WORKLOAD: LV_HF; PAL CONFIG: default; NUMBER OF REPLICAS: 2 
TOTAL EXECUTION TIME (Concurrent Parallel Requests): 4458.498


[[374.936, 363.503, 512.02, 413.496, 464.869, 555.509, 602.643, 446.641, 402.518, 644.382, 770.116, 728.28, 527.946, 681.81, 572.637, 807.138, 481.71, 614.075, 658.601, 850.907, 742.626, 699.219, 781.373, 965.834, 825.656, 865.415, 913.788, 1059.172, 1261.8229999999999, 1009.296, 1098.669, 898.308, 1154.075, 1216.79, 942.035, 1298.726, 987.617, 1398.2, 1358.1480000000001, 1175.488, 1654.017, 1081.9569999999999, 1036.975, 1140.679, 1257.34, 1644.96, 1212.996, 1647.187, 1687.4270000000001, 1383.965, 1827.22, 1705.982, 1640.25, 1334.042, 1754.3, 1637.245, 1639.562, 1635.708, 1784.67, 2438.913, 2005.572, 1873.518, 1894.813, 1656.413, 2772.043, 1720.641, 2030.359, 1758.77, 2077.451, 2247.541, 1837.2060000000001, 1799.982, 1886.255, 2691.259, 2086.622, 1989.351, 2424.669, 2711.188, 2023.625, 3311.228, 2271.079, 2399.696, 2329.365, 2376.043, 2235.238, 2681.635, 2335.263, 2702.869, 2245.783, 2544.041, 2377.369, 2406.065, 2488.697, 2502.307, 2584.018, 2493.7889999999998, 2499.469, 2549.337, 2591.901, 2621.643, 2665.136, 2633.0190000000002, 2684.714, 2751.831, 2714.314, 2713.391, 2945.127, 2948.157, 2947.417, 2944.659, 2944.607, 2944.5190000000002, 2940.569, 2932.932, 2935.45, 2990.299, 2952.899, 2983.362, 3118.302, 3045.05, 3038.873, 3063.648, 3164.405, 3037.984, 3078.504, 3123.263, 3158.744, 3192.954, 3204.986, 3366.772, 3268.629, 3239.368, 3269.078, 3311.598, 3476.139, 3380.583, 3420.976, 3343.517, 3384.094, 3416.761, 3453.99, 3490.645, 3512.284, 3461.314, 3544.924, 3511.041, 3548.005, 3575.399, 3586.4719999999998, 3611.503]] 
AVERAGE RESPONSE TIME: 2088.5180666666665
NUMBER OF THREADS: [150]
WORKLOAD: LV_HF; PAL CONFIG: default; NUMBER OF REPLICAS: 2 
TOTAL EXECUTION TIME (Concurrent Parallel Requests): 3923.824


[[482.948, 387.211, 367.013, 432.775, 407.585, 525.431, 570.915, 535.843, 492.144, 449.859, 620.203, 614.212, 748.677, 573.727, 661.768, 655.314, 699.4, 750.83, 787.165, 700.515, 830.369, 838.715, 794.635, 871.837, 927.548, 879.157, 1052.579, 919.687, 975.022, 960.992, 1016.734, 1004.717, 1091.659, 1076.693, 1198.725, 1140.828, 1129.106, 1243.9, 1303.949, 1386.835, 1444.635, 1172.505, 1222.607, 1274.618, 1488.034, 1527.9969999999998, 1615.7820000000002, 1658.721, 1565.815, 1465.42, 1510.242, 1310.8609999999999, 1557.741, 1668.577, 1386.563, 1619.88, 1711.239, 1772.469, 1811.998, 1692.699, 1728.1860000000001, 1751.2910000000002, 1851.3400000000001, 1898.97, 1844.588, 1937.989, 1793.6799999999998, 1979.096, 1887.455, 2017.235, 2134.201, 2066.672, 1984.976, 1925.3490000000002, 2182.381, 2054.84, 2215.717, 2106.499, 2155.006, 2209.273, 2298.142, 2256.213, 2348.567, 2397.732, 2290.138, 2343.543, 2419.313, 2390.623, 2458.065, 2497.748, 2538.567, 2425.494, 2462.367, 2573.74, 2503.0, 2551.138, 2604.124, 2593.969, 2641.8, 2633.284, 2677.684, 2716.1639999999998, 2665.434, 2748.795, 2786.944, 2706.415, 2753.376, 2818.031, 2787.429, 2828.406, 2847.384, 2863.928, 2875.134, 2904.955, 2903.775, 2943.272, 2957.331, 2995.152, 3038.881, 2963.378, 2998.862, 3073.898, 3029.738, 3104.293, 3066.039, 3137.74, 3116.401, 3155.455, 3216.479, 3167.848, 3228.324, 3251.437, 3182.823, 3258.984, 3281.918, 3327.059, 3283.5280000000002, 3375.937, 3319.501, 3416.471, 3505.257, 3449.6440000000002, 3346.983, 3538.346, 3680.572, 3597.39, 3816.9880000000003, 3722.221, 3901.417, 3360.957]] 
AVERAGE RESPONSE TIME: 2054.882093333333
NUMBER OF THREADS: [150]
WORKLOAD: LV_HF; PAL CONFIG: default; NUMBER OF REPLICAS: 2 
TOTAL EXECUTION TIME (Concurrent Parallel Requests): 4279.854


