[[454.874]] 
[[380.469]] 
[[383.157]] 
[[408.743]] 
[[1166.975]] 
[[363.965]] 
[[369.324]] 
[[359.157]] 
[[357.017]] 
[[371.201]] 
[[361.257, 348.519]] 
[[362.713, 357.282]] 
[[2386.178, 1521.0059999999999]] 
[[1447.6979999999999, 1499.335]] 
[[408.317, 392.322]] 
[[402.232, 391.102]] 
[[461.688, 458.05]] 
[[468.991, 463.72]] 
[[449.151, 443.797]] 
[[424.954, 401.296]] 
[[390.699, 382.214, 379.879, 379.726]] 
[[390.888, 400.277, 381.871, 380.981]] 
[[406.184, 394.412, 393.795, 390.76]] 
[[413.707, 418.669, 417.77, 429.521]] 
[[415.184, 427.96, 409.853, 418.65]] 
[[390.614, 387.094, 382.687, 386.419]] 
[[405.753, 379.557, 397.518, 395.057]] 
[[374.271, 385.019, 387.473, 374.639]] 
[[362.289, 360.44, 362.193, 349.665]] 
[[380.0, 357.118, 375.174, 372.24]] 
[[394.143, 392.335, 401.546, 391.869, 391.441, 389.906, 396.578, 381.384]] 
[[395.843, 392.488, 390.912, 389.793, 389.244, 391.97, 389.136, 373.425]] 
[[397.097, 403.376, 397.506, 390.1, 390.925, 390.171, 393.044, 387.565]] 
[[374.804, 365.91, 366.838, 369.982, 366.697, 405.084, 398.484, 377.352]] 
[[400.934, 406.084, 378.093, 392.43, 387.134, 387.909, 649.312, 383.128]] 
[[398.957, 376.793, 392.967, 382.435, 385.036, 393.13, 391.024, 390.154]] 
[[396.521, 402.469, 400.084, 402.505, 405.558, 415.297, 394.819, 397.282]] 
[[389.944, 388.968, 401.726, 394.453, 379.292, 417.033, 403.071, 386.581]] 
[[375.248, 365.064, 371.237, 372.954, 363.059, 381.403, 356.457, 359.828]] 
[[384.971, 371.742, 363.708, 371.448, 367.92, 395.209, 367.254, 370.045]] 
[[433.266, 426.955, 438.422, 420.231, 437.594, 412.994, 416.101, 407.544, 414.753, 427.683, 414.484, 416.5, 423.431, 415.356, 427.421, 415.184]] 
[[389.528, 393.937, 386.11, 389.737, 389.687, 386.598, 389.749, 395.155, 398.912, 397.758, 404.683, 419.757, 403.015, 422.092, 407.189, 420.78]] 
[[406.246, 419.864, 406.791, 412.243, 411.73, 410.548, 393.11, 399.768, 458.641, 422.693, 427.614, 417.085, 427.098, 433.558, 429.983, 424.919]] 
[[413.982, 393.296, 397.356, 394.091, 394.965, 424.196, 422.379, 427.824, 412.75, 421.885, 400.877, 412.524, 415.459, 417.559, 409.251, 421.856]] 
[[420.506, 425.205, 425.173, 421.857, 443.46, 431.897, 425.518, 429.189, 427.622, 443.094, 454.892, 440.874, 445.783, 459.826, 448.467, 446.845]] 
[[435.819, 414.109, 412.488, 417.376, 421.711, 423.464, 442.351, 449.668, 440.935, 429.814, 430.043, 450.18, 451.384, 444.939, 444.183, 434.593]] 
[[449.299, 465.936, 458.298, 446.861, 449.583, 452.043, 453.286, 486.173, 448.037, 465.877, 461.498, 463.306, 449.804, 460.138, 456.4, 452.112]] 
[[427.368, 422.787, 411.995, 420.236, 414.848, 406.768, 412.308, 413.728, 433.726, 426.444, 430.717, 419.804, 423.006, 425.441, 419.912, 417.339]] 
[[388.469, 396.795, 402.833, 412.769, 413.638, 391.877, 390.153, 406.781, 414.691, 398.073, 424.972, 396.511, 417.779, 387.63, 400.226, 396.525]] 
[[393.716, 397.512, 401.475, 999.873, 385.226, 981.517, 978.111, 974.239, 970.196, 972.376, 960.655, 959.897, 959.299, 950.573, 951.189, 945.724]] 
[[469.325, 485.36, 467.531, 468.046, 472.615, 470.81, 487.542, 480.432, 488.427, 475.157, 487.722, 479.104, 478.579, 477.154, 497.463, 478.442, 460.673, 469.712, 499.855, 470.462, 474.119, 488.922, 460.063, 490.324, 471.475, 480.558, 480.249, 487.983, 492.483, 501.879, 499.119, 495.685]] 
[[499.491, 546.302, 472.795, 500.108, 501.708, 512.658, 526.676, 545.534, 493.651, 517.387, 540.935, 543.753, 798.198, 577.041, 554.2, 586.152, 593.093, 622.42, 593.332, 593.146, 636.329, 604.76, 614.198, 598.96, 588.412, 615.976, 601.69, 609.721, 617.717, 608.707, 616.399, 609.762]] 
[[412.148, 424.138, 608.079, 445.161, 461.748, 527.242, 493.094, 543.386, 590.481, 610.029, 669.032, 637.148, 683.084, 705.477, 733.19, 749.358, 777.352, 803.843, 853.667, 815.274, 870.013, 907.949, 877.367, 985.279, 937.503, 909.985, 1006.078, 1018.487, 1143.078, 1041.504, 1099.242, 1056.964]] 
[[445.992, 487.838, 458.706, 497.342, 571.431, 520.162, 528.481, 579.905, 602.309, 619.204, 636.931, 709.683, 654.785, 675.593, 759.698, 791.736, 705.776, 796.943, 822.907, 860.471, 887.376, 911.489, 818.057, 948.08, 920.354, 964.583, 1005.656, 1083.685, 1047.783, 1155.427, 1098.519, 1117.695]] 
[[400.315, 423.995, 442.219, 490.631, 454.221, 545.442, 505.366, 561.522, 635.174, 601.725, 571.151, 645.289, 662.668, 676.128, 700.906, 751.489, 793.063, 873.281, 822.511, 842.129, 925.539, 934.075, 946.637, 852.144, 938.921, 959.908, 986.606, 1016.875, 1027.982, 1050.293, 1067.325, 1085.415]] 
[[526.002, 429.007, 1240.964, 535.144, 579.461, 544.854, 592.55, 708.046, 601.819, 657.913, 619.756, 736.131, 698.495, 753.83, 776.275, 796.313, 820.977, 845.717, 860.385, 1011.506, 941.522, 889.437, 1094.372, 1029.878, 1240.718, 1132.382, 1171.734, 1285.975, 1442.636, 1369.408, 1550.357, 1489.6399999999999]] 
[[456.431, 505.721, 668.021, 612.287, 533.892, 728.276, 848.729, 788.419, 866.579, 911.11, 890.443, 909.654, 885.922, 886.155, 886.956, 879.139, 873.29, 863.689, 863.014, 862.523, 862.218, 862.642, 846.556, 846.603, 849.292, 844.329, 830.899, 828.435, 834.609, 828.205, 819.663, 817.736]] 
[[450.229, 476.341, 462.466, 468.169, 451.107, 447.329, 436.118, 447.161, 429.453, 431.657, 436.571, 479.858, 467.579, 480.953, 453.303, 466.217, 466.226, 464.133]] 
[[441.96, 431.585, 421.746, 420.444, 444.43, 444.027, 441.985, 432.414, 424.008, 423.446, 412.604, 416.39, 416.625, 411.139, 407.093, 425.535, 419.864, 423.795, 427.734, 404.17, 409.736, 416.073]] 
[[1199.893, 412.045, 403.637, 404.375, 381.756, 411.349, 385.102, 378.247, 402.636, 394.445, 392.311, 388.693, 375.56, 387.302]] 
[[423.069, 411.725, 397.816, 394.251, 409.08, 403.202, 405.625, 413.569, 423.1, 402.415, 408.749, 407.714, 411.323, 417.556, 388.144, 387.24, 389.478, 386.592, 372.209, 384.291, 368.999, 431.159, 420.521, 388.661, 404.725, 376.438, 408.938, 402.898]] 
[[457.126, 455.075, 448.191, 457.946, 439.123, 447.255, 453.718, 434.449, 417.079, 440.767, 441.887, 439.313, 455.168, 458.026, 442.056, 427.0, 438.399, 436.142, 427.934, 430.547, 408.371, 417.57, 416.891, 393.376, 395.935, 404.125]] 
[[450.26, 418.426, 410.556, 408.98, 438.362, 416.46, 409.442, 413.578, 424.756, 414.092, 437.358, 426.649, 453.595, 429.358, 412.915, 394.324, 413.682, 397.454, 397.566, 392.075, 391.349, 385.18, 393.376, 396.86, 387.583, 400.252, 386.502, 397.204, 403.824, 380.052, 377.577, 401.733, 391.547, 363.798]] 
[[407.796, 449.127, 453.609, 472.059, 484.935, 536.917, 488.854, 561.389, 534.53, 567.893, 581.615, 587.815, 602.358, 625.06, 595.858, 574.002, 628.464, 599.266, 626.135, 653.295, 629.038, 667.694, 632.74, 702.877, 710.904, 662.952, 719.767, 701.526, 702.293, 747.326, 712.623, 752.978]] 
[[437.079, 437.507, 466.008, 445.515, 452.69, 444.729, 445.918, 414.535, 477.626, 438.586, 494.58, 470.641, 526.179, 497.1, 537.069, 545.383, 556.761, 568.724, 577.058, 575.947, 589.603, 606.261, 618.757, 631.72, 638.997, 658.654, 673.989, 679.794, 719.833, 688.988]] 
[[433.944, 472.816, 466.046, 477.997, 487.429, 472.441, 497.495, 513.902, 530.026, 544.062, 563.438, 568.592, 615.564, 584.619, 602.019, 586.496, 608.554, 625.689, 676.536, 626.052, 639.049, 678.816, 689.036, 694.518, 720.104, 811.348, 752.754, 838.551, 764.167, 805.767, 844.795, 859.519, 831.272, 843.654, 870.941, 882.877]] 
[[445.937, 483.089, 454.314, 508.223, 536.178, 462.18, 481.286, 460.551, 539.433, 555.938, 557.564, 622.465, 569.151, 614.131, 640.446, 600.998, 628.587, 643.826, 624.924, 638.82, 645.768, 661.536, 683.114, 702.396, 723.931, 789.235, 741.627, 731.639, 860.603, 723.389, 759.376, 675.408, 718.724, 687.205]] 
[[490.236, 552.98, 603.803, 595.539, 589.29, 627.254, 587.001, 668.98, 613.69, 685.607, 663.52, 674.866, 710.535, 680.737, 687.227, 683.658, 690.642, 698.146, 668.405, 709.289, 718.334, 733.899, 757.741, 769.881, 750.842, 782.353, 803.188, 747.935]] 
[[480.654, 470.942, 468.243, 485.514, 453.755, 536.831, 513.343, 543.454, 583.328, 541.939, 579.892, 616.545, 615.312, 591.39, 605.489, 617.983, 677.695, 690.589, 618.001, 664.213, 646.478, 657.497, 672.801, 688.177, 776.898, 703.273, 725.963, 817.917, 790.544, 825.033, 836.346]] 
[[433.617, 469.6, 468.058, 484.526, 513.885, 551.463, 526.884, 545.409, 562.192, 574.569, 574.247, 585.581, 614.956, 583.126, 612.091, 610.247, 704.453, 644.768, 665.348, 713.076, 758.698, 964.111, 815.847, 784.034, 747.904, 800.481, 847.455, 807.87, 832.344, 835.956, 850.371, 872.767, 872.72, 856.565, 867.358, 896.729, 862.055, 901.911]] 
[[463.725, 451.758, 466.134, 482.09, 503.0, 526.826, 548.237, 550.763, 551.14, 568.956, 582.633, 589.742, 657.453, 604.481, 575.118, 658.125, 595.286, 636.5, 661.257, 657.876, 664.127, 683.884, 685.074, 696.002, 745.393, 706.183, 762.049, 813.891, 734.77, 759.835, 787.335, 805.185, 820.899, 832.952]] 
[[475.511, 521.856, 529.396, 549.488, 580.364, 597.826, 565.9, 613.031, 573.553, 592.636, 634.71, 590.844, 625.605, 635.103, 653.325, 692.684, 708.563, 676.896, 740.171, 695.16, 704.105, 717.802, 745.503, 678.77, 744.174, 783.651, 803.569, 812.305, 812.957, 899.869, 822.101, 844.115, 902.741]] 
[[423.64, 423.729, 508.538, 454.669, 469.591, 495.012, 544.585, 509.779, 565.704, 576.016, 571.368, 604.58, 604.105, 629.592, 603.099, 689.427, 654.69, 627.494, 714.149, 684.463, 659.148, 643.982, 643.89, 641.597, 663.69, 720.021, 690.07, 636.632, 700.949, 711.703, 721.96, 736.964, 754.448]] 
[[449.492, 478.836, 472.937, 491.755, 833.544, 568.607, 557.693, 561.831, 550.921, 541.171, 555.871, 574.382, 605.649, 567.121, 600.717, 625.6, 586.002, 627.715, 649.177, 663.872, 671.767, 691.863, 733.904, 696.519, 738.824, 746.583, 814.685, 752.045, 811.323, 751.702, 813.639, 809.084, 835.989, 852.999]] 
[[521.119, 559.378, 583.04, 601.605, 668.376, 608.78, 720.576, 689.949, 751.876, 684.013, 718.049, 684.667, 755.992, 791.897, 761.21, 823.601, 800.818, 827.511, 882.959, 839.776, 901.912, 932.086, 966.786, 1001.31, 964.807, 998.786, 1013.119, 1047.509, 1017.494, 1023.624, 1068.632, 1016.191, 1086.026, 1124.133, 1159.591, 1203.299, 1223.741, 1288.24, 1296.024]] 
[[469.612, 465.651, 497.511, 475.255, 510.267, 525.433, 545.095, 553.569, 563.84, 576.696, 610.707, 629.926, 683.115, 626.417, 658.572, 688.68, 672.484, 681.186, 669.572, 683.449, 724.738, 671.147, 674.994, 749.029, 691.19, 703.439, 726.069, 749.039, 768.557, 782.686, 758.687, 714.625, 749.657, 759.674, 754.738, 784.407]] 
[[465.166, 482.154, 446.903, 483.941, 501.503, 534.608, 550.095, 493.083, 549.228, 568.979, 590.873, 618.765, 631.938, 598.803, 625.823, 629.148, 669.908, 647.555, 666.857, 721.089, 671.343, 699.023, 715.361, 725.457, 740.251, 757.483, 762.36, 779.24, 801.229, 794.235, 836.974, 781.69]] 
[[436.929, 441.754, 481.604, 480.108, 490.927, 499.929, 513.545, 527.708, 560.0, 499.251, 581.483, 604.747, 622.913, 614.881, 627.006, 675.71, 642.831, 639.309, 639.553, 660.551, 680.005, 666.488, 653.479, 668.964, 716.884, 691.04, 702.559, 715.95, 733.728, 746.82, 760.247, 760.592, 784.433]] 
[[451.861, 443.812, 450.17, 441.052, 456.323, 473.781, 463.095, 489.224, 491.138, 536.139, 501.09, 545.56, 648.211, 553.886, 607.344, 587.182, 647.013, 661.114, 712.24, 670.339, 724.66, 751.845, 766.539, 809.38, 839.047, 854.978, 868.944, 903.962, 861.864, 877.424, 898.497, 943.833, 957.635, 991.418]] 
[[431.532, 469.792, 474.488, 494.458, 499.765, 502.103, 522.102, 530.255, 541.394, 561.844, 585.154, 549.296, 530.555, 528.186, 560.875, 531.279, 597.153, 556.481, 688.509, 618.978, 646.834, 646.786, 678.782, 641.716, 666.53, 680.606, 712.082, 667.246, 727.917, 691.654]] 
[[421.325, 437.667, 471.347, 451.707, 480.512, 480.143, 495.542, 527.247, 487.877, 540.17, 573.05, 614.261, 571.512, 613.306, 622.799, 634.33, 644.416, 684.59, 650.945, 698.779, 713.11, 679.203, 711.365, 722.946, 739.669, 749.9, 761.414, 745.091, 713.674, 732.148, 739.389, 722.247, 734.972]] 
[[438.966, 454.168, 424.589, 417.841, 438.375, 454.686, 447.78, 499.246, 446.064, 481.379, 539.943, 484.178, 531.353, 563.76, 538.491, 565.789, 578.26, 618.935, 571.619, 588.196, 627.739, 593.614, 619.498, 638.801, 642.318, 660.389, 679.604, 686.096, 712.681, 716.201, 743.673, 709.867]] 
[[391.928, 402.855, 1407.617, 595.143, 531.418, 524.019, 451.636, 559.309, 400.707, 528.017, 491.243, 501.87, 508.911, 529.143, 544.793, 559.657, 569.712, 586.297, 609.926, 612.139, 638.265, 660.594, 678.447, 701.777, 737.004]] 
[[428.584, 470.064, 475.649, 468.138, 492.268, 481.144, 474.189, 467.814, 451.086, 444.921, 424.154, 432.354, 382.458, 379.195, 382.494, 367.158, 382.885, 374.925]] 
[[372.205, 391.178, 387.796, 389.727, 372.528, 366.716, 379.336, 365.712, 371.709, 435.844, 388.539, 380.864, 363.559, 366.923, 360.121, 362.396, 358.11, 368.425, 377.891, 368.292]] 
[[396.517, 401.53, 414.334, 406.49, 407.568, 413.847, 378.258, 393.748, 375.939, 380.057, 366.939, 388.463, 386.628, 386.28, 374.562, 377.131, 384.759, 386.624, 375.291]] 
[[441.804, 425.406, 417.019, 394.092, 392.833, 409.658, 393.461, 389.681, 420.901, 423.55, 376.078, 386.802, 366.785, 371.529, 393.192, 391.793, 387.116, 374.993, 368.576, 362.531, 359.931, 354.546, 363.646, 362.506]] 
[[364.117, 374.236, 424.762, 406.793, 422.231, 387.611, 398.707, 391.7, 393.356, 372.03, 366.585, 371.854, 371.12, 368.09, 356.356, 363.517, 371.31, 370.1]] 
[[389.419, 418.541, 391.72, 398.787, 411.823, 397.088, 417.804, 1113.969, 423.793, 408.081, 399.987, 383.972, 369.646, 369.743, 402.582, 384.794, 386.746, 363.511]] 
[[380.766, 373.992, 383.879, 377.688, 404.624, 406.391, 413.189, 393.993, 384.244, 383.32, 616.232, 389.878, 399.13, 388.778, 394.974, 424.277, 394.77, 400.899, 401.702]] 
[[402.728, 433.19, 436.917, 431.839, 1366.474, 423.29, 426.563, 395.56, 411.41, 417.148, 415.885, 427.777, 416.691, 412.556, 414.433, 405.653, 402.848, 412.158, 474.784, 406.187, 411.701, 391.689, 405.359, 402.28, 387.799, 368.03, 378.648, 375.395]] 
[[427.182, 397.022, 384.854, 427.053, 418.591, 397.616, 417.726, 391.6, 402.471, 403.537, 394.558, 390.309, 402.647, 398.434, 365.173, 381.598, 374.3, 368.492, 360.186, 361.582, 367.985, 353.524, 356.757, 374.467, 362.779]] 
[[402.997, 417.433, 405.047, 413.675, 361.22, 379.653, 403.779, 417.793, 438.923, 393.772, 390.153, 381.806, 372.152, 361.907, 376.364, 382.799, 393.049, 376.047, 364.384, 369.372, 390.515, 376.548, 385.479, 358.338, 353.48, 377.165, 375.991, 372.035, 366.553]] 
[[407.754, 390.102, 410.061, 396.432, 412.795, 407.127, 402.442, 384.059, 401.398, 417.026, 400.717, 360.617, 367.475, 407.447, 372.226, 380.775, 370.962, 368.61, 385.286, 380.478, 365.216, 359.185, 385.69]] 
[[450.719, 464.205, 455.103, 415.317, 401.531, 422.475, 408.35, 408.604, 399.812, 409.831, 409.804, 435.796, 412.447, 403.252, 406.365, 388.011, 379.996, 380.455, 412.194, 371.398]] 
[[393.189, 378.061, 1085.381, 381.889, 388.817, 389.753, 426.296, 405.88, 406.81, 396.479, 382.083, 363.172, 402.366, 407.592, 404.044, 373.851, 377.025, 395.365, 396.265, 410.552, 386.771, 383.531]] 
[[414.464, 431.946, 426.481, 448.845, 445.704, 440.74, 439.836, 406.54, 428.779, 436.31, 420.522, 421.531, 414.512, 416.224, 399.805, 408.886, 404.281, 429.04, 434.756, 420.888, 398.976]] 
[[409.986, 427.586, 418.888, 443.19, 416.101, 395.157, 450.299, 417.833, 422.541, 403.791, 390.543, 414.966, 417.552, 431.786, 414.17, 412.039, 426.096, 418.065, 404.351, 395.0, 413.978, 407.229, 403.497]] 
[[417.19, 410.86, 404.71, 406.712, 423.326, 442.221, 419.772, 411.547, 386.27, 421.176, 426.037, 412.244, 403.239, 421.263, 421.504, 413.465, 431.745, 408.106, 406.462, 421.39, 441.593, 435.449]] 
[[440.944, 489.655, 475.032, 515.655, 477.159, 478.021, 474.693, 471.607, 475.806, 473.615, 492.911, 478.885, 485.329, 492.635, 500.622, 483.968, 488.391, 479.252, 462.726, 470.6, 457.498, 498.118, 475.718, 468.098]] 
[[532.213, 525.363, 526.88, 520.92, 530.746, 551.701, 533.269, 527.078, 546.104, 529.461, 539.433, 521.113, 565.087, 539.887, 534.642, 519.519, 514.21, 498.302, 505.538, 531.025, 505.702, 497.184, 528.364, 533.928, 519.04, 525.04, 522.581, 513.404]] 
[[533.171, 496.362, 1480.3020000000001, 467.25, 485.469, 479.06, 476.345, 482.213, 459.147, 472.271, 454.514, 479.857, 463.505, 464.962]] 
[[447.309, 440.226, 452.64, 515.293, 554.615, 491.267, 526.556, 507.179, 482.367, 463.967, 458.778, 457.659, 470.54, 439.379, 427.427, 418.154, 418.238]] 
[[463.806, 477.355, 470.06, 467.473, 467.552, 453.317, 476.279, 462.091, 446.874, 464.674, 459.291, 440.116, 435.937, 452.125, 445.31, 473.482, 444.613, 447.168, 421.59]] 
[[576.802, 558.924, 540.619, 533.392, 519.917, 514.931, 496.941, 507.654, 499.102, 518.245, 521.935, 567.91, 559.945, 537.411, 520.869, 532.712, 537.264, 530.96, 518.725, 518.62, 531.042, 514.889, 550.503, 523.112, 518.111, 514.246]] 
[[649.943, 638.138, 621.116, 645.103, 690.851, 670.074, 668.127, 662.339, 665.393, 648.447, 638.248, 629.329, 617.358, 617.572, 614.283, 593.417, 577.208, 589.024, 577.432, 569.593, 535.099]] 
[[515.384, 514.627, 500.84, 495.009, 515.391, 500.595, 500.169, 529.53, 515.277, 511.16, 528.687, 497.361, 1469.416, 527.372, 516.194, 500.649, 529.777, 534.929, 514.553, 502.906, 499.725, 493.068, 486.727, 495.101, 498.714, 479.359]] 
[[488.352, 467.493, 486.928, 465.312, 463.557, 518.637, 467.25, 468.872, 461.774, 472.384, 487.12, 485.673, 452.688, 1285.3, 549.687, 494.178]] 
[[514.29, 502.976, 492.955, 489.312, 477.935, 510.942, 477.54, 494.305, 461.009, 455.544, 469.353, 476.532, 473.786, 457.561, 455.757, 488.312, 462.08, 465.392, 453.886, 447.519, 445.197, 452.634, 450.412, 463.265, 450.197, 464.372]] 
[[605.785, 596.728, 600.279, 584.238, 569.209, 561.935, 548.494, 542.479, 533.701, 530.086, 563.767, 579.679, 547.206, 532.224, 503.619, 499.54, 502.522, 503.548, 493.91, 492.514]] 
[[459.237, 450.84, 466.46, 446.24, 450.062, 435.041, 515.978, 467.371, 446.942, 426.396, 414.91, 429.267, 416.327, 425.97, 408.528, 404.363, 414.512, 436.992, 436.859, 409.545]] 
[[553.285, 532.126, 542.103, 507.928, 506.721, 494.751, 496.512, 533.248, 467.886, 1424.253, 544.795, 531.864, 498.169, 500.947, 466.442, 447.687, 441.139, 465.72, 431.536, 547.465, 534.639, 533.833, 528.313, 462.363]] 
[[563.742, 577.082, 585.214, 552.805, 543.36, 539.578, 557.047, 531.159, 526.041, 511.54, 529.386, 518.949, 511.708, 504.387, 531.396, 525.429, 547.139, 563.396, 553.862, 520.019, 539.998, 529.168, 567.497, 559.705, 547.882, 518.912, 533.46, 513.64, 505.763, 526.748, 498.222, 500.999, 522.226]] 
[[447.777, 438.861, 479.324, 460.046, 489.386, 459.514, 460.676, 448.538, 478.108, 442.41, 457.955, 487.016, 439.891, 452.706, 432.243, 442.723, 446.109, 445.925, 449.489, 497.949, 441.504, 441.083, 473.646, 455.719, 440.151]] 
[[490.366, 498.29, 510.451, 508.046, 525.894, 535.923, 525.216, 508.464, 496.059, 493.655, 491.536, 484.489, 507.307, 494.879, 492.057, 480.407, 506.79, 514.47, 510.886, 476.706, 498.392, 512.647, 540.65, 526.793, 525.16, 508.931, 509.102, 505.871, 525.489, 511.904, 501.321, 511.489, 505.136, 506.607, 499.571, 505.9, 497.079, 499.354, 493.297, 495.537, 481.398, 484.661, 483.012, 501.315, 518.424, 533.065, 515.954, 494.372, 498.991]] 
[[498.885, 497.717, 497.054, 503.704, 495.274, 484.945, 485.889, 486.578, 496.743, 483.986, 469.093, 471.606, 460.379, 472.905, 499.973, 498.233, 480.724, 492.162, 513.233, 491.0, 485.197, 505.558, 493.503, 491.609, 489.469, 473.691, 471.221, 476.66, 468.817, 462.361, 456.643, 478.123, 478.62, 451.879, 461.942, 475.789, 445.072, 452.214, 449.713, 476.075, 493.221, 455.261, 472.622, 500.662, 463.892]] 
[[636.847, 589.142, 631.32, 624.909, 634.405, 611.457, 604.785, 596.183, 590.982, 583.065, 574.531, 577.743, 564.719, 563.83, 556.98, 568.736, 553.699, 550.071, 582.498, 577.926, 557.24, 559.988, 566.849, 570.173, 551.456, 546.871, 576.658, 544.004, 543.605, 545.691, 556.845, 532.642, 563.464, 536.669, 514.481, 525.989, 520.555, 514.847, 497.05, 491.904, 496.593, 485.535, 487.661, 482.798, 499.835, 478.728, 471.845, 471.751, 495.386, 489.025, 470.804]] 
[[510.004, 504.453, 493.301, 508.119, 501.281, 482.274, 477.486, 476.029, 483.608, 492.99, 465.438, 497.574, 489.901, 507.688, 516.29, 490.372, 505.806, 492.544, 499.708, 488.03, 518.8, 520.24, 504.552, 507.59, 501.321, 496.625, 488.208, 479.44, 479.673, 470.539, 477.003, 477.042, 468.356, 469.511, 451.251, 473.017, 466.808, 472.235, 457.743, 476.406, 490.375, 452.164, 451.401, 454.512, 445.595, 432.51, 454.782, 451.319, 436.954, 459.45, 425.874, 445.433]] 
[[495.834, 491.735, 493.463, 483.441, 474.346, 465.778, 511.63, 512.012, 504.028, 514.373, 510.716, 492.527, 504.247, 498.837, 519.126, 480.132, 492.971, 494.1, 515.53, 485.614, 480.95, 488.84, 474.971, 487.27, 481.297, 485.94, 479.211, 468.392, 471.011, 466.776, 466.308, 473.908, 476.03, 467.612, 466.793, 454.917, 444.782, 436.656, 433.057, 444.2, 430.735, 445.174, 416.912, 450.752, 431.031, 434.365, 429.903, 429.293, 427.773, 428.072, 450.873]] 
[[421.977, 416.041, 425.846, 463.345, 460.224, 451.098, 455.195, 424.084, 439.117, 473.773, 462.267, 445.47, 451.076, 422.272, 414.447, 433.033, 400.719, 414.122, 391.664, 385.282, 416.138, 418.829, 430.133, 435.342, 426.156, 459.499, 408.098, 408.86, 391.698, 393.126, 385.175, 377.497, 381.877, 420.902, 392.206, 376.019, 377.238, 381.66, 375.659, 380.479, 389.205, 376.958, 385.83, 402.61, 378.929]] 
[[460.4, 471.908, 464.063, 444.796, 436.304, 475.44, 451.264, 441.112, 456.944, 450.016, 444.796, 442.036, 468.721, 431.596, 445.329, 444.624, 452.739, 436.867, 445.59, 447.683, 451.107, 424.746, 417.901, 414.205, 428.956, 422.913, 421.201, 422.766, 446.784, 432.147, 418.769, 410.896, 419.143, 415.561, 411.397, 418.063, 441.044, 434.266, 424.922, 399.115, 414.935, 407.163, 401.891]] 
[[466.591, 465.485, 488.677, 505.198, 469.783, 486.804, 489.484, 474.23, 473.576, 485.033, 495.825, 475.773, 467.145, 491.262, 504.846, 473.231, 479.371, 474.335, 474.75, 467.238, 472.968, 481.51, 510.59, 501.538, 523.255, 502.149, 482.724, 463.073, 465.803, 469.471, 469.261, 479.551, 462.644, 461.683, 439.822, 461.324, 457.981, 447.203, 448.143, 446.264, 472.341, 471.739, 459.259, 452.935, 443.187]] 
[[508.195, 470.292, 499.52, 485.265, 462.283, 505.245, 450.735, 501.415, 445.786, 456.605, 498.692, 423.328, 426.091, 446.847, 432.361, 465.233, 492.278, 514.134, 565.286, 429.073, 560.753, 450.94, 488.206, 454.951, 561.863, 597.199, 567.702, 602.51, 417.347, 620.519, 613.83, 639.353, 674.083, 638.049, 662.632, 418.677, 695.734, 657.267, 398.801, 692.356, 415.18, 435.41, 690.989]] 
[[463.028, 438.716, 443.154, 444.772, 453.764, 473.482, 461.519, 448.582, 483.038, 435.3, 425.163, 465.083, 477.427, 455.74, 482.436, 487.988, 450.498, 418.552, 468.925, 437.215, 484.516, 422.36, 488.557, 404.29, 490.861, 393.82, 418.824, 468.515, 374.06, 381.506, 453.971, 373.138, 399.449, 395.948, 385.419]] 
[[508.217, 607.493, 592.042, 591.684, 581.77, 576.028, 576.84, 586.641, 547.507, 541.846, 535.051, 585.489, 526.274, 494.951, 506.472, 497.362, 571.317, 481.235, 591.084, 473.367, 668.265, 605.714, 625.595, 672.875, 469.614, 459.757, 461.428, 668.697, 681.169, 729.515, 699.968, 453.904, 469.44, 453.755, 531.785, 458.981, 682.04, 693.624, 479.554, 474.635, 674.04, 456.965, 463.457, 655.011, 669.423, 471.918, 661.771, 444.529, 668.357, 479.815, 485.098]] 
[[476.794, 460.29, 474.675, 466.087, 471.065, 480.667, 451.386, 472.341, 491.094, 469.442, 500.209, 519.899, 451.324, 470.083, 512.487, 563.312, 482.821, 512.397, 537.515, 447.288, 547.145, 457.839, 447.291, 537.41, 483.181, 462.511, 577.199, 521.55, 535.654, 436.007, 574.088, 436.493, 600.689, 457.492, 448.713, 598.897, 446.279, 618.367, 636.936, 653.076, 451.408, 655.279, 669.268]] 
[[594.473, 528.265, 585.797, 629.931, 558.776, 576.326, 605.777, 598.788, 590.774, 567.127, 564.14, 561.744, 548.202, 556.91, 648.094, 568.853, 581.692, 595.133, 562.271, 601.167, 592.117, 659.932, 567.98, 674.919, 689.215, 717.9, 546.815, 542.82, 921.416, 708.923, 755.635, 534.137, 907.371, 523.807, 516.043, 996.679, 1076.112, 1125.451]] 
[[570.304, 536.874, 655.616, 616.54, 528.397, 656.259, 590.633, 695.573, 574.344, 596.694, 679.583, 566.839, 708.336, 554.233, 702.325, 687.832, 551.181, 548.582, 539.908, 646.487, 558.589, 626.056, 622.024, 582.243, 601.692, 588.361, 573.788, 574.903, 566.171, 549.24, 549.402, 538.465, 540.366, 555.077, 524.012, 517.813, 509.859, 500.208, 534.243, 1318.57, 531.962, 1294.575, 1284.134, 1283.503, 1275.893, 500.897, 1253.995]] 
[[533.352, 531.707, 550.251, 545.664, 534.065, 625.623, 624.793, 624.979, 593.091, 589.096, 569.037, 523.677, 518.285, 496.055, 516.845, 539.716, 533.335, 525.185, 511.868, 510.425, 492.398, 1485.808, 477.473, 466.327, 572.151, 576.745, 556.581, 558.442, 551.322, 547.619, 543.104, 518.652, 517.969, 514.991, 487.899, 473.721, 487.226, 475.873, 486.055, 481.672, 483.234, 478.052, 514.421, 503.376, 492.186, 489.248, 465.973, 469.691, 463.416, 447.273, 449.435]] 
[[465.479, 475.368, 488.237, 476.178, 484.9, 473.216, 487.594, 473.181, 502.481, 489.466, 493.113, 482.487, 488.185, 475.813, 492.578, 473.285, 475.934, 479.501, 490.133, 462.426, 473.312, 503.828, 504.406, 490.873, 483.054, 469.956, 462.735, 475.527, 460.272, 454.206, 457.428, 451.284, 462.012, 456.172, 445.748, 435.028, 437.361, 436.595, 436.632, 439.457, 436.624, 440.321, 425.514, 438.896, 435.017, 434.998, 438.074, 452.836, 434.627]] 
average response time [0]454.874
average response time [1]380.469
average response time [2]383.157
average response time [3]408.743
average response time [4]1166.975
average response time [5]363.965
average response time [6]369.324
average response time [7]359.157
average response time [8]357.017
average response time [9]371.201
TOTAL AVERAGE RESPONSE TIME ====================: 461.48820000000006
NUMBER OF THREADS ==============================: 1
average response time [10]354.88800000000003
average response time [11]359.9975
average response time [12]1953.5919999999999
average response time [13]1473.5165
average response time [14]400.3195
average response time [15]396.66700000000003
average response time [16]459.869
average response time [17]466.3555
average response time [18]446.47400000000005
average response time [19]413.125
TOTAL AVERAGE RESPONSE TIME ====================: 672.4803999999999
NUMBER OF THREADS ==============================: 2
average response time [20]383.1295
average response time [21]388.50424999999996
average response time [22]396.28775
average response time [23]419.91675
average response time [24]417.91175
average response time [25]386.70349999999996
average response time [26]394.47125
average response time [27]380.3505
average response time [28]358.64675
average response time [29]371.133
TOTAL AVERAGE RESPONSE TIME ====================: 389.7054999999999
NUMBER OF THREADS ==============================: 4
average response time [30]392.40024999999997
average response time [31]389.101375
average response time [32]393.723
average response time [33]378.143875
average response time [34]423.128
average response time [35]388.812
average response time [36]401.816875
average response time [37]395.1335
average response time [38]368.15625
average response time [39]374.037125
TOTAL AVERAGE RESPONSE TIME ====================: 390.445225
NUMBER OF THREADS ==============================: 8
average response time [40]421.7449375
average response time [41]399.6679375
average response time [42]418.8681875
average response time [43]411.265625
average response time [44]436.888
average response time [45]433.9410625
average response time [46]457.4156875
average response time [47]420.4016875
average response time [48]402.482625
average response time [49]823.848625
TOTAL AVERAGE RESPONSE TIME ====================: 462.6524375
NUMBER OF THREADS ==============================: 16
average response time [50]480.8521875
average response time [51]576.28784375
average response time [52]762.386875
average response time [53]771.3936562499999
average response time [54]755.96703125
average response time [55]905.4126249999999
average response time [56]805.98240625
average response time [57]456.38166666666666
average response time [58]423.49104545454543
average response time [59]451.23935714285716
TOTAL AVERAGE RESPONSE TIME ====================: 638.9394694264068
NUMBER OF THREADS ==============================: 32
average response time [60]401.41025
average response time [61]433.97957692307693
average response time [62]406.37426470588235
average response time [63]605.42796875
average response time [64]543.8743666666667
average response time [65]652.2468055555555
average response time [66]622.7056470588235
average response time [67]676.6277857142857
average response time [68]628.9044838709677
average response time [69]700.3492631578947
TOTAL AVERAGE RESPONSE TIME ====================: 567.1900412403154
NUMBER OF THREADS ==============================: 64
average response time [70]642.0199705882353
average response time [71]682.5540606060606
average response time [72]614.5237575757576
average response time [73]655.4064411764706
average response time [74]887.3974871794871
average response time [75]654.1586944444444
average response time [76]641.90828125
average response time [77]621.876606060606
average response time [78]672.9588235294118
average response time [79]584.4784
TOTAL AVERAGE RESPONSE TIME ====================: 665.7282522410472
NUMBER OF THREADS ==============================: 65
average response time [80]623.2319090909091
average response time [81]566.06559375
average response time [82]588.89708
average response time [83]432.1933333333333
average response time [84]376.39355
average response time [85]389.2086842105263
average response time [86]388.6845416666667
average response time [87]381.91527777777776
average response time [88]435.11144444444443
average response time [89]405.9329473684211
TOTAL AVERAGE RESPONSE TIME ====================: 458.7634361642078
NUMBER OF THREADS ==============================: 66
average response time [90]444.82114285714283
average response time [91]387.21772
average response time [92]384.77341379310343
average response time [93]388.4295652173913
average response time [94]411.78325
average response time [95]424.326
average response time [96]423.2888571428571
average response time [97]415.4193043478261
average response time [98]417.55822727272727
average response time [99]479.45575
TOTAL AVERAGE RESPONSE TIME ====================: 417.7073230631048
NUMBER OF THREADS ==============================: 67
average response time [100]526.3476428571429
average response time [101]549.602
average response time [102]468.9172941176471
average response time [103]456.2691052631579
average response time [104]529.4146538461539
average response time [105]624.6711428571429
average response time [106]545.0969230769231
average response time [107]532.2003125
average response time [108]471.27165384615387
average response time [109]544.57315
TOTAL AVERAGE RESPONSE TIME ====================: 524.8363878364322
NUMBER OF THREADS ==============================: 68
average response time [110]438.092
average response time [111]541.4052083333333
average response time [112]535.0745151515151
average response time [113]456.34996
average response time [114]504.9655714285714
average response time [115]480.2199333333333
average response time [116]547.4660784313726
average response time [117]479.6081730769231
average response time [118]471.84792156862744
average response time [119]413.8038888888889
TOTAL AVERAGE RESPONSE TIME ====================: 486.8833250212565
NUMBER OF THREADS ==============================: 69
average response time [120]435.1655581395349
average response time [121]474.55677777777777
average response time [122]521.698023255814
average response time [123]441.4176
average response time [124]559.6739019607843
average response time [125]510.78948837209305
average response time [126]649.5134736842106
average response time [127]671.5442765957447
average response time [128]539.7133725490196
average response time [129]465.3540408163265
TOTAL AVERAGE RESPONSE TIME ====================: 526.9426513151304
NUMBER OF THREADS ==============================: 70
NUMBER OF THREADS: [1, 2, 4, 8, 16, 32, 64, 65, 66, 67, 68, 69, 70]
WORKLOAD: HFU_LV;  
TOTAL EXECUTION TIME (Concurrent Parallel Requests): 120101.348
NUMBER OF REPLICAS USED: 3

