[[362.217, 343.21, 377.068, 364.944, 358.628, 352.752, 346.397, 344.044, 349.572, 342.084, 352.514, 356.267, 369.807, 359.939, 352.271, 351.243, 340.778, 347.113, 336.641, 367.677, 346.958, 350.721, 355.21, 391.322, 376.731, 355.43, 370.838, 348.664, 339.946, 350.065, 389.565, 332.752, 377.906, 348.054, 348.112, 338.036, 353.907, 348.346, 347.17, 375.765, 360.915, 351.154, 338.237, 346.416, 363.815, 354.898, 348.39, 354.003, 369.739, 395.981, 374.049, 377.696, 369.446, 360.446, 391.765, 348.033, 363.234, 331.508, 380.831, 438.478, 379.596, 420.707, 383.82, 328.959, 366.697, 356.452, 341.874, 351.731, 359.132, 353.634, 360.785, 344.315, 346.809, 348.239, 428.557, 404.9, 367.554, 382.435, 377.103, 390.275, 372.633, 370.189, 351.713, 338.051, 342.677, 334.621, 355.262, 343.168, 355.699, 355.79, 404.175, 359.889, 353.032, 380.991, 374.788, 353.194, 387.283, 367.625, 360.341, 354.952, 449.065, 392.0, 421.064, 386.502, 360.84, 354.57, 358.017, 418.544, 375.636, 354.239, 395.339, 378.941, 386.208, 349.065, 386.051, 376.549, 373.503, 334.737, 363.173, 385.488, 356.479, 430.143, 341.567, 364.629, 406.608, 357.15, 344.801, 398.443, 349.584, 341.128, 360.537, 359.437, 359.524, 351.775, 375.246, 399.881, 348.507, 368.669, 341.61, 336.598, 378.231, 333.897, 347.866, 331.899, 333.968, 341.462, 331.752, 334.531, 330.273, 331.924]] 
AVERAGE RESPONSE TIME: 362.9133
NUMBER OF THREADS: [150]
WORKLOAD: LV_HF; PAL CONFIG: cache; NUMBER OF REPLICAS: 4 
TOTAL EXECUTION TIME (Concurrent Parallel Requests): 2272.976


[[372.038, 365.502, 369.403, 356.753, 354.453, 346.434, 342.535, 364.282, 354.754, 376.329, 369.98, 372.461, 371.972, 379.594, 375.327, 361.758, 361.256, 341.821, 350.701, 380.132, 377.227, 359.502, 376.515, 383.142, 383.916, 367.306, 376.821, 392.846, 364.663, 370.36, 359.013, 348.251, 398.091, 350.43, 338.157, 406.855, 361.168, 363.684, 375.686, 353.618, 357.12, 352.158, 358.427, 349.694, 358.548, 341.752, 338.099, 340.095, 334.594, 372.437, 343.271, 346.455, 351.166, 349.431, 348.334, 336.188, 364.13, 344.282, 363.774, 352.815, 436.172, 345.058, 375.745, 386.554, 340.767, 363.338, 357.93, 351.235, 381.851, 373.101, 368.004, 349.995, 367.243, 351.057, 344.453, 351.732, 350.576, 347.578, 404.223, 414.703, 344.509, 368.565, 390.464, 362.496, 394.986, 381.646, 381.813, 358.332, 360.614, 341.883, 338.736, 383.332, 361.819, 382.595, 381.874, 444.498, 361.312, 406.687, 403.785, 384.174, 358.612, 364.487, 350.192, 367.504, 342.872, 411.803, 391.82, 397.207, 410.963, 364.008, 381.874, 346.73, 369.101, 374.522, 361.689, 379.906, 363.553, 388.512, 345.38, 368.398, 392.104, 391.091, 377.519, 390.956, 357.408, 360.502, 382.561, 371.332, 401.451, 380.868, 375.209, 362.076, 340.041, 339.134, 354.946, 369.224, 355.009, 364.74, 374.797, 359.421, 346.423, 336.835, 379.464, 362.337, 336.662, 338.475, 341.826, 342.33, 345.598, 341.992]] 
AVERAGE RESPONSE TIME: 365.8960333333333
NUMBER OF THREADS: [150]
WORKLOAD: LV_HF; PAL CONFIG: cache; NUMBER OF REPLICAS: 4 
TOTAL EXECUTION TIME (Concurrent Parallel Requests): 2424.523


[[377.239, 410.734, 356.701, 366.485, 352.622, 363.919, 368.918, 361.447, 348.943, 356.956, 335.246, 395.101, 356.813, 370.64, 379.374, 382.878, 362.153, 381.075, 342.738, 375.13, 362.873, 368.728, 358.429, 347.094, 393.007, 394.199, 391.514, 366.159, 372.966, 352.831, 365.944, 349.416, 340.749, 348.65, 362.991, 378.383, 349.226, 407.472, 421.231, 460.205, 400.925, 375.622, 409.287, 376.328, 367.48, 366.281, 358.502, 345.565, 351.617, 420.486, 423.477, 413.997, 442.402, 380.82, 370.775, 390.53, 372.266, 376.65, 375.184, 342.196, 358.007, 374.306, 346.17, 351.05, 336.166, 361.266, 385.425, 340.539, 373.471, 354.093, 335.701, 372.368, 347.85, 351.324, 342.913, 352.192, 336.844, 345.234, 357.595, 363.937, 373.027, 414.787, 395.404, 389.349, 394.083, 357.034, 349.896, 378.905, 359.263, 410.09, 381.336, 348.111, 369.214, 374.483, 369.697, 389.209, 363.028, 354.797, 355.421, 347.672, 341.526, 409.2, 374.486, 338.597, 344.916, 364.054, 352.683, 371.852, 396.601, 388.527, 376.517, 352.37, 341.676, 374.06, 357.898, 347.38, 339.73, 363.823, 356.428, 355.262, 372.129, 355.276, 401.582, 380.115, 365.89, 381.078, 377.231, 366.147, 335.742, 354.046, 351.012, 363.141, 372.612, 362.665, 342.153, 415.357, 364.754, 363.351, 412.997, 377.603, 378.676, 346.846, 351.673, 336.158, 345.983, 351.373, 357.885, 335.41, 334.707, 344.053]] 
AVERAGE RESPONSE TIME: 368.02704666666665
NUMBER OF THREADS: [150]
WORKLOAD: LV_HF; PAL CONFIG: cache; NUMBER OF REPLICAS: 4 
TOTAL EXECUTION TIME (Concurrent Parallel Requests): 2465.651


[[373.66, 368.538, 366.513, 371.059, 344.849, 361.071, 358.304, 377.53, 354.553, 351.833, 338.997, 343.664, 357.165, 361.253, 385.46, 363.652, 355.205, 371.834, 388.003, 372.204, 362.81, 348.486, 345.776, 352.285, 352.995, 372.482, 356.105, 363.795, 352.495, 357.1, 364.574, 359.334, 355.287, 352.783, 431.855, 343.604, 381.303, 348.664, 390.199, 386.153, 337.208, 350.079, 363.304, 349.449, 336.308, 370.84, 354.447, 349.709, 357.675, 353.834, 338.41, 336.759, 349.152, 412.536, 348.473, 374.186, 385.403, 368.936, 355.536, 417.164, 376.476, 434.323, 360.808, 358.639, 367.79, 359.996, 376.398, 384.584, 338.337, 401.419, 358.505, 386.112, 384.31, 344.755, 393.461, 378.995, 393.674, 342.688, 357.447, 419.771, 479.831, 381.154, 402.688, 377.519, 354.196, 375.172, 409.491, 407.011, 369.688, 350.245, 361.334, 354.233, 352.011, 358.529, 360.635, 375.924, 379.729, 377.85, 398.749, 382.914, 389.81, 385.924, 357.722, 376.26, 362.333, 382.468, 417.974, 419.393, 413.976, 379.886, 408.425, 370.666, 400.494, 370.541, 362.925, 367.448, 354.95, 397.232, 362.535, 379.942, 369.22, 379.559, 375.393, 375.942, 424.338, 390.599, 407.111, 407.175, 390.47, 375.524, 365.432, 359.145, 359.76, 354.848, 448.141, 378.367, 482.379, 409.735, 369.559, 353.39, 360.306, 347.972, 365.969, 346.702, 346.345, 395.8, 347.032, 362.928, 349.168, 353.84]] 
AVERAGE RESPONSE TIME: 372.62189333333333
NUMBER OF THREADS: [150]
WORKLOAD: LV_HF; PAL CONFIG: cache; NUMBER OF REPLICAS: 4 
TOTAL EXECUTION TIME (Concurrent Parallel Requests): 2438.032


[[358.092, 361.329, 345.75, 387.011, 377.196, 394.752, 400.29, 371.223, 363.219, 357.645, 376.058, 358.996, 350.567, 367.108, 352.114, 373.284, 357.377, 349.766, 355.25, 329.47, 381.737, 355.128, 353.539, 376.974, 362.785, 353.049, 371.566, 360.334, 377.512, 444.889, 356.103, 351.42, 343.865, 415.188, 414.822, 389.147, 367.123, 376.694, 346.811, 350.121, 368.425, 349.776, 350.13, 391.27, 379.68, 402.462, 372.532, 383.352, 354.937, 356.892, 351.847, 364.995, 363.841, 348.853, 343.422, 414.231, 353.612, 371.501, 392.214, 366.127, 385.081, 356.177, 340.925, 374.293, 349.721, 361.977, 415.128, 362.43, 403.663, 378.518, 369.792, 381.888, 345.568, 344.698, 397.333, 394.501, 362.221, 367.327, 359.498, 411.619, 390.035, 359.043, 388.783, 374.175, 354.182, 346.782, 358.162, 391.215, 383.393, 401.479, 372.138, 373.951, 355.729, 346.965, 350.313, 366.118, 423.881, 370.728, 388.584, 381.913, 343.695, 387.725, 355.217, 364.644, 375.949, 358.307, 341.997, 345.541, 386.254, 340.569, 377.752, 344.707, 387.256, 363.44, 380.137, 356.407, 391.658, 373.673, 366.768, 356.865, 396.689, 358.585, 355.166, 352.258, 352.69, 340.107, 356.109, 352.933, 362.302, 368.153, 378.81, 347.762, 342.651, 377.384, 341.768, 351.6, 329.266, 342.935, 337.327, 335.919, 341.528, 339.076, 361.384, 373.843, 345.28, 329.899, 334.06, 366.961, 337.73, 333.013]] 
AVERAGE RESPONSE TIME: 365.98052666666666
NUMBER OF THREADS: [150]
WORKLOAD: LV_HF; PAL CONFIG: cache; NUMBER OF REPLICAS: 4 
TOTAL EXECUTION TIME (Concurrent Parallel Requests): 2428.945


[[486.915, 472.749, 442.698, 448.989, 419.438, 442.191, 436.443, 416.602, 414.747, 408.514, 394.661, 538.222, 365.019, 454.547, 471.773, 446.542, 436.041, 423.306, 468.417, 417.584, 402.845, 391.004, 411.144, 416.718, 382.34, 396.8, 681.621, 506.076, 543.732, 449.304, 488.135, 457.45, 593.667, 446.02, 479.982, 458.433, 451.455, 449.161, 574.699, 428.892, 564.646, 395.807, 565.103, 427.661, 370.159, 407.443, 505.253, 388.351, 1988.04, 481.213, 498.885, 456.636, 436.426, 425.735, 396.121, 359.262, 398.216, 359.254, 364.196, 561.743, 511.166, 488.215, 472.539, 466.945, 452.612, 511.039, 1514.8719999999998, 744.513, 700.909, 643.162, 637.557, 626.032, 583.728, 577.117, 553.775, 611.98, 491.676, 496.109, 496.648, 490.042, 486.233, 518.29, 492.669, 1393.987, 1974.471, 1390.703, 2560.147, 1357.454, 559.304, 551.896, 569.349, 555.372, 520.762, 486.785, 501.216, 494.234, 468.181, 476.886, 613.426, 491.306, 583.625, 567.938, 567.603, 570.93, 548.999, 520.016, 488.496, 510.321, 472.394, 488.292, 1359.013, 1349.975, 1355.4859999999999, 425.225, 450.612, 417.167, 423.695, 382.095, 1363.281, 554.587, 526.597, 514.74, 495.444, 469.183, 460.267, 418.639, 1364.0520000000001, 571.433, 573.109, 539.376, 519.789, 562.567, 528.482, 487.587, 482.277, 498.682, 468.124, 486.422, 472.41, 438.08, 437.0, 408.029, 406.241, 398.804, 380.174, 354.595, 351.766, 354.634, 463.752, 453.423]] 
AVERAGE RESPONSE TIME: 569.2250733333333
NUMBER OF THREADS: [150]
WORKLOAD: LV_HF; PAL CONFIG: cache; NUMBER OF REPLICAS: 4 
TOTAL EXECUTION TIME (Concurrent Parallel Requests): 3680.254


[[359.342, 353.177, 361.693, 384.639, 349.453, 363.485, 367.443, 363.486, 388.359, 368.859, 357.165, 350.039, 366.774, 368.113, 361.901, 349.693, 372.883, 347.976, 367.606, 354.863, 378.64, 371.481, 368.113, 351.375, 345.621, 393.831, 363.207, 369.703, 379.73, 389.238, 363.202, 380.386, 348.09, 363.738, 363.321, 350.711, 361.242, 349.098, 368.553, 359.856, 352.003, 345.448, 338.899, 344.359, 408.986, 436.158, 424.989, 409.798, 393.017, 361.418, 364.659, 335.211, 355.802, 347.697, 380.316, 361.378, 392.457, 350.364, 349.521, 395.503, 350.652, 386.087, 358.377, 377.28, 368.789, 364.426, 386.441, 355.901, 382.017, 425.134, 354.976, 392.9, 379.654, 378.443, 361.716, 359.716, 354.186, 394.311, 360.287, 340.664, 361.112, 365.89, 485.627, 364.969, 370.66, 404.581, 360.134, 388.188, 387.873, 360.153, 402.585, 388.657, 365.27, 380.209, 348.187, 362.918, 359.313, 386.255, 357.124, 366.115, 356.647, 364.16, 435.762, 371.832, 354.618, 343.5, 343.773, 386.044, 409.267, 358.264, 365.676, 362.015, 348.738, 378.588, 339.492, 351.782, 352.076, 337.854, 383.335, 353.23, 335.791, 361.618, 354.016, 386.42, 376.217, 357.203, 361.936, 352.418, 450.014, 358.909, 386.765, 383.252, 370.964, 348.843, 355.829, 381.336, 419.898, 362.936, 358.559, 329.792, 344.25, 346.055, 425.142, 353.354, 357.884, 373.907, 347.832, 339.434, 346.588, 334.331]] 
AVERAGE RESPONSE TIME: 368.53327333333334
NUMBER OF THREADS: [150]
WORKLOAD: LV_HF; PAL CONFIG: cache; NUMBER OF REPLICAS: 4 
TOTAL EXECUTION TIME (Concurrent Parallel Requests): 2425.0280000000002


