[[405.68, 379.497, 432.749, 381.836, 420.468, 439.337, 386.465, 465.175, 395.544, 401.927, 458.475, 559.583, 487.811, 449.694, 448.99, 384.107, 573.202, 494.704, 582.547, 505.965, 436.703, 591.629, 695.436, 624.501, 462.794, 494.753, 707.164, 523.054, 475.472, 529.407, 547.043, 543.948, 575.666, 576.968, 714.959, 613.378, 588.059, 660.76, 598.887, 602.862, 686.107, 672.438, 683.012, 701.162, 568.148, 675.403, 692.68, 648.756, 674.644, 689.652, 756.299, 703.884, 458.903, 626.409, 772.658, 644.475, 700.51, 726.611, 448.42, 690.008, 463.208, 681.333, 469.898, 500.064, 676.218, 506.706, 519.375, 629.154, 667.494, 659.503, 522.158, 676.941, 678.985, 547.234, 774.045, 698.877, 794.582, 740.108, 829.835, 870.889, 890.424, 496.641, 898.295, 970.03, 928.603, 556.554, 477.535, 640.07, 649.482, 532.392, 577.404, 612.038, 938.934, 853.338, 643.253, 678.784, 898.689, 664.215, 535.517, 658.185, 706.621, 505.522, 822.807, 545.688, 575.175, 664.083, 691.184, 850.444, 547.344, 693.633, 741.752, 715.39, 731.14, 502.565, 815.8, 719.898, 734.355, 512.051, 774.166, 701.988, 785.399, 457.696, 681.579, 756.317, 475.818, 670.097, 727.804, 463.392, 706.983, 473.651, 529.996, 550.156, 702.726, 731.254, 668.322, 543.75, 718.363, 543.469, 754.802, 553.114, 584.84, 755.785, 605.778, 534.164, 639.046, 630.009, 563.844, 626.748, 669.188, 664.768]] 
AVERAGE RESPONSE TIME: 621.09888
NUMBER OF THREADS: [150]
WORKLOAD: LV_HF; PAL CONFIG: cache; NUMBER OF REPLICAS: 3 
TOTAL EXECUTION TIME (Concurrent Parallel Requests): 2802.52


[[431.077, 423.989, 422.852, 442.354, 493.354, 418.593, 525.26, 404.021, 559.957, 474.264, 591.494, 636.654, 420.305, 682.802, 471.289, 726.385, 896.037, 805.263, 468.268, 409.598, 443.125, 890.066, 519.564, 533.707, 933.625, 1098.988, 944.508, 542.836, 988.783, 595.833, 1069.888, 402.663, 1091.843, 421.332, 1115.96, 444.322, 1142.121, 462.52, 592.522, 523.592, 500.828, 623.13, 524.454, 649.021, 694.479, 768.902, 701.791, 1097.064, 770.819, 499.762, 455.613, 1057.543, 1096.858, 764.67, 777.75, 1070.296, 792.68, 931.952, 852.67, 1048.437, 968.982, 898.318, 404.053, 1024.057, 1067.986, 943.633, 1080.405, 1188.298, 1071.355, 1103.838, 425.674, 1180.636, 862.714, 412.256, 428.134, 475.007, 1194.167, 1137.171, 834.459, 919.22, 898.814, 431.735, 924.122, 468.044, 1150.373, 977.184, 1157.848, 905.108, 1229.556, 1177.84, 552.286, 1251.003, 954.23, 386.808, 918.254, 1200.526, 516.766, 1231.899, 962.008, 890.945, 402.15, 950.548, 466.011, 961.495, 1167.972, 440.475, 500.087, 1210.792, 613.4, 1163.76, 475.389, 958.992, 912.989, 1184.703, 461.425, 1047.111, 1175.557, 522.874, 912.376, 1214.959, 1228.798, 484.985, 1083.971, 486.23, 1145.067, 1189.017, 1090.482, 472.359, 1151.114, 473.74, 1154.183, 1188.158, 1220.108, 466.792, 1079.415, 490.054, 1219.124, 1245.419, 1072.1, 1256.417, 1285.5149999999999, 1328.67, 440.313, 1341.384, 1375.091, 1009.878, 1422.987, 1350.283, 432.15, 377.0]] 
AVERAGE RESPONSE TIME: 821.6660933333334
NUMBER OF THREADS: [150]
WORKLOAD: LV_HF; PAL CONFIG: cache; NUMBER OF REPLICAS: 3 
TOTAL EXECUTION TIME (Concurrent Parallel Requests): 3440.641


[[414.363, 453.077, 424.439, 536.003, 459.834, 535.686, 394.832, 566.788, 457.881, 391.383, 593.031, 461.225, 601.211, 387.834, 685.176, 635.713, 452.701, 397.911, 722.642, 753.919, 428.09, 479.038, 489.385, 425.252, 743.467, 489.491, 496.209, 763.547, 542.756, 784.076, 483.314, 609.636, 506.214, 546.5, 788.281, 553.439, 590.93, 498.189, 578.0, 603.646, 646.318, 741.828, 770.494, 797.473, 622.079, 650.091, 858.709, 810.763, 499.937, 905.899, 903.895, 917.352, 504.662, 599.181, 513.292, 592.187, 645.232, 887.402, 493.762, 531.989, 702.966, 674.619, 892.185, 543.232, 635.505, 725.416, 907.711, 627.253, 925.395, 784.126, 655.515, 943.039, 689.276, 963.045, 641.838, 734.243, 663.157, 695.385, 969.812, 912.954, 695.931, 1037.307, 1040.088, 698.486, 1058.797, 711.796, 754.671, 1041.387, 791.319, 1069.0430000000001, 534.077, 792.246, 597.537, 552.983, 1018.241, 767.336, 575.551, 787.399, 810.285, 826.13, 627.873, 854.042, 869.331, 1043.981, 518.336, 849.49, 808.731, 860.392, 833.705, 846.928, 478.913, 867.115, 478.963, 867.552, 501.226, 857.547, 867.828, 497.314, 910.174, 842.501, 855.945, 867.942, 912.552, 941.385, 479.949, 843.517, 410.844, 922.362, 514.578, 467.813, 925.299, 942.847, 513.913, 554.459, 945.572, 575.95, 1041.703, 969.553, 1076.253, 687.803, 724.226, 1082.834, 548.818, 1112.384, 1132.02, 560.737, 716.638, 733.384, 557.485, 585.942]] 
AVERAGE RESPONSE TIME: 703.6772333333333
NUMBER OF THREADS: [150]
WORKLOAD: LV_HF; PAL CONFIG: cache; NUMBER OF REPLICAS: 3 
TOTAL EXECUTION TIME (Concurrent Parallel Requests): 3088.901


[[409.155, 392.633, 432.914, 398.61, 407.532, 490.362, 453.063, 418.133, 414.906, 498.919, 421.683, 433.344, 523.46, 568.828, 599.193, 450.312, 410.586, 614.629, 444.499, 645.965, 451.895, 692.867, 459.987, 485.585, 457.429, 490.4, 514.596, 654.139, 690.739, 529.934, 467.265, 492.734, 690.808, 539.113, 514.671, 541.468, 542.254, 568.419, 590.759, 661.114, 641.831, 573.453, 586.204, 640.736, 474.352, 613.189, 671.095, 658.618, 609.267, 687.337, 537.066, 622.443, 657.803, 570.434, 517.274, 673.335, 742.424, 697.927, 657.499, 607.96, 516.535, 722.52, 534.28, 636.337, 549.086, 599.391, 704.21, 738.804, 618.353, 691.781, 637.077, 771.314, 710.637, 579.74, 612.979, 792.661, 774.917, 705.388, 816.734, 811.65, 621.683, 838.138, 633.629, 864.219, 921.775, 693.016, 780.2, 853.558, 730.59, 898.402, 852.809, 888.651, 919.862, 696.358, 741.737, 932.904, 958.536, 783.92, 857.735, 948.219, 740.122, 991.382, 815.146, 729.089, 987.569, 786.364, 715.77, 788.621, 784.304, 844.113, 946.117, 872.498, 935.543, 956.762, 739.127, 981.698, 897.224, 921.615, 949.905, 720.856, 1000.75, 1058.659, 892.8, 761.502, 711.466, 787.352, 810.965, 994.547, 843.619, 800.124, 1066.836, 1012.462, 827.771, 777.492, 829.869, 858.07, 769.814, 873.465, 972.927, 998.418, 746.021, 863.063, 784.56, 919.926, 973.591, 794.271, 862.4, 913.431, 779.53, 934.093]] 
AVERAGE RESPONSE TIME: 707.79402
NUMBER OF THREADS: [150]
WORKLOAD: LV_HF; PAL CONFIG: cache; NUMBER OF REPLICAS: 3 
TOTAL EXECUTION TIME (Concurrent Parallel Requests): 2889.295


[[500.147, 446.254, 473.518, 472.326, 420.252, 421.143, 483.566, 494.848, 529.428, 568.026, 452.601, 444.574, 477.338, 585.549, 610.481, 433.176, 630.46, 458.858, 496.113, 625.564, 418.869, 461.22, 661.71, 484.856, 739.154, 680.088, 505.022, 548.945, 498.937, 707.854, 775.84, 579.738, 582.801, 804.467, 829.363, 959.088, 930.736, 855.67, 646.144, 673.244, 603.323, 425.985, 938.824, 682.172, 956.286, 449.437, 473.865, 532.735, 663.752, 524.958, 576.389, 927.991, 608.007, 1029.958, 940.584, 1022.752, 1060.945, 613.188, 586.809, 628.561, 638.297, 1059.993, 634.824, 1137.049, 656.566, 1078.379, 1148.442, 696.587, 1181.74, 728.812, 594.845, 1191.666, 1229.179, 1271.134, 613.673, 1321.658, 1359.661, 1403.0529999999999, 1438.839, 663.268, 1504.738, 1457.278, 1536.083, 1671.826, 1584.867, 570.755, 710.537, 1691.605, 653.112, 578.997, 619.235, 1707.818, 673.706, 691.581, 741.783, 691.734, 767.534, 713.191, 1651.67, 697.416, 713.421, 693.141, 1602.1390000000001, 714.374, 694.891, 752.835, 790.457, 710.073, 763.31, 769.933, 790.232, 796.611, 812.291, 1532.0430000000001, 847.543, 796.11, 862.643, 869.42, 916.22, 984.248, 1517.141, 883.206, 917.86, 1013.858, 902.175, 1038.663, 1504.007, 1533.309, 909.952, 1565.088, 1603.1860000000001, 1639.01, 972.799, 853.756, 1588.991, 924.711, 868.89, 1610.763, 1645.47, 1690.821, 1725.5529999999999, 921.817, 903.131, 947.743, 932.986, 975.833, 1723.8899999999999, 1008.059, 1742.35, 950.449]] 
AVERAGE RESPONSE TIME: 886.7001466666667
NUMBER OF THREADS: [150]
WORKLOAD: LV_HF; PAL CONFIG: cache; NUMBER OF REPLICAS: 3 
TOTAL EXECUTION TIME (Concurrent Parallel Requests): 3336.197


[[419.85, 394.462, 411.242, 375.865, 413.292, 432.654, 439.395, 379.987, 414.765, 460.912, 452.88, 484.331, 535.388, 563.264, 452.078, 465.586, 513.049, 561.861, 534.066, 608.534, 566.65, 635.377, 593.136, 676.842, 377.772, 421.318, 472.015, 697.714, 485.834, 531.316, 759.142, 543.799, 594.98, 626.469, 558.738, 768.159, 653.292, 584.753, 672.04, 788.538, 613.44, 733.981, 676.302, 846.095, 716.497, 752.03, 748.085, 826.024, 798.556, 947.426, 866.95, 885.742, 984.824, 860.932, 801.381, 822.105, 871.673, 906.608, 973.122, 1001.152, 926.456, 1073.819, 1093.692, 973.502, 730.713, 804.189, 750.907, 822.757, 803.511, 1028.052, 828.109, 853.83, 805.039, 1032.815, 1024.765, 906.317, 849.538, 769.004, 897.581, 929.377, 828.915, 765.433, 920.878, 931.524, 936.033, 938.227, 975.903, 784.4, 965.068, 998.494, 886.206, 1067.162, 735.732, 1009.57, 1111.807, 748.469, 787.26, 815.046, 834.906, 1109.465, 1172.318, 1125.681, 1195.395, 735.786, 1199.031, 808.359, 752.316, 896.657, 713.779, 831.924, 953.396, 879.632, 1112.268, 1145.761, 927.277, 1215.2, 651.162, 1123.888, 901.997, 939.235, 957.229, 986.746, 1151.574, 991.147, 1170.605, 580.536, 614.013, 991.37, 1166.249, 1188.473, 1006.803, 603.369, 1188.206, 651.57, 600.851, 712.785, 1228.9470000000001, 1176.562, 1236.071, 617.648, 1253.742, 866.699, 628.69, 880.48, 687.402, 640.649, 1214.295, 705.301, 748.696, 1140.74]] 
AVERAGE RESPONSE TIME: 805.84834
NUMBER OF THREADS: [150]
WORKLOAD: LV_HF; PAL CONFIG: cache; NUMBER OF REPLICAS: 3 
TOTAL EXECUTION TIME (Concurrent Parallel Requests): 3090.264


[[438.926, 378.798, 469.71, 383.826, 496.237, 388.977, 418.656, 450.04, 540.398, 563.826, 607.194, 646.577, 466.087, 403.772, 440.633, 537.65, 490.399, 651.647, 475.963, 560.883, 690.014, 587.311, 719.502, 730.611, 586.807, 432.425, 477.947, 616.055, 645.412, 731.963, 770.467, 669.896, 701.805, 783.761, 807.147, 441.434, 836.405, 703.173, 871.312, 426.752, 936.965, 474.368, 744.143, 697.58, 921.025, 806.357, 463.183, 960.045, 897.912, 785.216, 834.189, 474.738, 496.235, 1011.197, 883.515, 843.177, 912.832, 462.01, 886.778, 1009.99, 953.917, 891.153, 832.035, 990.432, 923.159, 1019.479, 393.165, 470.257, 1030.821, 1051.571, 877.49, 1116.633, 424.176, 899.015, 461.87, 1126.831, 456.299, 1149.968, 1257.961, 1148.743, 826.487, 875.003, 1225.597, 1263.949, 867.691, 1374.804, 1299.771, 1247.427, 417.465, 1372.292, 857.127, 884.049, 897.728, 1376.02, 1415.2640000000001, 414.201, 1002.801, 897.936, 939.074, 419.329, 443.934, 479.317, 527.836, 966.156, 556.131, 593.066, 1313.4850000000001, 959.573, 571.738, 951.066, 1039.132, 1291.629, 962.481, 1301.147, 555.049, 1018.623, 1286.1019999999999, 1322.396, 1360.78, 1019.85, 562.845, 1382.688, 585.484, 998.308, 1033.099, 1056.646, 1467.746, 1081.662, 1339.321, 1353.034, 1427.504, 489.985, 1046.301, 1057.631, 522.677, 460.864, 1365.251, 1026.933, 1384.2939999999999, 487.822, 564.802, 502.722, 1010.293, 1039.844, 542.691, 1346.71, 1059.647, 1367.114, 1072.028, 520.576]] 
AVERAGE RESPONSE TIME: 823.77904
NUMBER OF THREADS: [150]
WORKLOAD: LV_HF; PAL CONFIG: cache; NUMBER OF REPLICAS: 3 
TOTAL EXECUTION TIME (Concurrent Parallel Requests): 3275.066


