[[413.385, 371.174, 367.766, 361.921, 375.568, 388.2, 414.96, 416.92, 428.98, 375.731, 421.996, 413.462, 404.494, 381.85, 394.489, 386.164, 356.909, 373.518, 382.065, 375.791, 388.16, 359.627, 360.458, 394.723, 423.904, 420.315, 401.907, 380.235, 425.908, 384.823, 392.869, 381.015, 367.671, 402.842, 374.061, 366.944, 394.79, 398.739, 475.57, 452.899, 456.27, 442.301, 422.642, 419.319, 378.904, 412.687, 443.945, 448.949, 423.519, 441.795, 422.694, 415.951, 413.975, 424.822, 378.428, 385.929, 388.085, 398.571, 470.755, 388.285, 401.437, 400.122, 419.293, 399.12, 402.316, 416.77, 374.291, 384.025, 375.813, 386.687, 386.226, 496.089, 367.11, 482.475, 421.198, 419.683, 361.091, 397.725, 381.247, 360.76, 379.195, 353.517, 363.989, 363.999, 445.434, 369.097, 405.536, 396.671, 462.832, 355.544, 396.967, 372.282, 359.436, 362.438, 438.637, 348.708, 342.168, 378.406, 367.605, 351.334, 351.563, 384.271, 364.619, 345.693, 351.298, 344.283, 346.884, 359.295, 346.484, 352.108, 375.86, 335.588, 362.323, 348.404, 340.881, 376.187, 363.356, 373.399, 347.219, 349.607, 388.547, 374.015, 342.578, 366.445, 351.013, 356.902, 349.727, 376.763, 355.367, 349.114, 341.687, 394.295, 366.631, 357.864, 344.07, 350.241, 348.648, 343.576, 345.81, 343.857, 339.551, 368.571, 366.029, 364.549, 356.273, 348.427, 334.787, 366.481, 350.3, 346.306]] 
AVERAGE RESPONSE TIME: 383.90432
NUMBER OF THREADS: [150]
WORKLOAD: LV_HF; PAL CONFIG: cache; NUMBER OF REPLICAS: 3 
TOTAL EXECUTION TIME (Concurrent Parallel Requests): 2478.924


[[392.874, 378.213, 404.32, 418.485, 431.547, 404.009, 396.975, 394.142, 381.652, 396.277, 384.762, 396.411, 395.82, 403.729, 396.328, 404.273, 389.869, 400.135, 411.127, 399.792, 373.619, 385.664, 387.876, 443.103, 381.374, 425.752, 400.247, 390.849, 402.611, 399.916, 376.659, 378.541, 407.17, 442.354, 412.884, 392.051, 381.666, 404.07, 404.975, 403.138, 406.873, 388.264, 401.783, 394.537, 390.186, 375.845, 481.589, 390.825, 398.653, 407.017, 423.586, 430.963, 397.765, 370.43, 381.16, 392.511, 367.8, 378.951, 369.554, 378.212, 390.489, 379.083, 407.943, 393.664, 391.874, 383.824, 383.147, 412.778, 386.324, 410.425, 385.994, 402.851, 409.594, 413.373, 408.03, 428.976, 405.05, 454.711, 393.372, 409.145, 397.575, 435.769, 415.341, 474.978, 410.197, 471.997, 426.385, 445.213, 409.313, 437.991, 413.842, 423.491, 417.467, 423.823, 495.243, 410.587, 434.495, 448.357, 442.265, 466.789, 433.911, 410.068, 402.117, 399.004, 388.898, 385.974, 384.185, 393.594, 386.316, 373.919, 368.736, 435.142, 425.13, 430.139, 421.122, 397.026, 401.03, 376.007, 395.062, 426.12, 394.799, 385.531, 375.143, 463.613, 452.559, 417.915, 409.221, 413.823, 405.618, 399.005, 428.166, 414.05, 402.188, 390.881, 391.193, 445.309, 485.247, 430.243, 456.461, 411.98, 412.48, 410.83, 404.866, 404.228, 402.557, 411.537, 407.986, 396.469, 406.629, 409.732]] 
AVERAGE RESPONSE TIME: 407.51524666666666
NUMBER OF THREADS: [150]
WORKLOAD: LV_HF; PAL CONFIG: cache; NUMBER OF REPLICAS: 3 
TOTAL EXECUTION TIME (Concurrent Parallel Requests): 2380.728


[[399.636, 398.078, 395.014, 410.319, 402.871, 401.888, 394.517, 402.402, 406.02, 398.766, 488.146, 461.863, 437.286, 424.246, 439.428, 423.749, 413.444, 438.031, 451.981, 474.241, 452.614, 449.184, 447.363, 446.71, 454.448, 455.81, 446.058, 436.575, 426.791, 466.428, 435.256, 417.95, 418.953, 427.733, 427.019, 399.999, 406.798, 422.775, 467.84, 464.09, 461.484, 478.037, 437.524, 453.292, 463.648, 433.261, 430.51, 423.658, 413.467, 400.487, 394.115, 417.071, 448.554, 397.78, 400.511, 466.502, 416.181, 432.322, 447.321, 428.808, 408.935, 389.627, 417.033, 393.355, 407.655, 426.274, 432.204, 445.646, 448.696, 432.396, 426.068, 421.169, 400.503, 387.874, 434.628, 405.395, 409.167, 409.525, 394.96, 399.711, 438.031, 487.58, 447.933, 441.833, 462.562, 492.197, 460.001, 460.313, 451.546, 438.969, 464.345, 413.07, 440.888, 479.171, 422.112, 466.725, 417.218, 433.069, 444.981, 447.262, 429.914, 426.955, 450.056, 435.655, 410.61, 402.795, 438.971, 410.372, 418.656, 412.852, 466.043, 449.678, 437.686, 423.447, 434.867, 413.436, 480.523, 438.61, 437.892, 459.966, 446.73, 425.461, 449.94, 437.485, 444.148, 414.852, 425.565, 446.617, 424.644, 414.426, 403.912, 439.523, 485.763, 425.372, 431.577, 443.755, 440.264, 461.543, 460.685, 476.519, 435.132, 410.873, 436.245, 409.329, 413.19, 407.388, 436.734, 413.809, 413.369, 434.586]] 
AVERAGE RESPONSE TIME: 432.4393333333333
NUMBER OF THREADS: [150]
WORKLOAD: LV_HF; PAL CONFIG: cache; NUMBER OF REPLICAS: 3 
TOTAL EXECUTION TIME (Concurrent Parallel Requests): 2444.719


[[417.193, 390.684, 431.208, 387.313, 399.661, 392.44, 395.563, 388.398, 381.243, 415.376, 386.213, 393.979, 375.83, 384.977, 380.975, 386.919, 377.609, 396.891, 391.157, 430.285, 372.738, 422.532, 382.85, 393.075, 392.385, 428.674, 413.58, 385.392, 409.587, 385.964, 379.848, 381.762, 372.8, 375.633, 379.176, 378.361, 382.572, 365.61, 399.637, 425.753, 369.704, 366.646, 395.82, 377.435, 458.118, 388.398, 384.414, 439.261, 390.418, 384.061, 353.44, 371.867, 385.172, 371.725, 357.13, 393.145, 420.343, 405.618, 387.95, 368.533, 354.305, 421.752, 388.754, 417.26, 390.112, 344.562, 352.334, 354.502, 348.738, 370.715, 352.92, 354.627, 386.289, 349.814, 371.443, 353.845, 347.387, 384.476, 359.718, 412.288, 380.952, 379.981, 362.529, 355.709, 358.351, 354.848, 361.378, 363.018, 394.833, 362.807, 383.76, 394.848, 390.564, 455.404, 379.735, 409.465, 367.647, 370.903, 411.83, 423.638, 425.924, 379.555, 422.963, 374.786, 376.806, 442.89, 382.738, 393.93, 383.559, 411.027, 401.99, 416.79, 382.869, 398.626, 382.047, 427.976, 422.311, 414.909, 406.948, 381.238, 412.127, 386.003, 424.796, 407.351, 398.268, 469.101, 428.665, 433.285, 388.849, 382.435, 381.424, 366.849, 364.314, 363.158, 370.837, 356.292, 352.436, 352.494, 381.154, 345.308, 366.675, 349.436, 389.197, 395.422, 356.214, 345.849, 363.377, 358.009, 354.653, 362.079]] 
AVERAGE RESPONSE TIME: 386.76680666666664
NUMBER OF THREADS: [150]
WORKLOAD: LV_HF; PAL CONFIG: cache; NUMBER OF REPLICAS: 3 
TOTAL EXECUTION TIME (Concurrent Parallel Requests): 2356.076


[[416.72, 376.485, 385.824, 376.356, 376.98, 388.029, 399.297, 367.272, 362.877, 374.026, 390.301, 369.7, 371.773, 390.045, 380.609, 365.313, 369.927, 388.003, 397.636, 384.657, 392.945, 397.668, 372.325, 353.773, 372.73, 351.882, 367.913, 394.24, 360.114, 364.213, 344.551, 358.29, 399.128, 344.249, 358.572, 365.887, 415.819, 390.037, 408.9, 413.38, 377.026, 344.315, 368.541, 362.791, 345.596, 370.486, 377.141, 356.042, 356.399, 353.044, 347.753, 354.403, 353.622, 398.94, 419.737, 411.73, 381.932, 375.447, 381.654, 386.329, 376.668, 388.152, 478.253, 447.851, 372.409, 455.418, 418.606, 388.602, 390.411, 367.201, 360.064, 352.545, 406.039, 403.888, 380.846, 373.8, 366.49, 364.378, 362.736, 345.646, 374.197, 356.672, 342.401, 343.787, 408.039, 393.499, 353.888, 354.781, 377.573, 403.525, 391.641, 354.209, 419.231, 384.543, 430.458, 366.144, 371.306, 397.407, 389.109, 364.055, 362.474, 347.324, 391.544, 408.066, 367.522, 378.151, 358.614, 347.307, 387.446, 390.651, 358.333, 380.244, 399.761, 341.991, 337.574, 382.539, 347.143, 389.068, 469.273, 385.639, 417.361, 366.264, 371.423, 360.717, 345.634, 341.602, 366.709, 370.389, 372.319, 363.784, 396.551, 358.61, 418.477, 347.224, 369.21, 366.188, 349.114, 347.299, 398.433, 346.362, 344.134, 371.525, 336.959, 333.645, 343.25, 342.306, 333.273, 373.705, 344.606, 355.768]] 
AVERAGE RESPONSE TIME: 375.60898
NUMBER OF THREADS: [150]
WORKLOAD: LV_HF; PAL CONFIG: cache; NUMBER OF REPLICAS: 3 
TOTAL EXECUTION TIME (Concurrent Parallel Requests): 2564.575


[[372.288, 359.784, 350.144, 366.477, 339.694, 355.278, 339.861, 349.348, 356.747, 349.366, 356.116, 335.194, 347.829, 356.056, 339.818, 391.893, 364.272, 359.105, 381.875, 374.411, 376.813, 376.521, 358.25, 366.051, 416.762, 397.952, 369.175, 371.734, 357.04, 340.663, 356.952, 347.661, 349.753, 344.26, 365.726, 380.109, 375.666, 361.884, 578.531, 353.802, 452.737, 388.31, 406.841, 354.119, 365.852, 399.675, 447.1, 392.995, 373.37, 361.428, 378.478, 374.055, 376.735, 380.63, 370.49, 391.709, 359.639, 351.843, 369.327, 357.578, 376.325, 396.498, 358.308, 360.64, 353.922, 386.793, 368.944, 365.087, 388.268, 361.56, 375.993, 378.202, 356.224, 351.522, 393.775, 358.845, 395.183, 377.498, 366.431, 372.414, 361.513, 399.521, 392.123, 393.287, 361.517, 403.293, 408.986, 354.891, 354.984, 359.795, 388.861, 352.58, 344.94, 365.275, 368.334, 353.611, 383.284, 382.815, 369.965, 396.386, 414.94, 403.197, 404.585, 413.249, 379.641, 390.256, 386.649, 426.067, 415.281, 399.35, 396.629, 380.877, 415.89, 379.766, 395.158, 382.965, 370.048, 359.853, 426.899, 418.285, 393.074, 385.109, 386.608, 380.491, 362.105, 359.145, 347.269, 349.568, 342.698, 341.948, 373.638, 378.696, 374.246, 356.723, 352.009, 341.472, 344.088, 341.523, 350.872, 348.134, 344.505, 341.794, 351.945, 335.87, 336.943, 335.635, 345.165, 333.54, 340.436, 345.375]] 
AVERAGE RESPONSE TIME: 372.41582666666665
NUMBER OF THREADS: [150]
WORKLOAD: LV_HF; PAL CONFIG: cache; NUMBER OF REPLICAS: 3 
TOTAL EXECUTION TIME (Concurrent Parallel Requests): 2215.347


[[416.056, 407.811, 386.603, 402.785, 373.503, 372.352, 376.587, 375.149, 383.162, 382.538, 360.034, 405.483, 376.215, 405.489, 367.529, 407.155, 400.28, 404.592, 376.488, 378.889, 375.233, 384.963, 362.439, 376.126, 370.756, 384.347, 372.56, 356.859, 413.463, 424.442, 407.673, 385.158, 366.629, 361.52, 369.594, 355.753, 384.602, 383.873, 367.096, 355.429, 371.771, 358.017, 390.656, 407.867, 407.32, 440.987, 411.939, 395.588, 391.79, 386.425, 394.055, 429.394, 408.89, 408.387, 401.556, 381.689, 392.644, 415.397, 405.882, 401.198, 400.533, 414.86, 407.771, 446.353, 391.946, 405.564, 409.251, 434.049, 420.244, 433.36, 431.879, 413.094, 404.964, 404.74, 391.437, 387.692, 387.371, 386.167, 380.722, 379.803, 379.143, 388.477, 379.974, 369.223, 395.311, 387.851, 378.455, 403.007, 398.727, 393.727, 381.331, 391.252, 346.248, 346.772, 353.811, 353.358, 390.707, 355.062, 339.848, 363.866, 356.738, 393.03, 346.959, 362.044, 349.023, 346.466, 404.323, 365.759, 341.293, 340.144, 375.499, 353.622, 382.687, 360.954, 363.747, 358.124, 350.067, 336.871, 344.782, 369.577, 351.648, 353.361, 354.696, 351.198, 333.73, 354.664, 385.663, 402.274, 361.497, 391.636, 370.017, 334.185, 341.804, 341.82, 336.504, 333.457, 343.481, 346.654, 337.016, 346.349, 344.449, 351.273, 334.52, 333.163, 363.69, 368.649, 348.684, 340.23, 339.952, 349.377]] 
AVERAGE RESPONSE TIME: 377.95978
NUMBER OF THREADS: [150]
WORKLOAD: LV_HF; PAL CONFIG: cache; NUMBER OF REPLICAS: 3 
TOTAL EXECUTION TIME (Concurrent Parallel Requests): 2000.133


