[[457.666, 414.295, 369.846, 587.212, 543.949, 499.181, 628.192, 669.05, 937.607, 851.863, 766.321, 721.935, 804.901, 973.26, 890.665, 1015.31, 1101.109, 1056.562, 1229.562, 1312.747, 1188.051, 1140.955, 1268.233, 1381.878, 1514.242, 1466.2649999999999, 1556.346, 1422.982, 1595.496, 1635.801, 1675.96, 1846.783, 1760.5410000000002, 1717.212, 1886.954, 1800.856, 1929.344, 2013.002, 1968.9969999999998, 2054.723, 2140.131, 2096.275, 2187.096, 2381.963, 2316.91, 2224.969, 2467.127, 2419.901, 2596.819, 2264.793, 2508.651, 2734.008, 2551.934, 2636.577, 2687.8630000000003, 2828.473, 2774.986, 2858.384, 3073.951, 2995.236, 2911.107, 3182.886, 3019.341, 3030.691, 3224.423, 3124.335, 3382.37, 3264.059, 3331.115, 3512.5190000000002, 3469.149, 3421.794, 3639.076, 3552.226, 3593.584, 3719.7, 3676.441, 3762.274, 3806.892, 3932.938, 3888.877, 4057.93, 3846.243, 3972.631, 4012.218, 4143.615, 4097.05, 4225.318, 4270.579, 4181.352, 4336.412, 4419.872, 4377.729, 4509.415, 4683.405, 4592.347, 4460.455, 4640.487, 4549.406, 4722.264]] 
AVERAGE RESPONSE TIME: 2539.46426
NUMBER OF THREADS: [100]
WORKLOAD: LV_HF; PAL CONFIG: default; NUMBER OF REPLICAS: 1 
TOTAL EXECUTION TIME (Concurrent Parallel Requests): 4827.071


[[369.023, 545.137, 584.838, 408.386, 2123.317, 494.408, 450.523, 621.19, 663.315, 718.892, 760.11, 844.238, 799.452, 973.801, 1016.546, 887.923, 1066.371, 926.712, 1272.106, 1195.751, 1232.478, 1129.887, 1303.757, 1387.114, 1428.651, 1342.166, 1468.084, 1572.3719999999998, 1597.156, 1641.739, 1519.194, 1691.408, 1749.4160000000002, 1793.851, 1880.498, 1834.995, 2223.975, 1967.112, 2052.961, 1921.685, 2135.708, 2008.475, 2175.418, 2270.275, 2316.695, 2506.096, 2355.849, 2458.398, 2396.275, 2593.277, 2547.029, 2706.499, 2633.833, 2802.0389999999998, 2849.5860000000002, 2755.25, 2902.57, 2935.203, 2980.152, 3028.555, 3113.531, 3246.023, 3068.688, 3156.771, 3193.913, 3368.821, 3279.983, 3458.554, 3412.759, 3321.426, 3552.431, 3510.325, 3711.178, 3593.32, 3637.596, 3793.076, 3750.88, 3880.217, 3923.167, 3836.314, 4004.296, 3960.747, 4046.312, 4133.562, 4090.343, 4350.076, 4179.339, 4306.52, 4260.039, 4218.1, 4385.938, 4475.749, 4427.716, 4515.9619999999995, 4604.83, 4820.738, 4555.519, 4756.833, 4674.12, 4856.291]] 
AVERAGE RESPONSE TIME: 2582.49723
NUMBER OF THREADS: [100]
WORKLOAD: LV_HF; PAL CONFIG: default; NUMBER OF REPLICAS: 1 
TOTAL EXECUTION TIME (Concurrent Parallel Requests): 4967.9130000000005


[[499.452, 454.874, 368.325, 410.694, 668.575, 579.207, 623.627, 755.224, 535.0, 707.846, 798.821, 841.11, 922.809, 985.489, 1142.031, 878.324, 1091.128, 1026.145, 1241.357, 1196.106, 1154.63, 1280.962, 1330.383, 1500.283, 1375.665, 1456.403, 1414.222, 1534.876, 1580.409, 1625.662, 1714.819, 1672.4270000000001, 1816.902, 1858.065, 1761.354, 1965.738, 1895.115, 2092.487, 2182.759, 2272.2110000000002, 2004.685, 2047.907, 2137.937, 2222.163, 2307.952, 2349.662, 2438.362, 2481.214, 2392.854, 2522.254, 2945.318, 2562.871, 2650.078, 2692.603, 2603.584, 2739.4030000000002, 2781.995, 2824.054, 2985.827, 3072.29, 2864.577, 3027.484, 3113.108, 3204.684, 3158.707, 3340.583, 3246.536, 3424.036, 3378.965, 3291.911, 3699.886, 3638.08, 3462.925, 3503.821, 3593.358, 3591.727, 3797.126, 3721.825, 3898.256, 3807.319, 3920.291, 4002.747, 4102.109, 4103.677, 4141.826, 4227.474, 4200.652, 4303.464, 4308.071, 4349.654, 4403.3279999999995, 4437.91, 4504.31, 4516.449, 4710.623, 4711.136, 4705.5779999999995, 4700.168, 4912.801, 4908.366]] 
AVERAGE RESPONSE TIME: 2569.10077
NUMBER OF THREADS: [100]
WORKLOAD: LV_HF; PAL CONFIG: default; NUMBER OF REPLICAS: 1 
TOTAL EXECUTION TIME (Concurrent Parallel Requests): 5045.524


[[726.62, 934.381, 1349.688, 1349.037, 2381.13, 519.929, 727.285, 721.999, 1135.945, 717.458, 931.981, 1338.7069999999999, 1752.016, 1129.81, 1750.712, 1346.182, 759.184, 2378.258, 1124.716, 1536.879, 1537.0529999999999, 1547.9450000000002, 916.024, 2361.171, 2152.792, 912.356, 1739.6309999999999, 1531.54, 2356.886, 1760.476, 1943.7240000000002, 1736.7559999999999, 2561.348, 1113.42, 1319.926, 2765.385, 2559.4210000000003, 2141.968, 2182.608, 1936.953, 1974.126, 2793.152, 3172.183, 2554.513, 2965.399, 3372.1549999999997, 1930.27, 4202.487, 893.932, 2754.374, 3163.038, 4391.897, 4540.707, 3366.852, 2954.99, 2129.095, 3815.307, 4179.956, 2747.864, 3157.95, 3155.621, 2561.413, 3355.173, 2536.717, 2945.4790000000003, 1915.58, 3367.458, 2942.648, 3965.858, 3597.116, 4967.833, 4169.141, 2735.404, 3411.027, 4564.571, 4478.537, 3751.1620000000003, 3549.089, 3957.978, 4162.44, 3977.696, 3442.131, 3749.6130000000003, 3501.016, 3750.285, 4429.1720000000005, 4384.573, 4358.384, 4768.967, 4360.752, 4634.783, 4811.061, 3944.562, 4854.9220000000005, 3738.959, 4897.073, 4671.111, 4715.272, 4350.332, 4580.645]] 
AVERAGE RESPONSE TIME: 2787.61101
NUMBER OF THREADS: [100]
WORKLOAD: LV_HF; PAL CONFIG: default; NUMBER OF REPLICAS: 1 
TOTAL EXECUTION TIME (Concurrent Parallel Requests): 5044.553


[[371.975, 454.753, 541.404, 626.577, 713.019, 413.63, 492.704, 665.095, 576.62, 791.005, 746.853, 874.016, 831.008, 916.343, 957.961, 1042.648, 998.082, 1086.914, 1134.6779999999999, 1174.819, 1260.914, 1215.659, 1370.519, 1326.903, 1544.091, 1412.475, 1455.557, 1495.815, 1681.246, 1586.17, 1637.5529999999999, 1858.161, 1722.711, 1811.338, 1918.181, 2158.202, 1764.614, 2109.251, 2060.189, 2200.735, 2000.494, 2363.196, 2279.587, 2476.017, 2434.63, 2521.855, 2563.498, 2608.3559999999998, 2664.305, 2804.36, 2708.378, 2749.75, 2886.129, 2927.939, 2839.272, 3008.086, 2964.761, 3099.042, 3140.294, 3047.548, 3227.105, 3181.473, 3293.157, 3382.964, 3340.05, 3559.681, 3512.379, 3464.748, 3422.058, 3620.382, 3668.565, 3710.904, 3754.462, 3795.513, 3930.258, 3841.189, 3884.5299999999997, 4014.726, 3970.901, 4101.925, 4057.274, 4142.304, 4344.631, 4248.573, 4201.622, 4298.726, 4404.261, 4427.735, 4469.96, 4513.14, 4555.138, 4639.394, 4596.54, 4682.067, 4722.633, 4763.814, 4893.536, 4804.493, 4847.7970000000005, 4933.251]] 
AVERAGE RESPONSE TIME: 2663.11744
NUMBER OF THREADS: [100]
WORKLOAD: LV_HF; PAL CONFIG: default; NUMBER OF REPLICAS: 1 
TOTAL EXECUTION TIME (Concurrent Parallel Requests): 5032.527


[[466.924, 592.777, 371.004, 636.228, 503.535, 1318.565, 1318.652, 1057.397, 1316.135, 842.751, 410.51, 541.764, 796.347, 1698.5230000000001, 751.939, 1371.482, 1606.107, 1559.969, 1647.101, 1306.219, 1002.003, 873.676, 1746.379, 914.24, 955.901, 1301.512, 3170.634, 1508.239, 1782.789, 1825.409, 695.712, 653.62, 1075.826, 2426.621, 2727.982, 2125.886, 1907.554, 1436.6390000000001, 2036.273, 2375.478, 2592.756, 1991.267, 1946.7759999999998, 2167.526, 1857.987, 2074.303, 2301.475, 2676.443, 2255.582, 2454.352, 2498.121, 2541.216, 2205.979, 2626.022, 2753.9610000000002, 2796.416, 2838.876, 2878.6, 3009.108, 2918.884, 3055.297, 2959.689, 3182.082, 3332.8469999999998, 3092.307, 3263.782, 3222.753, 3383.804, 3468.23, 3511.398, 3600.178, 3421.81, 3550.465, 3689.794, 3638.5879999999997, 3774.514, 3732.303, 3856.883, 3814.8959999999997, 3895.758, 3981.384, 4064.909, 3935.714, 4020.34, 4151.431, 4103.11, 4212.389, 4262.501, 4382.205, 4336.503, 4466.883, 4422.859, 4509.112, 4550.6900000000005, 4639.252, 4592.969, 4724.984, 4675.345, 4779.514, 4820.016]] 
AVERAGE RESPONSE TIME: 2591.2144
NUMBER OF THREADS: [100]
WORKLOAD: LV_HF; PAL CONFIG: default; NUMBER OF REPLICAS: 1 
TOTAL EXECUTION TIME (Concurrent Parallel Requests): 4930.771


[[370.89, 505.018, 414.367, 458.642, 592.424, 1091.784, 634.897, 726.759, 682.623, 544.714, 846.104, 801.521, 909.324, 952.72, 758.203, 1037.867, 1169.6680000000001, 993.083, 1117.275, 1257.0729999999999, 1308.03, 1427.012, 1201.407, 1385.2440000000001, 1508.83, 1338.679, 1597.42, 1463.158, 1822.088, 1548.402, 1732.414, 1636.028, 1693.016, 1775.288, 1888.921, 1930.6480000000001, 1973.117, 2105.95, 2015.509, 2056.717, 2142.533, 2404.33, 2538.906, 2270.43, 2185.502, 2228.353, 2312.91, 2355.478, 2439.082, 2616.397, 2481.515, 2570.313, 2674.226, 2781.317, 2824.447, 2729.259, 2984.509, 2885.6369999999997, 2934.949, 3016.363, 3251.882, 3249.155, 3250.09, 3339.075, 3411.715, 3246.991, 3246.501, 3596.891, 3286.559, 3367.719, 3636.48, 3561.833, 3524.8289999999997, 3457.824, 3728.968, 3893.3379999999997, 3727.68, 3762.471, 3827.205, 4060.323, 3922.083, 3967.844, 4001.746, 4102.936, 4137.674, 4172.765, 4261.936, 4305.667, 4216.093, 4388.321, 4344.632, 4429.03, 4472.139, 4601.536, 4513.915, 4557.218, 4686.52, 4643.244, 4769.973, 4722.722]] 
AVERAGE RESPONSE TIME: 2582.9481299999998
NUMBER OF THREADS: [100]
WORKLOAD: LV_HF; PAL CONFIG: default; NUMBER OF REPLICAS: 1 
TOTAL EXECUTION TIME (Concurrent Parallel Requests): 4876.66


[[467.034, 378.784, 591.612, 676.19, 419.644, 504.375, 543.59, 627.125, 714.324, 758.995, 800.224, 941.255, 884.903, 840.248, 982.521, 1109.672, 1066.728, 1021.988, 1191.239, 1147.647, 1290.163, 1235.655, 1374.483, 1471.108, 1418.834, 1540.185, 1328.589, 1581.442, 1624.034, 1664.813, 1707.245, 1814.99, 1754.626, 2124.713, 1994.5230000000001, 1952.124, 1887.608, 2165.722, 2075.416, 2032.896, 2253.544, 2296.971, 2523.882, 2214.752, 2428.638, 2347.55, 2387.081, 2472.427, 2636.053, 2590.184, 2771.384, 2729.175, 2811.397, 2677.379, 2968.934, 2861.636, 3098.041, 2924.0389999999998, 3010.249, 3137.723, 3178.1440000000002, 3049.615, 3327.888, 3277.665, 3234.18, 3368.323, 3413.057, 3453.479, 3495.7, 3668.51, 3536.695, 3622.438, 3759.475, 3577.312, 3713.962, 3802.052, 3862.593, 3917.773, 3961.38, 4004.008, 4046.445, 4132.4, 4088.068, 4222.463, 4177.1, 4262.536, 4386.234, 4345.085, 4302.124, 4471.818, 4425.534, 4512.192, 4554.206, 4595.441, 4636.716, 4725.234, 4682.983, 4764.102, 4872.9439999999995, 4803.747]] 
AVERAGE RESPONSE TIME: 2630.79927
NUMBER OF THREADS: [100]
WORKLOAD: LV_HF; PAL CONFIG: default; NUMBER OF REPLICAS: 1 
TOTAL EXECUTION TIME (Concurrent Parallel Requests): 4983.6810000000005


[[507.718, 643.912, 460.225, 689.182, 549.209, 368.911, 594.501, 411.103, 793.681, 899.727, 835.24, 727.364, 1115.159, 1027.499, 983.371, 936.692, 1067.764, 1298.916, 1155.7930000000001, 1200.767, 1252.569, 1380.92, 1335.9270000000001, 1420.617, 1592.125, 1462.21, 1503.309, 1546.175, 1678.3049999999998, 1632.038, 1767.725, 1720.0900000000001, 1813.483, 1880.4589999999998, 1969.0439999999999, 1923.239, 2013.588, 2147.006, 2058.919, 2190.751, 2101.062, 2280.199, 2232.883, 2367.462, 2489.465, 2378.4, 2404.735, 2446.41, 2528.307, 2572.123, 2705.626, 2657.428, 2612.456, 2906.982, 2746.17, 2787.323, 2988.089, 3157.468, 2944.716, 3029.817, 2849.85, 3209.129, 3066.873, 3108.265, 3256.102, 3382.196, 3296.48, 3511.759, 3337.486, 3641.669, 3422.2780000000002, 3465.107, 3549.073, 3594.672, 3726.526, 3681.929, 3765.621, 3880.8, 3822.6059999999998, 3924.777, 3965.895, 4007.645, 4047.585, 4135.172, 4090.109, 4179.335, 4221.997, 4265.665, 4353.958, 4307.666, 4396.129, 4436.7119999999995, 4525.179, 4478.371, 4566.188, 4654.536, 4606.47, 4693.754, 4735.487, 4800.459]] 
AVERAGE RESPONSE TIME: 2598.5386399999998
NUMBER OF THREADS: [100]
WORKLOAD: LV_HF; PAL CONFIG: default; NUMBER OF REPLICAS: 1 
TOTAL EXECUTION TIME (Concurrent Parallel Requests): 4912.652


