[[426.442]] 
RATE (RPS) =====================================: 1

[[412.314]] 
RATE (RPS) =====================================: 1

[[1132.838]] 
RATE (RPS) =====================================: 0

[[398.008]] 
RATE (RPS) =====================================: 1

[[390.76]] 
RATE (RPS) =====================================: 1

[[389.248]] 
RATE (RPS) =====================================: 1

[[391.411]] 
RATE (RPS) =====================================: 1

[[394.918]] 
RATE (RPS) =====================================: 1

[[397.292]] 
RATE (RPS) =====================================: 1

[[388.114]] 
RATE (RPS) =====================================: 1

[[448.949, 409.415]] 
RATE (RPS) =====================================: 2

[[438.433, 394.879]] 
RATE (RPS) =====================================: 2

[[481.535, 427.447]] 
RATE (RPS) =====================================: 2

[[453.862, 407.15]] 
RATE (RPS) =====================================: 2

[[430.825, 490.771]] 
RATE (RPS) =====================================: 2

[[411.225, 453.197]] 
RATE (RPS) =====================================: 2

[[436.481, 479.884]] 
RATE (RPS) =====================================: 2

[[418.723, 449.969]] 
RATE (RPS) =====================================: 2

[[479.259, 574.822]] 
RATE (RPS) =====================================: 2

[[471.461, 431.969]] 
RATE (RPS) =====================================: 2

[[396.759, 438.301, 532.216, 476.324]] 
RATE (RPS) =====================================: 4

[[399.319, 440.002, 487.012, 521.118]] 
RATE (RPS) =====================================: 4

[[477.143, 403.728, 509.808, 543.95]] 
RATE (RPS) =====================================: 4

[[443.065, 392.337, 510.657, 462.966]] 
RATE (RPS) =====================================: 4

[[456.911, 402.731, 532.677, 492.424]] 
RATE (RPS) =====================================: 4

[[389.753, 472.799, 428.816, 528.523]] 
RATE (RPS) =====================================: 4

[[393.412, 519.326, 426.329, 456.679]] 
RATE (RPS) =====================================: 4

[[445.391, 399.318, 478.647, 509.786]] 
RATE (RPS) =====================================: 4

[[528.085, 386.58, 433.895, 545.185]] 
RATE (RPS) =====================================: 4

[[392.204, 428.233, 483.997, 523.06]] 
RATE (RPS) =====================================: 4

[[424.63, 492.691, 444.191, 567.853, 518.221, 600.137, 638.43, 672.655]] 
RATE (RPS) =====================================: 8

[[448.97, 405.04, 476.434, 636.634, 504.134, 542.306, 574.166, 653.458]] 
RATE (RPS) =====================================: 8

[[436.836, 385.134, 708.85, 541.302, 440.816, 482.786, 727.658, 604.556]] 
RATE (RPS) =====================================: 8

[[441.843, 394.317, 467.901, 550.135, 501.099, 570.478, 650.588, 600.761]] 
RATE (RPS) =====================================: 8

[[382.762, 411.914, 449.513, 488.094, 524.487, 565.089, 606.787, 645.285]] 
RATE (RPS) =====================================: 8

[[453.427, 488.804, 532.837, 562.005, 594.624, 659.106, 609.117, 680.935]] 
RATE (RPS) =====================================: 8

[[382.377, 420.692, 458.666, 536.263, 491.125, 571.501, 631.755, 692.832]] 
RATE (RPS) =====================================: 8

[[489.197, 399.942, 510.874, 412.169, 529.432, 572.047, 606.865, 634.491]] 
RATE (RPS) =====================================: 8

[[394.417, 431.303, 511.394, 446.853, 526.717, 569.817, 651.17, 598.119]] 
RATE (RPS) =====================================: 8

[[591.558, 391.685, 545.728, 417.461, 716.569, 588.28, 618.996, 650.883]] 
RATE (RPS) =====================================: 8

[[392.478, 448.31, 503.066, 457.86, 529.188, 571.128, 605.653, 671.794, 831.768, 726.595, 765.151, 914.398, 857.555, 991.474, 940.278, 1021.756]] 
RATE (RPS) =====================================: 15

[[416.558, 459.455, 486.407, 638.99, 535.195, 711.163, 658.104, 786.076, 737.918, 811.45, 844.96, 926.711, 974.817, 1010.478, 1045.623, 1082.362]] 
RATE (RPS) =====================================: 13

[[468.136, 537.009, 591.26, 659.191, 611.36, 688.071, 720.285, 756.128, 785.806, 868.087, 825.191, 891.418, 929.791, 963.846, 1034.836, 982.224]] 
RATE (RPS) =====================================: 15

[[396.487, 486.121, 426.958, 508.038, 538.271, 572.348, 655.038, 602.488, 727.641, 679.625, 760.14, 798.739, 838.703, 880.219, 921.96, 964.124]] 
RATE (RPS) =====================================: 16

[[403.33, 450.997, 470.056, 517.002, 544.386, 619.806, 572.602, 644.012, 672.336, 771.26, 714.829, 824.645, 781.773, 851.577, 928.636, 875.631]] 
RATE (RPS) =====================================: 16

[[481.757, 395.163, 419.946, 494.914, 527.066, 1426.689, 552.705, 588.368, 625.075, 913.429, 656.138, 1014.175, 923.434, 1057.526, 1096.101, 1127.833]] 
RATE (RPS) =====================================: 11

[[428.838, 383.833, 453.572, 488.401, 627.234, 518.891, 707.521, 651.227, 782.373, 719.18, 834.749, 795.62, 855.927, 890.796, 931.577, 968.517]] 
RATE (RPS) =====================================: 16

[[399.406, 449.076, 512.446, 585.863, 738.488, 810.69, 647.829, 754.273, 824.588, 863.537, 900.792, 935.934, 972.372, 1098.347, 1007.456, 1035.017]] 
RATE (RPS) =====================================: 13

[[430.782, 471.237, 503.159, 535.697, 564.237, 592.688, 626.192, 652.211, 686.054, 720.588, 797.429, 739.377, 818.45, 849.403, 884.573, 924.554]] 
RATE (RPS) =====================================: 16

[[491.415, 447.652, 398.846, 594.796, 508.289, 670.892, 526.909, 701.636, 599.884, 766.315, 724.072, 828.862, 784.347, 953.847, 845.25, 883.956]] 
RATE (RPS) =====================================: 16

[[420.109, 498.927, 443.502, 1910.8980000000001, 506.189, 545.404, 679.276, 623.21, 702.43, 830.013, 730.27, 759.974, 886.6, 834.793, 910.445, 951.977, 1058.217, 1138.67, 1172.155, 1318.473, 1256.655, 1201.997, 1355.825, 1392.0430000000001, 1442.333, 1403.026, 1468.814, 1495.896, 1559.47, 1599.113, 1513.513, 1638.9180000000001]] 
RATE (RPS) =====================================: 15

[[406.097, 492.546, 441.691, 519.211, 543.38, 588.531, 614.871, 642.456, 679.99, 707.7, 738.491, 826.825, 862.519, 765.558, 884.4, 921.978, 952.77, 1028.012, 1217.601, 1131.138, 1228.116, 1321.934, 1263.498, 1371.158, 1331.866, 1391.1, 1465.9940000000001, 1504.233, 1545.2930000000001, 1396.72, 1560.453, 1597.202]] 
RATE (RPS) =====================================: 17

[[404.56, 442.205, 482.105, 591.974, 790.629, 506.625, 591.107, 670.225, 614.032, 697.607, 781.58, 863.411, 809.811, 890.602, 934.764, 1038.212, 968.858, 1133.525, 1056.249, 1430.524, 1301.016, 1231.679, 1357.916, 1439.037, 1545.574, 1294.771, 1444.5729999999999, 1490.695, 1555.266, 1590.3220000000001, 1620.99, 1660.592]] 
RATE (RPS) =====================================: 16

[[482.889, 487.123, 500.05, 549.317, 652.213, 619.539, 563.217, 656.168, 711.801, 667.352, 720.092, 743.741, 778.748, 753.552, 759.622]] 
RATE (RPS) =====================================: 32

[[405.028, 428.573, 469.229, 480.014, 551.37, 513.874, 568.332, 584.908, 617.216, 719.604, 667.093, 617.056, 728.138, 751.003, 715.442, 755.519]] 
RATE (RPS) =====================================: 32

[[401.694, 442.686, 452.227, 534.812, 478.907, 560.538, 580.762, 580.103, 608.986, 631.742, 680.209, 748.863, 689.68, 766.275, 851.919, 918.579, 786.411, 934.5, 997.38]] 
RATE (RPS) =====================================: 32

[[470.199, 415.106, 502.272, 449.819, 522.006, 595.147, 545.474, 655.648, 585.64, 701.261, 733.637, 761.286, 798.569, 822.277, 832.453, 912.82, 854.621, 911.248]] 
RATE (RPS) =====================================: 32

[[413.988, 441.192, 470.924, 587.643, 636.693, 502.553, 731.173, 674.051, 755.534, 835.312, 786.226, 856.679, 828.565, 848.691, 874.586, 939.831, 886.978]] 
RATE (RPS) =====================================: 32

[[521.765, 671.674, 538.564, 569.973, 601.196, 592.011, 669.641, 616.986, 691.969, 697.25, 819.844, 854.635, 718.142, 754.099, 904.512, 854.703]] 
RATE (RPS) =====================================: 32

[[439.19, 425.546, 449.337, 471.018, 502.18, 615.663, 563.782, 518.872, 637.77, 666.289, 709.596, 737.054, 764.208, 778.43, 815.494, 834.936, 871.645]] 
RATE (RPS) =====================================: 32

[[390.283, 429.001, 468.648, 466.407, 550.248, 491.482, 581.842, 601.193, 619.203, 658.834, 690.371, 711.175, 730.29, 806.654, 748.265, 858.157, 794.005, 868.978, 889.069, 953.75, 1026.335, 1061.929, 1092.17, 1058.84, 1092.412, 1109.64, 1149.732, 1264.464, 1179.321, 1183.09]] 
RATE (RPS) =====================================: 54

[[448.57, 550.05, 518.495, 569.22, 605.053, 713.735, 610.762, 639.055, 752.977, 706.137, 746.695, 765.87, 770.247, 793.038, 778.56, 756.502, 760.51, 794.484, 783.147, 779.213, 765.238, 792.641, 888.745, 937.313, 943.828, 1001.171, 1046.6, 966.104, 1039.702, 1068.595]] 
RATE (RPS) =====================================: 60

[[417.583, 546.02, 423.683, 459.642, 571.441, 576.035, 596.68, 554.127, 638.258, 593.797, 524.315, 625.671, 640.29, 668.81, 703.581, 715.067, 742.417, 737.384, 771.032, 798.051, 832.38, 860.603, 870.738, 890.171, 914.86, 923.837, 974.529, 1017.425]] 
RATE (RPS) =====================================: 63

[[448.794, 486.533, 507.82, 549.582, 548.931, 536.976, 593.719, 498.968, 670.276, 499.501, 572.767, 652.199, 684.865, 705.402, 793.849, 695.232, 757.641, 825.541, 765.56, 777.169, 793.186, 809.149, 828.912, 877.659, 877.613]] 
RATE (RPS) =====================================: 64

[[428.976, 463.372, 499.915, 512.032, 520.465, 582.421, 513.661, 555.756, 547.644, 568.997, 560.102, 598.058, 672.519, 626.864, 701.679, 609.462, 650.153, 677.706, 668.664, 631.299, 659.004]] 
RATE (RPS) =====================================: 64

[[513.071, 481.183, 406.98, 530.98, 545.635, 555.443, 588.496, 554.616, 621.02, 745.148, 610.93, 616.918, 641.519, 668.839, 664.456, 628.855, 637.487, 656.007, 698.637, 705.642, 713.572, 763.61, 718.898]] 
RATE (RPS) =====================================: 64

[[412.667, 453.597, 399.284, 555.952, 476.408, 626.109, 581.587, 642.24, 687.058, 672.959, 698.494, 772.189, 681.711, 756.174, 788.982, 816.965, 741.701, 795.62, 738.181, 807.985, 868.618, 933.369, 952.385, 964.498]] 
RATE (RPS) =====================================: 64

[[470.872, 448.484, 466.41, 470.584, 484.14, 524.613, 572.286, 623.335, 651.6, 630.284, 562.439, 521.751, 598.897, 609.71, 528.105, 1425.997, 533.589, 537.487, 528.158, 550.027, 501.877]] 
RATE (RPS) =====================================: 63

[[524.707, 455.441, 541.522, 566.668, 580.117, 609.956, 628.532, 640.966, 656.052, 619.731, 658.85, 675.697, 634.032, 594.126, 626.245, 564.941, 629.521]] 
RATE (RPS) =====================================: 64

[[529.323, 441.675, 500.953, 483.695, 508.201, 596.126, 526.85, 586.468, 578.166, 615.758, 633.112, 635.374, 661.697, 638.312, 672.734, 705.347, 722.39, 716.951, 765.022, 690.937, 774.447, 799.904, 776.553, 864.124]] 
RATE (RPS) =====================================: 64

[[423.999, 425.334, 439.133, 472.846, 498.517, 464.109, 527.354, 449.588, 535.166, 556.478, 601.792, 604.885, 713.05, 621.724, 722.611, 755.945, 744.979, 722.102, 722.902, 741.832, 785.618]] 
RATE (RPS) =====================================: 65

[[466.85, 473.341, 478.425, 476.761, 449.276, 496.907, 520.718, 535.143, 520.805, 572.234, 599.382, 518.728, 696.89, 635.396, 524.145, 562.285, 562.406, 498.22, 510.828, 511.279, 562.389]] 
RATE (RPS) =====================================: 65

[[446.468, 573.155, 479.041, 463.837, 506.726, 652.125, 600.05, 520.551, 555.168, 645.081, 694.044, 699.482, 715.527, 737.424, 744.537, 782.98, 744.802, 660.569, 629.642, 672.1, 625.409, 674.44, 702.612]] 
RATE (RPS) =====================================: 65

[[492.213, 512.503, 540.454, 570.746, 585.537, 559.512, 557.121, 501.639, 526.791, 471.731, 547.432, 462.447, 549.75, 551.459, 493.856, 468.041]] 
RATE (RPS) =====================================: 65

[[493.482, 520.48, 550.262, 569.497, 598.711, 633.074, 549.596, 617.462, 650.984, 747.955, 649.013, 684.716, 755.753, 772.9, 804.679, 850.903, 882.327, 945.921, 875.455, 972.598, 959.285, 1008.481, 970.723, 1017.413]] 
RATE (RPS) =====================================: 63

[[449.609, 404.932, 613.671, 477.888, 547.374, 603.01, 577.331, 648.295, 602.591, 675.098, 669.467, 610.439, 646.246, 667.542, 641.601, 653.377, 625.635, 655.476, 692.459, 719.866, 741.438, 785.46, 814.153, 837.579, 888.897]] 
RATE (RPS) =====================================: 65

[[411.706, 441.043, 474.391, 455.34, 446.497, 481.956, 581.843, 482.633, 508.582, 487.96, 511.505, 554.557, 590.19, 617.567, 566.345, 623.754, 612.052, 692.254, 604.884, 630.545, 668.221, 694.393, 717.297]] 
RATE (RPS) =====================================: 65

[[509.619, 547.675, 586.748, 496.02, 592.904, 627.151, 596.523, 566.78, 569.861, 561.678, 594.59, 534.054, 592.211, 626.446, 695.877, 640.53, 711.061, 745.378, 748.604, 751.263, 711.758, 751.38, 805.504]] 
RATE (RPS) =====================================: 65

[[479.662, 500.216, 525.311, 539.139, 578.412, 595.666, 480.215, 544.962, 481.571, 571.589, 581.431, 664.252, 625.293, 600.729, 676.685, 681.982, 606.888, 705.463, 721.915, 822.585, 769.046, 849.575, 714.45, 907.87, 867.534, 902.761, 1420.641, 691.862, 882.709, 744.919, 697.201, 672.405, 697.007, 738.375, 762.223, 801.263, 704.68, 820.388, 727.363, 764.734, 809.724, 726.793, 806.107, 738.265, 807.52]] 
RATE (RPS) =====================================: 64

[[445.895, 480.925, 453.34, 485.415, 590.551, 536.487, 421.849, 588.583, 429.299, 458.312, 590.165, 1479.568, 464.375, 494.341, 519.842, 558.091, 622.309, 571.578, 525.489, 473.3, 540.905, 600.693, 629.912, 641.301, 503.472, 704.72, 615.977, 510.416, 539.146, 736.008, 604.208, 641.727, 669.046, 781.283, 671.552, 680.833, 727.534, 758.697, 677.016, 710.195, 723.968, 751.581, 718.21]] 
RATE (RPS) =====================================: 64

[[470.994, 467.453, 463.548, 461.471, 498.944, 472.194, 516.619, 542.053, 526.315, 548.757, 593.387, 545.917, 611.387, 535.951, 633.583, 613.175, 553.742, 698.302, 595.082, 610.068, 646.971, 565.925, 657.656, 603.21, 684.569, 556.617, 584.893, 584.794, 622.622, 597.685, 637.65, 667.976, 605.674, 639.682, 694.918, 668.892, 685.547, 780.995, 700.898, 640.307]] 
RATE (RPS) =====================================: 66

[[456.518, 508.731, 446.625, 440.974, 478.36, 509.862, 526.484, 451.456, 561.228, 522.022, 474.014, 544.855, 580.696, 564.437, 604.175, 609.569, 569.165, 615.054, 648.548, 617.169, 673.423, 639.153, 678.618, 691.556, 727.062, 750.021, 706.119, 738.322, 718.494, 776.701, 765.863, 722.913, 852.137, 754.799, 789.76, 914.08, 863.876, 953.964, 736.006, 1192.066, 1014.44, 1094.775, 1243.945, 730.786, 755.576, 785.67, 819.232]] 
RATE (RPS) =====================================: 62

[[581.739, 427.258, 469.528, 404.372, 452.543, 559.004, 460.95, 606.522, 674.372, 702.664, 406.68, 782.9, 429.964, 724.17, 464.732, 533.256, 475.541, 532.33, 787.046, 736.747, 862.278, 804.382, 881.631, 890.479, 496.23, 921.013, 516.165, 933.792, 510.791, 936.736, 974.122, 1062.342, 997.29, 492.699, 1067.616, 509.128, 536.893, 566.582, 1060.605, 1073.414, 552.455, 1081.301, 550.924, 572.162, 631.319, 718.272, 1088.31]] 
RATE (RPS) =====================================: 60

[[393.717, 425.733, 566.263, 395.299, 426.118, 598.96, 464.53, 517.905, 523.164, 548.053, 585.556, 615.743, 588.494, 645.085, 617.214, 661.583, 693.651, 739.386, 630.919, 659.886, 696.388, 733.308, 795.203, 802.681, 743.024, 797.205, 814.849, 746.548, 830.874, 889.885, 761.046, 838.351, 935.295, 733.28, 829.846, 682.293, 849.334, 758.469, 812.672]] 
RATE (RPS) =====================================: 66

[[400.183, 404.794, 418.324, 409.159, 446.946, 449.547, 434.633, 452.055, 458.465, 489.001, 525.549, 560.681, 515.748, 461.244, 570.233, 560.096, 575.909, 600.391, 603.549, 420.176, 613.58, 666.799, 658.2, 475.127, 390.017, 472.986, 584.716, 582.83, 603.319, 629.781, 559.884]] 
RATE (RPS) =====================================: 66

[[441.229, 460.745, 477.973, 427.118, 489.389, 405.93, 462.297, 487.625, 630.836, 510.226, 542.283, 410.288, 597.78, 527.436, 448.264, 561.437, 574.392, 1430.406, 531.285, 592.866, 592.195, 602.495, 580.755, 1040.821, 1003.915, 471.622, 942.955, 520.555, 545.313]] 
RATE (RPS) =====================================: 63

[[518.231, 573.068, 611.209, 629.217, 425.164, 646.859, 409.111, 490.007, 650.357, 679.702, 739.71, 468.738, 773.754, 452.314, 437.169, 663.768, 479.875, 493.312, 507.906, 587.431, 566.206, 582.304, 587.838, 603.712, 537.777, 595.021, 496.293, 508.399, 477.172, 523.716]] 
RATE (RPS) =====================================: 66

[[524.604, 551.918, 495.31, 518.933, 598.603, 665.966, 676.477, 464.706, 499.264, 537.164, 648.281, 548.592, 624.336, 573.264, 665.222, 630.328, 650.879, 662.264, 707.385, 591.057, 766.004, 697.779, 588.054, 801.431, 829.719, 592.51, 927.034, 806.678, 846.924, 850.176, 620.665, 548.706, 466.918, 550.821]] 
RATE (RPS) =====================================: 66

[[439.841, 468.852, 415.971, 494.456, 427.251, 492.104, 402.352, 495.53, 539.134, 427.007, 553.252, 475.277, 436.689, 549.556, 426.719, 544.936, 1484.334, 572.885, 1424.8519999999999, 525.631, 557.554, 416.188, 530.954, 422.17, 600.244, 553.936, 530.185, 586.067, 416.828, 580.889, 407.557, 537.209, 586.624, 647.758, 475.894, 572.261, 406.209, 580.223, 630.649, 605.666, 649.266, 426.059, 478.304, 690.126, 497.323, 712.035, 503.352, 733.539, 544.984, 593.889, 506.986, 593.236, 708.912]] 
RATE (RPS) =====================================: 64

[[438.564, 530.715, 459.981, 421.486, 444.788, 443.507, 485.654, 480.407, 515.648, 474.388, 494.824, 501.14, 503.661, 471.591, 568.511, 500.635, 474.952, 570.082, 545.335, 489.376, 483.004, 518.281, 563.009, 514.254, 471.202, 551.876, 502.711, 542.985, 458.203, 555.785, 602.595, 633.027, 549.692, 562.416, 491.829, 561.509, 561.017, 597.896, 629.12, 529.982, 605.411, 525.743, 606.175, 448.559, 523.535, 553.638, 595.95, 633.89, 660.277, 698.137, 500.476, 686.112, 415.867]] 
RATE (RPS) =====================================: 66

[[410.154, 418.63, 468.503, 430.159, 471.525, 431.048, 467.127, 488.511, 468.995, 451.028, 502.07, 527.875, 455.676, 431.874, 474.999, 498.163, 504.491, 552.877, 502.787, 538.664, 499.988, 593.201, 544.803, 416.077, 436.652, 461.607, 555.785, 455.727, 456.381, 606.323, 429.031, 461.656, 507.765, 437.656, 404.253, 492.295, 532.695, 453.545, 524.06, 1452.328, 453.396, 482.769, 412.007, 578.859, 491.992]] 
RATE (RPS) =====================================: 66

[[404.148, 437.529, 410.667, 558.716, 453.227, 487.392, 416.856, 533.933, 444.105, 456.173, 523.74, 496.276, 574.737, 568.786, 619.495, 509.172, 569.21, 499.495, 559.297, 521.728, 553.061, 579.759, 556.44, 611.105, 538.502, 547.252, 596.791, 666.831, 611.403, 646.032, 509.343, 706.647, 634.725, 634.827, 713.111, 479.084, 725.384, 757.364, 614.17, 778.4, 813.632, 683.087, 757.205, 849.506, 782.144, 852.624, 879.595, 911.901, 412.224, 448.29, 700.159, 447.433, 720.254, 486.646, 474.977, 671.956, 758.884]] 
RATE (RPS) =====================================: 67

[[433.333, 435.075, 427.003, 468.83, 462.695, 512.94, 561.081, 604.305, 457.736, 401.935, 614.082, 652.104, 419.055, 425.512, 461.813, 526.156, 466.662, 463.156, 547.418, 696.243, 547.72, 438.031, 480.802, 761.585, 538.78, 474.937, 565.493, 817.88, 652.048, 587.219, 1485.274, 650.79, 418.231, 437.936, 639.717, 460.717, 780.951, 496.153, 485.013, 494.948, 563.33, 501.225, 575.91, 610.805, 749.593, 497.182, 647.266, 661.073, 797.314, 687.086, 827.963, 733.516]] 
RATE (RPS) =====================================: 66

[[472.358, 518.62, 461.777, 499.262, 484.938, 511.102, 472.879, 551.772, 499.055, 573.997, 521.055, 577.926, 550.739, 460.451, 504.095, 580.42, 593.856, 487.04, 533.481, 633.711, 562.19, 474.273, 511.576, 628.768, 478.494, 664.412, 470.26, 454.781, 575.886, 634.01, 490.445, 601.851, 637.252, 530.115, 481.236, 565.131, 609.162, 555.885, 583.905, 629.825, 478.859, 502.484, 596.311, 536.115, 564.34, 565.271, 540.559, 564.009, 536.277, 595.385, 629.738]] 
RATE (RPS) =====================================: 67

[[428.279, 438.41, 443.725, 438.453, 463.376, 594.339, 590.445, 574.001, 561.36, 539.429, 528.305, 557.604, 509.732, 525.372, 556.011, 512.622, 485.697, 550.276, 1431.4470000000001, 480.338, 585.166, 478.606, 593.053, 546.23, 499.572, 591.652, 1464.538, 1491.62, 591.659, 612.27, 595.661, 609.048, 574.565, 481.633, 578.213, 574.495, 679.692, 532.027, 697.809, 780.191, 556.909, 708.644, 568.71, 673.077, 510.202, 590.322, 738.673, 535.039, 707.044, 746.906, 773.175, 738.966, 481.738, 738.846]] 
RATE (RPS) =====================================: 64

[[442.281, 475.241, 446.859, 434.85, 536.501, 461.483, 458.147, 523.467, 498.558, 497.857, 611.124, 494.809, 531.686, 561.861, 619.161, 555.896, 508.73, 510.942, 517.903, 527.847, 489.916, 500.931, 550.262, 529.608, 517.234, 531.927, 518.823, 461.588, 516.442, 497.585, 458.65, 488.158, 516.19, 537.572, 508.958, 456.513, 498.691, 599.162, 489.263, 497.402, 574.039, 629.371, 476.187, 499.844, 600.233, 549.279]] 
RATE (RPS) =====================================: 67

[[467.715, 469.398, 480.659, 477.31, 472.048, 494.412, 478.618, 497.867, 494.292, 515.207, 490.99, 506.61, 507.443, 521.087, 515.249, 491.282, 611.026, 575.06, 524.537, 565.02, 494.619, 466.874, 583.223, 488.635, 452.712, 475.762, 465.581, 514.445, 540.244, 438.21, 464.912, 470.53, 509.917, 518.657, 430.673, 535.656, 434.703, 549.464, 444.709, 563.234, 477.105, 436.07, 522.724, 481.446, 431.465]] 
RATE (RPS) =====================================: 67

[[460.687, 503.99, 509.669, 489.901, 528.57, 411.158, 549.674, 572.578, 486.57, 432.844, 577.599, 514.032, 587.22, 636.807, 687.911, 545.184, 446.174, 555.522, 698.018, 497.711, 771.597, 811.95, 592.265, 830.239, 523.684, 605.302, 447.561, 555.171, 608.055, 787.509, 620.728, 653.635, 802.254, 683.785, 770.971, 402.071, 633.542, 736.289, 756.732, 457.404, 467.101, 645.221, 719.512, 635.208, 482.969, 736.728, 715.069, 667.048, 594.977, 506.762, 539.147, 567.6, 600.036, 717.662, 635.668]] 
RATE (RPS) =====================================: 67

[[414.906, 434.252, 450.921, 412.855, 475.211, 417.37, 468.178, 473.753, 485.93, 494.909, 543.009, 481.803, 561.398, 595.159, 513.692, 485.407, 637.479, 494.326, 536.457, 522.721, 567.429, 505.368, 537.613, 559.116, 522.557, 570.804, 532.597, 538.274, 582.575, 535.217, 555.582, 580.571, 579.702, 625.888, 596.8, 428.574, 609.931, 684.784, 432.385, 703.116, 499.886, 425.736, 516.265, 705.101, 963.724, 505.689, 542.782, 435.794, 559.358, 445.175, 662.159, 539.036]] 
RATE (RPS) =====================================: 67

[[409.574, 431.804, 420.084, 474.54, 527.094, 568.505, 466.289, 421.641, 397.894, 557.853, 588.002, 462.743, 400.986, 463.861, 608.553, 635.338, 467.518, 464.57, 413.294, 477.976, 445.828, 570.6, 604.594, 473.768, 484.452, 602.717, 631.186, 664.325, 440.788, 507.937, 420.143, 564.219, 422.318, 430.893, 474.671, 457.897, 549.636, 475.278, 521.078, 466.805, 523.13, 435.051, 477.542, 498.892, 507.014, 575.943, 591.994, 636.62, 669.989, 440.014, 393.537, 411.319, 653.999]] 
RATE (RPS) =====================================: 67

[[1473.815, 549.399, 535.42, 754.169, 539.958, 1169.856, 3010.758, 2093.1059999999998, 2512.172, 3916.558, 3881.997, 2603.6, 2611.038, 2452.676, 1951.0430000000001, 1820.141, 1816.653, 573.683, 1354.775, 534.709, 1520.646, 1512.462, 1509.144, 547.659, 526.948, 500.855, 581.345, 521.086, 3443.014, 464.95, 1593.399, 1559.5549999999998, 1602.453, 1554.154, 1511.088, 1546.019, 2843.859, 1494.513, 1589.917, 1621.007, 1582.1680000000001, 462.879, 1404.401, 448.574, 420.265, 3765.76, 700.111, 756.006, 717.709, 678.53, 3897.883, 618.735, 1922.175]] 
RATE (RPS) =====================================: 35

[[436.665, 441.732, 435.961, 445.831, 447.154, 444.955, 443.407, 452.105, 440.087, 489.799, 528.41, 473.766, 489.49, 528.288, 612.095, 555.056, 451.502, 613.082, 646.114, 493.91, 431.671, 651.609, 516.358, 450.221, 663.151, 470.412, 683.849, 512.437, 556.191, 589.667, 481.262, 690.908, 721.107, 757.294, 803.385, 828.896, 584.145, 439.948, 468.199, 835.183, 933.012, 493.565, 883.863, 980.309, 534.461, 567.546, 570.716, 1013.527, 452.417, 489.309]] 
RATE (RPS) =====================================: 67

[[402.744, 441.259, 430.764, 503.767, 468.83, 548.203, 438.954, 546.971, 601.277, 563.868, 488.995, 619.677, 457.976, 693.526, 643.137, 564.631, 456.375, 490.171, 605.744, 542.074, 554.473, 575.389, 572.96, 623.855, 582.021, 560.194, 558.731, 601.215, 627.219, 629.258, 674.342, 671.917, 678.846, 582.363, 1410.452, 661.989, 615.081, 663.151, 693.918, 545.68, 598.91, 796.154, 841.203, 557.864, 732.822, 874.943, 910.757, 927.014, 966.67, 1002.508, 494.08, 1029.368]] 
RATE (RPS) =====================================: 65

[[430.058, 463.514, 438.637, 464.265, 457.263, 509.973, 434.66, 505.2, 443.492, 474.358, 509.813, 498.904, 532.431, 557.739, 514.465, 436.816, 532.276, 558.696, 628.671, 527.461, 519.657, 446.896, 548.794, 574.494, 546.845, 578.447, 676.276, 522.367, 487.31, 578.09, 510.409, 488.039, 634.921, 489.521, 631.671, 431.132, 522.84, 603.623, 1430.0810000000001, 1415.35, 551.374, 586.9, 600.745, 602.649, 638.028, 665.526, 622.142, 736.977, 687.109, 770.365, 419.946]] 
RATE (RPS) =====================================: 66

[[457.123, 393.942, 414.504, 424.546, 474.557, 425.464, 413.749, 503.905, 439.753, 404.819, 513.423, 524.221, 416.379, 544.103, 571.36, 397.912, 607.173, 424.797, 459.774, 496.673, 429.339, 488.764, 418.671, 419.682, 454.309, 464.037, 413.055, 391.819, 483.822, 576.142, 454.824, 477.328, 471.993, 495.258, 490.559, 456.221, 406.205, 536.888, 463.031, 469.564, 493.611, 507.007, 522.856]] 
RATE (RPS) =====================================: 68

[[414.562, 441.898, 464.856, 424.65, 474.832, 491.695, 408.066, 444.134, 484.254, 563.675, 496.441, 413.23, 577.499, 659.378, 422.22, 722.305, 667.758, 616.199, 496.414, 403.919, 711.033, 419.022, 493.707, 559.379, 405.862, 464.279, 445.931, 482.724, 558.404, 506.452, 577.419, 648.619, 471.045, 495.911, 525.146, 693.434, 651.385, 561.598, 738.855, 422.905, 748.824, 578.295, 488.684, 449.231, 516.049, 742.752, 560.229, 499.279, 503.229, 457.768, 686.791, 500.928, 457.899, 459.562, 499.533, 497.26, 478.698, 640.348, 586.634, 495.308, 690.197, 534.542, 617.651, 561.66, 669.545, 579.519, 401.8, 429.549]] 
RATE (RPS) =====================================: 68

[[439.428, 452.175, 501.295, 432.866, 428.113, 525.924, 553.833, 441.035, 411.585, 438.509, 512.553, 432.675, 447.288, 553.805, 442.068, 528.603, 625.503, 536.719, 507.627, 648.943, 426.639, 409.79, 556.1, 443.44, 677.432, 579.411, 618.696, 515.348, 469.397, 574.048, 715.545, 670.453, 671.652, 486.278, 436.924, 546.743, 685.338, 473.887, 495.649, 522.588, 438.135, 567.714, 628.381, 686.246, 642.865, 670.585, 617.555, 742.892, 676.503, 672.825, 418.465, 738.643, 674.393, 401.8, 448.678, 717.929, 475.089, 560.003, 401.23, 596.898, 701.054, 759.164, 429.991, 840.536, 577.166, 446.066, 506.043, 712.051]] 
RATE (RPS) =====================================: 68

[[453.824, 460.288, 470.861, 487.465, 556.834, 434.822, 578.151, 453.186, 624.87, 421.402, 539.438, 467.066, 640.236, 550.275, 593.829, 667.616, 705.592, 417.984, 599.821, 410.76, 635.232, 708.294, 718.027, 762.049, 730.448, 787.478, 828.387, 414.206, 855.481, 410.027, 876.406, 743.064, 685.592, 886.889, 923.902, 959.337, 440.174, 716.537, 403.765, 1011.824, 428.522, 957.603, 466.865, 424.739, 440.052, 484.098, 991.189, 453.039, 494.838, 694.162, 989.706, 430.261, 614.051, 1015.219, 693.677, 454.658, 410.805, 475.812, 663.993, 694.83, 962.618, 493.471, 703.189, 724.849, 434.19, 471.066, 486.446, 436.624]] 
RATE (RPS) =====================================: 66

[[435.766, 435.797, 449.789, 457.361, 604.19, 474.884, 549.333, 415.859, 487.319, 614.996, 445.363, 508.441, 633.761, 530.138, 578.905, 590.529, 401.628, 540.352, 454.817, 420.179, 538.156, 503.632, 511.199, 570.858, 544.687, 542.14, 431.596, 570.173, 542.987, 578.819, 505.94, 479.931, 508.241, 537.84, 526.513, 568.414, 549.066, 598.23, 568.726, 593.201, 443.751, 466.831, 588.464, 545.25, 615.971, 475.308, 446.409, 541.019, 506.695, 626.916, 567.969, 534.09, 560.862, 608.579, 643.005, 591.785, 646.057, 432.762, 654.032, 412.107, 533.322, 565.848, 474.816, 413.929, 486.425, 608.738, 498.763, 510.257]] 
RATE (RPS) =====================================: 68

[[498.795, 556.559, 407.435, 590.769, 607.256, 674.513, 407.581, 668.929, 420.203, 694.575, 449.75, 735.182, 419.234, 453.07, 481.817, 754.475, 533.505, 868.141, 496.847, 762.757, 794.954, 465.977, 505.289, 876.183, 543.907, 926.261, 440.227, 405.396, 936.777, 973.707, 541.724, 1024.006, 425.896, 559.068, 593.821, 411.453, 1040.569, 614.936, 417.056, 641.047, 708.987, 651.534, 422.149, 717.076, 445.479, 412.706, 1053.004, 462.053, 728.79, 482.629, 952.794, 1079.771, 1161.43, 1184.525, 451.286, 487.785, 514.253, 655.229, 1166.1, 1197.123, 511.367, 1213.171, 671.682, 523.334, 543.086, 659.211, 738.934, 583.78]] 
RATE (RPS) =====================================: 59

[[467.832, 442.751, 529.736, 487.648, 449.717, 472.521, 470.287, 499.497, 497.369, 518.748, 521.381, 539.065, 462.164, 547.256, 436.444, 518.549, 508.913, 587.156, 548.942, 512.009, 540.817, 578.186, 604.455, 498.642, 615.587, 548.264, 521.643, 549.08, 534.791, 463.842, 507.086, 587.055, 562.383, 510.192, 514.578, 496.493, 523.11, 534.923, 560.144, 558.516, 590.685, 540.02, 561.938, 587.647, 621.997, 695.132, 646.442, 555.133, 572.415, 653.734, 604.276, 688.356, 576.054, 672.17, 588.05, 685.242, 506.482, 639.142, 675.624, 496.212, 631.483, 672.695, 506.82, 573.012, 678.961, 445.432, 701.495, 471.963, 591.115]] 
RATE (RPS) =====================================: 69

[[393.511, 431.062, 401.992, 437.71, 434.235, 425.292, 461.989, 605.738, 498.105, 464.609, 423.472, 503.936, 514.29, 477.748, 515.263, 476.011, 568.857, 538.59, 589.981, 601.442, 502.003, 412.47, 529.524, 1435.12, 594.707, 624.638, 732.348, 751.526, 434.899, 490.803, 724.493, 540.709, 693.69, 711.374, 514.917, 501.303, 648.751, 710.593, 645.166, 604.296, 732.138, 625.933, 768.292, 591.32, 558.092, 655.918, 548.921, 547.13, 1423.156, 543.233, 514.866, 596.257, 740.445, 723.615, 496.441, 601.383, 721.292, 522.042, 631.226, 847.574, 600.652, 564.652, 636.871, 483.741, 540.889, 589.644, 638.724, 658.483, 562.721]] 
RATE (RPS) =====================================: 67

[[406.124, 422.592, 1013.515, 453.353, 483.364, 395.979, 466.541, 1021.153, 410.591, 469.662, 448.296, 483.519, 445.016, 479.266, 518.115, 549.804, 452.155, 588.046, 968.364, 1074.105, 470.392, 1023.945, 501.691, 425.357, 554.426, 592.418, 717.531, 503.897, 613.7, 444.29, 470.901, 1007.695, 490.68, 1040.396, 1072.592, 448.896, 693.67, 474.569, 562.665, 502.526, 612.884, 436.159, 1013.154, 1049.795, 527.588, 1070.9569999999999, 626.123, 538.083, 453.325, 1049.655, 596.827, 620.374, 1047.799, 456.933, 410.797, 480.454, 486.309, 428.683, 559.569, 644.034, 586.473, 456.54, 929.535, 485.305, 939.655, 995.026, 413.554, 612.784, 436.569]] 
RATE (RPS) =====================================: 57

[[525.444, 459.646, 459.774, 410.777, 537.907, 594.949, 413.221, 644.638, 416.467, 669.457, 1134.755, 462.303, 694.509, 477.655, 425.569, 457.726, 454.476, 507.922, 512.519, 701.208, 554.882, 583.08, 694.054, 582.011, 768.411, 710.729, 789.066, 472.789, 972.188, 452.457, 474.588, 554.127, 437.919, 464.833, 1607.382, 952.34, 985.004, 473.591, 1000.09, 421.086, 1105.255, 956.977, 468.101, 1122.507, 1449.431, 1136.284, 1472.241, 502.825, 1181.656, 407.468, 1099.384, 877.498, 944.368, 410.337, 446.013, 476.903, 1093.513, 495.624, 424.818, 523.319, 464.14, 1138.792, 1085.652, 1138.845, 810.389, 1130.213, 445.506, 812.217, 440.736]] 
RATE (RPS) =====================================: 54

[[410.009, 427.27, 492.687, 484.569, 409.082, 425.533, 433.54, 497.073, 518.223, 560.478, 542.004, 496.112, 607.935, 660.746, 457.137, 529.315, 655.821, 415.047, 598.095, 583.599, 446.757, 467.768, 619.663, 444.439, 598.674, 583.778, 529.371, 609.055, 594.982, 444.515, 625.398, 528.023, 612.038, 546.578, 450.578, 557.803, 593.74, 494.665, 621.731, 605.3, 687.177, 556.746, 600.269, 678.333, 609.149, 608.974, 449.44, 691.767, 716.026, 446.189, 718.365, 622.211, 443.782, 635.509, 683.567, 430.427, 693.237, 458.673, 566.344, 488.382, 575.07, 611.264, 463.046, 627.798, 666.304, 413.477, 540.131, 457.103, 542.444]] 
RATE (RPS) =====================================: 69

[[550.56, 426.142, 489.621, 407.643, 506.014, 421.148, 442.847, 528.181, 479.519, 436.838, 500.807, 535.685, 485.33, 477.469, 518.613, 560.636, 570.323, 512.719, 481.562, 581.634, 502.675, 600.483, 467.379, 487.276, 604.918, 472.096, 515.836, 471.064, 512.752, 453.941, 452.045, 654.092, 477.731, 588.275, 555.616, 492.878, 621.524, 458.565, 567.911, 505.292, 599.658, 630.786, 539.942, 652.834, 479.942, 508.334, 649.091, 677.631, 559.166, 556.447, 597.863, 560.914, 651.79, 468.882, 696.688, 457.94, 577.65, 597.853, 656.755, 467.806, 611.999, 582.086, 487.858, 429.706, 454.3, 512.726, 567.281, 554.646, 534.872]] 
RATE (RPS) =====================================: 69

[[457.878, 425.06, 461.316, 493.354, 528.47, 442.068, 547.527, 467.289, 441.406, 496.914, 537.392, 594.517, 588.2, 416.528, 596.121, 638.049, 600.947, 427.365, 639.357, 638.111, 643.624, 424.349, 685.25, 717.27, 510.133, 620.143, 467.958, 532.207, 646.023, 666.692, 424.004, 693.709, 1482.34, 499.668, 511.204, 536.121, 503.504, 734.05, 561.41, 795.517, 744.762, 612.536, 635.754, 829.21, 483.907, 508.079, 653.077, 546.424, 878.231, 513.235, 547.327, 621.651, 527.943, 544.071, 838.527, 553.468, 564.471, 823.578, 516.445, 536.747, 584.478, 552.57, 521.359, 584.878, 566.304, 606.23, 653.226, 595.078, 763.184]] 
RATE (RPS) =====================================: 68

[[459.082, 504.691, 494.189, 515.715, 519.869, 472.429, 474.635, 562.163, 599.933, 639.871, 455.342, 442.943, 485.958, 522.91, 475.836, 632.705, 502.553, 650.962, 541.148, 576.705, 524.449, 647.833, 600.737, 690.876, 561.247, 520.067, 493.587, 580.298, 519.668, 666.305, 541.267, 522.62, 583.328, 676.057, 605.437, 532.748, 575.456, 505.921, 606.718, 576.795, 628.432, 503.708, 547.529, 609.602, 578.385, 645.983, 606.229, 656.708, 614.374, 693.184, 753.028, 701.079, 589.684, 475.389, 724.289, 762.602, 514.411, 580.29, 475.142, 756.997, 481.376, 568.798, 528.818, 547.038, 583.368, 463.34, 534.219, 717.968, 590.185]] 
RATE (RPS) =====================================: 69

[[434.569, 444.127, 433.905, 456.826, 447.866, 583.482, 575.703, 561.381, 507.672, 550.817, 495.76, 460.896, 482.598, 534.809, 530.824, 547.111, 493.299, 569.277, 545.278, 472.568, 448.414, 519.451, 462.851, 619.484, 569.682, 511.025, 551.726, 586.153, 443.251, 613.524, 589.098, 635.851, 472.104, 616.531, 648.976, 641.401, 673.199, 461.931, 655.933, 458.339, 476.211, 509.427, 472.449, 653.246, 505.983, 514.561, 580.061, 643.99, 525.641, 1495.755, 573.111, 466.169, 589.078, 480.871, 512.995, 431.603, 461.952, 1426.642, 523.831, 465.003, 477.344, 519.763, 543.919, 525.549, 514.208, 427.939, 525.739, 455.5, 481.486]] 
RATE (RPS) =====================================: 67

[[419.486, 475.089, 410.291, 423.274, 482.688, 437.849, 460.045, 447.826, 445.771, 451.461, 463.64, 456.531, 473.363, 440.026, 524.357, 465.334, 465.029, 492.6, 530.83, 568.949, 457.781, 469.192, 406.357, 512.111, 587.894, 448.397, 591.516, 524.842, 452.789, 606.987, 486.099, 579.35, 521.446, 548.896, 506.076, 572.681, 580.817, 614.254, 544.948, 587.818, 635.344, 565.394, 653.277, 685.622, 547.762, 709.268, 542.406, 747.127, 568.025, 542.828, 590.416, 614.861, 798.468, 618.072, 726.081, 513.689, 506.662, 434.371, 513.615, 544.829, 568.502, 534.947, 559.387, 594.26, 637.707, 603.928, 545.949, 616.138, 615.992]] 
RATE (RPS) =====================================: 69

[[464.397, 451.526, 423.481, 460.451, 481.197, 447.699, 421.647, 465.845, 505.595, 435.384, 525.18, 454.636, 489.947, 626.878, 546.524, 453.174, 409.613, 555.105, 511.614, 527.223, 503.492, 486.227, 586.821, 501.57, 420.518, 469.643, 514.816, 573.388, 585.243, 465.03, 657.499, 611.691, 586.967, 683.775, 467.522, 430.785, 490.951, 449.851, 670.608, 561.604, 490.739, 725.052, 666.589, 557.172, 719.731, 465.963, 723.162, 415.675, 458.235, 574.897, 660.881, 742.703, 678.672, 720.236, 795.103, 739.498, 850.203, 413.429, 396.651, 846.174, 761.865, 411.049, 445.621, 510.622, 826.046, 445.092, 828.554, 865.026, 908.306, 393.966]] 
RATE (RPS) =====================================: 70

[[406.748, 459.737, 442.7, 426.813, 479.292, 459.903, 463.605, 480.991, 505.294, 562.7, 600.669, 504.322, 472.208, 416.681, 566.177, 444.046, 472.474, 590.96, 502.324, 1407.504, 422.382, 470.469, 579.584, 559.981, 529.501, 598.383, 592.482, 632.018, 675.37, 629.377, 448.558, 438.859, 689.675, 734.236, 623.51, 746.341, 671.146, 443.787, 475.826, 437.987, 667.389, 492.16, 735.65, 765.107, 796.158, 659.892, 509.101, 468.154, 652.882, 738.454, 763.171, 454.718, 450.28, 475.021, 516.706, 469.388, 580.559, 650.101, 685.619, 711.832, 613.206, 744.919, 777.902, 423.242, 671.812, 697.116, 455.075, 550.34, 687.999, 718.63]] 
RATE (RPS) =====================================: 69

[[437.863, 419.896, 466.473, 520.671, 436.674, 460.055, 419.451, 488.481, 472.125, 562.561, 516.43, 580.187, 490.092, 518.647, 559.029, 511.978, 539.504, 570.921, 450.665, 554.975, 592.474, 524.672, 479.479, 545.753, 624.514, 580.045, 589.352, 682.044, 631.415, 469.414, 607.874, 540.6, 697.797, 735.535, 622.269, 779.189, 561.194, 808.481, 444.401, 535.285, 471.907, 621.247, 655.354, 552.882, 543.111, 591.823, 632.724, 555.985, 621.712, 632.472, 727.858, 657.155, 743.759, 775.104, 705.687, 589.218, 620.835, 643.122, 702.796, 713.737, 525.588, 670.872, 705.904, 582.392, 505.489, 606.072, 702.404, 753.489, 698.453, 774.683]] 
RATE (RPS) =====================================: 70

[[415.131, 591.007, 420.916, 435.438, 494.738, 441.575, 452.592, 437.676, 500.39, 559.799, 588.357, 420.05, 458.636, 515.036, 454.953, 542.18, 606.829, 523.56, 1000.525, 564.894, 595.722, 619.891, 481.04, 628.32, 520.802, 996.685, 654.492, 1041.218, 623.82, 699.528, 744.709, 652.05, 508.224, 1036.747, 666.025, 543.634, 597.787, 605.407, 1023.293, 1093.075, 721.912, 651.19, 685.06, 1154.816, 664.646, 708.552, 599.372, 682.101, 694.627, 1105.584, 725.86, 602.65, 620.445, 1088.638, 1132.101, 692.832, 1144.223, 642.239, 722.471, 721.772, 532.532, 719.476, 552.121, 1116.129, 1158.847, 775.978, 673.455, 702.315, 739.06, 688.335]] 
RATE (RPS) =====================================: 58

[[401.138, 441.027, 483.464, 413.627, 414.393, 442.405, 479.345, 433.525, 395.899, 440.833, 503.754, 455.921, 465.537, 587.06, 541.993, 498.219, 614.299, 469.279, 646.4, 695.644, 438.264, 519.961, 783.353, 479.537, 513.094, 809.525, 534.235, 858.849, 571.309, 897.096, 603.066, 519.035, 555.986, 909.589, 589.883, 634.365, 688.83, 402.247, 625.332, 430.739, 470.375, 758.327, 699.043, 650.688, 796.626, 890.581, 680.285, 815.866, 909.071, 712.058, 835.327, 921.151, 439.778, 745.864, 851.117, 939.92, 978.585, 1019.659, 745.961, 464.599, 1050.362, 765.713, 798.911, 1079.113, 822.854, 861.125, 1110.806, 887.341, 1216.73, 944.897]] 
RATE (RPS) =====================================: 65

[[417.876, 406.593, 427.18, 404.917, 452.0, 492.108, 399.097, 433.271, 527.85, 467.565, 419.385, 478.129, 500.725, 522.393, 456.642, 512.49, 490.622, 535.093, 462.108, 531.444, 497.769, 576.373, 571.494, 616.508, 604.992, 485.591, 644.728, 546.488, 678.266, 587.422, 704.944, 593.512, 632.797, 724.906, 759.535, 588.092, 782.826, 819.31, 709.262, 840.079, 613.468, 414.649, 421.319, 874.01, 707.4, 443.541, 885.935, 464.228, 476.907, 502.008, 442.057, 489.816, 525.34, 478.439, 438.246, 564.75, 505.035, 587.603, 734.935, 513.703, 575.349, 742.757, 595.651, 394.083, 632.599, 735.504, 527.114, 645.395, 560.74, 460.911]] 
RATE (RPS) =====================================: 70

[[484.032, 481.635, 518.477, 530.326, 575.208, 572.24, 503.148, 579.253, 505.658, 550.929, 584.214, 533.583, 585.857, 616.81, 600.156, 544.086, 646.841, 615.854, 570.61, 665.286, 679.261, 632.417, 580.518, 615.26, 704.842, 692.591, 645.687, 633.042, 456.175, 493.943, 653.537, 697.159, 516.235, 746.741, 661.014, 693.662, 745.539, 516.831, 550.498, 589.118, 623.011, 718.734, 694.868, 721.468, 735.596, 763.522, 707.95, 843.301, 796.155, 917.032, 869.564, 707.295, 950.716, 995.918, 692.887, 726.224, 772.706, 803.718, 686.839, 456.752, 849.647, 1085.211, 920.869, 939.952, 1186.845, 961.242, 1217.5140000000001, 989.767, 1229.099, 869.721]] 
RATE (RPS) =====================================: 66

[[417.843, 471.609, 438.952, 489.478, 443.024, 487.588, 510.35, 621.065, 590.092, 494.117, 496.885, 561.871, 468.589, 611.686, 630.972, 555.271, 665.445, 610.312, 659.168, 450.6, 712.986, 681.076, 465.005, 722.455, 454.553, 682.042, 470.163, 705.894, 503.618, 734.498, 436.201, 775.753, 826.049, 690.368, 834.628, 431.344, 861.398, 474.085, 695.863, 908.811, 728.099, 941.32, 492.338, 506.662, 890.858, 711.93, 767.684, 930.817, 990.839, 494.187, 447.328, 569.472, 656.073, 826.788, 955.831, 796.236, 839.291, 706.32, 1002.225, 944.249, 781.698, 859.072, 1845.976, 902.013, 478.077, 914.735, 1069.533, 774.665, 934.271, 1064.491]] 
RATE (RPS) =====================================: 66

[[603.561, 568.318, 648.263, 576.165, 554.981, 677.378, 555.26, 703.866, 562.882, 577.395, 524.151, 533.686, 617.92, 705.675, 626.344, 553.637, 707.34, 683.118, 520.439, 589.096, 689.856, 545.62, 677.69, 694.041, 1544.932, 554.127, 596.817, 749.323, 1050.195, 749.352, 796.548, 546.571, 646.901, 554.573, 728.869, 550.559, 650.425, 781.529, 744.746, 689.501, 768.704, 737.621, 675.863, 732.984, 771.325, 709.95, 747.147, 668.669, 716.747, 795.411, 749.787, 739.446, 807.089, 887.367, 710.93, 613.063, 734.554, 604.365, 722.454, 648.854, 851.006, 927.431, 1022.356, 952.844, 633.961, 649.534, 688.534, 497.285, 710.531, 736.922]] 
RATE (RPS) =====================================: 67

[[493.618, 459.316, 432.168, 540.939, 487.024, 432.525, 566.128, 481.508, 514.38, 631.975, 663.766, 650.077, 572.837, 715.586, 525.342, 469.815, 488.818, 639.868, 594.635, 637.168, 493.628, 614.758, 671.942, 535.585, 668.56, 629.057, 693.596, 508.53, 654.854, 714.13, 790.071, 536.413, 730.502, 805.29, 853.157, 559.749, 611.871, 580.076, 636.709, 849.997, 602.221, 888.504, 1024.698, 632.552, 468.06, 507.915, 582.696, 647.982, 580.73, 1001.883, 595.597, 681.625, 1018.405, 437.823, 618.994, 1013.471, 1050.538, 642.689, 1078.772, 415.512, 674.765, 1109.429, 706.552, 1122.147, 1169.479, 566.549, 438.969, 602.454, 633.118, 673.104]] 
RATE (RPS) =====================================: 61

average response time [0]426.442
average response time [1]412.314
average response time [2]1132.838
average response time [3]398.008
average response time [4]390.76
average response time [5]389.248
average response time [6]391.411
average response time [7]394.918
average response time [8]397.292
average response time [9]388.114
TOTAL AVERAGE RESPONSE TIME ====================: 472.1345
NUMBER OF THREADS ==============================: 1
TOTAL AVERAGE RATE (RPS) =====================================: 0.9
NUMBER OF REPLICAS USED ================================================= 1
average response time [10]429.182
average response time [11]416.656
average response time [12]454.491
average response time [13]430.506
average response time [14]460.798
average response time [15]432.211
average response time [16]458.1825
average response time [17]434.346
average response time [18]527.0405000000001
average response time [19]451.71500000000003
TOTAL AVERAGE RESPONSE TIME ====================: 449.51279999999997
NUMBER OF THREADS ==============================: 2
TOTAL AVERAGE RATE (RPS) =====================================: 2.0
NUMBER OF REPLICAS USED ================================================= 1
average response time [20]460.9
average response time [21]461.86275
average response time [22]483.65725
average response time [23]452.25625
average response time [24]471.18575
average response time [25]454.97275
average response time [26]448.9365
average response time [27]458.2855
average response time [28]473.43625
average response time [29]456.8735
TOTAL AVERAGE RESPONSE TIME ====================: 462.23664999999994
NUMBER OF THREADS ==============================: 4
TOTAL AVERAGE RATE (RPS) =====================================: 4.0
NUMBER OF REPLICAS USED ================================================= 1
average response time [30]544.851
average response time [31]530.14275
average response time [32]540.99225
average response time [33]522.14025
average response time [34]509.241375
average response time [35]572.606875
average response time [36]523.151375
average response time [37]519.377125
average response time [38]516.22375
average response time [39]565.145
TOTAL AVERAGE RESPONSE TIME ====================: 534.3871750000001
NUMBER OF THREADS ==============================: 8
TOTAL AVERAGE RATE (RPS) =====================================: 8.0
NUMBER OF REPLICAS USED ================================================= 1
average response time [40]701.77825
average response time [41]757.8916875
average response time [42]769.5399375000001
average response time [43]672.30625
average response time [44]665.179875
average response time [45]768.7699375000001
average response time [46]689.891
average response time [47]783.507125
average response time [48]674.7894375
average response time [49]670.4355
TOTAL AVERAGE RESPONSE TIME ====================: 715.4089
NUMBER OF THREADS ==============================: 16
TOTAL AVERAGE RATE (RPS) =====================================: 14.7
NUMBER OF REPLICAS USED ================================================= 2
average response time [50]1070.28546875
average response time [51]998.229125
average response time [52]1038.469875
average response time [53]643.0282666666667
average response time [54]598.2749375
average response time [55]665.5933157894736
average response time [56]670.5268333333333
average response time [57]710.0364117647059
average response time [58]692.31025
average response time [59]635.3535294117647
TOTAL AVERAGE RESPONSE TIME ====================: 772.2108013215944
NUMBER OF THREADS ==============================: 32
TOTAL AVERAGE RATE (RPS) =====================================: 27.2
NUMBER OF REPLICAS USED ================================================= 2
average response time [60]817.5262666666666
average response time [61]776.4085666666666
average response time [62]699.5866785714286
average response time [63]670.31376
average response time [64]583.273761904762
average response time [65]620.3453043478261
average response time [66]701.0305416666666
average response time [67]582.8878571428571
average response time [68]600.4178823529412
average response time [69]642.671625
TOTAL AVERAGE RESPONSE TIME ====================: 669.4462244319814
NUMBER OF THREADS ==============================: 64
TOTAL AVERAGE RATE (RPS) =====================================: 62.4
NUMBER OF REPLICAS USED ================================================= 3
average response time [70]596.6649523809524
average response time [71]532.0194285714285
average response time [72]631.5552173913044
average response time [73]524.452
average response time [74]753.4029166666667
average response time [75]649.97736
average response time [76]558.9354347826087
average response time [77]633.200652173913
average response time [78]711.3195777777778
average response time [79]612.2817209302326
TOTAL AVERAGE RESPONSE TIME ====================: 620.3809260674884
NUMBER OF THREADS ==============================: 65
TOTAL AVERAGE RATE (RPS) =====================================: 64.6
NUMBER OF REPLICAS USED ================================================= 3
average response time [80]594.660575
average response time [81]698.2829574468085
average response time [82]691.5159361702127
average response time [83]675.5848717948718
average response time [84]515.9329677419355
average response time [85]596.9114137931034
average response time [86]557.178
average response time [87]639.058
average response time [88]563.7680188679245
average response time [89]531.1209056603774
TOTAL AVERAGE RESPONSE TIME ====================: 606.4013646475235
NUMBER OF THREADS ==============================: 66
TOTAL AVERAGE RATE (RPS) =====================================: 64.5
NUMBER OF REPLICAS USED ================================================= 4
average response time [90]503.02237777777776
average response time [91]599.2180701754386
average response time [92]578.9158076923077
average response time [93]543.8693921568628
average response time [94]626.5772592592592
average response time [95]515.4137173913043
average response time [96]496.6088888888889
average response time [97]599.5140181818182
average response time [98]537.487
average response time [99]503.4395471698113
TOTAL AVERAGE RESPONSE TIME ====================: 550.4066078693469
NUMBER OF THREADS ==============================: 67
TOTAL AVERAGE RATE (RPS) =====================================: 66.5
NUMBER OF REPLICAS USED ================================================= 4
average response time [100]1539.1470754716981
average response time [101]578.48054
average response time [102]640.8517307692308
average response time [103]577.2003137254902
average response time [104]467.28283720930233
average response time [105]533.1302794117647
average response time [106]552.7177205882354
average response time [107]617.97075
average response time [108]526.4664117647059
average response time [109]661.74875
TOTAL AVERAGE RESPONSE TIME ====================: 669.4996408940426
NUMBER OF THREADS ==============================: 68
TOTAL AVERAGE RATE (RPS) =====================================: 63.0
NUMBER OF REPLICAS USED ================================================= 4
average response time [110]554.4565072463768
average response time [111]597.5770144927536
average response time [112]625.0252173913043
average response time [113]709.7472608695653
average response time [114]548.7005072463768
average response time [115]531.8708115942029
average response time [116]594.1999275362318
average response time [117]572.3653333333333
average response time [118]551.9959130434783
average response time [119]540.1393768115942
TOTAL AVERAGE RESPONSE TIME ====================: 582.6077869565217
NUMBER OF THREADS ==============================: 69
TOTAL AVERAGE RATE (RPS) =====================================: 65.8
NUMBER OF REPLICAS USED ================================================= 4
average response time [120]563.0289857142857
average response time [121]580.6743285714285
average response time [122]590.1757
average response time [123]688.2298571428571
average response time [124]672.1541428571429
average response time [125]560.7982
average response time [126]702.8913714285715
average response time [127]693.7826428571428
average response time [128]697.7769142857143
average response time [129]661.7600142857143
TOTAL AVERAGE RESPONSE TIME ====================: 641.1272157142857
NUMBER OF THREADS ==============================: 70
TOTAL AVERAGE RATE (RPS) =====================================: 66.2
NUMBER OF REPLICAS USED ================================================= 5
average response time sent to Stackdriver [0]451.71500000000003
average response time sent to Stackdriver [1]523.151375
average response time sent to Stackdriver [2]689.891
average response time sent to Stackdriver [3]643.0282666666667
average response time sent to Stackdriver [4]776.4085666666666
average response time sent to Stackdriver [5]582.8878571428571
average response time sent to Stackdriver [6]753.4029166666667
average response time sent to Stackdriver [7]698.2829574468085
average response time sent to Stackdriver [8]639.058
average response time sent to Stackdriver [9]543.8693921568628
average response time sent to Stackdriver [10]503.4395471698113
average response time sent to Stackdriver [11]533.1302794117647
average response time sent to Stackdriver [12]597.5770144927536
average response time sent to Stackdriver [13]572.3653333333333
average response time sent to Stackdriver [14]672.1541428571429
NUMBER OF THREADS: [1, 2, 4, 8, 16, 32, 64, 65, 66, 67, 68, 69, 70]
WORKLOAD: HFU_LV;  
TOTAL EXECUTION TIME (Concurrent Parallel Requests): 164822.4


