[[408.254]] 
RATE (RPS) =====================================: 1

[[386.974]] 
RATE (RPS) =====================================: 1

[[385.431]] 
RATE (RPS) =====================================: 1

[[381.429]] 
RATE (RPS) =====================================: 1

[[386.796]] 
RATE (RPS) =====================================: 1

[[384.859]] 
RATE (RPS) =====================================: 1

[[386.896]] 
RATE (RPS) =====================================: 1

[[400.533]] 
RATE (RPS) =====================================: 1

[[382.16]] 
RATE (RPS) =====================================: 1

[[392.873]] 
RATE (RPS) =====================================: 1

[[434.533, 388.205]] 
RATE (RPS) =====================================: 2

[[386.661, 433.192]] 
RATE (RPS) =====================================: 2

[[387.059, 439.085]] 
RATE (RPS) =====================================: 2

[[385.563, 425.851]] 
RATE (RPS) =====================================: 2

[[439.5, 393.57]] 
RATE (RPS) =====================================: 2

[[388.864, 429.66]] 
RATE (RPS) =====================================: 2

[[407.201, 457.429]] 
RATE (RPS) =====================================: 2

[[443.059, 389.343]] 
RATE (RPS) =====================================: 2

[[436.158, 388.004]] 
RATE (RPS) =====================================: 2

[[392.674, 430.342]] 
RATE (RPS) =====================================: 2

[[382.548, 469.401, 422.226, 503.105]] 
RATE (RPS) =====================================: 4

[[423.224, 465.554, 553.018, 499.134]] 
RATE (RPS) =====================================: 4

[[381.944, 428.258, 471.808, 513.96]] 
RATE (RPS) =====================================: 4

[[381.987, 484.258, 429.76, 490.708]] 
RATE (RPS) =====================================: 4

[[512.818, 416.335, 441.591, 526.409]] 
RATE (RPS) =====================================: 4

[[448.172, 399.068, 476.05, 514.74]] 
RATE (RPS) =====================================: 4

[[384.302, 424.613, 465.996, 503.306]] 
RATE (RPS) =====================================: 4

[[418.433, 500.714, 528.792, 568.894]] 
RATE (RPS) =====================================: 4

[[397.834, 467.792, 548.528, 502.61]] 
RATE (RPS) =====================================: 4

[[439.418, 392.391, 456.634, 492.566]] 
RATE (RPS) =====================================: 4

[[478.136, 437.026, 607.726, 537.513, 476.711, 595.763, 628.947, 666.28]] 
RATE (RPS) =====================================: 8

[[390.966, 433.842, 553.451, 463.275, 493.834, 616.885, 728.443, 676.481]] 
RATE (RPS) =====================================: 8

[[387.534, 477.147, 421.782, 507.535, 598.8, 640.327, 532.847, 665.546]] 
RATE (RPS) =====================================: 8

[[393.615, 434.07, 468.627, 598.506, 551.976, 487.97, 612.904, 651.765]] 
RATE (RPS) =====================================: 8

[[498.922, 584.35, 524.796, 424.104, 636.295, 590.513, 707.239, 660.317]] 
RATE (RPS) =====================================: 8

[[391.079, 435.433, 465.889, 500.203, 542.227, 752.432, 620.115, 685.661]] 
RATE (RPS) =====================================: 8

[[524.257, 381.247, 425.442, 453.61, 550.07, 583.501, 671.721, 613.63]] 
RATE (RPS) =====================================: 8

[[389.173, 468.447, 420.846, 493.402, 535.011, 570.148, 610.212, 648.994]] 
RATE (RPS) =====================================: 8

[[440.615, 480.563, 511.429, 592.46, 536.357, 654.898, 609.929, 681.007]] 
RATE (RPS) =====================================: 8

[[494.044, 392.504, 427.585, 656.064, 512.463, 766.486, 545.645, 708.333]] 
RATE (RPS) =====================================: 8

[[482.178, 388.842, 520.461, 409.931, 624.059, 571.477, 840.493, 649.421, 681.797, 717.548, 857.944, 885.596, 927.705, 959.681, 1046.235, 993.004]] 
RATE (RPS) =====================================: 15

[[514.035, 420.998, 466.616, 545.963, 593.8, 636.561, 712.193, 736.997, 815.471, 757.588, 841.143, 873.142, 1049.515, 909.916, 945.851, 982.263]] 
RATE (RPS) =====================================: 15

[[430.838, 384.151, 469.575, 552.519, 594.468, 628.974, 711.933, 667.816, 1441.7359999999999, 731.799, 771.237, 814.861, 841.917, 871.941, 915.612, 952.607]] 
RATE (RPS) =====================================: 15

[[446.478, 400.709, 514.547, 551.271, 447.335, 674.746, 576.05, 613.223, 697.393, 732.453, 772.043, 810.175, 850.991, 932.153, 1003.507, 1041.424]] 
RATE (RPS) =====================================: 14

[[428.234, 380.255, 460.682, 563.258, 511.977, 640.32, 593.105, 668.134, 703.432, 773.883, 872.451, 817.909, 890.574, 919.328, 952.627, 987.623]] 
RATE (RPS) =====================================: 16

[[456.624, 409.081, 568.943, 523.68, 471.853, 599.396, 730.447, 660.439, 802.836, 747.895, 832.875, 964.971, 906.742, 864.215, 977.662, 1021.706]] 
RATE (RPS) =====================================: 15

[[406.657, 448.715, 667.028, 503.624, 582.374, 677.212, 757.141, 704.171, 784.106, 1046.613, 820.068, 852.336, 886.777, 923.676, 963.038, 1044.973]] 
RATE (RPS) =====================================: 14

[[419.152, 463.76, 549.877, 483.732, 609.158, 641.785, 673.667, 760.072, 700.715, 882.214, 781.497, 815.721, 907.394, 984.567, 1026.745, 932.585]] 
RATE (RPS) =====================================: 15

[[405.322, 432.45, 468.806, 501.698, 531.34, 565.501, 645.524, 598.755, 723.836, 764.334, 797.894, 651.381, 824.199, 899.166, 855.079, 923.488]] 
RATE (RPS) =====================================: 16

[[451.882, 404.506, 474.933, 559.917, 497.006, 681.788, 627.856, 908.732, 734.234, 768.417, 803.41, 824.323, 908.397, 990.344, 1032.047, 1073.624]] 
RATE (RPS) =====================================: 14

[[418.007, 457.242, 533.337, 478.892, 559.085, 587.493, 680.536, 624.38, 842.803, 764.121, 695.405, 860.158, 1036.39, 901.788, 923.715, 957.997, 1037.728, 1114.236, 1068.711, 1134.059, 1222.922, 1166.506, 1247.454, 1286.21, 1349.801, 1383.642, 1421.258, 1458.217, 1500.405, 1537.239, 1615.37, 1698.113]] 
RATE (RPS) =====================================: 15

[[444.381, 396.148, 2053.795, 523.767, 462.072, 557.633, 601.542, 661.878, 701.478, 742.237, 782.901, 853.304, 893.85, 987.981, 931.566, 1011.601, 1051.996, 1094.897, 1179.9850000000001, 1120.358, 1279.713, 1202.29, 1344.642, 1386.2939999999999, 1488.8609999999999, 1426.455, 1532.7849999999999, 1684.9769999999999, 1572.432, 1618.306, 1751.325, 1833.134]] 
RATE (RPS) =====================================: 14

[[389.674, 490.585, 430.444, 611.42, 519.043, 551.046, 1141.638, 1616.19, 1519.763, 861.768, 805.654, 946.624, 884.644, 974.492, 1019.144, 1070.078, 1153.593, 1107.596, 1231.06, 1185.733, 1310.666, 1261.151, 1340.761, 1406.489, 1443.24, 1485.797, 1642.7820000000002, 1524.384, 1564.941, 1703.463, 1771.229, 1842.4279999999999]] 
RATE (RPS) =====================================: 11

[[396.087, 443.662, 482.512, 569.514, 512.486, 598.497, 691.122, 633.334, 766.292, 818.48, 857.728, 892.001, 1080.348, 984.855, 926.141, 1102.6, 1007.796, 1135.155, 1180.074, 1215.272, 1257.436, 1365.5720000000001, 1407.829, 1289.633, 1492.661, 1437.183, 1529.3890000000001, 1605.7640000000001, 1772.194, 1687.031, 1859.723, 1800.75]] 
RATE (RPS) =====================================: 14

[[392.984, 438.332, 511.718, 453.853, 594.21, 532.287, 628.021, 848.223, 696.364, 736.965, 775.617, 869.302, 917.02, 929.135, 967.424, 996.631, 1028.034, 1153.239, 1092.089, 1471.458, 1340.845, 1202.871, 1511.566, 1376.1689999999999, 1580.9740000000002, 1620.1399999999999, 1698.3229999999999, 1645.183, 1788.124, 1788.609, 1694.3719999999998, 1815.479]] 
RATE (RPS) =====================================: 16

[[399.986, 418.758, 443.967, 527.107, 554.378, 624.015, 570.663, 679.994, 639.28, 743.03, 737.472, 794.685, 735.684, 769.321, 831.314, 780.713]] 
RATE (RPS) =====================================: 32

[[499.848, 451.782, 520.556, 542.446, 573.279, 670.596, 614.355, 698.649, 749.419, 692.254, 775.187, 800.037, 763.304, 796.857, 866.309, 784.729, 850.019, 879.517]] 
RATE (RPS) =====================================: 32

[[389.246, 433.973, 470.933, 509.098, 537.633, 568.389, 595.041, 635.054, 676.601, 716.57, 804.669, 754.951, 841.526, 863.074, 860.688, 1090.008, 903.338, 983.758, 1008.907, 1066.242, 1093.289]] 
RATE (RPS) =====================================: 28

[[445.688, 390.389, 564.797, 512.711, 469.702, 579.357, 593.784, 662.133, 719.883, 752.961, 775.222, 834.887, 772.83, 855.954, 894.906, 930.206, 973.683, 1062.994, 1012.654, 1098.038]] 
RATE (RPS) =====================================: 29

[[437.357, 469.392, 536.598, 590.508, 613.982, 651.684, 682.19, 722.066, 722.373, 691.209, 779.495, 721.102, 790.542, 822.913]] 
RATE (RPS) =====================================: 32

[[411.827, 464.948, 506.126, 413.375, 541.017, 619.362, 580.166, 632.464, 622.1, 661.676, 666.835, 666.87, 704.541, 739.724, 818.841, 764.755, 822.375, 868.829, 936.425, 941.446, 973.469, 984.957, 1062.236, 999.162, 1058.438, 1093.143, 1080.005, 1082.338, 1095.124, 1092.035, 1118.714, 1158.077]] 
RATE (RPS) =====================================: 55

[[410.991, 427.049, 532.904, 443.858, 465.918, 556.092, 559.085, 586.458, 620.299, 660.594, 701.687, 730.562, 830.465, 775.426, 861.425, 980.92, 915.552, 1143.192, 1096.103, 1018.687, 1132.865, 1138.956, 1174.887, 1200.298, 1231.35, 1298.788, 1242.819, 1311.432, 1294.769, 1280.451, 1290.483]] 
RATE (RPS) =====================================: 50

[[449.715, 468.36, 494.902, 567.178, 646.108, 649.709, 737.973, 685.862, 761.211, 855.05, 781.304, 834.776, 862.164, 866.591, 872.718, 922.563, 954.57, 998.148, 1003.417, 1016.204, 1099.154, 1056.066, 1161.455, 1101.275, 1150.561, 1202.046]] 
RATE (RPS) =====================================: 56

[[409.95, 689.118, 476.381, 533.109, 574.303, 603.705, 682.955, 707.88, 735.857, 814.014, 762.28, 835.098, 874.483, 900.032, 942.225, 930.923, 967.094, 987.039, 1024.613, 1063.354, 1101.339, 1166.995, 1540.0439999999999, 1321.887, 1475.242, 1562.016, 1534.126, 1564.9969999999998, 1586.147, 1626.03, 1692.8400000000001, 1631.855, 1758.4279999999999, 1707.8600000000001, 1791.194, 1828.54, 1868.574, 1947.1219999999998]] 
RATE (RPS) =====================================: 44

[[390.256, 435.315, 461.765, 505.697, 549.217, 610.626, 658.619, 682.987, 702.13, 736.32, 805.669, 892.99, 833.478, 905.145, 1054.761, 937.121, 927.003, 977.517, 1067.466, 1000.656, 1055.315, 1087.568, 1178.062, 1102.25, 1228.484, 1265.4470000000001, 1172.904, 1284.535, 1295.629, 1336.6399999999999, 1452.938, 1378.975, 1500.51, 1520.935, 1562.5430000000001, 1505.103, 1548.665, 1584.4740000000002]] 
RATE (RPS) =====================================: 43

[[405.386, 436.255, 448.468, 537.648, 550.144, 587.79, 520.833, 539.059, 578.518, 617.711, 612.903, 583.149, 643.288, 591.248, 604.833, 602.82, 682.709, 622.305, 702.252, 684.097, 719.822]] 
RATE (RPS) =====================================: 64

[[415.82, 390.664, 404.609, 446.304, 483.565, 572.172, 519.961, 640.727, 669.915, 505.723, 650.894, 678.485, 753.79, 850.045, 773.425, 798.213, 817.737, 860.578, 863.931]] 
RATE (RPS) =====================================: 64

[[438.563, 437.271, 412.293, 440.8, 487.102, 544.43, 526.428, 467.335, 404.157, 485.962, 497.369, 513.168, 480.499, 486.478, 465.977, 479.698, 510.086, 528.875, 574.447, 574.522]] 
RATE (RPS) =====================================: 64

[[390.737, 411.259, 411.755, 456.385, 437.211, 437.143, 408.945, 448.252, 445.124, 474.865, 501.334, 508.486, 535.16, 450.494, 578.294, 489.097]] 
RATE (RPS) =====================================: 64

[[443.757, 426.903, 475.725, 465.022, 499.785, 528.952, 591.174, 632.014, 549.244, 658.99, 738.471, 678.57, 738.537, 733.908, 745.744, 778.057, 681.304, 690.494, 695.905, 637.379]] 
RATE (RPS) =====================================: 64

[[409.124, 435.57, 473.9, 447.229, 1435.679, 419.09, 411.397, 425.49, 470.709, 547.7, 527.689]] 
RATE (RPS) =====================================: 64

[[418.479, 498.781, 494.211, 594.277, 605.829, 685.848, 628.373, 712.056, 719.944, 740.844, 764.83, 780.807, 717.524, 734.614, 769.62, 793.553, 831.375, 855.968, 755.634]] 
RATE (RPS) =====================================: 65

[[454.753, 468.519, 501.105, 479.404, 491.158, 534.537, 533.166, 555.777, 600.754, 629.26, 664.14, 670.935, 753.108, 789.692, 700.128, 698.558]] 
RATE (RPS) =====================================: 65

[[409.916, 439.083, 464.897, 491.302, 458.599, 574.768, 399.252, 455.525, 485.108, 547.165, 500.812, 882.272, 1408.018, 546.894, 905.255, 688.552, 512.863]] 
RATE (RPS) =====================================: 64

[[451.473, 502.473, 499.533, 494.89, 519.516, 432.014, 425.573, 466.283, 449.898, 473.744, 498.174, 503.106, 505.901]] 
RATE (RPS) =====================================: 65

[[388.584, 430.404, 415.469, 411.273, 449.091, 490.62, 530.908, 564.135, 586.266, 630.207, 643.862, 651.084, 625.048, 627.233, 665.44, 685.26, 725.573, 796.193, 849.671]] 
RATE (RPS) =====================================: 65

[[401.554, 430.787, 452.487, 435.994, 435.085, 414.776, 433.691, 464.345, 429.717, 456.791, 533.699, 468.501, 390.242]] 
RATE (RPS) =====================================: 65

[[416.812, 429.756, 446.91, 450.683, 404.89, 399.509, 433.276, 395.624, 421.07, 406.017, 419.366]] 
RATE (RPS) =====================================: 65

[[405.466, 509.662, 576.08, 578.815, 605.167, 668.512, 658.037, 669.123, 631.298, 646.924, 678.963, 697.397, 670.761, 614.81, 617.817, 672.76, 695.297, 588.137]] 
RATE (RPS) =====================================: 65

[[440.707, 438.045, 423.045, 408.657, 445.935, 432.215, 444.57, 444.091, 472.547, 540.842, 471.421, 418.601, 537.943, 396.273, 488.048, 544.697, 402.554, 432.207, 477.063, 666.547, 474.41, 506.897, 533.542, 660.271, 583.596, 392.778, 574.449]] 
RATE (RPS) =====================================: 65

[[407.538, 398.722, 445.718, 418.206, 432.754, 425.203, 420.667, 428.636, 465.068, 392.615, 421.202, 410.018, 441.801, 438.891, 421.7, 425.282, 465.797, 422.919, 449.6, 480.34, 497.835, 445.823, 468.609, 485.572, 484.675, 486.065, 480.678, 498.404, 559.761, 502.097]] 
RATE (RPS) =====================================: 66

[[401.361, 423.743, 424.054, 481.665, 405.937, 486.096, 528.675, 512.542, 474.074, 467.805, 397.962, 549.785, 443.889, 475.361, 538.803, 565.983, 427.618, 426.301, 541.394, 436.585, 498.084, 405.702]] 
RATE (RPS) =====================================: 66

[[390.187, 394.01, 429.556, 457.254, 389.978, 464.977, 414.203, 479.741, 430.399, 449.805, 492.864, 477.324, 404.259, 407.381, 410.086, 408.582, 399.524, 408.873, 486.74, 440.505, 447.87, 412.633, 413.422, 444.912, 400.186]] 
RATE (RPS) =====================================: 66

[[403.822, 461.938, 404.808, 480.846, 549.965, 431.813, 494.982, 440.01, 569.831, 621.274, 492.897, 659.958, 699.919, 651.056, 405.871, 656.5, 384.583, 566.333, 432.176, 468.827, 494.391, 467.98, 507.375, 481.595]] 
RATE (RPS) =====================================: 66

[[407.819, 528.879, 430.396, 438.249, 398.108, 503.723, 457.722, 523.661, 475.84, 516.196, 563.735, 422.335, 532.827, 401.56, 461.113, 512.451, 495.311, 496.994, 397.374, 388.934, 462.573, 408.574]] 
RATE (RPS) =====================================: 66

[[413.121, 429.863, 442.639, 411.304, 474.278, 451.585, 498.761, 498.905, 548.435, 528.552, 594.415, 498.357, 517.139, 441.655, 433.81, 521.506, 559.139, 587.41, 631.253, 657.591, 675.417, 393.236, 404.378, 640.166, 438.021, 673.674, 676.457, 415.429, 685.65, 715.307, 392.83, 419.689, 705.342]] 
RATE (RPS) =====================================: 66

[[408.813, 390.798, 410.696, 447.026, 459.904, 406.217, 460.884, 479.189, 474.837, 465.533, 439.391, 453.378, 489.458, 464.589, 509.686, 462.001, 471.587, 415.632, 430.152, 444.083]] 
RATE (RPS) =====================================: 66

[[533.396, 459.854, 523.08, 555.021, 594.327, 458.373, 651.03, 589.927, 672.181, 709.842, 419.787, 645.277, 561.298, 396.395, 550.746, 447.789, 476.971, 518.913, 555.067, 587.587, 596.113, 405.478, 386.957, 497.094]] 
RATE (RPS) =====================================: 66

[[420.765, 413.602, 470.211, 495.252, 475.724, 510.011, 478.313, 451.211, 403.307, 433.156, 464.934, 384.121, 394.247, 439.047, 404.392, 438.786, 421.065]] 
RATE (RPS) =====================================: 66

[[438.352, 402.218, 438.06, 421.585, 397.18, 534.71, 436.208, 472.295, 387.694, 413.575, 444.078, 411.048, 432.93, 405.844, 394.387, 480.572, 397.798, 411.625, 419.113, 419.736]] 
RATE (RPS) =====================================: 66

[[449.335, 467.224, 542.186, 479.799, 399.268, 548.432, 416.46, 437.075, 481.394, 500.857, 525.239, 508.104, 526.628, 582.588, 532.574, 490.771, 495.869, 620.422, 544.845, 444.629, 452.006, 527.545, 436.869, 443.325, 450.326, 399.486, 416.447, 464.106, 460.934, 536.386, 581.328]] 
RATE (RPS) =====================================: 67

[[447.148, 438.042, 417.583, 449.567, 477.315, 452.347, 503.57, 536.231, 401.155, 408.38, 393.339, 452.699, 459.592, 451.727, 435.377, 407.07, 445.543, 412.783, 418.381, 442.175, 434.618, 455.904, 408.389, 408.778, 434.836, 482.789, 411.63, 475.505, 438.73, 414.924, 386.378]] 
RATE (RPS) =====================================: 67

[[407.69, 417.71, 432.157, 484.99, 528.675, 411.429, 410.018, 522.347, 490.627, 454.973, 413.967, 414.04, 421.704, 469.78, 490.167, 416.477, 447.281, 413.982, 446.289, 456.235, 445.247, 444.102, 395.258, 462.393, 405.01, 386.23, 469.274, 385.343, 395.407, 439.132, 471.763, 393.675, 408.442]] 
RATE (RPS) =====================================: 67

[[414.552, 410.201, 409.318, 426.388, 402.642, 409.731, 458.757, 405.55, 430.908, 408.825, 446.185, 464.441, 411.382, 426.507, 439.677, 398.195, 421.483, 459.804, 473.226, 413.99, 425.366, 419.909, 493.707, 651.048, 407.142]] 
RATE (RPS) =====================================: 67

[[402.789, 407.842, 412.908, 463.287, 404.883, 491.197, 515.734, 409.274, 540.928, 406.521, 607.106, 552.336, 449.533, 634.07, 446.194, 530.513, 403.185, 450.846, 642.078, 398.576, 436.81, 716.149, 533.879, 471.257, 533.71, 711.998, 418.017, 632.546, 663.532, 677.032, 641.778, 654.1]] 
RATE (RPS) =====================================: 67

[[405.113, 457.855, 510.798, 563.011, 396.032, 604.148, 429.96, 416.053, 444.965, 572.345, 514.504, 566.791, 416.953, 444.377, 462.85, 587.942, 438.479, 503.573, 472.692, 404.713, 425.799, 459.336, 448.512, 590.998, 442.696, 446.558, 484.761, 404.736, 435.762, 441.543, 467.051, 494.461, 453.696, 387.727, 416.522, 383.246]] 
RATE (RPS) =====================================: 67

[[455.004, 403.115, 473.633, 424.158, 395.589, 421.722, 430.282, 392.058, 458.25, 498.605, 442.375, 468.018, 422.649, 380.31, 480.245, 413.936, 444.319, 416.783, 450.394, 448.583, 474.387, 424.627, 460.399, 403.19, 395.471, 396.338, 387.5, 410.926, 437.787, 508.515, 446.126, 524.563, 512.727, 394.616, 378.098]] 
RATE (RPS) =====================================: 67

[[484.582, 461.727, 397.549, 407.349, 418.646, 434.94, 531.855, 562.194, 573.125, 501.659, 413.185, 551.131, 448.322, 396.129, 402.094, 431.575, 458.094, 500.96, 424.205, 385.744, 533.189, 480.88, 459.44, 423.587, 427.977, 432.691]] 
RATE (RPS) =====================================: 67

[[428.899, 434.849, 432.195, 469.233, 500.909, 430.506, 510.885, 596.645, 404.52, 433.071, 635.254, 428.576, 467.402, 439.444, 433.836, 529.502, 564.088, 428.682, 558.541, 433.183, 409.638, 421.171, 433.348, 381.256, 421.12, 379.82, 386.715, 378.672, 393.905, 379.236]] 
RATE (RPS) =====================================: 67

[[453.529, 388.26, 527.672, 542.926, 3365.568, 1567.454, 488.641, 2244.747, 505.683, 540.815, 1260.113, 476.096, 496.761, 506.755, 527.426, 462.429, 460.785, 1414.4180000000001, 1912.7759999999998, 2421.759, 2475.049, 530.496, 619.542, 492.077, 558.11, 1604.426, 1590.5549999999998, 1579.48, 2544.904, 1543.146]] 
RATE (RPS) =====================================: 54

[[1408.9569999999999, 1402.701, 1436.921, 1401.156, 1380.584, 888.4, 925.514, 687.366, 497.146, 711.084, 466.258, 507.941, 503.217, 562.932, 513.187, 501.269, 1391.035, 1467.277, 1429.152, 1415.649, 1410.4859999999999, 1441.53, 1440.618, 1471.789, 1475.684, 527.511, 454.753, 461.303, 518.419, 404.514, 424.34]] 
RATE (RPS) =====================================: 54

[[395.497, 427.654, 400.449, 408.306, 448.769, 436.111, 474.076, 579.238, 519.233, 455.264, 428.076, 434.912, 477.009, 406.515, 431.918, 494.606, 418.019, 399.564, 411.508, 526.632, 449.679, 421.536, 475.478, 419.256, 494.212, 443.716, 444.713, 517.796, 442.783, 444.337, 490.502, 461.213, 514.49, 529.48, 464.639, 493.005, 531.036, 534.49, 434.936, 540.098, 552.825, 569.152, 605.294, 539.93, 417.79, 645.29, 685.102, 389.006, 542.396, 432.689, 426.029, 457.476, 692.596, 437.774, 445.137, 715.822, 490.444, 538.175, 504.508, 440.747, 473.841, 552.174, 590.299, 628.803, 680.824, 412.503, 528.273, 457.679]] 
RATE (RPS) =====================================: 68

[[410.323, 426.725, 433.666, 425.311, 938.66, 460.126, 493.092, 410.534, 415.538, 426.578, 428.594, 416.8, 932.361, 425.961, 456.566, 970.71, 427.081, 476.859, 483.581, 436.138, 507.4, 973.319, 463.524, 487.677, 469.389, 991.714, 1077.019, 1031.481, 504.462, 502.812, 442.478, 525.11, 1085.713, 461.606, 494.561, 1108.02, 527.706, 409.895, 518.627, 401.263, 1123.628, 539.849, 418.818, 1150.41, 456.083, 425.94, 1176.88, 1208.238, 479.009, 454.883, 457.31, 385.841, 506.433, 490.189, 515.299, 1218.369, 576.088, 389.814, 515.85, 425.241, 1261.246, 1304.716, 497.291, 1335.5, 432.83, 474.66, 506.489, 413.741]] 
RATE (RPS) =====================================: 56

[[407.69, 400.899, 390.642, 437.437, 440.349, 414.734, 417.397, 409.349, 541.601, 517.515, 726.408, 512.987, 514.054, 498.531, 487.609, 488.95, 489.136, 474.582, 523.912, 563.773, 509.633, 455.348, 595.283, 634.229, 533.871, 465.299, 430.356, 435.43, 648.695, 479.825, 538.286, 675.385, 574.007, 499.428, 416.406, 639.298, 525.304, 573.729, 416.513, 674.892, 715.961, 757.652, 439.281, 555.665, 472.788, 401.141, 442.212, 577.787, 774.357, 657.692, 597.247, 700.813, 630.516, 528.772, 513.97, 782.735, 874.774, 452.839, 548.697, 641.152, 805.221, 900.609, 535.592, 671.468, 454.463, 401.192, 455.632, 658.685]] 
RATE (RPS) =====================================: 68

[[450.016, 424.476, 397.514, 466.552, 432.987, 465.829, 408.462, 417.055, 426.302, 396.485, 456.54, 460.13, 426.649, 500.39, 449.614, 455.022, 531.436, 409.41, 448.586, 493.144, 444.914, 461.911, 463.77, 507.773, 385.915, 488.499, 523.586, 414.369, 544.768, 521.011, 583.673, 640.772, 530.262, 463.128, 613.282, 520.113, 527.988, 403.324, 440.294, 563.355, 565.903, 402.363, 602.452, 619.203, 624.758, 597.416, 669.248, 450.884, 671.979, 637.025, 486.895, 407.835, 604.003, 666.382, 517.951, 677.846, 571.161, 692.444, 729.907, 631.707, 711.588, 655.889, 728.34, 665.645, 680.086, 689.547, 498.879, 700.308]] 
RATE (RPS) =====================================: 68

[[394.461, 447.693, 410.525, 384.944, 450.027, 454.596, 401.046, 432.884, 403.442, 423.569, 407.154, 395.068, 443.465, 455.042, 440.326, 393.147, 501.068, 542.108, 618.571, 493.703, 398.121, 421.194, 552.998, 611.05, 488.398, 464.706, 411.945, 513.527, 420.632, 538.774, 508.731, 540.119, 540.911, 585.687, 429.492, 438.885, 547.425, 637.378, 587.538, 504.292, 506.381, 558.527, 603.464, 453.124, 511.477, 551.352, 586.712, 497.518, 560.278, 469.188, 524.824, 439.403, 528.916, 630.104, 529.379, 444.183, 479.251, 437.086, 404.547, 436.776, 466.222, 464.446, 563.64, 430.039, 465.54, 401.494, 435.054, 467.35]] 
RATE (RPS) =====================================: 68

[[440.524, 418.141, 450.529, 415.622, 439.944, 500.908, 468.36, 405.535, 470.195, 427.263, 412.242, 398.105, 506.535, 403.891, 418.578, 525.903, 559.845, 407.135, 431.591, 451.472, 454.9, 468.947, 438.383, 441.262, 463.992, 507.68, 439.783, 505.448, 519.868, 461.332, 521.562, 467.888, 443.164, 422.589, 498.248, 585.13, 527.634, 430.392, 612.653, 446.438, 639.907, 477.721, 575.328, 495.16, 466.124, 617.121, 465.822, 515.781, 399.623, 429.667, 482.558, 400.602, 427.68, 534.624, 530.791, 469.088, 407.199, 423.478, 480.389, 535.861, 402.713, 395.694, 469.132, 577.233, 384.456, 402.078, 422.513, 451.659]] 
RATE (RPS) =====================================: 68

[[438.397, 404.379, 460.027, 424.702, 576.103, 480.026, 682.724, 415.629, 617.036, 571.887, 462.04, 419.728, 509.132, 500.211, 474.871, 528.106, 591.757, 456.392, 445.827, 435.446, 453.894, 502.874, 583.562, 579.074, 442.962, 495.816, 458.935, 607.969, 650.38, 517.35, 555.94, 600.037, 471.071, 671.659, 425.319, 567.279, 485.594, 428.809, 594.732, 460.219, 562.675, 496.638, 627.978, 675.286, 728.805, 654.598, 566.984, 626.309, 533.079, 665.09, 627.822, 677.771, 384.064, 656.246, 607.582, 435.188, 674.724, 651.558, 711.395, 443.777, 585.741, 602.717, 681.699, 502.921, 389.675, 567.824, 628.361, 387.2]] 
RATE (RPS) =====================================: 68

[[424.509, 445.178, 424.271, 442.575, 440.004, 441.709, 499.049, 416.922, 481.745, 496.829, 490.547, 451.739, 561.436, 451.21, 489.143, 481.691, 436.939, 452.407, 623.862, 510.941, 503.137, 642.835, 542.792, 459.611, 546.623, 513.064, 629.11, 556.332, 423.337, 481.981, 566.369, 599.076, 622.892, 625.47, 553.951, 547.328, 566.931, 629.597, 566.634, 593.167, 560.904, 525.091, 557.893, 586.023, 593.104, 692.928, 617.111, 566.488, 518.694, 526.896, 579.478, 535.329, 636.851, 543.915, 643.723, 547.489, 480.217, 515.608, 476.442, 558.601, 522.108, 570.535, 637.448, 563.328, 581.345, 471.45, 486.117, 493.989]] 
RATE (RPS) =====================================: 68

[[411.163, 410.252, 429.108, 487.21, 442.686, 450.592, 503.273, 531.662, 406.492, 451.411, 553.194, 440.809, 397.985, 420.4, 467.585, 506.682, 545.337, 579.829, 459.408, 420.797, 449.026, 425.898, 480.304, 561.294, 456.299, 474.949, 408.293, 550.583, 579.205, 415.947, 458.493, 447.613, 621.48, 663.978, 524.574, 463.026, 545.189, 463.422, 597.949, 413.436, 551.763, 625.694, 672.991, 422.543, 463.873, 421.747, 561.769, 612.377, 650.652, 585.674, 416.614, 427.775, 445.89, 570.823, 514.474, 454.381, 428.949, 479.901, 543.972, 424.642, 579.304, 613.539, 496.33, 424.018, 469.824, 496.839, 606.305, 514.825]] 
RATE (RPS) =====================================: 68

[[467.612, 427.853, 431.069, 443.697, 428.057, 456.447, 456.891, 493.378, 437.462, 424.557, 469.919, 454.431, 429.566, 485.206, 449.51, 465.141, 483.401, 617.146, 409.726, 440.745, 490.847, 439.188, 404.606, 540.762, 432.488, 473.871, 465.527, 498.346, 512.869, 417.673, 505.281, 441.848, 492.905, 566.347, 512.088, 422.318, 407.24, 518.748, 561.158, 436.071, 444.116, 552.681, 488.584, 508.546, 423.151, 451.213, 570.67, 537.91, 521.036, 523.076, 428.697, 433.506, 414.345, 507.188, 558.608, 413.819, 393.534, 473.065, 569.666, 460.672, 449.116, 436.051, 432.411, 461.422, 511.216, 447.368, 408.987, 436.784, 407.901]] 
RATE (RPS) =====================================: 69

[[489.602, 402.481, 438.311, 414.036, 416.851, 417.549, 426.667, 480.564, 394.932, 423.464, 428.083, 450.886, 419.855, 406.325, 439.139, 434.131, 428.073, 446.087, 417.98, 450.337, 416.279, 425.94, 427.534, 483.622, 428.92, 513.881, 555.757, 621.628, 413.651, 424.727, 640.75, 408.807, 445.035, 668.584, 427.977, 421.525, 516.821, 439.7, 681.918, 717.641, 455.295, 521.494, 413.525, 430.508, 726.345, 463.409, 762.406, 428.272, 780.759, 472.856, 805.645, 885.153, 396.934, 484.375, 415.053, 421.429, 400.6, 379.528, 868.056, 422.126, 401.327, 460.99, 474.668, 508.032, 390.118, 446.455, 397.628, 427.372, 759.637]] 
RATE (RPS) =====================================: 69

[[428.738, 447.363, 470.829, 418.515, 443.912, 424.018, 474.005, 388.504, 432.295, 453.919, 472.451, 440.193, 436.397, 447.96, 448.419, 470.342, 405.606, 480.366, 454.236, 533.938, 469.84, 483.546, 449.876, 442.693, 535.187, 580.602, 473.764, 593.282, 436.981, 468.274, 475.46, 593.536, 430.439, 481.074, 500.379, 610.02, 453.97, 417.777, 637.551, 668.679, 489.65, 433.96, 439.432, 498.01, 431.073, 477.33, 519.019, 496.514, 514.145, 443.856, 434.799, 586.858, 425.636, 494.666, 428.824, 593.075, 394.395, 512.646, 458.462, 401.253, 551.043, 483.343, 508.433, 382.777, 422.462, 440.963, 560.043, 411.155, 446.209]] 
RATE (RPS) =====================================: 69

[[431.127, 423.492, 417.838, 464.721, 432.008, 446.399, 472.723, 454.263, 470.168, 469.496, 457.251, 448.53, 450.717, 435.003, 534.656, 408.021, 456.892, 419.662, 418.531, 422.94, 535.004, 447.089, 436.202, 429.102, 493.269, 525.339, 448.625, 506.35, 496.899, 420.631, 419.194, 497.128, 434.661, 483.219, 473.377, 488.198, 426.247, 440.527, 479.699, 456.782, 414.388, 492.539, 499.452, 433.845, 428.958, 491.922, 500.372, 456.41, 489.885, 486.314, 517.152, 424.688, 407.986, 452.856, 488.661, 389.995, 526.403, 425.7, 464.673, 415.079, 517.744, 438.175, 396.068, 410.531, 444.942, 413.156, 448.42, 425.806, 384.708]] 
RATE (RPS) =====================================: 69

[[406.325, 420.903, 459.62, 396.641, 423.697, 449.888, 467.369, 503.572, 476.975, 443.521, 552.613, 424.331, 501.133, 398.678, 436.992, 522.618, 498.658, 421.671, 414.776, 485.184, 554.285, 610.121, 453.998, 415.084, 443.311, 481.341, 612.357, 625.966, 660.241, 476.428, 492.45, 673.579, 426.12, 459.81, 502.007, 549.763, 437.964, 458.418, 475.489, 518.56, 508.901, 484.407, 461.322, 426.271, 560.107, 461.272, 441.173, 468.164, 476.841, 534.999, 461.854, 454.621, 451.087, 466.324, 444.216, 476.761, 412.21, 457.427, 439.653, 421.639, 437.847, 602.372, 434.673, 420.953, 608.338, 443.376, 395.995, 456.716, 436.513]] 
RATE (RPS) =====================================: 69

[[432.43, 452.876, 433.098, 524.589, 498.445, 444.63, 532.963, 603.576, 638.958, 667.414, 432.703, 682.632, 614.321, 506.646, 677.445, 619.611, 527.271, 568.187, 720.796, 670.149, 670.532, 741.898, 784.072, 560.466, 644.397, 807.56, 662.959, 588.051, 645.834, 813.296, 519.601, 551.944, 576.896, 531.105, 624.957, 585.35, 661.597, 576.189, 560.721, 596.408, 591.645, 734.616, 555.111, 529.31, 756.179, 623.907, 563.841, 540.089, 593.813, 533.576, 606.893, 503.523, 507.648, 674.892, 517.143, 483.337, 604.869, 512.641, 535.594, 601.129, 446.138, 532.855, 444.531, 473.829, 475.264, 598.524, 489.396, 414.706, 521.508]] 
RATE (RPS) =====================================: 69

[[425.674, 447.362, 442.539, 431.143, 438.514, 475.323, 484.705, 509.558, 537.596, 432.776, 420.867, 547.224, 409.765, 394.278, 457.328, 451.353, 488.526, 557.34, 547.037, 412.213, 499.116, 398.351, 461.689, 439.346, 491.419, 525.828, 438.139, 536.057, 481.228, 537.329, 440.892, 564.421, 606.418, 464.501, 505.35, 634.473, 566.055, 677.691, 509.883, 433.471, 565.454, 451.506, 396.258, 581.02, 423.128, 620.265, 473.209, 642.573, 709.682, 450.714, 474.795, 438.155, 490.396, 721.278, 650.84, 480.019, 436.58, 426.409, 674.498, 478.105, 436.189, 464.529, 424.055, 463.301, 713.924, 652.936, 421.478, 424.539, 450.611]] 
RATE (RPS) =====================================: 69

[[426.011, 480.542, 409.621, 493.452, 416.998, 390.777, 420.196, 453.148, 510.399, 413.299, 433.507, 430.393, 450.45, 481.732, 417.981, 400.334, 426.659, 445.623, 463.725, 481.592, 496.155, 521.013, 508.077, 479.915, 471.711, 508.884, 477.482, 489.79, 524.164, 542.555, 474.15, 488.917, 552.745, 457.495, 539.915, 465.576, 602.223, 556.53, 425.66, 429.108, 581.552, 655.839, 596.717, 433.821, 498.539, 415.612, 645.548, 468.892, 427.104, 396.839, 636.755, 409.522, 414.586, 420.225, 431.627, 409.015, 420.463, 531.289, 401.812, 429.068, 388.893, 400.244, 443.234, 445.714, 408.727, 444.889, 424.29, 456.486, 402.574]] 
RATE (RPS) =====================================: 69

[[445.155, 423.067, 415.117, 406.409, 495.255, 426.934, 429.211, 560.844, 596.347, 474.902, 404.055, 459.247, 412.143, 435.051, 455.085, 573.885, 459.526, 470.154, 611.935, 467.068, 432.609, 403.757, 479.012, 522.946, 416.069, 440.305, 520.672, 486.532, 440.327, 493.111, 420.029, 450.677, 488.214, 452.73, 534.112, 542.637, 430.069, 553.621, 420.883, 485.587, 468.814, 498.674, 501.422, 411.865, 527.824, 448.59, 563.218, 642.968, 450.901, 582.204, 425.392, 438.702, 478.614, 609.86, 405.286, 612.12, 418.669, 457.785, 615.623, 456.728, 535.373, 440.038, 430.75, 418.168, 398.692, 431.524, 446.357, 413.443, 463.132]] 
RATE (RPS) =====================================: 69

[[429.887, 390.225, 478.68, 440.079, 407.67, 417.621, 455.515, 460.565, 415.989, 465.669, 484.565, 448.949, 517.734, 412.147, 456.99, 476.176, 406.32, 445.699, 517.21, 419.964, 428.413, 421.941, 456.3, 544.089, 446.283, 501.64, 437.785, 505.056, 481.468, 512.543, 543.847, 431.239, 485.309, 585.245, 402.765, 613.094, 444.833, 437.833, 628.716, 466.698, 458.429, 662.045, 438.479, 414.58, 460.247, 658.068, 444.691, 406.817, 465.932, 394.783, 440.942, 455.976, 582.432, 437.295, 442.889, 415.418, 547.184, 573.656, 392.015, 391.366, 697.518, 561.523, 593.401, 608.983, 697.187, 775.134, 378.885, 398.446, 396.794]] 
RATE (RPS) =====================================: 69

[[393.857, 413.533, 467.61, 420.661, 418.809, 425.341, 393.765, 439.576, 502.116, 531.819, 480.512, 565.748, 420.961, 602.159, 454.155, 485.901, 447.498, 479.96, 389.798, 519.024, 616.998, 659.899, 428.071, 522.084, 390.462, 416.836, 668.326, 543.272, 401.717, 462.701, 447.372, 528.188, 632.658, 451.244, 435.73, 552.246, 643.643, 416.725, 598.51, 437.997, 467.452, 501.712, 487.755, 452.539, 442.79, 468.233, 461.003, 451.937, 478.869, 462.383, 520.315, 425.951, 509.333, 450.659, 409.438, 419.399, 496.966, 526.125, 393.645, 418.872, 533.833, 424.372, 408.059, 540.955, 575.791, 492.563, 581.316, 610.936, 402.12, 403.588]] 
RATE (RPS) =====================================: 70

[[404.261, 402.587, 443.476, 418.867, 475.444, 411.747, 451.44, 485.095, 523.49, 439.444, 461.806, 417.573, 550.619, 426.42, 484.569, 535.06, 537.377, 449.639, 429.372, 494.59, 515.626, 512.262, 575.45, 571.008, 448.581, 527.353, 574.554, 565.503, 440.489, 522.07, 467.766, 563.285, 548.116, 449.921, 420.542, 470.095, 575.46, 435.717, 482.972, 603.072, 481.362, 630.769, 682.034, 465.797, 475.123, 399.002, 663.647, 437.918, 449.12, 458.107, 428.984, 445.09, 475.94, 574.711, 419.607, 616.548, 636.981, 424.049, 404.887, 423.114, 420.416, 556.525, 405.952, 448.836, 477.727, 451.481, 490.656, 458.986, 385.741, 383.597]] 
RATE (RPS) =====================================: 70

[[438.422, 432.907, 435.356, 440.991, 478.259, 508.684, 406.875, 458.716, 470.631, 513.548, 416.131, 519.858, 566.454, 581.178, 432.951, 445.084, 464.418, 505.083, 502.447, 597.533, 523.89, 564.637, 437.17, 584.408, 483.315, 561.13, 627.698, 445.452, 686.35, 470.555, 443.017, 694.161, 732.862, 467.629, 438.5, 457.224, 450.165, 491.799, 484.495, 499.586, 691.841, 512.995, 437.399, 489.583, 481.57, 411.106, 621.558, 645.897, 430.784, 660.153, 419.69, 425.888, 456.786, 444.809, 640.374, 414.426, 471.922, 490.987, 429.207, 614.843, 487.098, 527.795, 611.785, 397.001, 386.142, 418.797, 492.4, 402.464, 454.293, 408.409]] 
RATE (RPS) =====================================: 70

[[439.224, 412.705, 454.842, 397.02, 476.143, 400.719, 448.892, 500.864, 456.42, 424.007, 416.552, 499.967, 410.69, 459.336, 417.157, 456.249, 505.33, 480.051, 467.695, 401.915, 452.607, 486.778, 532.772, 447.353, 484.598, 452.56, 512.961, 428.205, 487.682, 459.203, 513.872, 442.295, 542.995, 472.257, 483.907, 524.878, 543.278, 441.387, 618.821, 414.588, 519.814, 429.078, 666.536, 403.978, 545.285, 453.42, 410.961, 572.71, 419.556, 475.869, 677.093, 721.199, 573.726, 438.236, 456.024, 632.994, 563.613, 470.784, 392.051, 439.237, 508.909, 433.951, 436.191, 484.634, 419.535, 492.015, 405.486, 410.277, 432.915, 453.249]] 
RATE (RPS) =====================================: 70

[[441.719, 473.21, 427.266, 409.815, 399.373, 427.271, 393.803, 481.48, 439.985, 461.602, 413.486, 446.565, 425.378, 424.072, 469.674, 463.085, 429.816, 436.991, 466.502, 398.634, 447.254, 421.306, 445.532, 421.776, 503.153, 434.4, 499.272, 453.17, 441.414, 464.36, 432.215, 459.382, 432.676, 405.333, 451.607, 455.138, 449.681, 493.336, 419.52, 432.971, 465.329, 455.085, 440.124, 483.462, 429.24, 461.144, 462.251, 401.481, 481.483, 420.705, 440.742, 411.482, 429.007, 407.915, 432.603, 464.381, 447.219, 460.561, 417.977, 484.87, 419.829, 400.597, 467.922, 459.071, 394.37, 479.089, 482.591, 473.096, 517.761, 404.637]] 
RATE (RPS) =====================================: 70

[[407.972, 504.543, 390.257, 401.696, 503.137, 429.295, 416.35, 448.865, 418.748, 508.019, 446.071, 453.869, 474.723, 419.398, 480.905, 501.207, 410.152, 454.449, 492.593, 468.019, 427.958, 482.305, 469.593, 489.776, 454.105, 517.714, 536.133, 423.293, 639.028, 453.74, 433.751, 397.099, 653.639, 692.418, 447.552, 470.122, 436.737, 472.044, 513.995, 680.059, 506.37, 712.382, 743.962, 508.724, 445.348, 429.649, 447.241, 454.95, 432.05, 480.767, 554.814, 411.484, 400.322, 479.557, 449.228, 530.791, 546.361, 449.165, 529.731, 411.76, 509.488, 572.671, 427.094, 407.131, 470.084, 426.047, 497.778, 389.974, 459.185, 412.484]] 
RATE (RPS) =====================================: 70

[[424.512, 400.169, 436.365, 390.197, 482.544, 437.258, 416.03, 505.634, 444.478, 450.343, 457.605, 464.861, 512.244, 448.997, 403.647, 394.33, 417.913, 486.104, 429.83, 470.101, 412.769, 489.706, 448.038, 426.563, 540.353, 443.844, 561.252, 454.277, 559.672, 430.581, 480.986, 478.129, 420.524, 508.875, 445.794, 439.126, 486.435, 494.771, 481.128, 421.718, 470.214, 416.148, 461.54, 511.444, 438.406, 421.393, 459.444, 448.74, 428.9, 423.84, 426.719, 461.086, 450.168, 414.504, 398.518, 471.259, 445.186, 398.063, 520.309, 498.108, 469.564, 409.431, 471.472, 468.992, 440.137, 442.785, 455.885, 449.255, 464.309, 404.862]] 
RATE (RPS) =====================================: 70

[[401.981, 413.759, 407.928, 431.194, 433.016, 454.555, 387.944, 552.766, 477.435, 420.201, 577.797, 596.225, 431.199, 418.371, 417.463, 414.588, 440.216, 430.138, 445.867, 456.902, 410.675, 466.721, 404.522, 509.518, 526.543, 585.163, 420.237, 403.463, 434.81, 473.251, 438.728, 485.847, 443.888, 399.061, 411.012, 524.772, 551.96, 516.081, 439.933, 572.722, 440.274, 451.418, 474.775, 498.225, 436.632, 461.532, 492.081, 485.562, 597.679, 521.007, 426.234, 417.296, 553.071, 425.522, 564.397, 430.64, 391.357, 422.556, 396.718, 423.779, 500.345, 534.623, 560.373, 394.914, 575.189, 651.206, 403.44, 422.72, 691.501, 734.386]] 
RATE (RPS) =====================================: 70

[[407.064, 401.735, 413.463, 401.3, 407.693, 454.701, 422.968, 437.615, 445.93, 464.914, 405.822, 432.601, 472.613, 474.161, 493.115, 420.476, 395.038, 466.42, 465.619, 406.864, 433.887, 464.336, 430.705, 510.629, 468.854, 439.281, 438.375, 440.824, 465.45, 483.962, 418.022, 452.858, 448.397, 445.372, 477.305, 509.367, 502.456, 534.234, 424.025, 511.092, 389.222, 443.343, 442.109, 449.199, 447.24, 481.33, 500.058, 407.928, 397.248, 462.072, 404.8, 421.889, 460.25, 435.236, 486.683, 405.58, 383.482, 474.918, 413.86, 391.22, 412.431, 485.445, 425.438, 456.909, 509.667, 383.365, 486.91, 539.121, 399.87, 433.957]] 
RATE (RPS) =====================================: 70

[[409.838, 412.645, 419.644, 431.953, 405.189, 410.06, 416.779, 499.403, 448.279, 433.866, 427.101, 421.971, 445.605, 530.135, 395.93, 550.681, 414.992, 442.533, 395.654, 467.1, 529.022, 452.011, 489.318, 470.231, 512.421, 417.409, 525.799, 421.627, 418.14, 471.757, 509.532, 436.539, 508.039, 437.628, 478.219, 539.577, 509.011, 458.441, 630.529, 405.484, 409.034, 667.639, 437.395, 646.634, 521.382, 481.526, 584.788, 666.344, 589.479, 707.606, 605.675, 720.137, 439.983, 750.909, 470.49, 769.506, 609.082, 487.515, 448.001, 508.39, 613.42, 498.359, 559.483, 424.053, 455.638, 600.036, 462.944, 529.009, 483.46, 518.903]] 
RATE (RPS) =====================================: 70

average response time [0]408.254
average response time [1]386.974
average response time [2]385.431
average response time [3]381.429
average response time [4]386.796
average response time [5]384.859
average response time [6]386.896
average response time [7]400.533
average response time [8]382.16
average response time [9]392.873
TOTAL AVERAGE RESPONSE TIME ====================: 389.62050000000005
NUMBER OF THREADS ==============================: 1
TOTAL AVERAGE RATE (RPS) =====================================: 1.0
NUMBER OF REPLICAS USED ================================================= 1
average response time [10]411.369
average response time [11]409.92650000000003
average response time [12]413.072
average response time [13]405.707
average response time [14]416.53499999999997
average response time [15]409.262
average response time [16]432.315
average response time [17]416.201
average response time [18]412.081
average response time [19]411.508
TOTAL AVERAGE RESPONSE TIME ====================: 413.7976500000001
NUMBER OF THREADS ==============================: 2
TOTAL AVERAGE RATE (RPS) =====================================: 2.0
NUMBER OF REPLICAS USED ================================================= 1
average response time [20]444.32
average response time [21]485.2325
average response time [22]448.9925
average response time [23]446.67825
average response time [24]474.28825
average response time [25]459.5075
average response time [26]444.55425
average response time [27]504.20825
average response time [28]479.19100000000003
average response time [29]445.25225
TOTAL AVERAGE RESPONSE TIME ====================: 463.22247500000014
NUMBER OF THREADS ==============================: 4
TOTAL AVERAGE RATE (RPS) =====================================: 4.0
NUMBER OF REPLICAS USED ================================================= 1
average response time [30]553.51275
average response time [31]544.647125
average response time [32]528.93975
average response time [33]524.929125
average response time [34]578.317
average response time [35]549.129875
average response time [36]525.43475
average response time [37]517.029125
average response time [38]563.40725
average response time [39]562.8905
TOTAL AVERAGE RESPONSE TIME ====================: 544.823725
NUMBER OF THREADS ==============================: 8
TOTAL AVERAGE RATE (RPS) =====================================: 8.0
NUMBER OF REPLICAS USED ================================================= 1
average response time [40]722.27325
average response time [41]737.62825
average response time [42]736.374
average response time [43]691.531125
average response time [44]697.737
average response time [45]721.2103125
average response time [46]754.2818125
average response time [47]727.0400625
average response time [48]661.7983125
average response time [49]733.8385
TOTAL AVERAGE RESPONSE TIME ====================: 718.3712625000001
NUMBER OF THREADS ==============================: 16
TOTAL AVERAGE RATE (RPS) =====================================: 14.9
NUMBER OF REPLICAS USED ================================================= 2
average response time [50]1017.600625
average response time [51]1099.20575
average response time [52]1150.235
average response time [53]1087.47253125
average response time [54]1096.73628125
average response time [55]640.6479375
average response time [56]696.0635
average response time [57]752.5232380952381
average response time [58]745.13895
average response time [59]659.3865
TOTAL AVERAGE RESPONSE TIME ====================: 894.5010313095239
NUMBER OF THREADS ==============================: 32
TOTAL AVERAGE RATE (RPS) =====================================: 22.3
NUMBER OF REPLICAS USED ================================================= 3
average response time [60]818.16875
average response time [61]900.4633870967742
average response time [62]853.8107692307692
average response time [63]1163.6749736842105
average response time [64]1031.4661842105263
average response time [65]584.3446666666666
average response time [66]636.660947368421
average response time [67]487.773
average response time [68]461.5338125
average response time [69]619.49675
TOTAL AVERAGE RESPONSE TIME ====================: 755.7393240757368
NUMBER OF THREADS ==============================: 64
TOTAL AVERAGE RATE (RPS) =====================================: 56.8
NUMBER OF REPLICAS USED ================================================= 6
average response time [70]545.7797272727273
average response time [71]689.6087894736842
average response time [72]595.312125
average response time [73]598.2518235294118
average response time [74]478.65984615384616
average response time [75]587.7011052631578
average response time [76]442.1283846153846
average response time [77]420.3557272727273
average response time [78]621.3903333333334
average response time [79]483.4055925925926
TOTAL AVERAGE RESPONSE TIME ====================: 546.2593454506865
NUMBER OF THREADS ==============================: 65
TOTAL AVERAGE RATE (RPS) =====================================: 64.8
NUMBER OF REPLICAS USED ================================================= 6
average response time [80]450.73986666666667
average response time [81]468.7917727272727
average response time [82]430.21084
average response time [83]509.53125
average response time [84]464.74427272727274
average response time [85]526.5246666666667
average response time [86]449.1927
average response time [87]533.0209583333333
average response time [88]441.06729411764707
average response time [89]427.9504
TOTAL AVERAGE RESPONSE TIME ====================: 470.1774021238859
NUMBER OF THREADS ==============================: 66
TOTAL AVERAGE RATE (RPS) =====================================: 66.0
NUMBER OF REPLICAS USED ================================================= 6
average response time [90]489.1115161290323
average response time [91]438.79048387096776
average response time [92]437.93375757575757
average response time [93]437.15736
average response time [94]520.644
average response time [95]466.5710555555556
average response time [96]436.43708571428573
average response time [97]459.3395769230769
average response time [98]451.50336666666664
average response time [99]1136.7466
TOTAL AVERAGE RESPONSE TIME ====================: 527.4234802435343
NUMBER OF THREADS ==============================: 67
TOTAL AVERAGE RATE (RPS) =====================================: 65.7
NUMBER OF REPLICAS USED ================================================= 6
average response time [100]952.5384838709678
average response time [101]490.78425
average response time [102]623.8180147058823
average response time [103]548.936544117647
average response time [104]531.1316176470589
average response time [105]483.54289705882354
average response time [106]468.9648970588235
average response time [107]541.2000294117647
average response time [108]532.6771764705883
average response time [109]496.9753088235294
TOTAL AVERAGE RESPONSE TIME ====================: 567.0569219165084
NUMBER OF THREADS ==============================: 68
TOTAL AVERAGE RATE (RPS) =====================================: 65.4
NUMBER OF REPLICAS USED ================================================= 6
average response time [110]469.23672463768116
average response time [111]491.39195652173913
average response time [112]476.1589420289855
average response time [113]454.4754782608696
average response time [114]477.949115942029
average response time [115]578.5373913043478
average response time [116]500.8583188405797
average response time [117]468.0924637681159
average response time [118]475.7684782608696
average response time [119]482.80965217391304
TOTAL AVERAGE RESPONSE TIME ====================: 487.527852173913
NUMBER OF THREADS ==============================: 69
TOTAL AVERAGE RATE (RPS) =====================================: 69.0
NUMBER OF REPLICAS USED ================================================= 6
average response time [120]481.8055857142857
average response time [121]485.50607142857143
average response time [122]499.1081571428571
average response time [123]477.2585857142857
average response time [124]444.1321
average response time [125]480.2560142857143
average response time [126]453.4054857142857
average response time [127]474.39862857142856
average response time [128]446.0046142857143
average response time [129]500.9558857142857
TOTAL AVERAGE RESPONSE TIME ====================: 474.2831128571428
NUMBER OF THREADS ==============================: 70
TOTAL AVERAGE RATE (RPS) =====================================: 70.0
NUMBER OF REPLICAS USED ================================================= 6
average response time sent to Stackdriver [0]448.9925
average response time sent to Stackdriver [1]517.029125
average response time sent to Stackdriver [2]754.2818125
average response time sent to Stackdriver [3]1150.235
average response time sent to Stackdriver [4]659.3865
average response time sent to Stackdriver [5]1031.4661842105263
average response time sent to Stackdriver [6]595.312125
average response time sent to Stackdriver [7]450.73986666666667
average response time sent to Stackdriver [8]441.06729411764707
average response time sent to Stackdriver [9]436.43708571428573
average response time sent to Stackdriver [10]623.8180147058823
average response time sent to Stackdriver [11]469.23672463768116
average response time sent to Stackdriver [12]475.7684782608696
average response time sent to Stackdriver [13]480.2560142857143
NUMBER OF THREADS: [1, 2, 4, 8, 16, 32, 64, 65, 66, 67, 68, 69, 70]
WORKLOAD: HFU_LV;  
TOTAL EXECUTION TIME (Concurrent Parallel Requests): 150470.178


