[[400.427, 424.131, 382.667, 390.838, 381.769, 363.599, 380.454, 362.91, 364.591, 420.278, 416.087, 387.605, 379.936, 381.224, 375.106, 365.964, 390.499, 357.395, 378.538, 455.015, 367.875, 415.905, 432.161, 394.36, 411.103, 398.974, 369.822, 379.727, 379.054, 369.178, 382.251, 376.567, 407.387, 391.459, 411.262, 410.012, 385.077, 371.571, 396.069, 444.958, 453.434, 391.228, 437.835, 342.445, 426.115, 355.472, 457.599, 362.474, 424.43, 421.133, 417.832, 396.26, 345.94, 423.419, 412.766, 388.597, 380.393, 376.121, 368.57, 345.521, 359.641, 367.61, 346.021, 383.255, 409.621, 365.487, 348.07, 450.212, 443.042, 362.424, 382.522, 370.485, 358.617, 363.514, 367.902, 391.611, 408.432, 392.376, 363.021, 376.924, 367.941, 381.812, 385.039, 399.454, 377.457, 375.952, 366.398, 365.615, 349.684, 357.091, 362.476, 428.916, 355.578, 392.122, 381.448, 435.738, 353.719, 422.753, 421.934, 374.294, 362.982, 385.964, 377.624, 361.708, 396.122, 379.631, 366.942, 354.997, 440.104, 405.934, 395.26, 379.974, 351.452, 411.31, 408.447, 367.295, 365.149, 419.426, 340.717, 392.815, 361.275, 402.03, 390.409, 354.074, 369.683, 349.207, 398.294, 355.482, 365.547, 349.996, 439.4, 355.578, 347.875, 370.7, 361.975, 362.688, 340.629, 342.192, 332.506, 333.457, 337.109, 345.945, 331.587, 333.509, 339.92, 367.487, 343.818, 384.263, 337.862, 335.383]] 
AVERAGE RESPONSE TIME: 381.6755333333333
NUMBER OF THREADS: [150]
WORKLOAD: LV_HF; PAL CONFIG: cache; NUMBER OF REPLICAS: 5 
TOTAL EXECUTION TIME (Concurrent Parallel Requests): 2476.569


[[373.205, 368.092, 407.063, 399.045, 394.039, 404.567, 383.896, 376.348, 374.324, 364.964, 381.515, 355.655, 353.854, 370.815, 359.337, 354.132, 355.397, 356.028, 361.735, 352.798, 350.821, 359.491, 373.184, 365.827, 382.838, 406.713, 351.871, 370.949, 397.583, 367.002, 393.736, 384.076, 362.867, 370.598, 378.699, 366.971, 359.207, 365.804, 384.268, 394.299, 386.274, 377.295, 353.731, 383.553, 404.775, 383.553, 448.184, 426.698, 370.323, 430.447, 441.437, 402.043, 380.683, 405.368, 379.176, 371.19, 392.325, 377.291, 380.582, 369.651, 387.517, 390.925, 382.294, 404.767, 387.21, 380.748, 393.438, 381.61, 394.45, 368.223, 393.942, 397.177, 424.985, 406.286, 388.92, 404.071, 422.694, 391.358, 381.445, 376.279, 379.976, 372.957, 378.211, 359.504, 537.669, 404.546, 504.686, 387.319, 390.468, 454.372, 471.21, 432.995, 395.154, 398.478, 404.925, 385.378, 430.455, 407.135, 405.476, 379.785, 363.861, 344.526, 355.693, 374.336, 401.285, 381.363, 349.236, 392.941, 386.26, 359.675, 376.768, 373.769, 366.292, 395.047, 357.654, 372.709, 349.701, 379.797, 356.109, 357.022, 371.834, 405.246, 364.77, 373.394, 491.163, 445.786, 382.181, 440.838, 375.219, 431.946, 406.408, 376.701, 390.28, 352.43, 401.512, 437.153, 409.445, 406.606, 393.908, 401.551, 382.368, 358.566, 349.318, 364.024, 377.232, 394.739, 426.765, 384.096, 371.656, 372.607]] 
AVERAGE RESPONSE TIME: 387.80677333333335
NUMBER OF THREADS: [150]
WORKLOAD: LV_HF; PAL CONFIG: cache; NUMBER OF REPLICAS: 5 
TOTAL EXECUTION TIME (Concurrent Parallel Requests): 2389.89


[[400.136, 363.036, 365.634, 376.605, 359.777, 364.487, 365.663, 353.993, 362.586, 355.358, 352.451, 371.344, 365.739, 363.492, 364.665, 420.074, 368.71, 348.359, 366.686, 362.012, 386.855, 461.079, 380.873, 372.563, 435.616, 375.679, 401.281, 416.343, 407.312, 414.426, 424.698, 414.07, 409.372, 398.69, 410.173, 409.173, 428.696, 406.889, 388.536, 402.464, 385.808, 402.566, 385.535, 386.748, 401.546, 429.711, 414.902, 418.548, 399.411, 423.759, 418.35, 409.075, 399.716, 413.416, 406.234, 395.299, 405.103, 426.037, 433.341, 403.473, 406.038, 407.024, 395.519, 411.473, 460.186, 398.011, 422.206, 392.772, 401.479, 395.349, 387.243, 393.946, 408.02, 432.373, 393.42, 400.339, 432.108, 424.976, 384.646, 386.67, 404.712, 417.195, 381.894, 384.837, 386.821, 376.948, 382.895, 399.609, 397.254, 414.745, 444.488, 415.624, 388.305, 400.07, 476.565, 384.594, 418.442, 392.02, 437.294, 434.433, 405.26, 399.737, 385.587, 386.38, 394.505, 396.274, 450.346, 430.619, 420.69, 390.717, 399.621, 403.236, 460.289, 395.399, 443.146, 425.722, 412.279, 423.692, 398.946, 401.52, 414.713, 455.061, 435.45, 424.068, 400.699, 401.805, 399.641, 384.549, 388.88, 455.863, 448.964, 413.04, 397.188, 388.029, 386.838, 426.667, 431.334, 441.922, 405.301, 418.347, 441.035, 477.533, 403.28, 423.809, 413.717, 395.701, 437.522, 364.692, 392.972, 385.736]] 
AVERAGE RESPONSE TIME: 404.03358
NUMBER OF THREADS: [150]
WORKLOAD: LV_HF; PAL CONFIG: cache; NUMBER OF REPLICAS: 5 
TOTAL EXECUTION TIME (Concurrent Parallel Requests): 2345.861


[[376.241, 389.336, 380.187, 361.068, 388.654, 364.578, 353.703, 372.097, 362.451, 381.676, 403.473, 349.73, 422.023, 393.909, 385.435, 371.468, 438.223, 433.449, 451.02, 429.51, 407.799, 404.21, 431.696, 414.018, 420.252, 416.908, 423.737, 410.754, 406.798, 405.833, 393.027, 385.143, 443.363, 424.259, 418.388, 416.581, 419.055, 446.406, 463.145, 1093.237, 1087.873, 416.327, 397.356, 448.156, 1011.117, 431.058, 402.205, 995.626, 470.502, 438.34, 969.985, 981.57, 398.258, 938.802, 409.819, 434.468, 881.997, 893.933, 387.241, 444.185, 417.736, 426.016, 440.625, 446.833, 404.264, 441.352, 432.625, 397.522, 390.884, 430.658, 424.104, 667.258, 436.713, 398.659, 450.917, 434.183, 440.485, 592.669, 455.065, 472.433, 422.243, 438.419, 430.313, 443.133, 431.486, 465.423, 478.55, 432.227, 445.899, 466.859, 436.869, 455.054, 450.202, 425.57, 435.076, 447.908, 451.075, 424.935, 445.503, 432.169, 468.637, 447.772, 438.877, 458.537, 488.009, 428.95, 452.644, 453.358, 428.698, 414.797, 435.89, 417.925, 438.83, 548.025, 493.058, 503.184, 420.83, 423.707, 413.883, 431.357, 420.528, 410.493, 391.613, 393.627, 369.683, 375.212, 387.938, 378.764, 445.675, 440.3, 420.849, 431.859, 399.093, 386.304, 377.341, 394.667, 391.688, 368.889, 374.614, 381.247, 349.441, 395.228, 357.763, 375.789, 380.842, 397.277, 397.046, 383.947, 375.874, 391.932]] 
AVERAGE RESPONSE TIME: 455.36042
NUMBER OF THREADS: [150]
WORKLOAD: LV_HF; PAL CONFIG: cache; NUMBER OF REPLICAS: 5 
TOTAL EXECUTION TIME (Concurrent Parallel Requests): 2367.967


[[436.902, 442.445, 420.572, 408.647, 396.96, 399.893, 389.611, 395.953, 391.906, 402.427, 396.503, 391.968, 388.966, 390.839, 380.544, 399.211, 417.734, 405.62, 401.65, 398.996, 422.178, 418.032, 405.668, 467.965, 411.992, 432.128, 408.847, 444.163, 389.842, 412.317, 398.455, 377.752, 372.528, 431.396, 399.274, 442.909, 427.126, 404.674, 460.42, 460.633, 446.945, 431.074, 434.875, 412.968, 421.559, 420.925, 413.609, 470.18, 471.708, 448.804, 416.044, 426.722, 412.057, 401.242, 396.986, 441.442, 408.119, 467.608, 444.726, 438.974, 494.733, 453.383, 475.586, 465.595, 458.914, 525.799, 481.123, 420.653, 478.087, 470.669, 474.265, 440.841, 472.221, 437.167, 507.4, 483.327, 493.242, 466.118, 452.193, 465.201, 458.84, 459.987, 448.631, 469.714, 466.873, 456.343, 451.159, 442.269, 459.574, 432.186, 432.552, 430.665, 462.092, 494.981, 523.273, 475.125, 448.82, 513.909, 457.07, 471.896, 451.945, 434.416, 496.825, 484.456, 442.19, 447.428, 469.619, 465.929, 503.997, 439.645, 431.785, 447.979, 532.665, 430.591, 441.385, 474.499, 415.006, 448.673, 410.58, 488.07, 409.214, 479.606, 485.343, 473.057, 429.335, 400.284, 430.063, 428.734, 449.735, 402.466, 444.757, 406.044, 437.776, 423.905, 527.603, 443.307, 418.351, 510.707, 469.744, 486.938, 428.949, 451.465, 469.723, 436.227, 437.974, 417.906, 413.431, 423.979, 416.529, 418.384]] 
AVERAGE RESPONSE TIME: 441.15938666666665
NUMBER OF THREADS: [150]
WORKLOAD: LV_HF; PAL CONFIG: cache; NUMBER OF REPLICAS: 5 
TOTAL EXECUTION TIME (Concurrent Parallel Requests): 2522.709


[[470.058, 478.046, 465.585, 450.868, 450.085, 460.346, 463.237, 458.594, 459.08, 454.418, 449.473, 439.44, 460.844, 450.512, 429.45, 462.419, 451.511, 441.814, 457.296, 443.247, 437.242, 458.918, 451.625, 489.978, 469.942, 474.219, 431.656, 456.127, 436.583, 471.712, 485.323, 441.392, 463.837, 477.81, 469.685, 468.91, 439.799, 446.797, 483.66, 453.746, 420.707, 462.202, 423.169, 461.213, 478.037, 471.332, 474.068, 451.236, 444.658, 489.296, 421.232, 452.124, 487.138, 528.461, 535.69, 488.679, 518.395, 460.572, 455.441, 454.644, 449.84, 478.156, 456.315, 439.857, 447.094, 516.264, 470.402, 487.465, 502.773, 463.734, 444.479, 450.308, 487.587, 455.245, 457.763, 456.568, 478.205, 459.361, 447.31, 428.831, 439.288, 452.637, 428.937, 441.62, 429.704, 443.475, 459.897, 484.771, 442.082, 445.301, 425.818, 447.602, 442.795, 490.287, 438.115, 448.337, 448.189, 501.409, 442.052, 473.849, 459.364, 442.273, 492.038, 436.506, 468.011, 444.7, 496.587, 456.189, 461.678, 510.461, 429.692, 437.907, 453.739, 450.481, 445.183, 453.015, 460.965, 438.702, 448.78, 431.491, 448.596, 437.728, 450.672, 447.12, 480.684, 434.096, 451.973, 449.978, 443.274, 444.952, 466.391, 461.295, 437.47, 446.245, 461.892, 462.167, 458.293, 505.164, 475.522, 480.268, 447.837, 468.287, 462.382, 496.32, 457.131, 459.855, 463.876, 448.72, 476.334, 451.63]] 
AVERAGE RESPONSE TIME: 459.20809333333335
NUMBER OF THREADS: [150]
WORKLOAD: LV_HF; PAL CONFIG: cache; NUMBER OF REPLICAS: 5 
TOTAL EXECUTION TIME (Concurrent Parallel Requests): 2417.816


