[[409.797]] 
RATE (RPS) =====================================: 1

[[345.351]] 
RATE (RPS) =====================================: 1

[[346.255]] 
RATE (RPS) =====================================: 1

[[385.753]] 
RATE (RPS) =====================================: 1

[[1090.522]] 
RATE (RPS) =====================================: 0

[[380.319]] 
RATE (RPS) =====================================: 1

[[374.235]] 
RATE (RPS) =====================================: 1

[[338.09]] 
RATE (RPS) =====================================: 1

[[358.391]] 
RATE (RPS) =====================================: 1

[[382.009]] 
RATE (RPS) =====================================: 1

[[350.309, 355.733]] 
RATE (RPS) =====================================: 2

[[355.581, 349.134]] 
RATE (RPS) =====================================: 2

[[384.587, 382.69]] 
RATE (RPS) =====================================: 2

[[357.854, 342.684]] 
RATE (RPS) =====================================: 2

[[351.806, 348.773]] 
RATE (RPS) =====================================: 2

[[341.322, 340.727]] 
RATE (RPS) =====================================: 2

[[390.149, 386.047]] 
RATE (RPS) =====================================: 2

[[351.866, 347.681]] 
RATE (RPS) =====================================: 2

[[362.326, 346.216]] 
RATE (RPS) =====================================: 2

[[420.881, 465.772]] 
RATE (RPS) =====================================: 2

[[339.774, 358.368, 352.768, 350.604]] 
RATE (RPS) =====================================: 4

[[343.778, 354.739, 367.658, 361.513]] 
RATE (RPS) =====================================: 4

[[369.906, 349.321, 338.625, 342.922]] 
RATE (RPS) =====================================: 4

[[392.561, 391.389, 391.701, 381.373]] 
RATE (RPS) =====================================: 4

[[340.804, 346.469, 352.707, 350.238]] 
RATE (RPS) =====================================: 4

[[341.579, 343.608, 343.644, 342.263]] 
RATE (RPS) =====================================: 4

[[348.686, 354.441, 344.959, 341.726]] 
RATE (RPS) =====================================: 4

[[377.483, 373.691, 370.74, 370.343]] 
RATE (RPS) =====================================: 4

[[353.024, 350.815, 346.318, 353.011]] 
RATE (RPS) =====================================: 4

[[347.402, 348.01, 339.795, 343.338]] 
RATE (RPS) =====================================: 4

[[407.774, 391.745, 396.205, 389.834, 387.33, 395.032, 382.675, 372.3]] 
RATE (RPS) =====================================: 8

[[346.721, 346.841, 354.297, 364.039, 348.039, 354.178, 360.98, 355.118]] 
RATE (RPS) =====================================: 8

[[360.652, 350.333, 346.594, 354.485, 343.79, 357.103, 343.899, 345.717]] 
RATE (RPS) =====================================: 8

[[350.373, 339.854, 346.258, 343.683, 341.122, 345.139, 346.92, 402.063]] 
RATE (RPS) =====================================: 8

[[361.119, 361.361, 355.313, 360.793, 354.568, 353.468, 364.156, 348.697]] 
RATE (RPS) =====================================: 8

[[337.927, 355.373, 341.897, 344.214, 345.957, 362.415, 358.282, 345.26]] 
RATE (RPS) =====================================: 8

[[353.866, 367.862, 360.103, 372.458, 358.065, 373.206, 361.021, 354.431]] 
RATE (RPS) =====================================: 8

[[386.168, 402.15, 385.243, 384.198, 375.479, 379.051, 383.89, 370.35]] 
RATE (RPS) =====================================: 8

[[362.156, 353.751, 345.498, 362.511, 379.4, 353.699, 350.496, 359.649]] 
RATE (RPS) =====================================: 8

[[367.479, 342.967, 355.789, 340.776, 353.305, 365.76, 366.257, 907.012]] 
RATE (RPS) =====================================: 8

[[417.913, 408.046, 385.708, 386.282, 392.15, 390.947, 387.548, 392.482, 388.633, 376.101, 387.879, 373.772, 372.184, 372.238, 373.014, 371.758]] 
RATE (RPS) =====================================: 16

[[378.304, 372.226, 367.976, 343.004, 364.465, 358.643, 355.881, 358.662, 375.489, 352.35, 365.741, 349.591, 366.002, 352.996, 353.715, 353.005]] 
RATE (RPS) =====================================: 16

[[376.611, 373.326, 351.128, 357.55, 358.567, 354.857, 357.834, 353.19, 349.181, 383.908, 353.117, 378.129, 439.621, 371.431, 372.605, 349.023]] 
RATE (RPS) =====================================: 16

[[343.724, 355.817, 344.984, 348.447, 346.018, 357.078, 340.816, 343.196, 352.647, 359.485, 362.983, 353.52, 355.322, 346.834, 347.932, 343.118]] 
RATE (RPS) =====================================: 16

[[350.651, 362.909, 345.788, 346.48, 350.065, 348.51, 344.496, 352.507, 359.827, 353.357, 361.958, 358.219, 357.972, 358.032, 351.061, 351.368]] 
RATE (RPS) =====================================: 16

[[342.456, 355.058, 345.769, 354.196, 346.696, 406.407, 393.422, 417.784, 390.475, 393.907, 381.823, 386.881, 379.127, 390.853, 390.976, 374.758]] 
RATE (RPS) =====================================: 16

[[358.683, 354.936, 359.79, 363.153, 348.339, 349.537, 351.502, 354.06, 351.206, 377.59, 345.343, 364.729, 366.51, 372.505, 369.224, 360.257]] 
RATE (RPS) =====================================: 16

[[357.779, 343.802, 356.5, 347.64, 347.299, 344.561, 346.223, 347.71, 378.043, 353.287, 375.019, 364.465, 360.97, 359.854, 362.555, 347.517]] 
RATE (RPS) =====================================: 16

[[394.228, 391.367, 396.104, 395.515, 388.643, 386.766, 386.135, 384.509, 379.461, 375.303, 373.054, 376.391, 365.931, 375.781, 366.356, 376.082]] 
RATE (RPS) =====================================: 16

[[373.399, 363.849, 347.345, 346.346, 349.859, 350.705, 350.492, 361.504, 346.785, 387.904, 353.333, 363.007, 377.539, 357.159, 368.188, 347.427]] 
RATE (RPS) =====================================: 16

[[346.878, 356.315, 338.372, 347.883, 366.708, 368.682, 360.382, 369.277, 371.474, 361.162, 362.058, 350.614, 354.226, 352.341, 357.656, 346.609, 349.749, 363.041, 353.035, 338.014, 352.867, 350.501, 349.36, 376.867, 362.051, 347.743, 344.343, 392.95, 345.356, 377.948, 372.837, 364.456]] 
RATE (RPS) =====================================: 32

[[385.431, 383.099, 383.281, 385.168, 380.569, 378.521, 381.079, 376.074, 385.147, 368.267, 364.574, 373.418, 371.441, 376.802, 374.215, 354.06, 355.785, 377.218, 376.881, 345.673, 351.724, 352.708, 380.309, 347.096, 354.52, 353.764, 356.947, 362.25, 377.996, 358.457, 370.651, 352.406]] 
RATE (RPS) =====================================: 32

[[354.019, 347.859, 378.274, 387.522, 373.94, 359.893, 371.82, 371.394, 356.752, 361.585, 374.159, 364.003, 351.902, 362.257, 360.336, 367.974, 350.304, 363.278, 364.338, 361.07, 358.531, 352.052, 355.855, 359.603, 356.506, 353.341, 396.287, 371.543, 356.01, 363.271, 352.806, 360.014]] 
RATE (RPS) =====================================: 32

[[406.663, 395.278, 401.437, 390.691, 385.413, 387.51, 387.019, 383.397, 389.389, 373.042, 371.913, 371.485, 383.327, 364.816, 366.276, 364.983, 366.964, 362.006, 359.329, 377.203, 353.142, 357.062, 366.302, 370.528, 343.705, 345.244, 360.16, 369.342, 344.927, 378.627, 357.951, 355.077]] 
RATE (RPS) =====================================: 32

[[356.855, 372.662, 358.53, 362.416, 352.951, 387.528, 383.548, 383.102, 387.881, 367.678, 381.107, 369.845, 357.687, 390.258, 362.285, 367.998, 373.183, 346.206, 388.871, 383.671, 383.199, 366.263, 375.531, 375.317, 358.54, 364.928, 376.631, 354.116, 370.171, 357.702, 370.743, 359.974]] 
RATE (RPS) =====================================: 32

[[363.763, 370.156, 365.57, 364.353, 369.656, 354.679, 368.389, 380.161, 360.325, 365.098, 382.949, 373.989, 361.197, 354.645, 370.873, 373.537, 366.332, 374.259, 368.952, 365.631, 364.244, 365.077, 357.66, 427.716, 406.05, 410.904, 407.787, 395.466, 398.284, 401.529, 399.468, 386.97]] 
RATE (RPS) =====================================: 32

[[361.296, 355.822, 357.41, 358.658, 379.466, 356.632, 362.547, 345.952, 376.262, 351.769, 377.665, 348.765, 356.915, 372.189, 361.107, 370.18, 372.166, 386.823, 365.909, 352.615, 358.156, 352.692, 369.428, 356.98, 365.626, 361.477, 388.202, 357.749, 371.365, 349.608, 347.005, 354.922]] 
RATE (RPS) =====================================: 32

[[351.407, 374.369, 367.468, 375.81, 353.492, 371.614, 366.057, 376.049, 354.628, 356.735, 401.988, 390.206, 378.983, 343.124, 357.478, 356.235, 363.581, 360.263, 363.17, 364.147, 351.424, 366.658, 371.248, 369.003, 375.649, 375.125, 364.395, 363.725, 360.545, 368.614, 360.416, 1415.516]] 
RATE (RPS) =====================================: 31

[[370.637, 382.804, 350.175, 388.035, 492.316, 377.297, 382.68, 378.979, 364.236, 460.489, 479.698, 458.619, 466.655, 464.217, 474.266, 459.453, 463.135, 454.327, 459.139, 464.26, 449.642, 453.613, 465.274, 445.65, 444.25, 449.291, 453.735, 439.489, 445.887, 443.611, 439.982, 419.749]] 
RATE (RPS) =====================================: 32

[[352.853, 366.067, 349.654, 350.302, 373.2, 376.452, 342.918, 358.304, 388.062, 355.094, 357.849, 373.524, 356.019, 351.445, 358.791, 354.194, 359.466, 383.35, 356.913, 361.721, 347.663, 360.439, 375.127, 376.748, 383.809, 364.668, 365.69, 370.493, 369.552, 357.261, 361.63, 359.516]] 
RATE (RPS) =====================================: 32

[[397.052, 388.149, 367.143, 379.725, 379.886, 381.594, 373.87, 365.702, 366.207, 410.558, 386.452, 363.312, 371.821, 375.005, 352.385, 358.182, 372.19, 377.747, 398.006, 375.134, 377.974, 358.222, 373.454, 382.025, 367.034, 347.657, 363.185, 423.423, 394.196, 388.696, 398.934, 383.848, 380.449]] 
RATE (RPS) =====================================: 33

[[375.185, 379.969, 385.962, 372.006, 374.18, 367.608, 381.455, 360.056, 366.456, 360.985, 393.088, 389.627, 368.436, 355.013, 357.681, 369.032, 373.841, 367.638, 393.476, 371.623, 367.069, 370.186, 362.391, 361.116, 360.912, 373.532, 356.776, 375.34, 362.294, 358.507, 364.147, 364.793, 374.119]] 
RATE (RPS) =====================================: 33

[[368.508, 346.175, 346.575, 356.681, 366.696, 350.499, 362.972, 385.825, 394.553, 364.862, 372.08, 400.089, 364.787, 380.077, 392.087, 362.964, 370.728, 368.715, 375.159, 365.916, 366.89, 401.943, 361.724, 369.823, 353.988, 364.625, 381.203, 378.105, 358.0, 364.818, 372.078, 353.965, 355.533]] 
RATE (RPS) =====================================: 33

[[403.333, 388.26, 379.59, 382.888, 387.623, 396.803, 384.639, 406.798, 401.268, 369.708, 389.403, 381.67, 368.27, 374.794, 369.363, 398.968, 363.035, 354.933, 436.957, 379.387, 419.257, 367.19, 395.734, 366.584, 375.068, 392.8, 378.229, 362.694, 369.056, 411.812, 404.164, 384.056, 401.713]] 
RATE (RPS) =====================================: 33

[[374.8, 365.514, 386.549, 383.33, 384.389, 385.066, 380.392, 381.832, 372.347, 410.75, 409.501, 384.795, 386.53, 402.188, 393.6, 374.666, 388.046, 378.731, 388.736, 381.67, 375.026, 387.965, 379.759, 355.908, 365.82, 362.952, 369.916, 370.01, 403.81, 400.59, 370.27, 354.567, 363.35]] 
RATE (RPS) =====================================: 33

[[414.17, 415.739, 413.254, 400.764, 404.031, 413.398, 411.33, 394.07, 405.883, 393.899, 383.693, 388.771, 415.573, 388.064, 376.461, 377.681, 376.327, 390.273, 381.342, 386.583, 377.945, 390.938, 374.832, 365.271, 378.088, 362.747, 368.208, 378.212, 376.197, 381.599, 368.433, 364.353, 364.74]] 
RATE (RPS) =====================================: 33

[[358.941, 366.342, 367.27, 364.676, 361.063, 366.201, 359.827, 390.523, 356.695, 375.213, 364.752, 381.392, 370.015, 370.547, 366.249, 399.765, 389.547, 392.777, 369.464, 399.502, 377.04, 367.99, 371.695, 365.387, 370.29, 370.429, 375.266, 356.89, 353.183, 357.81, 373.784, 374.978, 364.018]] 
RATE (RPS) =====================================: 33

[[363.409, 433.706, 435.127, 425.821, 425.084, 412.413, 419.167, 417.372, 416.8, 414.032, 417.601, 408.763, 421.447, 397.871, 408.378, 404.221, 418.257, 395.517, 391.829, 396.374, 397.904, 387.117, 394.996, 383.586, 385.022, 390.443, 386.253, 383.715, 911.334, 922.752, 909.622, 896.205, 884.168]] 
RATE (RPS) =====================================: 33

[[352.8, 349.181, 355.712, 361.805, 352.771, 355.322, 355.886, 356.338, 354.629, 359.588, 362.755, 368.859, 364.825, 363.333, 363.513, 361.623, 359.96, 357.299, 355.087, 373.034, 353.74, 351.895, 380.787, 366.421, 368.939, 365.355, 368.525, 381.445, 367.82, 363.041, 367.301, 364.568, 363.525]] 
RATE (RPS) =====================================: 33

[[395.347, 390.185, 386.094, 381.349, 380.918, 382.546, 376.864, 382.807, 385.84, 366.543, 366.962, 359.073, 363.016, 367.024, 357.226, 355.479, 375.132, 352.709, 355.809, 344.299, 394.576, 349.979, 361.742, 363.676, 363.54, 352.385, 358.601, 364.061, 370.081, 373.682, 348.829, 350.194, 351.258]] 
RATE (RPS) =====================================: 33

[[388.001, 390.53, 382.605, 396.163, 368.248, 385.438, 383.015, 385.454, 381.736, 367.125, 372.378, 382.158, 372.578, 379.773, 367.985, 376.696, 378.143, 360.125, 384.858, 368.346, 357.958, 345.64, 396.696, 370.603, 384.363, 382.659, 357.452, 351.589, 387.255, 365.002, 385.52, 368.66, 357.766, 366.344]] 
RATE (RPS) =====================================: 34

[[395.302, 398.554, 388.025, 391.816, 386.782, 389.519, 379.385, 375.562, 374.65, 369.848, 371.602, 366.093, 364.186, 368.33, 385.183, 358.412, 359.509, 348.185, 351.537, 362.88, 353.941, 387.624, 398.324, 353.706, 354.25, 348.633, 375.231, 365.078, 365.231, 370.314, 356.49, 373.505, 359.801, 354.507]] 
RATE (RPS) =====================================: 34

[[347.797, 352.271, 372.474, 379.772, 352.352, 354.605, 363.975, 355.515, 365.725, 355.631, 366.26, 348.399, 346.284, 366.571, 373.796, 351.241, 361.145, 348.397, 358.918, 347.712, 363.524, 371.746, 357.633, 370.945, 396.166, 352.643, 365.915, 352.623, 361.808, 370.447, 381.86, 367.347, 376.755, 379.948]] 
RATE (RPS) =====================================: 34

[[379.947, 360.452, 428.221, 433.644, 417.722, 417.943, 410.785, 422.22, 413.68, 418.878, 425.342, 404.605, 416.058, 398.484, 401.367, 400.582, 402.353, 400.943, 390.181, 389.946, 385.672, 382.304, 382.414, 386.332, 378.965, 380.989, 382.675, 361.942, 362.039, 369.421, 364.044, 357.819, 360.419, 1363.642]] 
RATE (RPS) =====================================: 33

[[400.347, 393.092, 396.549, 383.749, 391.635, 466.533, 383.666, 377.77, 377.033, 390.402, 376.592, 369.59, 375.232, 417.083, 365.018, 359.868, 362.135, 361.433, 361.448, 355.667, 351.792, 359.759, 359.836, 353.895, 356.205, 379.632, 364.23, 349.766, 356.825, 362.426, 346.371, 380.911, 367.929, 352.959]] 
RATE (RPS) =====================================: 34

[[343.695, 361.209, 357.986, 357.148, 354.288, 353.18, 372.741, 358.046, 366.693, 351.268, 405.405, 354.337, 351.837, 368.569, 371.488, 362.962, 383.418, 346.698, 359.385, 359.128, 357.992, 357.9, 348.34, 362.703, 350.973, 359.907, 368.512, 359.743, 384.614, 351.912, 357.223, 357.887, 360.542, 362.156]] 
RATE (RPS) =====================================: 34

[[380.534, 387.338, 390.719, 378.073, 373.811, 370.338, 365.587, 374.794, 358.713, 384.398, 362.362, 362.267, 357.175, 372.682, 357.251, 352.132, 361.007, 359.407, 368.534, 354.304, 347.884, 361.327, 348.061, 356.398, 356.965, 360.149, 353.841, 350.583, 375.664, 373.57, 354.563, 361.43, 357.336, 357.99]] 
RATE (RPS) =====================================: 34

[[380.163, 386.797, 392.876, 364.123, 364.281, 362.777, 386.433, 373.744, 377.713, 378.799, 401.385, 388.761, 393.974, 400.113, 394.335, 384.448, 409.555, 370.949, 383.525, 367.559, 367.58, 410.918, 391.842, 365.657, 369.95, 366.342, 387.235, 360.002, 388.551, 371.206, 367.138, 381.617, 362.427, 372.215]] 
RATE (RPS) =====================================: 34

[[364.828, 373.996, 351.904, 357.203, 369.177, 354.51, 373.263, 373.097, 380.012, 377.836, 426.755, 413.922, 403.346, 408.079, 415.268, 398.544, 402.556, 406.631, 403.652, 394.071, 390.617, 387.975, 383.602, 385.923, 373.837, 372.482, 366.529, 360.619, 364.039, 371.823, 351.35, 345.878, 345.385, 351.42]] 
RATE (RPS) =====================================: 34

[[358.146, 390.335, 382.487, 382.401, 372.32, 375.892, 365.738, 372.653, 372.751, 361.173, 369.693, 355.94, 357.55, 365.809, 350.233, 382.8, 368.143, 355.976, 364.785, 357.656, 368.773, 361.064, 353.837, 363.593, 409.218, 355.441, 387.668, 359.496, 343.565, 353.863, 362.453, 348.16, 351.058, 355.107]] 
RATE (RPS) =====================================: 34

[[351.605, 355.933, 362.731, 362.517, 383.257, 383.467, 370.691, 371.382, 370.207, 389.483, 370.704, 367.843, 383.785, 339.746, 437.99, 368.558, 373.171, 421.163, 353.387, 398.584, 400.482, 396.43, 390.728, 382.685, 372.569, 377.021, 368.295, 362.636, 360.291, 355.339, 363.923, 357.753, 360.325, 477.75, 463.768]] 
RATE (RPS) =====================================: 35

[[578.653, 884.644, 580.918, 581.689, 560.364, 559.357, 563.368, 570.617, 549.604, 551.611, 547.689, 542.222, 543.145, 527.409, 534.537, 522.085, 525.141, 513.706, 513.154, 512.012, 512.02, 508.196, 507.115, 497.014, 486.448, 498.234, 501.889, 489.834, 488.943, 485.565, 483.417, 2509.448, 2456.6059999999998, 559.296, 1626.842]] 
RATE (RPS) =====================================: 32

[[679.173, 655.558, 626.359, 624.074, 642.455, 639.027, 619.57, 600.566, 625.33, 598.078, 609.435, 632.807, 608.455, 613.903, 598.66, 613.16, 602.052, 1052.369, 920.85, 987.789, 931.187, 1031.852, 1033.21, 971.381, 1026.563, 1025.686, 958.597, 980.485, 966.668, 1002.468, 932.385, 938.224, 935.213, 950.011, 913.454]] 
RATE (RPS) =====================================: 29

[[367.767, 355.891, 402.106, 364.063, 398.502, 1437.49, 402.283, 1402.703, 1403.785, 373.164, 386.127, 386.627, 940.369, 946.427, 966.827, 946.53, 952.48, 987.782, 942.759, 953.301, 940.202, 957.629, 968.656, 974.101, 941.151, 948.992, 951.887, 962.802, 951.494, 956.613, 953.146, 946.545, 943.526, 942.523, 944.029]] 
RATE (RPS) =====================================: 32

[[368.717, 369.069, 372.479, 376.666, 391.561, 377.169, 384.282, 395.679, 395.053, 377.565, 387.409, 410.719, 388.684, 378.175, 389.739, 390.676, 415.04, 382.635, 391.802, 379.24, 399.646, 412.162, 391.545, 387.539, 394.471, 445.376, 393.131, 395.517, 399.128, 408.297, 395.558, 413.689, 401.124, 407.854, 416.467]] 
RATE (RPS) =====================================: 35

[[384.648, 376.444, 398.932, 374.694, 369.773, 389.644, 388.651, 395.751, 403.667, 392.098, 401.472, 469.269, 395.081, 417.615, 400.064, 452.606, 449.548, 445.287, 443.94, 447.568, 446.102, 444.991, 445.355, 1394.329, 1390.8020000000001, 419.205, 454.039, 443.366, 429.353, 411.346, 430.418, 433.281, 438.442, 441.035, 446.503]] 
RATE (RPS) =====================================: 33

[[423.216, 417.973, 423.961, 432.97, 437.606, 418.163, 431.03, 421.023, 410.982, 410.139, 414.255, 410.208, 409.95, 388.389, 403.748, 412.504, 392.656, 392.963, 380.971, 396.725, 384.587, 373.358, 394.747, 375.142, 368.579, 380.957, 377.473, 373.429, 378.633, 371.082, 355.988, 358.277, 356.607, 354.028, 376.962]] 
RATE (RPS) =====================================: 35

[[351.743, 356.471, 376.652, 415.788, 370.285, 413.995, 400.353, 408.73, 405.029, 386.765, 398.683, 394.507, 406.632, 384.474, 388.92, 391.881, 390.953, 365.118, 401.387, 374.19, 371.047, 392.283, 391.965, 380.434, 373.025, 385.098, 400.406, 416.159, 383.885, 404.005, 395.234, 387.593, 380.85, 375.775, 370.64]] 
RATE (RPS) =====================================: 35

[[383.362, 351.035, 360.802, 371.191, 349.652, 372.25, 423.025, 422.068, 351.113, 404.607, 411.73, 394.129, 395.153, 393.83, 396.84, 397.721, 392.656, 389.92, 386.169, 401.303, 382.309, 369.598, 379.35, 406.723, 387.312, 375.239, 361.703, 360.008, 366.073, 360.437, 367.768, 368.208, 344.113, 352.708, 354.977]] 
RATE (RPS) =====================================: 35

[[351.468, 352.196, 377.055, 356.979, 364.225, 365.856, 360.487, 384.494, 353.154, 379.478, 360.927, 380.043, 363.69, 528.867, 457.087, 481.196, 453.921, 441.282, 451.936, 439.774, 425.933, 447.014, 447.571, 425.885, 391.669, 403.342, 398.425, 417.053, 412.881, 413.664, 402.93, 401.935, 415.814, 394.276, 392.066]] 
RATE (RPS) =====================================: 35

[[348.199, 362.487, 351.907, 355.893, 353.597, 358.295, 357.111, 355.655, 358.198, 373.215, 368.463, 365.767, 360.606, 384.216, 357.21, 357.641, 371.696, 370.641, 351.871, 424.791, 433.203, 416.02, 433.263, 390.836, 395.622, 419.351, 411.457, 402.192, 402.561, 394.281, 390.8, 379.037, 398.857, 398.401, 393.344, 385.329]] 
RATE (RPS) =====================================: 36

[[360.123, 361.978, 416.679, 397.264, 383.404, 385.126, 382.56, 382.735, 386.829, 378.669, 388.424, 390.884, 404.741, 390.192, 375.599, 381.299, 384.819, 374.267, 379.968, 376.759, 359.838, 365.001, 360.681, 360.593, 357.357, 353.985, 360.298, 344.512, 349.986, 348.936, 363.113, 362.925, 369.111, 365.012, 348.194, 353.96]] 
RATE (RPS) =====================================: 36

[[358.257, 390.757, 363.636, 372.165, 391.59, 367.485, 359.004, 362.7, 359.654, 370.356, 372.191, 360.259, 361.665, 364.945, 376.56, 357.47, 393.179, 348.739, 362.979, 362.92, 365.083, 391.123, 367.976, 366.192, 366.147, 355.981, 355.779, 358.502, 377.531, 362.554, 357.364, 359.046, 356.855, 377.805, 427.369, 357.095]] 
RATE (RPS) =====================================: 36

[[374.521, 349.679, 353.246, 366.575, 373.534, 356.453, 372.781, 362.02, 377.748, 375.472, 381.879, 366.745, 364.213, 375.285, 365.856, 378.594, 361.44, 361.206, 361.25, 363.332, 354.28, 366.292, 370.848, 349.711, 365.15, 358.204, 391.07, 357.773, 356.537, 353.353, 353.572, 396.344, 373.882, 366.822, 362.411, 362.436]] 
RATE (RPS) =====================================: 36

[[394.369, 399.378, 359.997, 365.277, 379.362, 373.481, 375.237, 365.518, 371.469, 360.38, 361.808, 361.294, 370.471, 374.099, 360.359, 342.524, 356.912, 355.591, 356.466, 350.787, 360.352, 386.097, 388.617, 390.493, 354.699, 379.644, 376.393, 364.879, 374.184, 372.881, 365.838, 379.993, 366.416, 367.322, 361.332, 345.398]] 
RATE (RPS) =====================================: 36

[[406.882, 398.319, 391.321, 409.117, 387.155, 397.185, 390.824, 376.772, 383.297, 379.388, 407.708, 374.83, 375.418, 381.129, 359.13, 353.289, 365.485, 379.501, 363.946, 364.965, 367.202, 357.198, 366.807, 355.902, 354.604, 362.619, 370.817, 368.391, 351.911, 357.581, 366.016, 366.925, 355.631, 367.338, 360.761, 345.596]] 
RATE (RPS) =====================================: 36

[[357.288, 356.093, 353.75, 375.561, 371.651, 380.64, 373.111, 376.997, 370.885, 375.719, 364.304, 359.496, 391.402, 401.213, 369.487, 387.884, 358.657, 386.787, 371.944, 362.323, 377.521, 388.439, 392.617, 391.538, 397.957, 396.311, 396.54, 391.18, 905.538, 385.223, 384.963, 384.662, 383.63, 382.589, 371.247, 366.787]] 
RATE (RPS) =====================================: 36

[[398.447, 386.089, 385.43, 396.969, 378.879, 386.512, 414.679, 383.738, 366.107, 382.769, 400.374, 406.877, 390.796, 378.747, 389.364, 398.675, 393.479, 385.066, 384.863, 379.218, 381.691, 369.05, 382.752, 376.216, 356.34, 369.567, 389.916, 391.942, 355.498, 355.361, 358.632, 352.932, 368.05, 365.087, 374.362, 364.508]] 
RATE (RPS) =====================================: 36

[[373.924, 363.392, 367.505, 360.739, 357.997, 366.322, 387.017, 358.239, 367.526, 375.208, 363.918, 373.04, 373.304, 351.239, 355.856, 370.893, 358.143, 423.594, 413.08, 409.177, 401.845, 412.51, 396.315, 417.125, 390.193, 398.56, 397.297, 394.661, 370.848, 381.167, 404.285, 374.243, 373.768, 382.561, 366.237, 373.84]] 
RATE (RPS) =====================================: 36

[[363.5, 366.352, 367.668, 382.209, 366.454, 376.183, 371.395, 372.819, 374.302, 362.133, 369.735, 361.28, 360.481, 387.432, 375.022, 376.117, 377.046, 378.42, 365.697, 367.308, 385.33, 365.707, 355.039, 355.543, 361.439, 365.073, 352.119, 371.443, 375.915, 365.457, 368.422, 362.456, 374.68, 374.158, 357.709, 343.036]] 
RATE (RPS) =====================================: 36

[[360.108, 346.745, 365.457, 376.701, 356.91, 362.514, 358.856, 355.838, 375.524, 377.242, 362.502, 368.18, 365.733, 350.325, 367.607, 384.246, 367.133, 354.712, 358.293, 360.819, 370.108, 370.633, 362.479, 360.663, 352.686, 370.831, 348.413, 358.981, 367.117, 352.672, 350.744, 359.849, 350.521, 365.795, 359.885, 360.741, 349.468]] 
RATE (RPS) =====================================: 37

[[416.31, 400.991, 397.575, 400.683, 381.776, 390.576, 381.382, 382.464, 383.856, 379.588, 384.925, 371.474, 375.145, 356.305, 368.168, 380.497, 378.164, 389.644, 374.165, 364.91, 364.331, 384.693, 362.768, 393.228, 365.574, 368.021, 377.802, 379.727, 365.472, 368.64, 367.133, 371.386, 394.403, 355.15, 378.825, 362.09, 350.695]] 
RATE (RPS) =====================================: 37

[[355.562, 350.612, 375.955, 377.216, 363.171, 404.579, 365.736, 360.402, 354.72, 389.504, 381.627, 375.408, 377.035, 386.36, 365.154, 358.718, 341.564, 365.837, 362.104, 366.982, 359.602, 358.434, 364.907, 391.405, 344.654, 380.193, 385.448, 366.732, 367.083, 356.934, 398.24, 387.245, 377.423, 361.987, 374.519, 376.391, 370.27]] 
RATE (RPS) =====================================: 37

[[394.648, 400.325, 387.158, 385.332, 400.057, 384.723, 386.101, 391.553, 389.093, 384.995, 375.216, 379.039, 374.086, 376.267, 371.002, 357.211, 360.534, 372.331, 353.964, 353.648, 353.781, 350.822, 348.813, 357.817, 365.194, 371.157, 341.968, 376.84, 348.555, 351.126, 347.838, 349.852, 359.324, 358.704, 349.787, 355.383, 344.781]] 
RATE (RPS) =====================================: 37

[[411.437, 380.433, 364.698, 372.321, 373.506, 381.09, 367.131, 363.105, 361.485, 361.399, 350.883, 358.875, 371.511, 365.144, 488.016, 357.052, 357.809, 468.117, 486.298, 483.241, 461.597, 499.247, 475.228, 419.582, 487.895, 430.852, 440.594, 400.742, 437.747, 362.65, 382.291, 423.358, 432.366, 421.95, 423.338, 419.971, 418.507]] 
RATE (RPS) =====================================: 37

[[390.242, 390.631, 381.604, 394.609, 377.304, 377.207, 376.209, 374.993, 375.348, 370.757, 384.152, 367.798, 385.301, 383.456, 375.041, 374.988, 384.549, 367.892, 363.869, 362.406, 360.152, 356.627, 376.617, 362.239, 354.621, 360.241, 352.72, 377.686, 362.511, 355.014, 359.703, 407.883, 359.245, 362.167, 363.607, 358.394, 346.514]] 
RATE (RPS) =====================================: 37

[[363.851, 351.045, 361.409, 351.239, 351.49, 365.934, 347.98, 369.07, 366.979, 358.427, 370.047, 358.471, 369.921, 379.745, 381.119, 375.853, 358.979, 367.176, 363.002, 387.949, 355.247, 381.219, 378.279, 368.105, 373.416, 357.72, 381.305, 355.906, 346.478, 392.124, 368.852, 368.06, 344.086, 359.46, 361.757, 368.319, 350.97]] 
RATE (RPS) =====================================: 37

[[404.297, 396.701, 390.81, 394.558, 386.22, 400.675, 374.986, 378.263, 367.906, 368.427, 374.71, 374.204, 354.376, 374.445, 358.293, 348.984, 361.128, 356.06, 361.719, 359.78, 356.74, 361.73, 374.974, 368.352, 345.375, 341.925, 382.585, 347.751, 355.228, 352.814, 365.375, 352.151, 353.672, 351.453, 348.519, 359.211, 347.021]] 
RATE (RPS) =====================================: 37

[[385.383, 348.467, 388.638, 382.456, 376.547, 389.616, 390.916, 395.2, 383.096, 346.011, 378.618, 367.968, 374.584, 387.77, 357.624, 355.183, 355.392, 361.332, 355.605, 351.946, 358.137, 365.302, 345.91, 357.295, 352.909, 373.609, 352.644, 351.646, 353.416, 357.234, 345.302, 358.645, 349.142, 364.485, 374.39, 379.024, 362.751]] 
RATE (RPS) =====================================: 37

[[388.058, 384.988, 386.207, 376.805, 394.275, 369.671, 378.879, 379.567, 375.192, 373.535, 379.655, 396.015, 360.382, 384.329, 352.646, 368.631, 359.982, 368.471, 356.773, 355.795, 363.729, 350.63, 363.332, 350.036, 360.963, 356.514, 369.944, 355.462, 361.905, 358.342, 369.077, 350.225, 349.909, 361.049, 355.17, 352.731, 346.967]] 
RATE (RPS) =====================================: 37

[[345.617, 356.634, 350.894, 353.212, 441.627, 360.594, 354.006, 375.916, 381.036, 369.914, 368.852, 367.723, 369.22, 360.137, 365.806, 367.987, 348.308, 369.506, 373.983, 366.761, 347.569, 357.627, 359.366, 380.619, 355.098, 360.731, 357.671, 359.931, 364.823, 345.135, 373.281, 353.673, 362.765, 390.537, 374.479, 353.282, 353.753, 356.354]] 
RATE (RPS) =====================================: 38

[[352.201, 365.986, 372.364, 356.157, 366.004, 354.694, 353.05, 349.758, 350.011, 389.996, 366.664, 382.58, 361.29, 438.991, 421.396, 410.602, 428.213, 412.773, 415.489, 391.429, 411.993, 398.911, 409.323, 398.548, 392.704, 397.697, 390.745, 402.001, 380.937, 383.068, 378.81, 377.399, 377.392, 377.25, 370.986, 377.493, 364.902, 351.949]] 
RATE (RPS) =====================================: 38

[[364.727, 348.764, 352.17, 356.943, 347.074, 361.731, 362.388, 352.282, 357.767, 370.954, 368.933, 384.155, 359.619, 363.999, 357.21, 363.284, 348.597, 351.347, 371.287, 351.382, 349.838, 372.038, 350.377, 356.653, 365.586, 371.279, 371.425, 394.046, 369.808, 355.144, 375.974, 386.347, 388.407, 396.758, 381.508, 408.831, 377.871, 394.328]] 
RATE (RPS) =====================================: 38

[[353.159, 372.881, 385.591, 367.207, 358.758, 388.253, 355.593, 367.464, 375.208, 387.552, 374.644, 376.768, 377.777, 382.441, 367.117, 368.799, 373.124, 355.704, 356.128, 362.561, 361.771, 419.195, 401.058, 388.037, 394.564, 391.849, 402.596, 385.776, 382.852, 394.356, 384.343, 367.215, 370.896, 374.697, 375.449, 377.031, 369.467, 369.082]] 
RATE (RPS) =====================================: 38

[[346.164, 346.666, 349.663, 364.467, 361.856, 343.013, 352.888, 351.099, 354.793, 377.192, 377.993, 354.26, 361.003, 374.19, 359.604, 361.134, 377.665, 386.52, 389.846, 365.17, 368.583, 355.954, 382.356, 374.801, 364.863, 378.762, 359.326, 377.052, 359.926, 339.558, 353.808, 352.271, 374.66, 348.117, 374.158, 363.364, 339.594, 352.334]] 
RATE (RPS) =====================================: 38

[[456.564, 498.322, 493.657, 492.625, 508.798, 481.375, 488.21, 489.054, 495.721, 471.188, 450.865, 450.907, 434.997, 448.122, 450.384, 426.679, 409.861, 424.862, 415.594, 408.373, 404.241, 409.737, 436.709, 451.123, 448.598, 468.417, 489.918, 459.583, 581.018, 442.519, 460.359, 461.897, 550.117, 552.583, 452.17, 531.74, 522.925, 521.44]] 
RATE (RPS) =====================================: 38

[[352.736, 399.219, 389.896, 398.753, 401.657, 389.354, 367.603, 381.504, 383.954, 374.34, 377.195, 371.636, 392.546, 370.968, 354.495, 362.083, 364.527, 368.508, 373.187, 358.353, 380.87, 388.272, 373.408, 363.479, 365.626, 370.54, 360.107, 357.751, 393.77, 352.965, 365.834, 381.091, 371.869, 367.646, 376.393, 368.182, 361.9, 357.416]] 
RATE (RPS) =====================================: 38

[[366.837, 378.002, 381.974, 384.122, 385.942, 371.816, 372.955, 366.763, 387.616, 401.785, 377.654, 368.889, 375.823, 365.286, 378.719, 382.554, 370.987, 374.989, 357.368, 362.574, 364.909, 373.727, 380.576, 371.192, 357.191, 378.87, 372.976, 377.781, 361.515, 373.681, 373.635, 366.605, 384.72, 391.086, 356.511, 343.982, 363.573, 360.614]] 
RATE (RPS) =====================================: 38

[[405.669, 400.305, 390.108, 387.53, 392.397, 375.265, 381.759, 396.296, 377.215, 376.686, 371.741, 380.25, 368.14, 369.6, 365.725, 373.638, 362.663, 358.667, 393.647, 373.534, 395.176, 372.937, 378.711, 367.848, 380.844, 370.518, 371.59, 366.082, 360.75, 360.243, 376.287, 354.813, 360.81, 375.959, 360.759, 370.349, 366.456, 354.83]] 
RATE (RPS) =====================================: 38

[[379.95, 345.923, 362.413, 355.288, 367.943, 360.209, 385.5, 372.409, 379.537, 344.968, 369.367, 367.423, 367.459, 371.919, 370.061, 367.371, 373.444, 362.576, 367.873, 359.358, 355.181, 357.286, 347.281, 363.479, 346.146, 352.943, 361.002, 355.594, 360.061, 357.57, 349.045, 376.539, 357.897, 348.923, 367.678, 366.916, 358.078, 357.891]] 
RATE (RPS) =====================================: 38

[[411.309, 406.483, 397.751, 395.048, 392.765, 391.169, 388.832, 388.979, 384.08, 395.401, 377.16, 373.879, 388.812, 371.965, 378.261, 397.181, 382.897, 357.75, 369.872, 375.627, 380.577, 369.172, 355.865, 363.551, 361.944, 357.623, 356.561, 358.335, 354.086, 361.262, 349.581, 358.535, 351.164, 356.914, 372.783, 341.312, 353.795, 359.699, 362.105]] 
RATE (RPS) =====================================: 39

[[394.3, 397.759, 395.185, 388.061, 379.026, 386.832, 363.571, 365.482, 375.458, 378.61, 364.396, 383.035, 361.823, 362.643, 371.176, 374.207, 364.949, 346.555, 388.019, 384.307, 374.749, 391.31, 399.745, 446.937, 375.159, 446.124, 443.375, 426.739, 433.605, 430.2, 409.14, 406.69, 409.111, 392.73, 391.457, 387.701, 378.086, 375.012, 368.779]] 
RATE (RPS) =====================================: 39

[[409.45, 414.876, 397.449, 395.991, 395.121, 397.58, 394.736, 407.612, 392.908, 397.945, 388.111, 394.612, 381.268, 385.51, 374.785, 378.133, 375.609, 373.861, 377.591, 378.853, 390.174, 371.595, 356.418, 364.564, 366.1, 363.212, 362.6, 364.972, 354.143, 357.609, 383.784, 366.223, 366.407, 364.867, 359.935, 365.309, 373.878, 379.269, 366.069]] 
RATE (RPS) =====================================: 39

[[355.521, 367.085, 361.103, 362.78, 404.334, 363.867, 361.985, 419.411, 384.897, 376.303, 422.517, 402.006, 395.281, 376.608, 394.139, 390.864, 371.157, 374.185, 375.233, 378.906, 385.303, 363.616, 370.558, 380.618, 377.694, 369.429, 365.163, 361.995, 387.754, 375.765, 365.991, 383.378, 371.474, 354.821, 363.474, 375.131, 384.513, 366.531, 362.95]] 
RATE (RPS) =====================================: 39

[[394.835, 396.792, 384.628, 384.115, 384.087, 380.568, 375.252, 400.334, 384.808, 391.015, 388.214, 384.952, 392.347, 374.337, 380.156, 374.482, 394.104, 369.522, 364.148, 360.097, 361.546, 373.737, 371.753, 376.017, 374.835, 369.426, 368.683, 371.144, 347.306, 350.217, 372.556, 367.383, 353.827, 362.475, 374.044, 378.37, 373.011, 370.966, 366.271]] 
RATE (RPS) =====================================: 39

[[348.877, 372.678, 381.276, 361.899, 374.762, 379.151, 362.831, 379.059, 367.964, 365.4, 378.663, 373.415, 373.499, 363.802, 374.121, 364.563, 357.024, 356.864, 368.159, 357.87, 348.889, 377.657, 353.367, 355.382, 348.879, 376.99, 384.251, 351.776, 356.853, 362.287, 387.838, 368.08, 359.349, 364.81, 363.704, 370.221, 358.021, 368.032, 357.54]] 
RATE (RPS) =====================================: 39

[[413.448, 406.055, 404.12, 401.922, 397.533, 389.558, 390.099, 387.874, 387.127, 391.579, 391.197, 369.248, 366.666, 376.256, 390.287, 373.504, 371.016, 376.587, 356.34, 379.661, 382.213, 369.53, 353.003, 366.691, 356.698, 364.896, 348.187, 355.265, 350.972, 352.923, 353.028, 366.999, 362.685, 360.137, 361.344, 369.742, 353.115, 359.045, 358.925]] 
RATE (RPS) =====================================: 39

[[354.451, 379.648, 365.978, 369.399, 364.862, 369.031, 356.667, 369.028, 373.205, 348.275, 367.885, 369.341, 356.028, 353.042, 469.515, 369.058, 450.347, 433.328, 449.53, 423.195, 469.489, 433.641, 438.062, 465.957, 426.058, 452.227, 441.879, 408.063, 394.759, 404.951, 427.406, 421.139, 421.122, 401.956, 420.981, 401.145, 415.559, 400.242, 407.42]] 
RATE (RPS) =====================================: 39

[[377.694, 349.21, 353.509, 367.606, 362.517, 363.672, 360.261, 385.745, 377.06, 366.799, 424.471, 413.597, 415.178, 411.586, 417.52, 403.211, 416.987, 406.827, 401.947, 405.866, 406.25, 396.21, 405.5, 396.714, 401.052, 393.766, 382.118, 390.383, 375.985, 376.266, 371.202, 387.761, 380.445, 361.977, 373.804, 359.287, 363.998, 343.557, 355.551]] 
RATE (RPS) =====================================: 39

[[344.565, 343.902, 351.682, 382.016, 366.413, 368.808, 368.545, 380.123, 364.799, 372.318, 378.749, 372.096, 356.649, 400.982, 369.283, 378.607, 371.81, 349.355, 373.111, 361.871, 368.352, 357.667, 377.01, 370.848, 345.208, 348.565, 352.553, 357.112, 346.821, 368.595, 355.939, 358.715, 369.327, 386.21, 370.761, 354.362, 377.59, 356.314, 367.895]] 
RATE (RPS) =====================================: 39

[[359.556, 381.873, 348.628, 358.191, 363.635, 358.473, 352.77, 368.992, 375.819, 406.126, 376.352, 367.895, 372.62, 379.09, 379.846, 380.645, 377.431, 378.324, 383.188, 374.031, 392.074, 401.328, 360.107, 356.59, 438.799, 359.491, 402.801, 402.502, 397.842, 401.619, 395.104, 407.775, 394.175, 393.906, 382.525, 389.009, 381.72, 378.678, 373.169, 373.285]] 
RATE (RPS) =====================================: 40

[[380.961, 380.956, 370.858, 364.023, 367.124, 387.766, 356.474, 352.446, 371.884, 397.69, 399.069, 385.983, 388.742, 399.087, 399.201, 388.635, 413.894, 387.502, 390.501, 386.051, 385.874, 388.593, 418.952, 378.952, 390.352, 392.212, 384.747, 389.476, 374.689, 384.7, 377.563, 416.648, 404.152, 401.218, 407.904, 374.231, 391.259, 393.813, 381.106, 386.609]] 
RATE (RPS) =====================================: 40

[[364.646, 353.988, 354.391, 359.808, 347.015, 358.249, 364.482, 353.759, 379.961, 384.566, 375.309, 420.134, 398.335, 360.969, 375.53, 378.364, 397.119, 377.073, 373.496, 381.116, 369.817, 381.625, 362.398, 380.413, 361.204, 361.685, 367.421, 373.534, 351.057, 351.002, 350.196, 441.354, 414.205, 418.496, 417.14, 396.928, 401.176, 401.084, 405.12, 400.307]] 
RATE (RPS) =====================================: 40

[[361.894, 363.651, 362.326, 403.008, 409.084, 407.693, 395.746, 401.182, 394.235, 397.34, 395.506, 398.405, 395.394, 405.877, 388.086, 418.753, 385.287, 388.115, 405.468, 383.185, 387.485, 395.629, 393.828, 393.112, 389.0, 388.951, 383.749, 390.768, 386.583, 380.378, 397.947, 397.114, 380.584, 369.346, 383.773, 374.937, 375.89, 371.472, 377.312, 363.302]] 
RATE (RPS) =====================================: 40

[[425.654, 408.534, 412.527, 395.883, 404.382, 385.03, 380.663, 392.156, 406.024, 406.594, 406.235, 389.881, 393.88, 407.322, 389.89, 382.954, 383.291, 391.923, 384.192, 379.37, 378.34, 391.407, 426.704, 441.589, 401.041, 416.629, 413.297, 446.106, 429.505, 403.708, 413.27, 406.007, 400.643, 461.924, 396.271, 441.819, 448.356, 447.346, 439.47, 429.571]] 
RATE (RPS) =====================================: 40

[[416.25, 374.88, 399.578, 368.487, 419.099, 379.123, 372.86, 387.722, 388.281, 398.217, 376.168, 390.209, 391.138, 396.15, 381.018, 388.097, 379.379, 378.715, 376.014, 392.593, 374.649, 364.499, 370.181, 374.751, 383.964, 371.637, 358.871, 369.994, 352.108, 374.173, 372.532, 346.12, 382.179, 384.716, 374.729, 375.74, 376.371, 378.767, 360.972, 362.571]] 
RATE (RPS) =====================================: 40

[[345.154, 366.288, 362.807, 367.537, 363.254, 361.853, 367.594, 364.874, 372.166, 370.839, 370.021, 365.371, 364.832, 365.806, 364.53, 369.691, 353.294, 350.386, 370.716, 371.96, 399.845, 374.707, 444.383, 346.285, 347.062, 357.7, 370.36, 357.765, 353.088, 366.614, 350.473, 350.741, 348.27, 417.383, 410.875, 416.394, 394.928, 398.309, 404.309, 388.163]] 
RATE (RPS) =====================================: 40

[[359.449, 386.715, 349.813, 378.547, 374.574, 369.388, 365.504, 360.332, 364.136, 385.228, 366.09, 401.626, 376.439, 370.307, 364.899, 375.664, 358.465, 403.825, 353.424, 357.608, 356.025, 377.873, 372.147, 367.924, 383.081, 371.183, 372.816, 402.001, 385.379, 377.921, 375.443, 377.802, 367.745, 375.022, 361.953, 351.472, 358.323, 367.661, 349.319, 349.719]] 
RATE (RPS) =====================================: 40

[[346.029, 341.656, 358.278, 357.759, 344.301, 378.413, 370.87, 351.189, 368.805, 355.522, 359.033, 393.271, 367.447, 366.969, 381.363, 376.147, 387.042, 370.251, 382.674, 363.332, 353.873, 363.303, 384.372, 354.246, 379.543, 357.42, 372.763, 354.0, 357.487, 359.392, 357.342, 366.323, 356.0, 360.532, 393.051, 365.485, 441.738, 367.976, 349.314, 423.752]] 
RATE (RPS) =====================================: 40

[[371.21, 361.307, 361.286, 377.045, 363.141, 360.799, 363.027, 367.388, 364.032, 375.529, 355.703, 355.241, 360.075, 371.232, 367.943, 382.086, 370.571, 381.925, 384.462, 389.295, 391.541, 373.143, 367.201, 375.834, 370.767, 373.411, 369.332, 356.966, 358.992, 362.532, 354.705, 344.31, 341.871, 342.849, 341.809, 356.011, 359.052, 365.312, 388.602, 377.418]] 
RATE (RPS) =====================================: 40

[[358.303, 349.561, 350.962, 365.77, 353.688, 378.406, 373.832, 354.602, 392.196, 386.634, 384.851, 390.579, 374.948, 374.737, 384.256, 375.67, 358.969, 369.924, 366.79, 368.645, 366.169, 363.654, 365.066, 374.292, 357.636, 369.94, 382.643, 368.979, 367.747, 364.294, 382.895, 362.136, 354.412, 357.054, 416.528, 408.08, 398.316, 401.019, 397.111, 387.826, 392.687, 390.648, 378.129, 378.697, 375.617]] 
RATE (RPS) =====================================: 45

[[377.797, 359.453, 364.388, 355.976, 373.581, 353.725, 364.669, 370.48, 367.012, 379.414, 409.749, 382.321, 378.356, 400.405, 394.852, 394.832, 395.823, 373.944, 390.729, 378.954, 390.423, 374.422, 388.171, 366.697, 365.203, 371.422, 367.972, 366.372, 363.268, 358.023, 364.431, 365.817, 374.287, 363.384, 346.87, 407.76, 369.981, 376.089, 396.566, 376.355, 357.683, 354.333, 366.02, 367.58, 363.587]] 
RATE (RPS) =====================================: 45

[[354.158, 373.248, 397.486, 382.697, 377.463, 426.208, 397.328, 403.722, 402.522, 413.722, 401.1, 388.037, 438.431, 436.154, 460.952, 442.615, 431.919, 420.38, 408.723, 435.767, 442.113, 433.426, 432.893, 456.221, 421.15, 428.278, 424.267, 410.369, 436.293, 422.995, 424.157, 425.712, 496.284, 499.432, 530.509, 518.175, 489.671, 496.497, 524.206, 526.575, 506.369, 502.0, 509.165, 499.207, 493.859]] 
RATE (RPS) =====================================: 45

[[385.467, 361.789, 355.541, 376.466, 364.113, 370.9, 365.671, 374.349, 357.513, 361.738, 381.716, 364.535, 366.528, 362.923, 373.188, 364.587, 368.235, 365.997, 363.106, 376.938, 359.72, 355.296, 359.972, 395.936, 365.311, 354.084, 355.265, 363.812, 366.795, 375.229, 360.171, 354.221, 368.991, 360.956, 343.98, 349.792, 385.892, 353.058, 355.676, 354.087, 350.441, 352.218, 352.201, 348.811, 346.256]] 
RATE (RPS) =====================================: 45

[[386.201, 372.993, 394.292, 407.563, 398.421, 380.355, 380.959, 385.437, 378.453, 381.332, 412.69, 387.459, 389.802, 373.198, 398.061, 390.486, 391.175, 380.912, 385.506, 378.121, 375.818, 377.613, 376.385, 386.216, 445.714, 361.473, 426.964, 473.372, 411.114, 405.974, 448.55, 442.611, 434.993, 427.505, 424.088, 423.495, 414.711, 413.63, 402.151, 421.542, 397.16, 391.874, 390.435, 394.118, 394.193]] 
RATE (RPS) =====================================: 45

[[375.138, 365.878, 365.728, 370.031, 374.596, 367.781, 393.445, 396.741, 383.36, 380.819, 380.502, 381.527, 376.808, 376.835, 381.165, 369.566, 383.025, 370.623, 373.702, 381.641, 381.295, 364.284, 385.896, 371.014, 365.718, 375.01, 360.191, 380.337, 351.575, 353.979, 351.902, 366.259, 387.011, 351.179, 377.267, 355.302, 356.08, 359.224, 366.458, 367.826, 349.886, 352.223, 360.66, 364.279, 353.297]] 
RATE (RPS) =====================================: 45

[[415.25, 431.742, 404.689, 426.679, 419.881, 423.651, 452.356, 448.522, 445.212, 454.039, 439.34, 445.811, 451.394, 447.136, 435.319, 451.082, 456.097, 440.863, 427.636, 435.516, 433.268, 506.552, 433.121, 483.016, 410.019, 462.742, 451.234, 460.921, 461.516, 462.477, 465.928, 462.965, 448.018, 458.164, 468.306, 447.438, 456.24, 438.348, 442.561, 440.682, 446.021, 431.161, 441.933, 423.662, 436.839]] 
RATE (RPS) =====================================: 45

[[370.348, 368.257, 366.441, 352.49, 366.339, 362.754, 385.287, 371.456, 391.938, 392.869, 370.784, 381.823, 398.461, 384.133, 384.251, 397.145, 377.574, 409.548, 390.709, 403.891, 373.958, 354.722, 363.594, 386.592, 363.844, 370.143, 357.724, 369.949, 354.031, 360.803, 366.533, 362.699, 380.021, 367.957, 397.447, 400.027, 354.759, 369.871, 372.851, 377.481, 373.244, 375.729, 367.186, 365.928, 370.634]] 
RATE (RPS) =====================================: 45

[[358.642, 370.774, 373.621, 359.474, 359.843, 359.125, 366.694, 379.859, 364.182, 367.48, 404.116, 388.658, 390.516, 387.605, 384.428, 391.435, 386.045, 380.414, 381.615, 371.161, 369.678, 367.283, 365.015, 365.893, 355.939, 358.725, 409.059, 405.27, 409.155, 401.253, 401.668, 399.68, 384.875, 390.962, 384.735, 380.395, 382.151, 378.313, 365.077, 368.701, 358.591, 359.123, 372.508, 358.116, 344.258]] 
RATE (RPS) =====================================: 45

[[355.937, 351.16, 363.199, 353.188, 363.293, 361.177, 395.021, 356.033, 368.239, 372.67, 376.841, 368.65, 361.836, 362.507, 389.31, 385.479, 390.718, 383.702, 389.795, 384.187, 375.327, 378.778, 365.293, 368.883, 385.349, 376.113, 356.951, 357.332, 365.361, 362.95, 357.009, 388.445, 360.85, 376.217, 358.833, 361.276, 362.783, 358.01, 366.483, 350.977, 364.109, 382.494, 361.087, 350.078, 369.401]] 
RATE (RPS) =====================================: 45

[[360.86, 360.756, 370.047, 366.724, 362.221, 375.234, 360.927, 381.43, 372.377, 348.4, 351.547, 370.46, 392.656, 367.306, 345.033, 386.039, 365.526, 435.199, 427.478, 368.614, 416.351, 419.916, 399.724, 402.126, 402.292, 404.356, 395.601, 401.21, 387.604, 406.41, 386.596, 376.144, 384.032, 380.358, 375.603, 373.874, 386.06, 364.452, 360.157, 369.842, 362.118, 374.762, 364.544, 344.506, 377.888, 356.941, 355.001, 352.436, 355.722, 344.006]] 
RATE (RPS) =====================================: 50

[[376.015, 371.03, 385.288, 421.54, 443.62, 432.985, 440.965, 415.472, 408.389, 412.155, 432.171, 403.975, 414.621, 404.695, 391.097, 417.79, 403.268, 402.169, 407.646, 390.662, 412.283, 385.725, 388.612, 382.555, 387.474, 389.388, 392.452, 390.243, 374.111, 389.117, 385.702, 370.885, 370.347, 394.529, 382.237, 363.804, 354.875, 356.503, 368.235, 371.345, 362.937, 391.691, 369.218, 374.053, 382.619, 370.303, 354.062, 373.065, 361.677, 363.462]] 
RATE (RPS) =====================================: 50

[[365.544, 358.308, 368.587, 365.842, 364.14, 362.236, 444.816, 372.919, 439.502, 416.786, 416.818, 418.229, 415.024, 399.725, 424.139, 425.18, 400.604, 405.446, 411.866, 410.391, 389.054, 403.877, 405.12, 386.917, 393.067, 400.572, 391.233, 391.115, 393.848, 377.503, 373.755, 384.486, 374.261, 375.447, 371.36, 363.113, 360.722, 374.1, 379.31, 356.365, 360.014, 362.834, 354.612, 374.603, 348.764, 351.581, 369.731, 371.96, 358.265, 352.128]] 
RATE (RPS) =====================================: 50

[[372.765, 368.497, 359.913, 366.716, 356.778, 395.07, 381.868, 394.525, 374.146, 377.896, 381.34, 366.089, 364.001, 360.418, 377.728, 358.228, 365.984, 368.358, 368.459, 372.092, 363.461, 368.182, 352.426, 360.875, 349.75, 361.734, 352.451, 362.149, 343.024, 346.132, 346.115, 360.695, 342.55, 359.676, 368.202, 358.129, 389.372, 372.92, 360.034, 353.64, 364.644, 362.732, 358.2, 355.572, 351.069, 350.071, 349.117, 349.075, 364.854, 358.851]] 
RATE (RPS) =====================================: 50

[[401.71, 398.119, 385.866, 386.476, 388.579, 375.212, 378.988, 386.653, 374.219, 373.408, 376.764, 380.824, 365.399, 368.753, 392.223, 377.757, 388.506, 373.662, 376.607, 388.66, 393.2, 382.215, 387.311, 373.097, 377.086, 380.628, 371.034, 370.187, 372.484, 371.044, 359.85, 366.568, 399.735, 375.742, 362.121, 394.812, 392.799, 350.216, 369.279, 352.283, 366.464, 380.285, 373.126, 366.427, 362.195, 374.271, 354.913, 366.958, 356.579, 362.037]] 
RATE (RPS) =====================================: 50

[[383.074, 365.093, 384.5, 377.399, 370.991, 379.97, 367.496, 396.582, 382.498, 383.329, 388.002, 380.856, 384.385, 384.442, 387.619, 402.581, 364.091, 395.68, 371.54, 373.261, 372.898, 381.012, 385.031, 375.132, 380.177, 387.907, 381.349, 361.214, 394.18, 378.078, 369.882, 367.255, 371.148, 361.037, 366.576, 364.497, 391.989, 394.516, 379.2, 377.045, 372.748, 367.184, 366.075, 357.614, 372.302, 352.616, 351.089, 374.515, 364.162, 360.364]] 
RATE (RPS) =====================================: 50

[[474.319, 462.786, 455.619, 464.718, 451.985, 456.247, 453.52, 451.063, 442.953, 467.402, 445.741, 428.847, 441.482, 433.678, 440.204, 447.138, 440.429, 444.75, 462.993, 421.582, 421.648, 450.386, 426.684, 440.085, 422.807, 435.718, 424.175, 429.713, 427.279, 413.227, 412.076, 406.278, 411.913, 398.615, 405.746, 400.679, 387.104, 399.091, 420.177, 392.74, 424.936, 382.276, 405.926, 410.706, 413.581, 419.776, 424.493, 422.258, 414.392, 415.02]] 
RATE (RPS) =====================================: 50

[[368.047, 366.482, 356.77, 356.347, 376.55, 359.252, 370.314, 372.658, 379.274, 361.681, 406.91, 417.768, 414.883, 389.483, 405.378, 385.403, 405.849, 393.651, 393.366, 429.613, 391.71, 391.144, 396.691, 387.162, 374.356, 381.482, 379.312, 393.21, 380.172, 374.246, 365.406, 365.599, 362.591, 370.402, 367.695, 351.927, 366.221, 355.268, 370.913, 371.833, 354.834, 360.757, 379.209, 364.217, 386.283, 366.28, 360.036, 365.126, 362.577, 356.76]] 
RATE (RPS) =====================================: 50

[[396.37, 400.325, 389.254, 385.888, 400.877, 380.712, 372.629, 374.692, 407.98, 377.586, 386.533, 368.521, 356.234, 357.252, 376.991, 375.482, 366.514, 370.22, 361.518, 363.809, 372.537, 378.874, 362.747, 377.993, 373.207, 389.49, 372.253, 374.597, 370.777, 382.222, 357.393, 361.287, 357.503, 366.059, 378.331, 366.828, 341.213, 358.683, 360.665, 366.816, 354.982, 366.051, 351.385, 376.915, 365.128, 381.446, 378.758, 363.667, 362.988, 358.001]] 
RATE (RPS) =====================================: 50

[[354.879, 376.974, 368.396, 381.077, 370.953, 380.245, 364.005, 399.716, 364.076, 372.635, 374.147, 372.71, 371.664, 385.074, 384.779, 403.679, 379.554, 386.352, 369.378, 380.07, 417.025, 390.304, 387.7, 375.705, 356.789, 375.597, 367.829, 374.199, 375.834, 359.09, 363.213, 366.244, 353.918, 362.39, 357.18, 374.016, 353.849, 354.853, 346.868, 349.191, 373.531, 380.119, 371.367, 372.205, 376.171, 379.839, 385.924, 360.073, 350.059, 355.953]] 
RATE (RPS) =====================================: 50

[[430.059, 427.19, 420.662, 421.681, 406.456, 397.685, 414.587, 402.598, 413.669, 407.55, 406.868, 397.123, 373.43, 373.883, 367.223, 372.469, 397.964, 378.33, 391.571, 386.323, 359.227, 374.752, 378.291, 367.6, 401.11, 387.486, 394.982, 408.092, 391.066, 369.217, 370.855, 377.227, 367.999, 367.028, 375.553, 363.972, 374.433, 356.368, 363.654, 367.369, 366.838, 373.065, 359.979, 365.78, 358.423, 362.36, 357.09, 356.958, 358.127, 357.409, 369.583, 356.035, 341.316, 362.016, 364.896]] 
RATE (RPS) =====================================: 55

[[402.903, 418.347, 398.668, 396.72, 402.234, 388.777, 396.199, 389.597, 380.662, 398.243, 379.921, 378.072, 398.869, 380.902, 379.662, 400.167, 403.402, 399.309, 388.421, 394.682, 384.092, 395.697, 382.996, 406.874, 390.716, 392.934, 395.951, 384.848, 396.921, 397.496, 403.645, 378.52, 386.268, 396.022, 373.744, 382.337, 379.76, 397.201, 365.826, 421.835, 369.486, 408.47, 351.388, 378.331, 450.804, 353.605, 430.919, 412.256, 417.058, 413.769, 412.009, 418.493, 408.481, 412.233, 398.457]] 
RATE (RPS) =====================================: 55

[[392.717, 397.861, 386.893, 397.277, 391.481, 389.905, 383.541, 375.742, 374.171, 392.676, 374.113, 356.795, 366.072, 384.248, 369.838, 375.735, 373.564, 370.627, 394.423, 417.599, 365.756, 372.572, 355.797, 395.307, 376.532, 384.922, 390.833, 380.431, 387.576, 378.661, 384.174, 379.898, 373.164, 495.308, 447.286, 482.752, 480.339, 465.777, 465.337, 449.085, 459.245, 448.803, 427.465, 430.037, 413.673, 413.307, 411.554, 413.096, 412.515, 403.802, 405.944, 404.089, 397.585, 403.224, 393.221]] 
RATE (RPS) =====================================: 55

[[377.223, 366.82, 379.005, 384.779, 389.02, 384.985, 362.47, 364.156, 388.064, 358.047, 404.131, 368.857, 353.496, 380.216, 451.516, 446.645, 434.894, 456.73, 425.166, 423.301, 421.728, 435.902, 420.246, 409.124, 415.608, 416.12, 415.918, 429.685, 403.921, 401.515, 396.256, 402.023, 394.306, 391.024, 403.317, 385.132, 384.161, 406.213, 384.507, 370.037, 378.631, 360.563, 382.287, 370.529, 362.34, 372.851, 356.408, 363.573, 357.799, 362.895, 351.972, 377.561, 350.513, 349.686, 342.724]] 
RATE (RPS) =====================================: 55

[[377.554, 372.591, 380.811, 371.488, 350.717, 358.237, 373.311, 378.428, 381.128, 371.893, 374.118, 380.572, 350.301, 374.066, 382.09, 388.091, 391.292, 378.488, 393.031, 382.76, 376.606, 399.266, 400.931, 391.729, 393.856, 391.841, 392.701, 377.297, 369.891, 371.139, 381.766, 370.094, 369.953, 351.886, 361.635, 369.275, 386.15, 363.934, 358.824, 371.82, 360.137, 356.215, 353.404, 362.242, 367.706, 375.523, 377.039, 385.912, 353.196, 378.609, 384.485, 381.608, 373.917, 361.893, 361.456]] 
RATE (RPS) =====================================: 55

[[409.396, 413.838, 413.006, 398.927, 388.542, 395.416, 376.648, 376.112, 373.454, 393.972, 364.709, 369.229, 374.93, 929.058, 941.552, 1388.819, 1369.676, 928.036, 921.327, 908.952, 908.517, 909.66, 918.364, 904.021, 898.691, 883.337, 911.74, 894.364, 885.769, 884.063, 894.695, 890.495, 901.068, 887.2, 878.365, 872.454, 881.54, 868.893, 1379.452, 860.226, 857.315, 853.818, 857.841, 847.746, 836.311, 836.435, 829.203, 826.171, 831.088, 823.985, 818.174, 818.595, 817.113, 814.389, 808.83]] 
RATE (RPS) =====================================: 52

[[421.366, 404.826, 429.78, 422.957, 422.952, 422.927, 415.567, 412.415, 408.308, 397.443, 397.95, 386.458, 401.736, 397.954, 429.847, 425.61, 406.165, 419.369, 412.257, 408.53, 407.228, 416.775, 434.804, 412.992, 413.81, 394.151, 405.631, 413.162, 406.756, 406.453, 412.909, 415.663, 398.103, 411.433, 408.723, 391.911, 418.939, 384.082, 396.856, 392.515, 390.33, 388.066, 396.489, 413.166, 369.065, 378.954, 390.199, 390.031, 402.471, 386.91, 365.653, 447.893, 372.004, 432.935, 362.554]] 
RATE (RPS) =====================================: 55

[[372.77, 391.388, 378.552, 384.035, 425.041, 405.722, 406.935, 409.685, 404.454, 407.963, 406.255, 400.502, 410.952, 390.743, 413.266, 387.045, 383.056, 380.609, 383.006, 388.561, 385.988, 383.502, 382.66, 374.463, 385.707, 370.19, 382.084, 366.507, 373.106, 376.593, 372.812, 387.732, 420.454, 372.179, 369.747, 382.589, 386.771, 372.019, 367.083, 358.77, 363.168, 383.011, 374.943, 359.986, 371.461, 364.25, 374.195, 365.978, 483.161, 470.532, 455.225, 456.09, 441.242, 426.868, 429.099]] 
RATE (RPS) =====================================: 55

[[359.565, 369.02, 365.809, 384.684, 381.578, 380.908, 372.807, 366.868, 386.839, 380.816, 400.673, 374.607, 393.476, 376.27, 401.652, 380.486, 388.898, 491.219, 475.344, 483.958, 489.145, 473.09, 491.158, 462.437, 485.208, 459.011, 459.364, 459.342, 457.355, 456.992, 460.502, 460.639, 447.418, 452.391, 469.595, 460.934, 430.125, 430.595, 438.322, 436.272, 419.92, 423.444, 423.706, 412.3, 424.835, 423.144, 401.9, 412.169, 394.485, 385.039, 397.419, 385.577, 382.765, 380.074, 377.386]] 
RATE (RPS) =====================================: 55

[[416.388, 364.219, 383.357, 379.014, 365.703, 382.334, 371.665, 365.9, 363.894, 365.218, 376.141, 369.022, 378.834, 359.215, 363.517, 359.597, 358.168, 411.789, 369.13, 370.396, 383.386, 364.15, 382.476, 380.202, 374.401, 376.625, 363.168, 375.182, 368.054, 364.223, 367.683, 365.184, 345.769, 364.099, 354.578, 353.307, 364.141, 353.123, 342.873, 353.546, 365.69, 352.692, 355.412, 364.02, 361.012, 391.177, 359.894, 406.246, 368.064, 387.948, 381.815, 386.875, 369.672, 353.824, 347.426]] 
RATE (RPS) =====================================: 55

[[405.442, 408.787, 398.793, 419.896, 400.782, 409.579, 399.851, 394.369, 403.074, 397.194, 417.399, 431.148, 369.149, 383.34, 406.401, 390.412, 391.68, 393.129, 393.746, 383.291, 370.687, 393.934, 378.598, 365.97, 377.132, 364.513, 366.684, 363.266, 375.67, 375.78, 380.307, 375.425, 393.067, 394.755, 411.893, 376.463, 400.583, 380.615, 374.965, 363.976, 388.148, 365.902, 364.944, 374.499, 374.855, 353.113, 360.663, 352.45, 411.148, 373.553, 361.263, 401.374, 397.48, 372.141, 360.426, 394.239, 358.887, 355.661, 363.392, 361.096]] 
RATE (RPS) =====================================: 60

[[389.079, 408.689, 392.745, 375.859, 396.069, 378.049, 380.248, 389.774, 408.687, 399.269, 369.886, 371.761, 378.443, 379.906, 389.516, 389.392, 402.904, 388.775, 385.243, 384.756, 389.215, 410.591, 393.825, 394.147, 401.939, 395.695, 402.88, 405.328, 391.558, 388.55, 387.65, 389.887, 389.073, 399.489, 383.431, 378.764, 364.721, 375.081, 368.498, 377.241, 362.141, 362.574, 358.792, 364.008, 388.979, 367.102, 361.95, 360.963, 387.752, 373.976, 362.234, 347.009, 371.195, 395.005, 358.305, 382.468, 359.935, 352.026, 347.954, 364.05]] 
RATE (RPS) =====================================: 60

[[430.235, 413.622, 438.115, 420.557, 417.592, 388.825, 419.018, 396.231, 383.947, 400.851, 385.093, 360.924, 378.555, 368.958, 369.252, 379.236, 384.024, 371.486, 372.89, 371.972, 367.776, 374.761, 377.979, 373.877, 430.175, 355.906, 359.92, 401.685, 417.724, 403.758, 425.729, 397.999, 416.405, 410.559, 408.347, 415.81, 396.444, 402.407, 395.423, 400.767, 402.896, 381.866, 379.875, 401.309, 406.22, 374.312, 379.275, 368.956, 379.226, 365.843, 406.687, 365.324, 364.293, 374.575, 359.656, 367.368, 376.646, 375.536, 371.484, 359.88]] 
RATE (RPS) =====================================: 60

[[386.084, 380.089, 393.052, 390.82, 369.436, 374.101, 422.164, 394.678, 393.239, 422.784, 412.614, 374.085, 382.755, 391.742, 379.322, 378.317, 374.499, 368.575, 369.096, 366.979, 368.363, 370.826, 383.036, 377.808, 384.246, 396.797, 376.806, 377.35, 370.002, 377.342, 360.523, 450.182, 363.524, 442.071, 421.053, 415.426, 417.954, 414.483, 435.234, 419.73, 395.574, 407.733, 395.421, 397.804, 402.239, 398.045, 380.903, 394.234, 394.485, 387.781, 382.653, 355.516, 366.598, 440.807, 419.335, 429.848, 422.535, 414.701, 413.926, 410.183]] 
RATE (RPS) =====================================: 60

[[366.172, 367.65, 364.851, 365.031, 373.364, 413.63, 424.576, 395.723, 404.933, 408.73, 420.202, 413.901, 396.359, 400.643, 398.653, 371.709, 381.697, 403.67, 377.414, 389.538, 369.408, 388.895, 376.029, 364.42, 375.749, 372.162, 376.883, 377.744, 356.924, 362.09, 373.308, 358.071, 381.469, 394.43, 431.814, 371.392, 421.508, 376.349, 388.09, 370.458, 384.591, 382.332, 367.83, 372.803, 372.015, 367.766, 392.436, 362.203, 368.032, 355.847, 383.902, 356.887, 345.275, 357.904, 351.59, 378.48, 377.331, 366.767, 379.011, 355.625]] 
RATE (RPS) =====================================: 60

[[408.733, 394.417, 381.798, 397.831, 380.6, 381.246, 415.114, 373.463, 366.086, 382.536, 384.126, 392.536, 383.924, 363.45, 380.374, 366.869, 372.695, 388.16, 373.105, 396.014, 361.088, 394.99, 390.858, 374.044, 388.49, 377.876, 383.668, 374.527, 376.19, 384.226, 365.76, 407.091, 411.038, 400.973, 354.511, 392.994, 376.507, 380.823, 374.564, 364.092, 364.571, 366.721, 370.533, 360.1, 389.786, 375.099, 360.295, 362.77, 366.886, 359.499, 355.327, 356.399, 374.291, 400.076, 371.195, 360.765, 372.773, 367.111, 374.396, 352.005]] 
RATE (RPS) =====================================: 60

[[387.636, 382.0, 377.469, 383.259, 367.419, 377.865, 379.992, 367.226, 392.713, 395.374, 382.513, 379.175, 376.327, 377.499, 378.708, 399.996, 379.868, 375.923, 372.182, 403.297, 397.186, 392.154, 375.712, 380.268, 391.521, 388.763, 369.745, 379.278, 372.739, 370.212, 371.866, 415.021, 390.107, 392.351, 392.963, 391.596, 384.573, 382.605, 404.152, 380.44, 391.777, 373.193, 381.678, 369.842, 375.957, 397.378, 370.168, 378.21, 366.557, 378.957, 369.895, 375.278, 403.671, 368.811, 346.634, 376.226, 360.239, 403.892, 396.521, 398.571]] 
RATE (RPS) =====================================: 60

[[390.112, 372.34, 398.111, 401.347, 370.443, 411.947, 392.61, 382.263, 391.936, 385.232, 386.751, 387.938, 425.605, 391.937, 396.946, 390.573, 387.273, 398.454, 385.08, 385.837, 383.093, 386.88, 386.544, 386.316, 367.635, 375.463, 392.96, 374.322, 385.049, 387.385, 384.472, 376.182, 371.784, 382.581, 373.224, 375.655, 362.043, 364.322, 391.677, 356.294, 365.891, 379.09, 356.405, 365.403, 360.507, 358.784, 376.079, 379.477, 362.802, 341.775, 373.183, 359.903, 368.889, 389.33, 370.491, 354.475, 349.512, 379.355, 365.372, 352.544]] 
RATE (RPS) =====================================: 60

[[404.704, 412.603, 411.145, 395.136, 407.521, 394.96, 384.082, 387.759, 369.578, 398.655, 398.65, 383.463, 382.512, 364.378, 421.128, 401.793, 416.122, 409.848, 395.173, 401.229, 396.821, 393.421, 399.415, 389.35, 389.773, 370.199, 385.48, 378.662, 385.139, 375.56, 373.571, 369.104, 396.498, 400.36, 393.736, 353.415, 391.131, 379.443, 377.245, 372.016, 376.033, 379.894, 354.617, 349.802, 358.79, 361.845, 354.808, 354.761, 350.228, 350.685, 347.366, 364.319, 361.822, 375.609, 376.321, 387.458, 357.42, 369.386, 371.887, 358.308]] 
RATE (RPS) =====================================: 60

[[388.661, 414.766, 399.542, 424.34, 415.152, 413.216, 407.64, 383.376, 392.034, 387.28, 402.42, 368.672, 388.067, 380.686, 381.74, 386.043, 375.209, 375.576, 373.478, 381.814, 367.491, 419.232, 390.26, 360.432, 388.546, 387.458, 389.33, 390.518, 521.023, 504.982, 522.854, 483.948, 487.053, 491.185, 469.017, 481.642, 483.045, 468.704, 442.022, 456.893, 448.17, 426.412, 415.57, 424.716, 431.962, 418.544, 418.962, 423.27, 422.908, 422.292, 411.542, 393.307, 468.586, 472.327, 480.869, 477.015, 416.111, 464.456, 432.79, 391.475]] 
RATE (RPS) =====================================: 60

[[403.212, 410.979, 417.39, 402.998, 402.711, 406.604, 406.296, 412.11, 437.283, 400.979, 439.049, 417.402, 435.592, 424.381, 428.901, 431.682, 443.862, 446.012, 424.911, 449.541, 411.566, 426.827, 419.03, 420.553, 434.289, 410.36, 410.651, 419.008, 417.917, 399.755, 416.292, 404.258, 418.574, 390.368, 399.488, 399.906, 388.933, 397.248, 381.795, 383.807, 393.208, 376.052, 381.022, 392.879, 374.301, 378.476, 373.848, 359.489, 358.373, 383.025, 362.687, 367.967, 352.214, 374.167, 369.018, 364.657, 376.062, 414.905, 347.4, 351.243, 363.14, 355.974, 379.883, 353.823, 347.125]] 
RATE (RPS) =====================================: 65

[[348.88, 423.581, 350.04, 380.509, 398.175, 409.327, 386.804, 367.992, 383.504, 392.498, 397.992, 434.293, 389.681, 358.22, 407.021, 396.408, 407.136, 403.475, 406.845, 401.382, 409.998, 373.046, 371.926, 381.506, 377.635, 381.468, 378.545, 397.58, 404.566, 390.636, 381.865, 379.551, 444.676, 439.077, 449.545, 436.063, 437.544, 435.479, 432.737, 433.938, 423.437, 419.281, 425.385, 417.27, 400.273, 416.066, 392.927, 389.535, 387.536, 407.182, 381.16, 379.138, 382.641, 382.119, 382.458, 377.92, 413.489, 408.3, 405.423, 404.357, 372.162, 414.973, 391.427, 400.197, 385.789]] 
RATE (RPS) =====================================: 65

[[388.018, 357.078, 378.905, 378.601, 400.791, 426.982, 419.889, 405.61, 396.072, 402.211, 403.418, 389.912, 402.446, 370.397, 390.642, 390.063, 395.039, 387.233, 366.158, 391.036, 385.164, 380.694, 375.695, 387.782, 377.708, 372.073, 383.865, 370.441, 359.047, 366.785, 373.138, 364.697, 367.378, 359.144, 367.512, 385.05, 363.889, 378.871, 373.621, 368.393, 380.023, 354.769, 357.318, 398.615, 368.71, 370.607, 366.556, 371.025, 364.216, 362.718, 363.239, 353.15, 361.552, 352.174, 361.29, 358.063, 366.252, 357.366, 378.064, 388.687, 365.807, 363.2, 363.272, 359.373, 364.892]] 
RATE (RPS) =====================================: 65

[[421.827, 446.266, 416.081, 426.298, 422.634, 398.145, 405.547, 403.948, 401.041, 412.006, 420.763, 401.023, 388.767, 400.189, 396.491, 383.056, 386.745, 391.917, 383.374, 424.222, 391.552, 418.118, 392.679, 379.819, 383.603, 399.179, 395.972, 388.474, 389.017, 390.801, 387.084, 384.079, 393.062, 389.68, 389.588, 373.019, 378.318, 390.958, 395.814, 382.301, 361.747, 405.304, 374.927, 376.62, 368.838, 369.366, 359.68, 367.859, 364.682, 365.426, 368.019, 355.047, 360.675, 362.188, 363.339, 379.228, 361.041, 358.352, 349.29, 370.821, 353.619, 368.319, 376.775, 340.515, 355.838]] 
RATE (RPS) =====================================: 65

[[427.425, 466.15, 446.178, 458.418, 450.025, 485.143, 468.096, 447.012, 480.318, 479.922, 519.178, 523.81, 517.053, 475.159, 501.521, 496.568, 496.245, 489.851, 501.367, 504.006, 483.974, 480.742, 465.336, 465.746, 445.016, 457.244, 432.615, 451.122, 420.432, 427.055, 429.293, 425.08, 416.314, 411.177, 410.208, 400.185, 409.378, 456.348, 418.422, 433.308, 469.607, 478.224, 470.248, 553.406, 552.783, 539.423, 540.225, 525.014, 519.117, 529.585, 508.093, 530.617, 482.866, 508.147, 485.674, 494.957, 492.408, 494.45, 492.79, 473.534, 466.416, 488.603, 481.327, 469.843, 473.297]] 
RATE (RPS) =====================================: 65

[[447.792, 456.658, 446.401, 451.287, 455.24, 453.212, 449.136, 457.591, 446.77, 442.588, 436.543, 434.819, 438.977, 423.553, 421.905, 418.128, 420.036, 410.669, 423.4, 408.35, 408.361, 405.275, 411.314, 412.925, 394.181, 394.56, 403.145, 420.719, 402.467, 384.962, 409.545, 408.555, 413.015, 396.316, 409.12, 401.113, 403.942, 403.94, 412.324, 407.682, 411.884, 379.77, 394.303, 398.877, 411.349, 399.921, 381.603, 400.575, 397.741, 379.165, 421.72, 383.127, 386.514, 400.447, 403.137, 377.613, 396.079, 380.868, 395.341, 389.689, 370.867, 384.909, 376.326, 379.76, 368.071]] 
RATE (RPS) =====================================: 65

[[404.384, 417.866, 394.736, 432.8, 386.306, 389.92, 407.473, 407.456, 382.768, 386.311, 393.49, 394.616, 388.192, 391.515, 396.254, 374.593, 424.811, 373.2, 393.039, 396.958, 372.507, 392.309, 357.483, 401.916, 386.12, 387.275, 385.827, 385.212, 412.145, 382.841, 376.653, 386.662, 365.117, 362.78, 374.351, 374.799, 368.318, 397.441, 362.217, 385.785, 384.988, 369.149, 362.725, 380.412, 383.26, 389.017, 366.214, 365.705, 388.689, 381.463, 385.228, 360.662, 351.032, 371.678, 379.921, 350.903, 374.085, 361.483, 368.626, 378.635, 350.574, 358.543, 352.635, 372.634, 356.593]] 
RATE (RPS) =====================================: 65

[[358.041, 358.289, 362.172, 393.795, 356.218, 366.963, 379.883, 397.325, 411.595, 380.144, 381.336, 383.359, 403.951, 397.017, 404.323, 380.793, 384.763, 406.684, 394.553, 403.844, 391.828, 396.82, 390.436, 394.724, 386.46, 382.497, 381.208, 368.756, 373.866, 370.266, 367.148, 358.898, 391.73, 359.205, 379.119, 395.709, 383.44, 393.495, 389.904, 382.707, 389.146, 398.15, 383.738, 387.712, 392.845, 393.945, 390.847, 395.955, 394.214, 373.959, 379.289, 365.295, 365.895, 441.339, 363.387, 421.148, 405.076, 400.788, 391.448, 391.097, 379.396, 379.874, 379.147, 366.488, 357.029]] 
RATE (RPS) =====================================: 65

[[362.749, 355.845, 388.35, 371.345, 359.21, 361.365, 380.042, 390.394, 391.748, 386.691, 370.633, 372.128, 385.937, 365.161, 398.567, 378.407, 373.559, 379.794, 370.113, 377.71, 388.778, 404.017, 384.004, 384.873, 376.933, 363.903, 411.928, 356.2, 373.512, 367.721, 391.254, 358.39, 380.106, 377.703, 374.079, 373.032, 398.605, 383.944, 387.06, 389.951, 370.658, 376.532, 373.302, 377.282, 357.616, 367.989, 382.637, 365.508, 359.147, 364.011, 348.998, 356.334, 376.913, 356.958, 355.91, 363.918, 364.014, 356.942, 362.637, 348.303, 346.162, 362.513, 349.271, 351.35, 363.698]] 
RATE (RPS) =====================================: 65

[[410.435, 410.026, 404.108, 415.28, 383.336, 412.455, 405.388, 904.107, 908.124, 901.789, 901.761, 895.641, 889.836, 892.525, 890.212, 878.728, 886.571, 890.544, 876.346, 893.435, 877.568, 872.97, 876.552, 879.085, 867.265, 874.435, 858.49, 871.974, 857.811, 869.872, 863.842, 855.656, 856.827, 864.392, 850.884, 863.728, 844.64, 854.188, 831.29, 825.472, 834.079, 829.085, 841.086, 823.674, 815.735, 821.224, 817.015, 818.479, 815.588, 812.797, 825.442, 798.351, 816.193, 792.367, 804.64, 785.179, 779.68, 773.259, 768.37, 768.446, 777.625, 766.121, 763.198, 766.44, 759.946]] 
RATE (RPS) =====================================: 65

average response time [0]409.797
average response time [1]345.351
average response time [2]346.255
average response time [3]385.753
average response time [4]1090.522
average response time [5]380.319
average response time [6]374.235
average response time [7]338.09
average response time [8]358.391
average response time [9]382.009
TOTAL AVERAGE RESPONSE TIME ====================: 441.07219999999995
NUMBER OF THREADS ==============================: 1
TOTAL AVERAGE RATE (RPS) =====================================: 0.9
average response time [10]353.021
average response time [11]352.3575
average response time [12]383.6385
average response time [13]350.269
average response time [14]350.2895
average response time [15]341.0245
average response time [16]388.098
average response time [17]349.7735
average response time [18]354.271
average response time [19]443.3265
TOTAL AVERAGE RESPONSE TIME ====================: 366.6069
NUMBER OF THREADS ==============================: 2
TOTAL AVERAGE RATE (RPS) =====================================: 2.0
average response time [20]350.3785
average response time [21]356.922
average response time [22]350.19350000000003
average response time [23]389.256
average response time [24]347.55449999999996
average response time [25]342.7735
average response time [26]347.453
average response time [27]373.06425
average response time [28]350.79200000000003
average response time [29]344.63625
TOTAL AVERAGE RESPONSE TIME ====================: 355.30235
NUMBER OF THREADS ==============================: 4
TOTAL AVERAGE RATE (RPS) =====================================: 4.0
average response time [30]390.361875
average response time [31]353.776625
average response time [32]350.321625
average response time [33]351.9265
average response time [34]357.434375
average response time [35]348.915625
average response time [36]362.6265
average response time [37]383.316125
average response time [38]358.395
average response time [39]424.918125
TOTAL AVERAGE RESPONSE TIME ====================: 368.1992375
NUMBER OF THREADS ==============================: 8
TOTAL AVERAGE RATE (RPS) =====================================: 8.0
average response time [40]386.0409375
average response time [41]360.503125
average response time [42]367.504875
average response time [43]350.1200625
average response time [44]353.325
average response time [45]378.16175
average response time [46]359.21025
average response time [47]355.8265
average response time [48]381.976625
average response time [49]359.0525625
TOTAL AVERAGE RESPONSE TIME ====================: 365.17216875
NUMBER OF THREADS ==============================: 16
TOTAL AVERAGE RATE (RPS) =====================================: 16.0
average response time [50]357.86734375
average response time [51]368.61034375
average response time [52]363.0780625
average response time [53]371.569
average response time [54]370.23053125
average response time [55]377.36465625
average response time [56]362.6049375
average response time [57]399.0350625
average response time [58]435.6746875
average response time [59]363.0866875
TOTAL AVERAGE RESPONSE TIME ====================: 376.91213125
NUMBER OF THREADS ==============================: 32
TOTAL AVERAGE RATE (RPS) =====================================: 31.9
average response time [60]378.1580909090909
average response time [61]370.1363333333333
average response time [62]369.04978787878787
average response time [63]386.24384848484846
average response time [64]381.0113636363636
average response time [65]387.35966666666667
average response time [66]371.19760606060606
average response time [67]480.49412121212123
average response time [68]362.0509696969697
average response time [69]367.5098787878788
TOTAL AVERAGE RESPONSE TIME ====================: 385.32116666666667
NUMBER OF THREADS ==============================: 33
TOTAL AVERAGE RATE (RPS) =====================================: 33.0
average response time [70]374.9665294117647
average response time [71]370.64691176470586
average response time [72]362.88823529411764
average response time [73]422.1185294117647
average response time [74]373.7464117647059
average response time [75]361.17308823529413
average response time [76]364.3290294117647
average response time [77]380.14676470588233
average response time [78]379.4155588235294
average response time [79]365.7581470588235
TOTAL AVERAGE RESPONSE TIME ====================: 375.51892058823535
NUMBER OF THREADS ==============================: 34
TOTAL AVERAGE RATE (RPS) =====================================: 33.9
average response time [80]380.1771142857143
average response time [81]682.0797714285715
average response time [82]804.2015428571428
average response time [83]845.7222571428572
average response time [84]393.8246571428571
average response time [85]476.1519714285714
average response time [86]394.5508857142857
average response time [87]388.313
average response time [88]379.57377142857143
average response time [89]405.55922857142855
TOTAL AVERAGE RESPONSE TIME ====================: 515.01542
NUMBER OF THREADS ==============================: 35
TOTAL AVERAGE RATE (RPS) =====================================: 33.6
average response time [90]381.44480555555555
average response time [91]372.38391666666666
average response time [92]368.3031388888889
average response time [93]366.1253888888889
average response time [94]368.5921388888889
average response time [95]372.80444444444447
average response time [96]392.8315
average response time [97]380.5272777777778
average response time [98]380.7102222222222
average response time [99]368.1966388888889
TOTAL AVERAGE RESPONSE TIME ====================: 375.1919472222223
NUMBER OF THREADS ==============================: 36
TOTAL AVERAGE RATE (RPS) =====================================: 36.0
average response time [100]361.81164864864866
average response time [101]377.528
average response time [102]370.2625135135135
average response time [103]367.8114864864865
average response time [104]409.76935135135136
average response time [105]371.1972162162162
average response time [106]365.16186486486487
average response time [107]366.2545405405405
average response time [108]365.789
average response time [109]366.64435135135136
TOTAL AVERAGE RESPONSE TIME ====================: 372.2229972972973
NUMBER OF THREADS ==============================: 37
TOTAL AVERAGE RATE (RPS) =====================================: 37.0
average response time [110]364.59018421052633
average response time [111]383.7304210526316
average response time [112]367.3902894736842
average response time [113]376.7621842105263
average response time [114]362.4913947368421
average response time [115]469.50663157894735
average response time [116]373.4113947368421
average response time [117]372.7841842105263
average response time [118]374.8893947368421
average response time [119]362.3816052631579
TOTAL AVERAGE RESPONSE TIME ====================: 380.79376842105256
NUMBER OF THREADS ==============================: 38
TOTAL AVERAGE RATE (RPS) =====================================: 38.0
average response time [120]373.0791025641026
average response time [121]390.0523846153846
average response time [122]379.2084358974359
average response time [123]377.03435897435895
average response time [124]375.4451282051282
average response time [125]366.04623076923076
average response time [126]373.47371794871793
average response time [127]403.68894871794873
average response time [128]384.69458974358975
average response time [129]365.2699487179487
TOTAL AVERAGE RESPONSE TIME ====================: 378.79928461538464
NUMBER OF THREADS ==============================: 39
TOTAL AVERAGE RATE (RPS) =====================================: 39.0
average response time [130]380.6496
average response time [131]387.297425
average response time [132]379.1118
average response time [133]388.534875
average response time [134]408.9847
average response time [135]379.08755
average response time [136]372.165675
average response time [137]370.57105
average response time [138]368.456575
average response time [139]366.373875
TOTAL AVERAGE RESPONSE TIME ====================: 380.12331250000005
NUMBER OF THREADS ==============================: 40
TOTAL AVERAGE RATE (RPS) =====================================: 40.0
average response time [140]374.9977333333333
average response time [141]373.98168888888887
average response time [142]443.16566666666665
average response time [143]363.32157777777775
average response time [144]400.33588888888886
average response time [145]370.15695555555556
average response time [146]445.0077111111111
average response time [147]375.205
average response time [148]376.9357777777778
average response time [149]368.7406888888889
TOTAL AVERAGE RESPONSE TIME ====================: 389.1848688888889
NUMBER OF THREADS ==============================: 45
TOTAL AVERAGE RATE (RPS) =====================================: 45.0
average response time [150]376.98932
average response time [151]389.78124
average response time [152]384.71638
average response time [153]363.33146
average response time [154]376.06662
average response time [155]376.04362
average response time [156]428.93922
average response time [157]377.26196
average response time [158]371.96366
average response time [159]372.14796
TOTAL AVERAGE RESPONSE TIME ====================: 381.72414399999997
NUMBER OF THREADS ==============================: 50
TOTAL AVERAGE RATE (RPS) =====================================: 50.0
average response time [160]380.24503636363636
average response time [161]395.0036181818182
average response time [162]402.079
average response time [163]389.57447272727273
average response time [164]374.4527818181818
average response time [165]785.9186727272727
average response time [166]404.98241818181816
average response time [167]393.10372727272727
average response time [168]420.71881818181816
average response time [169]369.4806909090909
TOTAL AVERAGE RESPONSE TIME ====================: 431.5559236363636
NUMBER OF THREADS ==============================: 55
TOTAL AVERAGE RATE (RPS) =====================================: 54.7
average response time [170]383.78298333333333
average response time [171]381.25051666666667
average response time [172]389.1010166666667
average response time [173]394.2918
average response time [174]380.0711
average response time [175]377.96641666666665
average response time [176]382.3858
average response time [177]378.4313833333333
average response time [178]381.20228333333336
average response time [179]423.44385
TOTAL AVERAGE RESPONSE TIME ====================: 387.192715
NUMBER OF THREADS ==============================: 60
TOTAL AVERAGE RATE (RPS) =====================================: 60.0
average response time [180]397.59166153846155
average response time [181]399.10136923076925
average response time [182]376.1905538461538
average response time [183]385.5534153846154
average response time [184]475.2783692307692
average response time [185]409.47956923076924
average response time [186]381.5276923076923
average response time [187]385.08416923076925
average response time [188]372.3745230769231
average response time [189]794.4862615384616
TOTAL AVERAGE RESPONSE TIME ====================: 437.6667584615384
NUMBER OF THREADS ==============================: 65
TOTAL AVERAGE RATE (RPS) =====================================: 65.0
average response time sent to Stackdriver [0]389.256
average response time sent to Stackdriver [1]359.21025
average response time sent to Stackdriver [2]369.04978787878787
average response time sent to Stackdriver [3]380.14676470588233
average response time sent to Stackdriver [4]394.5508857142857
average response time sent to Stackdriver [5]370.2625135135135
average response time sent to Stackdriver [6]374.8893947368421
average response time sent to Stackdriver [7]408.9847
average response time sent to Stackdriver [8]376.9357777777778
average response time sent to Stackdriver [9]402.079
average response time sent to Stackdriver [10]380.0711
average response time sent to Stackdriver [11]409.47956923076924
NUMBER OF THREADS: [1, 2, 4, 8, 16, 32, 33, 34, 35, 36, 37, 38, 39, 40, 45, 50, 55, 60, 65]
WORKLOAD: HFU_LV;  
DATA COLLECTOR SETTING: CACHE;  
TOTAL EXECUTION TIME (Concurrent Parallel Requests): 127801.764
NUMBER OF REPLICAS: 1

