[[354.002]] 
RATE (RPS) =====================================: 1

[[377.149]] 
RATE (RPS) =====================================: 1

[[338.619]] 
RATE (RPS) =====================================: 1

[[394.615]] 
RATE (RPS) =====================================: 1

[[343.043]] 
RATE (RPS) =====================================: 1

[[351.288]] 
RATE (RPS) =====================================: 1

[[341.328]] 
RATE (RPS) =====================================: 1

[[394.628]] 
RATE (RPS) =====================================: 1

[[345.998]] 
RATE (RPS) =====================================: 1

[[353.113]] 
RATE (RPS) =====================================: 1

[[348.857, 354.324]] 
RATE (RPS) =====================================: 2

[[409.239, 385.106]] 
RATE (RPS) =====================================: 2

[[349.991, 359.547]] 
RATE (RPS) =====================================: 2

[[349.409, 346.483]] 
RATE (RPS) =====================================: 2

[[381.062, 379.108]] 
RATE (RPS) =====================================: 2

[[410.545, 393.979]] 
RATE (RPS) =====================================: 2

[[345.92, 353.051]] 
RATE (RPS) =====================================: 2

[[338.734, 338.906]] 
RATE (RPS) =====================================: 2

[[391.167, 391.45]] 
RATE (RPS) =====================================: 2

[[350.535, 342.165]] 
RATE (RPS) =====================================: 2

[[339.128, 348.156, 351.104, 353.411]] 
RATE (RPS) =====================================: 4

[[351.085, 339.095, 349.701, 355.805]] 
RATE (RPS) =====================================: 4

[[405.738, 389.103, 392.972, 389.186]] 
RATE (RPS) =====================================: 4

[[338.04, 355.047, 362.31, 339.802]] 
RATE (RPS) =====================================: 4

[[369.896, 344.16, 346.65, 350.012]] 
RATE (RPS) =====================================: 4

[[376.831, 371.603, 380.985, 373.04]] 
RATE (RPS) =====================================: 4

[[350.846, 344.093, 349.332, 344.489]] 
RATE (RPS) =====================================: 4

[[339.893, 339.196, 343.362, 343.789]] 
RATE (RPS) =====================================: 4

[[345.021, 351.024, 355.629, 340.715]] 
RATE (RPS) =====================================: 4

[[402.814, 378.094, 380.653, 383.291]] 
RATE (RPS) =====================================: 4

[[343.322, 342.324, 348.449, 336.631, 344.241, 347.181, 345.525, 339.157]] 
RATE (RPS) =====================================: 8

[[365.53, 360.349, 350.416, 357.607, 343.486, 363.337, 349.685, 354.928]] 
RATE (RPS) =====================================: 8

[[389.504, 390.693, 390.982, 398.57, 372.605, 373.569, 375.356, 375.379]] 
RATE (RPS) =====================================: 8

[[337.639, 342.83, 344.955, 357.133, 347.319, 343.462, 352.845, 339.326]] 
RATE (RPS) =====================================: 8

[[340.071, 342.475, 342.6, 346.186, 342.902, 353.449, 343.43, 342.027]] 
RATE (RPS) =====================================: 8

[[352.06, 360.767, 366.141, 348.685, 345.16, 348.363, 346.257, 345.15]] 
RATE (RPS) =====================================: 8

[[402.301, 403.414, 390.085, 385.133, 396.439, 389.104, 387.17, 384.671]] 
RATE (RPS) =====================================: 8

[[362.533, 343.539, 357.053, 372.905, 356.472, 366.243, 349.028, 350.664]] 
RATE (RPS) =====================================: 8

[[359.073, 363.599, 363.269, 344.822, 359.652, 360.366, 347.759, 348.37]] 
RATE (RPS) =====================================: 8

[[380.046, 378.249, 384.723, 373.515, 369.931, 372.194, 367.646, 365.345]] 
RATE (RPS) =====================================: 8

[[346.243, 353.661, 340.036, 349.184, 339.73, 342.184, 445.267, 433.484, 417.111, 416.29, 441.894, 414.174, 423.044, 428.298, 406.394, 398.235]] 
RATE (RPS) =====================================: 16

[[352.045, 367.205, 347.058, 340.134, 349.265, 353.815, 357.128, 343.038, 348.946, 338.617, 362.056, 350.345, 372.351, 357.572, 335.929, 337.571]] 
RATE (RPS) =====================================: 16

[[381.439, 386.241, 378.347, 362.194, 373.953, 375.435, 377.918, 358.864, 358.402, 366.787, 356.696, 361.542, 366.554, 357.774, 361.186, 356.599]] 
RATE (RPS) =====================================: 16

[[350.036, 337.846, 340.21, 342.904, 399.213, 349.442, 366.723, 369.059, 346.539, 381.681, 358.864, 356.146, 353.251, 370.573, 359.591, 343.922]] 
RATE (RPS) =====================================: 16

[[343.725, 347.174, 344.952, 360.413, 365.251, 361.602, 343.192, 369.719, 353.93, 351.783, 360.636, 351.877, 355.33, 348.665, 352.562, 341.653]] 
RATE (RPS) =====================================: 16

[[393.575, 382.137, 377.753, 390.497, 374.41, 381.999, 360.967, 378.228, 379.738, 356.224, 364.519, 389.18, 353.52, 354.512, 360.071, 347.173]] 
RATE (RPS) =====================================: 16

[[346.25, 337.361, 350.118, 336.619, 358.663, 347.393, 366.708, 352.331, 364.938, 353.875, 348.126, 351.766, 350.548, 360.427, 362.983, 342.547]] 
RATE (RPS) =====================================: 16

[[367.538, 348.795, 347.408, 357.639, 363.082, 337.502, 351.806, 343.999, 349.466, 356.917, 355.538, 364.629, 365.836, 369.656, 359.214, 354.176]] 
RATE (RPS) =====================================: 16

[[390.557, 377.477, 382.025, 378.897, 373.759, 373.68, 365.71, 366.831, 373.629, 360.883, 361.906, 363.584, 351.736, 356.809, 353.362, 348.674]] 
RATE (RPS) =====================================: 16

[[335.8, 356.271, 359.891, 337.385, 354.11, 346.119, 343.533, 345.31, 358.657, 345.39, 355.465, 369.518, 352.828, 357.065, 357.538, 346.752]] 
RATE (RPS) =====================================: 16

[[338.497, 353.65, 349.268, 357.155, 355.595, 353.824, 358.871, 359.529, 361.78, 347.252, 358.481, 344.481, 351.238, 347.992, 351.777, 368.087, 366.464, 385.526, 370.676, 356.617, 358.93, 346.91, 368.811, 354.061, 354.235, 354.094, 345.318, 352.846, 366.787, 344.718, 344.597, 394.548]] 
RATE (RPS) =====================================: 32

[[343.687, 358.832, 358.909, 377.477, 389.673, 371.05, 366.698, 367.957, 393.181, 378.52, 358.361, 362.222, 367.647, 370.568, 361.372, 365.709, 351.437, 355.321, 355.356, 366.91, 362.364, 345.876, 340.677, 344.733, 373.541, 339.94, 354.285, 344.45, 358.257, 376.634, 355.78, 351.965]] 
RATE (RPS) =====================================: 32

[[373.349, 362.361, 360.186, 388.502, 360.302, 374.079, 347.519, 364.563, 351.907, 352.572, 376.623, 355.65, 366.069, 356.325, 381.301, 353.405, 364.8, 375.586, 362.031, 365.111, 368.124, 362.41, 378.405, 358.253, 356.305, 360.246, 376.26, 356.576, 355.037, 360.172, 371.695, 354.896]] 
RATE (RPS) =====================================: 32

[[427.078, 433.493, 425.437, 417.776, 425.002, 414.658, 422.187, 410.302, 414.996, 414.523, 416.204, 410.389, 405.077, 402.37, 408.624, 398.367, 409.466, 402.284, 403.442, 373.204, 370.816, 391.886, 376.324, 392.886, 375.648, 369.701, 379.088, 390.117, 366.216, 365.924, 368.295, 362.339]] 
RATE (RPS) =====================================: 32

[[383.079, 387.439, 376.642, 367.367, 375.995, 381.235, 372.267, 379.69, 378.146, 358.399, 383.701, 361.502, 366.34, 378.114, 385.182, 360.336, 357.416, 353.918, 359.559, 354.286, 353.532, 353.655, 355.656, 352.954, 356.321, 381.998, 354.828, 351.967, 366.619, 355.931, 370.837, 364.053]] 
RATE (RPS) =====================================: 32

[[377.686, 381.93, 372.715, 390.328, 1227.966, 369.03, 370.131, 363.293, 364.814, 354.753, 377.226, 365.458, 351.321, 368.669, 354.767, 361.343, 374.199, 357.556, 355.812, 372.199, 375.348, 358.007, 347.698, 360.26, 369.925, 368.281, 370.933, 349.53, 352.084, 356.737, 360.242, 356.776]] 
RATE (RPS) =====================================: 31

[[355.363, 354.788, 371.003, 359.995, 361.677, 365.123, 360.83, 348.524, 350.262, 348.338, 363.118, 445.629, 340.537, 437.179, 368.015, 432.571, 422.463, 424.955, 424.104, 409.408, 416.252, 425.867, 415.021, 397.759, 418.53, 404.696, 404.705, 403.189, 419.946, 395.237, 398.302, 394.76]] 
RATE (RPS) =====================================: 32

[[362.447, 341.069, 350.767, 350.075, 368.535, 393.521, 364.142, 361.552, 359.139, 355.191, 362.765, 377.229, 343.044, 364.179, 349.849, 354.952, 385.668, 355.551, 370.37, 370.048, 363.434, 361.14, 355.523, 357.143, 369.674, 367.808, 365.806, 360.538, 362.068, 359.38, 361.451, 349.424]] 
RATE (RPS) =====================================: 32

[[349.963, 356.971, 349.072, 357.853, 349.284, 356.068, 342.614, 362.04, 339.399, 344.422, 359.235, 357.032, 360.162, 355.681, 350.746, 351.32, 350.76, 369.187, 348.849, 375.574, 361.731, 355.811, 355.075, 372.716, 369.952, 354.733, 363.883, 358.368, 363.074, 371.228, 344.733, 343.225]] 
RATE (RPS) =====================================: 32

[[397.544, 392.587, 393.177, 381.89, 388.853, 376.678, 390.159, 370.17, 373.9, 374.747, 371.087, 366.569, 378.931, 358.874, 356.187, 358.869, 369.095, 374.691, 378.932, 386.544, 387.244, 390.487, 382.85, 380.129, 384.223, 373.719, 386.006, 369.112, 362.708, 379.488, 363.117, 365.315]] 
RATE (RPS) =====================================: 32

[[372.134, 365.309, 369.812, 391.439, 371.708, 372.575, 385.591, 391.049, 375.919, 398.567, 369.572, 369.702, 367.256, 368.526, 370.189, 373.414, 360.433, 375.206, 377.42, 358.763, 354.219, 374.085, 373.364, 355.538, 352.704, 360.545, 352.536, 352.169, 353.399, 364.999, 351.773, 351.471, 356.463]] 
RATE (RPS) =====================================: 33

[[416.898, 420.625, 411.31, 399.392, 420.063, 400.838, 390.973, 386.07, 396.863, 387.493, 389.965, 387.017, 394.445, 379.834, 386.197, 373.41, 383.033, 378.019, 379.07, 365.714, 367.744, 385.78, 392.161, 370.628, 366.825, 374.155, 365.305, 370.234, 358.253, 356.506, 357.603, 359.67, 346.325]] 
RATE (RPS) =====================================: 33

[[355.957, 356.589, 370.238, 361.231, 372.995, 369.13, 365.105, 365.896, 373.334, 359.948, 367.241, 363.279, 358.579, 359.716, 375.767, 359.13, 364.149, 382.2, 377.561, 367.743, 365.97, 358.747, 365.292, 362.451, 370.82, 378.688, 364.414, 351.168, 379.147, 359.173, 373.803, 355.212, 352.738]] 
RATE (RPS) =====================================: 33

[[354.029, 394.605, 363.371, 369.889, 358.822, 376.7, 380.606, 367.24, 385.921, 364.2, 449.832, 436.159, 367.43, 421.784, 417.192, 400.176, 408.366, 406.291, 416.39, 399.467, 412.755, 411.946, 407.098, 408.14, 399.804, 404.849, 393.732, 398.155, 387.172, 394.688, 379.675, 387.621, 383.18]] 
RATE (RPS) =====================================: 33

[[373.18, 352.227, 355.84, 365.219, 351.488, 356.094, 350.303, 353.197, 352.856, 340.25, 350.375, 354.456, 364.18, 372.999, 361.888, 367.83, 350.069, 378.883, 375.073, 365.006, 348.568, 361.526, 357.929, 353.9, 369.315, 400.155, 350.769, 365.419, 375.383, 358.103, 359.795, 364.731, 352.708]] 
RATE (RPS) =====================================: 33

[[384.74, 383.762, 376.912, 370.403, 372.745, 377.236, 351.499, 368.067, 357.304, 386.239, 364.954, 349.815, 364.81, 363.031, 350.567, 366.562, 358.695, 360.022, 339.086, 356.723, 379.21, 362.699, 358.981, 344.591, 354.694, 385.644, 362.739, 368.392, 354.271, 358.921, 363.156, 360.96, 347.509]] 
RATE (RPS) =====================================: 33

[[402.46, 412.153, 395.793, 393.786, 386.919, 387.658, 377.226, 385.07, 378.947, 384.756, 369.412, 374.599, 367.939, 386.996, 356.454, 352.882, 352.977, 384.332, 358.449, 360.062, 358.491, 360.987, 360.283, 357.226, 370.388, 371.865, 363.706, 363.179, 359.659, 355.045, 358.484, 368.965, 353.329]] 
RATE (RPS) =====================================: 33

[[347.63, 392.77, 353.864, 375.511, 352.011, 375.154, 374.53, 355.292, 370.275, 393.47, 379.814, 355.067, 368.725, 351.904, 362.691, 361.711, 382.789, 379.451, 363.253, 372.55, 379.9, 365.654, 361.131, 370.406, 367.724, 352.47, 381.183, 382.535, 365.487, 385.126, 369.317, 366.615, 381.192]] 
RATE (RPS) =====================================: 33

[[395.228, 385.43, 382.94, 383.435, 370.366, 380.446, 375.032, 379.718, 376.799, 373.285, 369.704, 365.494, 363.919, 368.381, 356.099, 361.973, 367.137, 378.511, 346.692, 353.383, 362.145, 384.028, 367.169, 360.055, 367.588, 367.06, 351.479, 356.787, 344.895, 353.4, 350.313, 356.671, 349.7]] 
RATE (RPS) =====================================: 33

[[371.389, 358.414, 354.507, 358.874, 368.828, 367.154, 357.357, 376.153, 361.199, 351.91, 357.589, 363.279, 372.67, 339.933, 352.748, 369.086, 353.247, 357.069, 340.59, 363.108, 366.182, 365.294, 357.898, 363.805, 354.588, 346.185, 353.597, 343.138, 353.376, 350.756, 352.735, 348.164, 350.3]] 
RATE (RPS) =====================================: 33

[[352.595, 370.226, 353.206, 347.82, 351.094, 414.978, 401.522, 408.237, 402.824, 400.582, 397.842, 397.175, 397.47, 391.53, 391.277, 396.468, 380.621, 379.024, 381.433, 380.295, 381.534, 395.319, 379.086, 373.234, 370.964, 381.768, 369.614, 375.331, 368.372, 362.017, 367.322, 353.554, 357.344, 380.233]] 
RATE (RPS) =====================================: 34

[[351.268, 367.584, 365.209, 359.028, 361.006, 359.156, 384.373, 361.503, 380.51, 364.016, 385.408, 359.851, 360.902, 363.788, 369.521, 369.046, 383.911, 358.692, 360.483, 374.703, 356.643, 371.278, 384.697, 385.274, 354.85, 357.371, 353.232, 361.785, 352.258, 370.995, 371.793, 359.143, 364.674, 362.258]] 
RATE (RPS) =====================================: 34

[[368.366, 381.906, 364.269, 361.585, 373.908, 363.12, 361.942, 364.323, 358.774, 355.622, 357.031, 357.192, 360.843, 370.793, 356.638, 368.549, 361.356, 350.442, 351.662, 350.372, 353.962, 345.225, 445.622, 353.98, 335.727, 413.28, 391.25, 415.662, 399.334, 382.367, 379.224, 400.216, 384.407, 382.363]] 
RATE (RPS) =====================================: 34

[[366.556, 378.338, 355.147, 368.65, 361.238, 364.959, 364.89, 364.509, 385.9, 376.923, 374.815, 382.15, 373.116, 358.493, 367.304, 365.443, 367.589, 368.48, 356.359, 368.207, 355.201, 343.843, 364.227, 360.522, 344.272, 385.199, 358.898, 358.939, 356.92, 354.039, 360.258, 368.149, 351.28, 351.297]] 
RATE (RPS) =====================================: 34

[[384.798, 371.657, 359.724, 340.331, 375.303, 364.802, 355.935, 366.845, 348.908, 356.445, 359.457, 363.582, 356.319, 381.552, 356.576, 356.616, 339.189, 348.709, 353.059, 351.643, 382.86, 349.045, 365.217, 366.157, 343.693, 369.897, 383.728, 378.116, 361.61, 371.445, 367.379, 356.777, 358.155, 359.55]] 
RATE (RPS) =====================================: 34

[[403.653, 400.584, 385.66, 391.87, 408.66, 406.773, 378.212, 380.549, 381.26, 399.822, 371.111, 363.052, 360.897, 369.164, 358.799, 373.48, 358.932, 361.743, 364.281, 368.856, 351.622, 358.78, 360.67, 349.867, 365.092, 370.917, 376.424, 363.009, 355.225, 359.637, 354.137, 360.962, 347.194, 355.194]] 
RATE (RPS) =====================================: 34

[[373.934, 376.611, 368.64, 367.458, 365.267, 361.86, 360.545, 354.051, 371.207, 344.531, 374.765, 367.282, 375.175, 353.328, 379.427, 362.35, 360.956, 365.592, 362.247, 356.34, 354.801, 366.012, 361.811, 380.549, 363.377, 374.552, 377.874, 384.441, 380.536, 360.909, 376.202, 371.796, 365.879, 363.871]] 
RATE (RPS) =====================================: 34

[[397.183, 399.085, 399.062, 393.512, 385.685, 387.436, 376.085, 380.699, 377.04, 391.425, 373.313, 365.277, 375.911, 362.992, 368.771, 358.965, 359.161, 361.28, 359.613, 357.796, 373.608, 361.405, 349.415, 360.244, 342.374, 347.442, 354.29, 382.068, 377.291, 361.255, 387.274, 372.711, 361.016, 358.247]] 
RATE (RPS) =====================================: 34

[[356.502, 397.903, 353.235, 389.164, 388.569, 401.038, 381.266, 379.293, 385.885, 373.164, 368.664, 383.431, 368.045, 378.334, 390.09, 374.702, 389.957, 391.601, 392.081, 381.567, 398.095, 376.981, 384.394, 372.384, 390.457, 379.608, 367.246, 372.557, 386.464, 370.7, 380.128, 361.337, 362.367, 363.931]] 
RATE (RPS) =====================================: 34

[[342.996, 371.483, 342.419, 351.673, 403.432, 399.823, 401.217, 399.332, 397.851, 398.794, 413.063, 388.093, 400.267, 383.096, 388.615, 387.452, 386.313, 411.045, 375.097, 397.557, 378.82, 359.492, 359.703, 358.63, 358.113, 364.175, 358.851, 357.118, 358.17, 355.005, 365.772, 368.074, 375.369, 356.449]] 
RATE (RPS) =====================================: 34

[[366.292, 353.821, 370.413, 347.082, 360.936, 356.253, 371.25, 351.083, 375.616, 359.725, 350.411, 364.9, 364.477, 351.344, 381.165, 371.222, 348.767, 351.145, 360.551, 349.691, 372.602, 360.363, 344.394, 353.052, 365.233, 349.346, 347.415, 369.045, 358.147, 349.812, 362.918, 347.005, 360.371, 358.344, 353.687]] 
RATE (RPS) =====================================: 35

[[345.929, 377.287, 358.316, 370.326, 364.712, 359.577, 362.154, 352.971, 365.045, 352.345, 384.173, 363.635, 359.322, 366.838, 352.69, 396.797, 357.68, 368.334, 357.4, 390.719, 351.031, 372.487, 361.1, 367.308, 372.782, 358.347, 367.058, 362.112, 348.095, 400.718, 394.374, 392.586, 402.355, 396.843, 397.042]] 
RATE (RPS) =====================================: 35

[[351.278, 351.376, 352.908, 351.227, 352.795, 359.867, 356.652, 358.45, 362.894, 364.86, 368.906, 350.341, 346.044, 360.19, 343.248, 352.331, 353.237, 472.527, 467.137, 435.686, 436.831, 363.789, 420.235, 347.865, 410.503, 418.227, 411.918, 382.566, 388.953, 366.188, 387.211, 381.569, 371.447, 361.696, 350.785]] 
RATE (RPS) =====================================: 35

[[357.228, 376.093, 355.211, 380.433, 348.549, 376.47, 373.586, 377.241, 369.898, 368.893, 370.267, 359.091, 366.968, 362.825, 367.001, 371.455, 358.415, 355.508, 358.119, 370.372, 379.18, 362.995, 359.35, 368.312, 377.242, 365.131, 354.122, 367.556, 358.369, 381.121, 379.698, 385.554, 363.179, 364.693, 362.564]] 
RATE (RPS) =====================================: 35

[[411.945, 400.165, 404.801, 397.612, 409.571, 405.891, 389.773, 383.71, 385.85, 380.784, 373.187, 378.913, 364.037, 364.806, 367.353, 366.081, 368.725, 358.818, 367.987, 369.302, 346.043, 356.565, 362.01, 480.217, 462.58, 444.778, 439.861, 467.111, 415.85, 396.951, 400.816, 420.176, 424.903, 411.847, 381.219]] 
RATE (RPS) =====================================: 35

[[365.826, 344.314, 347.784, 352.736, 353.922, 369.939, 396.373, 343.358, 383.021, 356.983, 376.1, 347.887, 361.599, 352.699, 358.771, 370.858, 394.897, 355.586, 359.173, 350.41, 371.471, 397.203, 364.934, 368.442, 361.982, 384.313, 358.973, 361.342, 365.571, 353.293, 359.764, 359.386, 361.758, 378.007, 361.638]] 
RATE (RPS) =====================================: 35

[[388.853, 395.752, 394.204, 394.537, 382.179, 423.948, 384.532, 374.114, 377.033, 378.279, 375.53, 364.678, 378.987, 361.064, 394.789, 369.542, 356.019, 352.033, 377.131, 374.494, 367.076, 363.02, 358.2, 363.25, 356.105, 367.532, 363.781, 370.572, 345.751, 351.662, 352.882, 356.18, 358.819, 382.97, 365.164]] 
RATE (RPS) =====================================: 35

[[363.85, 357.054, 362.375, 371.745, 358.315, 389.442, 352.065, 354.934, 386.707, 365.721, 362.356, 378.73, 367.762, 357.406, 360.959, 367.669, 389.967, 354.054, 359.908, 350.074, 352.273, 354.079, 367.434, 347.702, 348.573, 351.511, 358.912, 374.211, 373.926, 350.925, 367.833, 360.799, 369.921, 371.975, 369.943]] 
RATE (RPS) =====================================: 35

[[400.606, 395.724, 398.134, 401.587, 389.261, 391.636, 399.104, 388.981, 377.408, 403.767, 387.674, 371.577, 378.785, 361.589, 385.107, 384.889, 379.834, 377.129, 381.177, 374.798, 359.053, 363.881, 372.634, 361.984, 372.893, 354.413, 364.143, 407.677, 361.592, 386.91, 356.224, 357.125, 354.133, 370.989, 358.325]] 
RATE (RPS) =====================================: 35

[[380.589, 368.475, 377.114, 383.392, 380.432, 369.701, 372.622, 376.975, 374.823, 379.077, 368.73, 370.821, 362.157, 362.225, 398.35, 377.626, 352.064, 370.622, 407.209, 375.222, 362.069, 365.59, 376.175, 363.003, 385.552, 376.488, 361.858, 373.311, 361.349, 376.766, 357.476, 359.544, 382.144, 354.96, 359.303]] 
RATE (RPS) =====================================: 35

[[352.797, 350.661, 367.704, 374.074, 378.932, 370.626, 371.338, 364.61, 361.686, 439.475, 422.397, 421.085, 414.512, 418.349, 425.125, 397.456, 409.825, 404.082, 406.972, 397.61, 402.8, 409.647, 392.388, 398.275, 393.112, 396.987, 384.583, 387.428, 388.178, 386.754, 373.371, 389.473, 367.438, 364.64, 369.909, 368.561]] 
RATE (RPS) =====================================: 36

[[374.804, 364.783, 377.605, 359.185, 358.13, 380.885, 358.658, 369.583, 363.712, 360.225, 362.478, 364.124, 360.003, 349.713, 352.43, 362.483, 350.578, 360.967, 368.482, 358.787, 369.787, 353.33, 347.996, 408.283, 365.855, 379.137, 358.906, 367.8, 367.319, 368.126, 349.535, 366.379, 356.43, 358.359, 361.834, 356.667]] 
RATE (RPS) =====================================: 36

[[380.441, 356.365, 357.56, 361.668, 361.812, 360.397, 355.982, 375.474, 354.109, 359.173, 371.841, 354.279, 359.691, 362.139, 366.633, 392.329, 383.933, 366.115, 352.347, 355.742, 553.324, 554.515, 466.22, 546.345, 539.763, 539.891, 427.686, 447.239, 521.492, 480.726, 412.314, 391.541, 384.67, 398.452, 475.229, 434.945]] 
RATE (RPS) =====================================: 36

[[342.308, 346.149, 365.026, 366.2, 355.934, 355.94, 349.899, 371.599, 346.104, 366.184, 376.418, 356.963, 372.184, 348.32, 390.082, 395.853, 346.301, 379.777, 355.248, 358.847, 367.175, 367.391, 358.174, 357.915, 360.433, 360.814, 356.732, 363.495, 354.186, 357.436, 393.223, 350.972, 356.994, 354.363, 361.957, 347.494]] 
RATE (RPS) =====================================: 36

[[358.842, 347.67, 345.033, 362.335, 359.653, 370.272, 349.511, 350.607, 361.372, 376.186, 364.965, 370.54, 347.036, 363.785, 362.167, 361.825, 352.307, 350.675, 348.294, 346.456, 360.113, 359.866, 343.31, 361.658, 362.926, 341.834, 354.749, 369.179, 367.69, 365.254, 358.239, 364.411, 376.194, 349.926, 371.687, 359.998]] 
RATE (RPS) =====================================: 36

[[477.745, 499.223, 469.421, 483.391, 490.508, 511.113, 487.682, 506.325, 518.887, 495.427, 526.049, 502.404, 504.29, 512.316, 500.452, 506.146, 501.276, 516.677, 507.204, 491.868, 485.775, 482.581, 491.858, 495.827, 493.604, 472.041, 480.079, 478.818, 490.491, 465.06, 462.557, 467.833, 472.657, 461.209, 470.285, 451.463]] 
RATE (RPS) =====================================: 36

[[369.875, 336.993, 378.642, 363.357, 379.153, 367.297, 370.313, 368.121, 388.545, 397.264, 365.073, 378.304, 353.034, 370.173, 373.268, 371.965, 374.412, 364.914, 380.735, 362.945, 353.442, 351.671, 365.95, 357.306, 358.372, 364.926, 349.801, 360.086, 362.151, 357.07, 369.659, 374.73, 373.357, 371.969, 365.446, 358.574]] 
RATE (RPS) =====================================: 36

[[401.13, 399.26, 389.31, 394.778, 394.219, 389.384, 385.998, 397.912, 383.803, 387.145, 374.376, 380.621, 375.469, 394.357, 375.423, 370.091, 384.733, 370.437, 364.413, 370.973, 373.816, 362.419, 378.978, 361.621, 367.184, 349.083, 358.146, 357.108, 366.272, 351.696, 366.725, 354.529, 374.214, 358.114, 366.47, 373.029]] 
RATE (RPS) =====================================: 36

[[350.056, 353.297, 376.362, 359.269, 371.407, 356.707, 359.449, 365.789, 368.48, 372.162, 357.864, 371.844, 380.752, 354.576, 366.455, 351.334, 354.474, 358.067, 358.708, 359.013, 352.99, 355.855, 357.827, 345.655, 376.647, 374.435, 359.163, 368.851, 378.937, 369.726, 362.574, 359.226, 368.531, 358.927, 361.762, 364.752]] 
RATE (RPS) =====================================: 36

[[414.432, 391.908, 400.298, 383.67, 376.966, 388.764, 384.649, 392.639, 384.198, 377.329, 388.915, 376.662, 362.019, 380.24, 377.611, 361.323, 369.485, 370.438, 370.191, 359.111, 360.51, 357.968, 369.578, 350.593, 361.648, 357.564, 386.541, 368.148, 356.199, 356.379, 366.319, 365.753, 352.435, 356.669, 353.715, 362.078]] 
RATE (RPS) =====================================: 36

[[346.57, 344.873, 364.877, 404.333, 392.777, 385.617, 388.653, 378.423, 394.579, 377.271, 380.511, 362.73, 377.395, 394.305, 380.689, 372.594, 371.294, 377.946, 369.757, 360.086, 364.088, 364.921, 366.271, 362.826, 350.354, 365.169, 363.511, 367.532, 392.31, 399.411, 381.698, 371.681, 353.974, 337.07, 373.99, 380.547, 374.084]] 
RATE (RPS) =====================================: 37

[[386.286, 391.862, 382.731, 390.528, 381.523, 381.897, 380.509, 377.662, 371.403, 371.624, 372.072, 373.801, 373.531, 378.042, 357.135, 369.019, 370.278, 359.066, 378.969, 375.29, 374.605, 369.203, 356.477, 356.501, 363.877, 348.484, 367.749, 360.916, 351.211, 361.284, 379.494, 367.484, 359.484, 396.568, 367.91, 353.729, 356.581]] 
RATE (RPS) =====================================: 37

[[360.182, 370.207, 378.037, 364.474, 353.561, 384.871, 384.106, 388.047, 380.147, 383.961, 373.507, 388.884, 374.855, 384.733, 369.003, 352.996, 363.275, 388.377, 358.11, 357.499, 359.042, 372.263, 354.051, 365.359, 348.266, 353.563, 350.957, 351.569, 357.972, 349.496, 357.352, 352.212, 349.293, 368.222, 349.732, 355.28, 353.028]] 
RATE (RPS) =====================================: 37

[[355.744, 353.787, 350.819, 353.19, 350.415, 351.258, 372.931, 348.777, 369.833, 371.651, 376.029, 370.795, 414.34, 409.225, 407.425, 406.316, 404.182, 404.673, 410.146, 414.645, 394.519, 391.679, 388.042, 401.858, 381.215, 383.488, 378.776, 383.855, 374.23, 373.95, 367.858, 370.838, 371.57, 371.252, 360.789, 360.952, 356.055]] 
RATE (RPS) =====================================: 37

[[390.074, 343.847, 350.24, 390.63, 364.995, 364.911, 382.776, 366.112, 360.363, 357.523, 369.234, 360.08, 379.026, 359.437, 371.437, 364.239, 381.118, 357.028, 355.358, 366.633, 367.918, 346.608, 359.677, 358.401, 365.34, 351.081, 377.741, 390.907, 368.638, 370.549, 382.628, 375.064, 381.917, 359.226, 365.878, 365.34, 361.276]] 
RATE (RPS) =====================================: 37

[[363.573, 353.234, 355.016, 388.074, 392.51, 363.196, 379.775, 386.28, 376.231, 376.606, 375.853, 376.034, 372.222, 368.484, 375.877, 363.087, 368.359, 363.619, 361.953, 366.338, 371.046, 383.32, 358.673, 353.573, 372.256, 360.866, 369.495, 353.119, 355.169, 373.945, 372.373, 404.75, 402.946, 403.1, 406.835, 398.329, 392.053]] 
RATE (RPS) =====================================: 37

[[342.454, 361.402, 351.224, 347.112, 351.954, 362.31, 345.805, 358.309, 348.875, 373.421, 349.299, 349.433, 361.014, 349.972, 351.8, 356.331, 339.87, 348.151, 354.438, 349.421, 381.552, 350.501, 356.84, 399.483, 358.28, 347.442, 357.126, 343.669, 353.071, 364.5, 350.199, 366.458, 344.164, 372.623, 372.414, 354.552, 342.821]] 
RATE (RPS) =====================================: 37

[[390.626, 371.879, 368.629, 364.709, 362.729, 368.563, 368.239, 363.665, 392.129, 369.988, 372.168, 378.089, 354.441, 394.411, 405.299, 367.089, 385.701, 381.166, 379.452, 377.049, 386.159, 369.359, 382.522, 381.821, 359.322, 358.186, 370.748, 373.455, 354.337, 368.165, 355.314, 359.33, 361.617, 372.031, 359.408, 343.363, 357.621]] 
RATE (RPS) =====================================: 37

[[415.982, 397.089, 403.735, 394.457, 396.265, 402.788, 375.542, 385.525, 386.554, 393.881, 373.135, 389.469, 388.54, 394.587, 350.071, 380.977, 363.423, 395.717, 367.52, 373.806, 364.16, 365.04, 362.655, 360.532, 357.66, 358.145, 359.436, 366.808, 370.034, 357.751, 372.347, 360.723, 389.366, 353.971, 349.607, 356.42, 363.523]] 
RATE (RPS) =====================================: 37

[[358.081, 395.58, 372.043, 360.656, 383.947, 368.542, 384.906, 372.003, 361.313, 393.03, 373.024, 395.948, 368.706, 378.135, 387.433, 380.965, 375.0, 374.76, 370.646, 368.97, 376.254, 359.543, 367.04, 383.055, 365.122, 358.717, 356.281, 363.574, 360.737, 385.327, 406.024, 399.592, 392.462, 350.917, 373.751, 389.036, 380.721]] 
RATE (RPS) =====================================: 37

[[394.503, 391.423, 392.452, 385.552, 380.839, 382.413, 393.102, 374.334, 377.99, 368.627, 377.918, 387.577, 378.451, 361.418, 357.49, 364.348, 361.67, 362.507, 364.73, 355.067, 359.525, 357.345, 358.184, 364.524, 388.529, 353.267, 360.045, 371.354, 354.03, 355.144, 344.697, 347.48, 360.428, 356.675, 351.333, 355.794, 339.311, 354.124]] 
RATE (RPS) =====================================: 38

[[377.381, 360.664, 398.396, 363.372, 366.403, 372.034, 354.502, 377.554, 366.917, 367.73, 382.41, 382.993, 359.531, 365.909, 369.955, 361.042, 373.653, 359.169, 366.49, 369.172, 393.323, 386.473, 386.275, 361.63, 364.896, 370.342, 374.04, 365.323, 373.739, 360.484, 362.669, 366.676, 381.559, 357.873, 361.854, 349.668, 354.425, 350.961]] 
RATE (RPS) =====================================: 38

[[432.825, 431.393, 419.078, 429.138, 432.646, 414.678, 417.722, 430.938, 426.295, 422.511, 413.048, 415.08, 425.806, 409.923, 404.082, 411.827, 405.57, 391.015, 398.262, 404.164, 399.49, 378.8, 390.082, 386.934, 394.614, 379.172, 391.44, 384.836, 382.575, 376.531, 377.868, 368.01, 384.34, 362.462, 361.254, 352.022, 362.622, 350.848]] 
RATE (RPS) =====================================: 38

[[356.913, 359.292, 359.576, 368.601, 361.82, 369.784, 373.82, 361.319, 364.027, 369.326, 370.816, 365.339, 354.648, 373.844, 362.412, 380.174, 362.945, 374.795, 374.665, 346.204, 368.259, 372.96, 358.713, 369.535, 379.038, 363.474, 363.057, 369.341, 366.624, 353.854, 368.603, 371.085, 345.136, 375.655, 365.516, 373.95, 377.754, 360.236]] 
RATE (RPS) =====================================: 38

[[346.596, 354.932, 352.654, 352.514, 376.566, 378.371, 397.658, 375.014, 370.967, 380.116, 428.33, 424.578, 435.06, 418.719, 430.671, 414.917, 414.758, 413.405, 406.201, 401.254, 404.818, 407.48, 402.273, 399.659, 410.172, 393.42, 380.975, 382.785, 389.266, 381.716, 388.339, 383.232, 380.865, 381.238, 369.219, 380.61, 367.015, 354.688]] 
RATE (RPS) =====================================: 38

[[366.751, 354.953, 356.695, 349.619, 377.353, 357.627, 357.258, 370.836, 371.534, 366.458, 371.734, 384.421, 361.623, 375.52, 369.098, 365.273, 359.792, 360.398, 357.181, 358.524, 364.254, 365.885, 353.576, 356.126, 378.779, 366.921, 352.409, 362.877, 353.509, 355.677, 393.162, 388.178, 350.109, 354.874, 353.002, 359.137, 364.987, 361.501]] 
RATE (RPS) =====================================: 38

[[353.922, 357.223, 361.001, 359.104, 356.149, 353.942, 363.885, 359.039, 417.237, 382.374, 367.614, 376.286, 398.759, 387.691, 382.531, 384.926, 366.777, 366.929, 363.66, 370.256, 357.118, 364.645, 440.235, 440.63, 417.422, 428.062, 438.77, 421.965, 406.358, 416.43, 413.623, 415.536, 400.187, 412.182, 404.132, 399.893, 405.133, 397.007]] 
RATE (RPS) =====================================: 38

[[362.029, 387.286, 363.08, 383.104, 385.539, 378.761, 376.715, 372.107, 369.811, 366.835, 364.1, 362.632, 359.577, 357.717, 359.702, 387.086, 375.781, 349.812, 374.221, 354.297, 364.897, 354.66, 364.961, 369.898, 352.704, 352.892, 369.1, 374.847, 360.363, 369.905, 365.528, 360.281, 361.488, 352.963, 354.536, 360.978, 347.76, 355.495]] 
RATE (RPS) =====================================: 38

[[352.133, 376.699, 345.564, 368.527, 381.564, 380.923, 385.181, 369.783, 377.165, 368.007, 372.752, 367.596, 373.051, 367.462, 368.395, 365.527, 374.068, 369.685, 367.382, 363.487, 368.239, 363.332, 363.973, 383.292, 355.011, 371.307, 380.418, 379.121, 374.769, 361.453, 360.446, 362.554, 390.264, 382.432, 376.089, 376.369, 371.157, 409.868]] 
RATE (RPS) =====================================: 38

[[368.064, 369.727, 356.756, 352.769, 361.193, 357.452, 390.706, 371.688, 357.384, 362.285, 376.841, 360.451, 369.218, 367.953, 379.357, 370.864, 367.377, 398.352, 399.247, 364.071, 349.244, 374.77, 366.991, 376.422, 378.839, 356.579, 351.968, 363.122, 361.863, 356.647, 356.667, 354.3, 360.645, 364.247, 361.924, 372.462, 348.824, 349.321]] 
RATE (RPS) =====================================: 38

[[384.405, 342.856, 354.969, 356.9, 359.134, 368.641, 355.25, 357.762, 382.531, 371.164, 372.649, 377.111, 379.816, 367.826, 370.38, 368.624, 365.53, 367.619, 366.363, 348.564, 376.947, 358.56, 382.908, 363.011, 366.499, 367.56, 402.64, 407.779, 356.912, 380.903, 351.491, 395.815, 381.818, 393.493, 399.384, 376.886, 373.858, 381.085, 370.273]] 
RATE (RPS) =====================================: 39

[[406.19, 399.901, 404.248, 424.275, 397.901, 395.714, 388.965, 385.49, 395.533, 388.147, 382.019, 372.122, 386.337, 382.464, 378.764, 384.736, 368.856, 374.667, 376.702, 361.821, 364.718, 369.703, 368.076, 353.396, 386.817, 356.414, 356.05, 352.083, 354.281, 377.471, 354.815, 377.047, 372.753, 368.912, 373.758, 370.891, 369.574, 362.555, 359.382]] 
RATE (RPS) =====================================: 39

[[344.537, 354.057, 391.11, 387.131, 359.944, 366.859, 384.179, 386.525, 374.455, 378.642, 379.939, 393.219, 378.304, 374.634, 380.67, 381.614, 390.479, 373.016, 370.32, 381.089, 376.812, 376.673, 370.467, 371.744, 388.924, 378.864, 355.056, 1020.62, 348.42, 367.917, 357.214, 379.037, 394.981, 381.227, 387.117, 366.507, 345.934, 364.971, 366.435]] 
RATE (RPS) =====================================: 38

[[397.744, 400.18, 400.385, 404.126, 394.046, 395.673, 396.643, 386.64, 397.713, 388.378, 379.565, 384.632, 394.748, 391.756, 385.199, 389.455, 372.899, 386.654, 381.238, 383.336, 368.962, 377.878, 365.764, 366.115, 384.505, 358.432, 359.932, 375.624, 363.218, 349.169, 364.13, 372.874, 348.706, 355.221, 370.651, 369.219, 351.794, 359.992, 359.753]] 
RATE (RPS) =====================================: 39

[[390.643, 386.888, 396.753, 386.954, 383.133, 384.045, 386.532, 378.953, 375.767, 378.533, 376.349, 382.79, 384.421, 368.133, 385.537, 386.725, 356.033, 356.631, 366.597, 368.422, 354.562, 362.061, 373.572, 378.464, 407.022, 367.41, 349.207, 365.361, 361.728, 358.307, 352.576, 361.131, 360.74, 358.853, 368.301, 354.243, 355.294, 353.057, 349.958]] 
RATE (RPS) =====================================: 39

[[346.094, 382.392, 366.47, 374.024, 363.431, 368.255, 367.607, 375.049, 377.784, 369.216, 372.555, 374.079, 353.579, 367.473, 354.267, 359.124, 363.719, 366.56, 358.818, 368.36, 353.609, 353.198, 365.735, 343.533, 345.444, 360.152, 353.482, 353.566, 364.45, 367.777, 341.075, 378.367, 351.751, 353.508, 350.344, 357.785, 353.719, 359.912, 358.831]] 
RATE (RPS) =====================================: 39

[[345.454, 347.137, 378.406, 362.234, 368.273, 390.962, 377.259, 352.49, 378.019, 373.859, 378.779, 370.303, 448.648, 374.686, 429.747, 411.961, 415.941, 412.82, 413.951, 415.887, 396.906, 421.301, 416.392, 410.768, 416.029, 400.444, 404.043, 408.473, 406.115, 414.835, 390.412, 398.879, 398.446, 400.723, 387.659, 400.249, 382.613, 390.131, 384.142]] 
RATE (RPS) =====================================: 39

[[350.103, 353.71, 377.28, 358.962, 366.502, 355.039, 364.108, 365.184, 363.278, 373.624, 378.138, 365.493, 391.617, 403.868, 365.626, 362.298, 364.534, 380.201, 358.043, 373.996, 350.29, 369.435, 356.484, 362.537, 352.681, 352.29, 355.944, 367.14, 374.161, 407.637, 361.959, 367.207, 375.147, 395.259, 378.884, 409.641, 398.467, 379.892, 393.973]] 
RATE (RPS) =====================================: 39

[[351.755, 360.731, 344.375, 357.324, 347.844, 357.164, 361.084, 373.834, 392.738, 372.952, 380.909, 388.052, 366.578, 375.509, 366.193, 363.736, 368.036, 352.997, 355.727, 407.734, 414.967, 403.384, 395.882, 391.426, 395.368, 386.268, 390.272, 380.732, 378.814, 374.211, 380.545, 368.605, 370.94, 376.231, 377.474, 363.346, 354.713, 363.532, 347.353]] 
RATE (RPS) =====================================: 39

[[358.497, 364.788, 383.382, 353.175, 352.276, 354.036, 352.069, 356.662, 346.612, 375.218, 374.236, 354.901, 358.614, 355.995, 385.0, 361.167, 361.987, 354.614, 355.251, 351.378, 357.14, 369.213, 361.657, 358.97, 357.725, 362.142, 369.175, 349.774, 350.652, 357.53, 344.938, 375.682, 381.88, 345.676, 360.413, 371.083, 356.001, 362.938, 346.543]] 
RATE (RPS) =====================================: 39

[[377.115, 365.716, 371.45, 362.353, 365.241, 394.263, 391.153, 373.676, 390.684, 384.637, 385.056, 375.356, 383.139, 366.414, 385.631, 366.597, 353.779, 376.142, 371.521, 363.032, 365.687, 389.548, 378.648, 361.567, 365.371, 374.355, 379.282, 363.374, 381.156, 374.808, 355.953, 441.931, 434.954, 437.469, 422.217, 422.752, 431.381, 418.636, 410.472, 403.227]] 
RATE (RPS) =====================================: 40

[[356.894, 376.254, 373.27, 370.999, 367.874, 387.359, 368.641, 376.127, 373.614, 354.278, 363.719, 371.688, 359.728, 354.749, 382.808, 359.073, 380.077, 371.105, 349.44, 360.833, 373.883, 352.411, 352.97, 355.473, 359.705, 353.752, 352.076, 362.425, 359.762, 357.522, 357.661, 355.078, 378.612, 363.095, 365.751, 340.4, 368.506, 364.284, 370.972, 371.327]] 
RATE (RPS) =====================================: 40

[[359.305, 376.003, 392.419, 379.973, 363.59, 383.845, 367.38, 369.942, 384.398, 371.093, 371.355, 440.215, 454.311, 424.091, 431.819, 419.699, 438.4, 439.255, 444.244, 406.9, 422.189, 432.081, 431.803, 410.656, 391.785, 414.396, 416.209, 424.584, 395.617, 397.958, 396.012, 405.506, 390.62, 397.508, 399.178, 450.771, 382.05, 442.401, 439.304, 427.806]] 
RATE (RPS) =====================================: 40

[[381.892, 357.346, 355.941, 357.008, 350.888, 351.571, 346.898, 358.266, 357.86, 347.079, 369.02, 369.38, 364.742, 346.558, 354.843, 359.304, 351.93, 361.195, 358.875, 354.162, 351.351, 348.48, 361.057, 347.311, 353.47, 361.204, 375.441, 363.724, 366.454, 347.059, 359.809, 361.769, 378.578, 346.24, 373.739, 351.757, 366.89, 374.449, 350.096, 348.473]] 
RATE (RPS) =====================================: 40

[[347.765, 372.863, 366.545, 369.659, 363.037, 361.997, 360.495, 391.855, 356.685, 358.082, 365.374, 385.08, 365.496, 375.029, 375.957, 364.514, 372.993, 383.756, 361.097, 360.677, 364.767, 366.398, 355.82, 366.301, 358.975, 357.324, 357.031, 394.95, 378.665, 372.003, 345.689, 361.007, 362.357, 360.644, 362.366, 396.309, 359.22, 365.161, 370.59, 354.133]] 
RATE (RPS) =====================================: 40

[[436.043, 426.55, 433.436, 427.024, 402.619, 418.216, 407.405, 384.354, 408.867, 397.935, 396.464, 400.738, 395.21, 390.932, 417.239, 383.477, 386.319, 373.529, 378.526, 375.739, 379.732, 386.27, 379.169, 381.534, 371.133, 367.65, 367.241, 366.381, 352.32, 350.141, 363.156, 362.783, 343.341, 373.294, 360.552, 376.823, 351.34, 377.239, 370.825, 374.358]] 
RATE (RPS) =====================================: 40

[[381.588, 378.363, 387.652, 374.114, 374.661, 384.916, 381.051, 370.482, 371.117, 388.523, 376.822, 383.527, 373.802, 373.379, 377.587, 368.293, 396.391, 371.138, 381.405, 383.629, 367.45, 392.269, 386.091, 377.78, 416.434, 371.458, 403.091, 371.667, 365.789, 382.042, 377.601, 370.431, 378.881, 375.893, 374.057, 369.321, 356.832, 367.804, 357.668, 352.764]] 
RATE (RPS) =====================================: 40

[[409.752, 407.128, 410.091, 402.711, 419.791, 398.726, 404.552, 392.936, 395.458, 393.677, 391.422, 384.641, 384.693, 382.32, 391.938, 378.562, 385.69, 380.262, 395.347, 367.162, 366.211, 393.083, 364.484, 363.256, 361.489, 369.149, 376.849, 375.152, 393.681, 354.327, 360.66, 364.632, 352.977, 376.416, 358.352, 359.908, 364.372, 364.096, 364.194, 356.184]] 
RATE (RPS) =====================================: 40

[[358.184, 367.668, 365.897, 356.773, 357.483, 365.579, 358.488, 371.267, 358.0, 371.184, 393.564, 395.646, 396.486, 387.685, 384.524, 385.439, 399.105, 375.628, 390.258, 367.999, 376.338, 369.81, 371.948, 363.55, 369.954, 372.018, 366.288, 354.169, 360.292, 365.753, 377.811, 363.816, 371.022, 364.901, 366.553, 361.962, 364.976, 364.037, 353.859, 362.951]] 
RATE (RPS) =====================================: 40

[[385.613, 384.652, 381.649, 380.185, 384.279, 381.457, 378.532, 377.924, 376.42, 378.297, 378.307, 367.505, 362.142, 371.846, 366.911, 369.125, 358.736, 371.012, 372.349, 351.22, 370.139, 369.601, 362.012, 358.017, 360.07, 350.453, 355.846, 378.069, 388.794, 358.135, 361.313, 364.737, 369.23, 355.927, 363.888, 356.192, 357.492, 345.344, 361.872, 361.178]] 
RATE (RPS) =====================================: 40

[[369.194, 348.569, 374.371, 363.007, 359.549, 381.396, 370.805, 396.108, 366.457, 434.325, 375.292, 363.783, 350.817, 368.099, 377.752, 390.678, 391.396, 374.249, 386.878, 378.944, 375.939, 373.252, 386.332, 372.149, 357.227, 367.302, 365.82, 371.072, 358.733, 375.721, 370.303, 371.962, 395.899, 364.342, 366.313, 374.37, 384.411, 357.867, 357.46, 365.866, 371.723, 350.262, 368.543, 347.202, 349.414]] 
RATE (RPS) =====================================: 45

[[405.785, 420.899, 411.473, 397.754, 398.189, 394.627, 408.492, 385.34, 382.05, 397.836, 418.817, 394.134, 388.341, 381.124, 404.698, 384.961, 381.936, 385.007, 375.833, 381.999, 366.966, 371.951, 376.53, 362.62, 384.615, 371.117, 379.527, 354.936, 372.012, 369.096, 368.785, 371.742, 367.59, 367.478, 350.942, 349.093, 351.865, 351.79, 351.12, 370.342, 348.57, 362.291, 363.679, 361.201, 349.121]] 
RATE (RPS) =====================================: 45

[[350.06, 376.326, 379.77, 374.337, 371.192, 371.194, 368.768, 363.869, 397.089, 362.287, 370.187, 369.894, 377.707, 385.251, 378.009, 361.286, 377.28, 370.153, 369.68, 376.163, 357.136, 941.015, 934.853, 479.055, 914.813, 669.559, 443.03, 427.399, 439.063, 435.849, 435.183, 421.545, 409.276, 401.397, 398.396, 376.557, 385.543, 369.508, 372.002, 377.761, 370.574, 364.816, 366.604, 366.418, 360.396]] 
RATE (RPS) =====================================: 45

[[514.888, 510.347, 503.552, 507.139, 507.778, 494.13, 491.964, 485.591, 512.359, 1625.3400000000001, 514.586, 508.009, 499.632, 1818.056, 1602.453, 1599.117, 1594.124, 1585.665, 1582.926, 1566.513, 689.658, 676.232, 693.006, 675.026, 644.134, 632.122, 650.134, 668.45, 638.619, 629.179, 635.958, 605.137, 598.649, 593.119, 581.094, 579.757, 607.423, 600.413, 582.642, 575.365, 577.045, 571.965, 550.447, 555.003, 549.352]] 
RATE (RPS) =====================================: 37

[[1512.455, 1506.578, 630.268, 561.457, 560.214, 1012.86, 585.063, 565.531, 647.402, 599.175, 607.873, 593.1, 605.708, 667.006, 623.947, 610.822, 632.938, 618.23, 637.324, 639.841, 628.4, 634.274, 834.675, 1423.23, 1111.071, 1404.847, 806.631, 791.075, 794.872, 779.267, 793.84, 773.286, 1054.345, 757.398, 810.936, 748.788, 763.356, 760.206, 773.308, 781.89, 1266.194, 2119.743, 784.428, 985.255, 977.807]] 
RATE (RPS) =====================================: 36

[[407.288, 392.264, 406.718, 398.426, 398.206, 396.814, 394.418, 394.552, 394.854, 379.593, 396.717, 407.624, 384.607, 398.799, 405.876, 413.342, 416.661, 408.9, 390.902, 404.271, 408.536, 375.634, 394.893, 394.251, 398.586, 383.963, 402.884, 405.261, 407.352, 421.309, 435.639, 412.891, 408.051, 406.585, 419.509, 409.537, 400.793, 404.983, 401.172, 397.07, 393.514, 394.346, 405.257, 387.168, 382.994]] 
RATE (RPS) =====================================: 45

[[357.131, 376.295, 366.649, 368.806, 404.565, 373.54, 408.529, 397.891, 384.173, 393.941, 367.112, 385.84, 391.204, 378.669, 392.816, 380.324, 392.317, 402.564, 378.989, 386.133, 382.403, 379.086, 374.017, 385.145, 382.86, 370.949, 387.841, 387.374, 376.242, 378.369, 365.866, 373.183, 396.455, 368.581, 368.693, 369.79, 389.249, 375.026, 361.907, 373.308, 370.058, 376.731, 364.84, 390.483, 369.6]] 
RATE (RPS) =====================================: 45

[[410.145, 415.739, 394.085, 407.108, 409.214, 403.485, 399.907, 398.618, 416.755, 393.497, 393.145, 402.787, 405.649, 409.434, 404.334, 423.482, 395.716, 403.516, 392.458, 411.139, 393.333, 391.665, 391.711, 386.363, 391.26, 380.343, 391.121, 373.528, 376.975, 386.551, 398.005, 381.602, 422.344, 385.669, 401.856, 410.631, 373.188, 373.906, 405.845, 387.636, 402.863, 413.09, 400.097, 407.105, 408.995]] 
RATE (RPS) =====================================: 45

[[369.497, 359.966, 364.832, 363.808, 403.754, 369.337, 380.993, 365.503, 396.858, 387.477, 409.122, 357.847, 386.668, 379.476, 424.64, 398.307, 385.472, 393.255, 399.513, 388.367, 389.321, 408.925, 377.275, 387.004, 374.188, 386.544, 375.186, 377.521, 384.815, 380.691, 366.063, 368.875, 367.243, 364.758, 413.294, 366.5, 365.227, 381.388, 405.838, 386.1, 397.681, 379.089, 396.637, 387.543, 378.597]] 
RATE (RPS) =====================================: 45

[[380.792, 383.982, 379.948, 385.164, 380.952, 383.301, 370.554, 360.965, 376.954, 358.398, 360.679, 372.464, 358.992, 368.844, 399.307, 378.12, 394.496, 379.901, 381.083, 386.29, 390.3, 384.218, 357.37, 371.373, 356.512, 403.241, 372.449, 361.196, 389.699, 380.543, 356.828, 374.688, 370.393, 369.683, 392.749, 392.227, 380.457, 366.103, 372.99, 396.604, 379.111, 359.574, 356.371, 377.23, 367.606]] 
RATE (RPS) =====================================: 45

[[383.401, 355.264, 391.295, 385.408, 383.997, 378.096, 375.446, 397.118, 379.044, 365.292, 390.373, 363.351, 374.242, 389.482, 374.765, 382.157, 363.893, 380.173, 407.967, 382.889, 388.394, 394.535, 391.408, 378.567, 386.226, 374.545, 369.632, 376.549, 373.808, 369.603, 363.221, 361.544, 354.565, 376.492, 364.601, 380.867, 356.57, 382.577, 368.86, 371.137, 382.446, 362.764, 361.159, 362.915, 368.477, 377.481, 351.291, 360.486, 369.724, 363.225]] 
RATE (RPS) =====================================: 50

[[389.516, 388.909, 380.663, 379.011, 376.577, 380.82, 373.908, 373.271, 381.979, 371.187, 356.067, 376.751, 366.125, 368.299, 396.192, 376.004, 380.021, 389.501, 361.86, 362.128, 372.387, 362.768, 382.761, 370.42, 378.167, 359.975, 361.66, 361.939, 358.94, 360.356, 357.017, 356.969, 350.465, 349.786, 359.885, 343.847, 351.757, 348.496, 351.288, 354.98, 360.702, 365.601, 372.987, 365.712, 363.219, 363.778, 360.38, 344.848, 362.404, 343.778]] 
RATE (RPS) =====================================: 50

[[365.93, 361.737, 374.708, 380.829, 355.761, 370.902, 397.144, 367.805, 376.693, 426.774, 418.025, 382.074, 417.357, 373.3, 424.059, 406.392, 430.835, 410.606, 417.096, 426.247, 418.034, 401.047, 408.883, 415.612, 399.269, 408.304, 406.368, 388.944, 398.837, 398.312, 387.856, 395.272, 381.507, 408.654, 385.563, 388.134, 377.094, 385.116, 371.104, 378.401, 381.445, 366.235, 384.674, 361.855, 368.42, 361.842, 353.565, 357.187, 349.358, 356.388]] 
RATE (RPS) =====================================: 50

[[407.973, 394.876, 388.52, 391.72, 399.539, 382.647, 387.87, 386.117, 383.472, 389.777, 376.036, 376.269, 377.243, 374.486, 371.889, 368.803, 407.447, 377.377, 351.921, 387.165, 400.733, 389.398, 380.681, 358.775, 387.02, 374.114, 366.008, 374.256, 372.682, 358.424, 364.681, 359.702, 354.619, 369.95, 369.513, 364.861, 393.142, 382.127, 359.766, 347.93, 361.064, 358.176, 355.241, 377.038, 349.946, 357.102, 341.853, 365.95, 355.06, 352.209]] 
RATE (RPS) =====================================: 50

[[386.065, 367.942, 382.667, 390.372, 391.527, 377.9, 384.24, 389.194, 396.002, 383.464, 379.162, 389.463, 377.623, 401.108, 416.437, 384.571, 389.026, 394.124, 369.816, 430.885, 434.624, 430.261, 447.872, 421.954, 416.061, 417.217, 409.396, 410.034, 397.826, 410.276, 393.316, 396.909, 386.063, 395.376, 390.75, 382.429, 378.986, 380.735, 369.873, 394.558, 365.2, 386.879, 371.183, 365.189, 432.673, 428.316, 424.277, 429.742, 423.637, 419.595]] 
RATE (RPS) =====================================: 50

[[382.412, 378.564, 369.997, 377.751, 359.037, 371.766, 366.776, 393.98, 362.531, 360.857, 358.008, 362.123, 371.265, 367.403, 354.648, 414.031, 366.416, 355.354, 400.055, 409.195, 393.93, 388.759, 399.675, 387.764, 393.799, 401.298, 378.672, 391.089, 373.134, 395.315, 379.865, 367.718, 379.42, 373.905, 382.494, 382.472, 356.44, 356.36, 365.822, 354.324, 355.888, 419.63, 348.022, 356.384, 342.681, 363.985, 387.666, 362.58, 348.909, 360.347]] 
RATE (RPS) =====================================: 50

[[361.572, 366.924, 368.382, 367.218, 356.138, 363.149, 349.209, 383.211, 360.079, 358.642, 367.383, 369.69, 359.502, 381.259, 380.806, 380.029, 381.838, 373.531, 357.942, 373.77, 410.678, 388.781, 361.049, 463.143, 377.931, 376.238, 439.73, 442.79, 425.094, 423.107, 417.87, 417.198, 417.167, 417.358, 434.813, 420.565, 398.015, 412.346, 403.256, 410.667, 415.01, 395.221, 393.883, 393.485, 396.725, 386.846, 395.047, 399.186, 381.765, 384.644]] 
RATE (RPS) =====================================: 50

[[376.125, 379.936, 377.917, 363.975, 369.753, 374.476, 362.827, 387.908, 364.727, 363.441, 364.011, 382.731, 379.416, 361.554, 366.726, 366.201, 366.985, 379.121, 378.28, 360.838, 361.825, 368.311, 365.036, 361.148, 358.671, 355.942, 384.639, 366.901, 338.086, 368.76, 372.975, 347.626, 352.184, 358.094, 360.796, 370.727, 361.042, 365.911, 373.674, 379.512, 357.822, 361.876, 364.808, 354.329, 369.366, 354.738, 344.973, 364.268, 348.647, 354.673]] 
RATE (RPS) =====================================: 50

[[364.412, 370.575, 354.529, 355.769, 357.175, 356.007, 355.989, 355.923, 372.852, 391.689, 366.402, 370.145, 372.655, 358.417, 366.92, 366.242, 396.56, 370.367, 380.155, 430.894, 410.976, 420.82, 430.325, 405.573, 419.648, 400.483, 400.56, 403.873, 402.375, 409.325, 388.875, 390.95, 393.199, 389.708, 389.525, 386.917, 380.574, 376.511, 376.738, 379.953, 370.622, 368.978, 379.785, 372.296, 365.547, 358.268, 365.986, 355.761, 362.595, 350.237]] 
RATE (RPS) =====================================: 50

[[370.557, 369.598, 365.642, 363.121, 360.75, 364.825, 393.46, 407.382, 405.832, 385.223, 380.0, 397.832, 411.431, 393.084, 400.048, 401.782, 381.13, 404.765, 384.469, 386.775, 381.902, 396.412, 371.601, 388.891, 372.458, 371.144, 377.019, 365.807, 363.913, 364.591, 361.045, 367.795, 359.669, 369.01, 371.837, 376.412, 374.627, 367.881, 403.013, 398.884, 395.59, 366.63, 382.424, 356.205, 376.277, 371.095, 372.147, 368.761, 360.329, 359.954]] 
RATE (RPS) =====================================: 50

[[363.97, 382.808, 380.09, 396.091, 399.035, 378.324, 381.83, 428.397, 421.992, 421.433, 392.386, 385.207, 379.96, 391.448, 389.481, 388.0, 383.403, 381.428, 379.574, 376.089, 382.311, 427.253, 404.804, 379.961, 392.762, 391.435, 393.207, 403.99, 382.949, 389.567, 392.266, 379.928, 379.055, 384.222, 375.532, 380.08, 376.023, 373.613, 365.323, 369.275, 379.293, 359.906, 365.609, 363.749, 356.368, 384.502, 401.491, 415.146, 377.132, 390.581, 362.143, 373.958, 361.17, 362.6, 345.018]] 
RATE (RPS) =====================================: 55

[[358.818, 361.352, 370.194, 388.289, 407.63, 385.602, 367.91, 373.885, 384.542, 409.054, 375.133, 379.982, 381.56, 388.353, 395.046, 373.879, 375.983, 399.085, 380.313, 384.718, 371.047, 381.608, 381.467, 363.647, 369.583, 383.786, 381.206, 377.396, 370.902, 386.492, 368.255, 368.947, 391.277, 375.258, 353.917, 371.761, 376.321, 370.845, 366.843, 368.617, 379.966, 358.718, 364.522, 377.493, 362.065, 361.425, 354.869, 362.116, 356.652, 355.522, 385.32, 369.047, 361.337, 364.475, 367.623]] 
RATE (RPS) =====================================: 55

[[411.962, 413.166, 420.201, 405.063, 406.693, 403.754, 415.672, 403.352, 390.927, 397.017, 396.358, 391.889, 400.334, 391.837, 386.834, 384.746, 395.045, 380.422, 383.413, 384.337, 393.223, 386.526, 395.539, 387.687, 373.384, 388.592, 387.911, 384.089, 365.271, 364.981, 381.887, 362.864, 352.014, 362.619, 384.08, 360.909, 358.801, 376.226, 356.737, 356.124, 357.931, 361.006, 369.134, 364.583, 375.675, 389.683, 371.555, 380.826, 368.225, 374.78, 379.498, 370.086, 353.422, 360.687, 356.656]] 
RATE (RPS) =====================================: 55

[[366.479, 390.133, 379.366, 391.274, 393.345, 381.06, 379.365, 385.796, 392.978, 361.542, 374.622, 359.856, 372.11, 390.584, 395.23, 363.603, 357.203, 356.247, 378.825, 371.902, 380.616, 402.517, 389.872, 388.2, 396.531, 395.783, 382.547, 367.713, 375.702, 375.011, 373.438, 377.215, 364.162, 369.941, 356.823, 380.828, 353.078, 366.601, 372.288, 368.402, 350.399, 358.607, 376.035, 350.381, 346.672, 359.417, 340.349, 375.13, 348.348, 372.126, 356.885, 355.197, 373.114, 370.125, 345.632]] 
RATE (RPS) =====================================: 55

[[399.945, 395.475, 391.585, 400.607, 387.955, 400.416, 383.89, 379.575, 370.784, 392.336, 370.824, 367.073, 375.844, 373.311, 391.823, 370.864, 370.913, 382.342, 386.493, 377.783, 361.373, 370.718, 386.837, 359.169, 359.145, 353.727, 362.493, 371.726, 353.39, 368.498, 374.614, 359.143, 358.31, 361.691, 349.714, 374.939, 354.717, 351.752, 353.365, 357.779, 351.954, 366.269, 364.895, 357.865, 356.943, 343.555, 355.535, 346.235, 360.042, 387.568, 362.885, 365.854, 353.233, 362.285, 353.953]] 
RATE (RPS) =====================================: 55

[[393.379, 379.993, 368.283, 368.138, 398.323, 377.974, 373.219, 370.535, 352.804, 360.975, 365.334, 379.955, 376.413, 353.841, 360.898, 375.141, 361.893, 347.546, 361.592, 360.698, 364.552, 378.047, 398.574, 361.031, 361.308, 362.122, 376.766, 378.191, 368.978, 369.43, 366.996, 370.658, 381.136, 376.694, 371.026, 370.273, 375.539, 360.479, 376.318, 361.21, 405.691, 362.234, 368.815, 373.357, 374.025, 367.141, 360.671, 357.602, 354.479, 357.852, 360.636, 358.293, 370.647, 364.49, 408.418]] 
RATE (RPS) =====================================: 55

[[372.897, 374.308, 365.916, 367.607, 360.59, 361.584, 365.409, 373.169, 373.874, 349.1, 398.318, 417.496, 392.376, 390.449, 407.04, 389.921, 390.645, 379.969, 405.004, 415.501, 374.256, 388.493, 368.29, 363.967, 379.782, 385.0, 370.008, 369.189, 375.741, 374.383, 390.482, 369.385, 367.793, 355.383, 370.703, 366.117, 393.52, 378.767, 361.101, 354.429, 348.298, 359.136, 356.122, 367.759, 354.62, 344.365, 356.109, 352.451, 353.57, 355.72, 343.364, 365.013, 369.186, 366.296, 344.771]] 
RATE (RPS) =====================================: 55

[[362.423, 366.049, 358.291, 373.202, 365.044, 359.814, 383.7, 377.821, 385.689, 386.895, 378.981, 375.048, 371.868, 388.294, 364.28, 387.632, 360.501, 379.704, 357.515, 369.112, 358.059, 399.608, 396.85, 391.276, 392.101, 399.733, 378.395, 450.199, 378.742, 431.795, 421.958, 422.326, 421.163, 413.878, 407.122, 401.503, 408.787, 394.164, 397.571, 400.059, 396.492, 385.589, 391.457, 386.509, 387.405, 382.909, 381.655, 390.237, 376.197, 378.138, 367.079, 368.565, 349.283, 362.1, 358.774]] 
RATE (RPS) =====================================: 55

[[461.028, 498.071, 474.188, 482.816, 493.733, 476.477, 492.232, 466.04, 476.77, 467.667, 461.606, 459.335, 448.683, 434.31, 440.42, 442.184, 459.185, 444.632, 449.923, 448.288, 460.062, 456.733, 461.054, 458.284, 444.523, 449.973, 449.658, 458.96, 481.805, 452.889, 456.686, 483.78, 475.85, 455.334, 442.414, 478.152, 446.057, 460.551, 436.695, 432.974, 455.205, 433.0, 468.585, 477.809, 474.925, 449.974, 421.456, 426.261, 450.893, 409.115, 456.324, 422.923, 452.205, 434.568, 433.18]] 
RATE (RPS) =====================================: 55

[[408.084, 403.618, 397.63, 398.965, 403.911, 394.948, 414.216, 398.636, 389.928, 392.319, 399.79, 396.119, 378.367, 388.875, 403.609, 389.847, 379.451, 394.711, 383.109, 382.842, 389.867, 381.018, 395.007, 377.674, 373.952, 369.065, 375.43, 372.991, 374.235, 371.323, 365.182, 366.035, 358.032, 359.573, 363.9, 371.557, 348.588, 369.641, 349.296, 359.242, 363.17, 363.937, 379.489, 368.946, 351.331, 399.416, 354.939, 355.328, 355.499, 364.946, 356.303, 354.077, 348.686, 360.309, 348.741]] 
RATE (RPS) =====================================: 55

[[377.74, 374.702, 375.874, 366.042, 383.081, 374.875, 371.062, 369.732, 361.985, 368.222, 398.668, 376.758, 383.631, 378.961, 361.013, 412.014, 381.165, 408.476, 406.817, 408.687, 412.487, 395.512, 393.402, 400.544, 390.071, 394.326, 399.254, 386.282, 392.016, 371.278, 381.99, 370.817, 350.477, 397.837, 389.751, 352.167, 368.716, 393.077, 361.364, 362.586, 366.671, 362.541, 400.167, 395.166, 377.927, 377.028, 374.927, 365.591, 389.688, 358.023, 389.463, 380.911, 349.531, 376.362, 389.119, 355.585, 364.673, 371.372, 351.322, 353.223]] 
RATE (RPS) =====================================: 60

[[397.014, 399.984, 396.977, 411.052, 400.184, 369.72, 375.03, 382.565, 394.717, 374.133, 396.61, 373.392, 387.033, 386.313, 360.117, 384.405, 374.557, 372.01, 388.536, 376.432, 378.661, 387.978, 377.438, 384.81, 378.714, 372.297, 369.457, 377.868, 363.115, 371.537, 363.588, 367.098, 351.973, 415.424, 367.657, 389.848, 360.668, 390.757, 352.996, 372.483, 376.937, 366.791, 374.923, 357.705, 364.731, 363.504, 367.431, 376.407, 364.345, 345.714, 363.229, 363.281, 383.01, 361.002, 354.929, 345.576, 349.966, 373.747, 340.4, 346.706]] 
RATE (RPS) =====================================: 60

[[373.247, 374.767, 369.923, 376.178, 366.351, 376.191, 382.245, 376.035, 363.973, 416.332, 402.849, 392.017, 398.126, 400.612, 383.589, 383.221, 381.454, 395.557, 391.799, 395.553, 394.268, 385.915, 395.759, 374.332, 370.324, 377.145, 376.121, 375.568, 376.336, 373.864, 363.88, 366.347, 360.824, 364.616, 373.752, 347.493, 387.649, 378.167, 377.838, 377.877, 373.905, 371.975, 373.185, 369.258, 370.234, 397.754, 371.939, 374.501, 364.665, 370.588, 418.267, 401.176, 392.224, 386.905, 376.364, 374.614, 369.111, 363.274, 365.633, 364.626]] 
RATE (RPS) =====================================: 60

[[398.609, 383.229, 393.575, 394.964, 388.4, 385.638, 382.763, 433.335, 408.262, 392.486, 409.409, 370.12, 363.819, 395.394, 381.64, 406.959, 415.564, 391.659, 396.236, 403.505, 404.034, 385.512, 385.181, 398.042, 395.449, 405.78, 394.101, 419.79, 377.14, 394.67, 393.2, 373.548, 386.612, 385.284, 383.736, 377.627, 373.015, 387.008, 392.863, 374.794, 368.06, 374.321, 361.557, 350.551, 356.548, 365.603, 373.637, 379.814, 370.98, 371.476, 361.822, 366.814, 363.391, 375.322, 366.723, 382.854, 366.261, 348.342, 357.277, 360.71]] 
RATE (RPS) =====================================: 60

[[392.576, 410.661, 408.38, 382.621, 387.323, 383.137, 413.858, 392.743, 399.011, 389.478, 377.413, 429.722, 422.579, 414.911, 416.353, 426.258, 406.299, 409.732, 404.065, 413.031, 403.369, 410.851, 407.509, 391.572, 402.965, 395.793, 407.412, 391.606, 409.181, 412.812, 393.58, 391.019, 394.514, 404.484, 414.764, 400.27, 386.662, 394.06, 392.992, 385.089, 385.361, 382.821, 370.356, 376.211, 380.444, 378.53, 376.27, 364.971, 365.775, 353.42, 386.016, 370.598, 360.838, 367.156, 363.12, 360.511, 357.875, 391.751, 372.519, 363.238]] 
RATE (RPS) =====================================: 60

[[398.625, 395.066, 389.146, 388.029, 381.681, 447.212, 443.359, 455.163, 486.078, 441.709, 459.476, 431.078, 407.551, 422.117, 441.608, 445.853, 420.922, 391.364, 429.501, 449.583, 381.328, 406.227, 419.541, 422.705, 403.434, 416.081, 432.844, 431.399, 423.308, 401.22, 402.579, 387.36, 434.808, 435.633, 453.802, 430.17, 465.605, 418.638, 422.848, 420.191, 439.5, 433.543, 420.309, 425.666, 405.668, 425.207, 414.74, 402.224, 409.388, 406.717, 393.61, 403.542, 393.098, 396.947, 384.952, 371.626, 379.086, 379.84, 367.843, 355.229]] 
RATE (RPS) =====================================: 60

[[454.595, 468.353, 494.97, 471.654, 472.082, 486.273, 494.598, 478.345, 496.7, 498.403, 527.293, 495.828, 498.183, 514.079, 512.566, 514.528, 511.011, 503.45, 513.167, 500.963, 503.019, 508.171, 497.527, 498.749, 484.012, 487.738, 491.14, 493.551, 489.672, 487.858, 481.298, 460.218, 462.222, 458.178, 462.371, 458.132, 464.1, 454.23, 451.745, 460.059, 443.926, 433.182, 445.806, 437.176, 460.843, 436.083, 428.326, 442.334, 439.824, 436.673, 439.751, 424.181, 430.481, 426.816, 425.795, 433.655, 416.377, 427.304, 414.995, 406.906]] 
RATE (RPS) =====================================: 60

[[384.141, 399.593, 400.725, 382.193, 379.632, 398.372, 374.769, 409.242, 404.121, 403.372, 387.379, 386.766, 397.968, 381.582, 385.255, 386.749, 373.466, 401.701, 394.686, 395.122, 385.192, 405.575, 411.067, 371.076, 376.787, 382.331, 389.79, 376.297, 378.315, 376.165, 379.947, 372.64, 378.186, 367.856, 372.409, 382.517, 367.774, 365.671, 370.895, 379.949, 368.295, 365.49, 367.118, 355.855, 362.979, 362.871, 390.779, 368.957, 369.559, 370.475, 418.46, 417.234, 403.932, 401.381, 383.368, 372.36, 372.334, 370.951, 359.595, 367.273]] 
RATE (RPS) =====================================: 60

[[355.952, 370.395, 386.861, 378.294, 385.216, 386.703, 410.311, 411.2, 371.751, 413.431, 381.625, 394.593, 396.119, 405.526, 443.688, 385.003, 394.492, 382.462, 386.551, 389.685, 373.584, 382.704, 377.369, 380.705, 378.633, 372.902, 377.742, 366.032, 371.933, 372.88, 371.615, 357.862, 356.648, 369.583, 351.161, 361.804, 373.148, 363.825, 367.634, 365.88, 361.447, 363.648, 361.39, 351.696, 354.613, 356.032, 341.355, 351.308, 350.853, 364.755, 362.362, 367.967, 364.098, 367.015, 347.015, 362.979, 349.776, 353.69, 359.59, 363.635]] 
RATE (RPS) =====================================: 60

[[390.177, 395.401, 421.88, 398.144, 374.539, 415.564, 374.41, 406.512, 399.241, 385.09, 392.468, 399.686, 448.269, 438.029, 438.811, 451.464, 433.204, 424.44, 436.306, 425.897, 438.042, 417.466, 448.229, 423.711, 414.208, 400.442, 412.988, 433.7, 409.003, 428.095, 402.406, 402.97, 422.799, 397.483, 410.813, 382.893, 389.356, 390.749, 408.632, 379.453, 382.234, 394.546, 392.414, 378.672, 373.1, 449.394, 373.752, 376.35, 373.966, 380.857, 364.237, 377.921, 361.82, 366.177, 363.992, 361.232, 353.314, 351.263, 355.45, 362.75]] 
RATE (RPS) =====================================: 60

[[396.234, 385.432, 364.599, 372.315, 365.353, 365.095, 360.814, 374.147, 365.721, 405.724, 391.628, 385.082, 388.296, 373.805, 389.098, 376.233, 372.83, 397.931, 370.146, 369.212, 366.095, 379.922, 370.961, 382.982, 372.918, 394.595, 370.48, 362.057, 384.222, 377.169, 371.322, 403.905, 368.225, 379.255, 380.397, 379.878, 360.047, 369.359, 349.912, 352.551, 385.292, 378.268, 397.071, 397.903, 386.26, 375.764, 394.046, 379.071, 379.896, 376.964, 361.861, 364.288, 362.863, 384.34, 365.571, 375.718, 356.329, 364.85, 357.94, 385.374, 399.663, 368.176, 385.5, 382.742, 374.668]] 
RATE (RPS) =====================================: 65

[[485.085, 493.915, 488.04, 475.553, 454.772, 453.205, 482.974, 462.476, 450.782, 444.411, 464.221, 431.566, 429.218, 440.027, 448.348, 435.051, 450.127, 430.509, 436.51, 434.516, 432.059, 433.334, 428.032, 445.571, 462.451, 439.484, 434.937, 436.146, 428.598, 431.454, 429.501, 437.038, 436.618, 407.136, 421.17, 425.617, 417.727, 389.973, 407.497, 417.513, 406.577, 407.767, 405.789, 399.972, 395.35, 407.915, 392.489, 381.355, 390.269, 380.094, 385.947, 370.296, 388.562, 367.032, 371.07, 369.681, 367.427, 380.63, 365.01, 379.192, 384.97, 361.472, 373.453, 375.976, 358.219]] 
RATE (RPS) =====================================: 65

[[393.037, 380.737, 375.162, 403.601, 364.836, 386.252, 361.192, 367.966, 381.068, 415.755, 409.473, 402.632, 389.796, 401.205, 407.841, 376.986, 432.956, 385.573, 385.179, 386.617, 387.288, 394.371, 392.033, 376.325, 404.834, 406.142, 403.996, 389.015, 384.917, 411.202, 382.574, 391.704, 378.974, 359.427, 457.874, 374.594, 368.785, 427.895, 426.972, 429.168, 425.614, 441.572, 425.931, 439.43, 433.023, 431.332, 444.52, 430.183, 423.069, 421.145, 416.965, 422.915, 411.745, 399.82, 392.506, 391.517, 374.894, 374.708, 370.743, 377.616, 369.824, 353.069, 377.171, 373.64, 377.503]] 
RATE (RPS) =====================================: 65

[[371.245, 367.537, 360.198, 363.7, 392.979, 391.751, 381.851, 391.664, 395.409, 379.531, 373.046, 380.231, 381.173, 396.089, 369.392, 378.954, 383.444, 379.046, 374.875, 373.569, 392.31, 373.519, 367.998, 358.782, 369.082, 366.949, 363.816, 362.176, 365.792, 349.848, 378.872, 354.52, 372.079, 358.802, 360.805, 380.614, 361.607, 351.791, 358.697, 356.087, 361.739, 354.673, 380.632, 360.786, 371.777, 357.521, 359.438, 358.302, 375.444, 376.45, 355.407, 357.68, 375.69, 367.909, 357.602, 360.252, 349.388, 349.397, 388.868, 345.505, 349.956, 353.54, 355.751, 348.797, 357.541]] 
RATE (RPS) =====================================: 65

[[410.772, 400.193, 390.544, 424.968, 404.326, 425.032, 392.838, 410.306, 407.839, 415.939, 403.855, 409.386, 406.794, 400.836, 414.603, 411.603, 382.025, 391.699, 399.607, 394.589, 391.053, 402.122, 409.558, 393.75, 393.974, 408.773, 397.751, 394.129, 401.694, 385.554, 399.352, 408.134, 415.465, 398.856, 405.434, 391.717, 399.521, 393.86, 386.867, 381.85, 393.535, 411.124, 366.01, 380.911, 372.067, 377.375, 377.832, 372.749, 373.562, 379.562, 358.434, 366.942, 384.102, 376.197, 373.937, 372.426, 390.319, 365.109, 372.094, 381.584, 398.59, 380.531, 367.693, 364.657, 363.174]] 
RATE (RPS) =====================================: 65

[[380.568, 374.642, 377.974, 378.904, 379.346, 383.696, 361.84, 375.275, 380.775, 384.864, 374.694, 371.408, 378.858, 395.781, 364.854, 368.438, 374.114, 369.305, 374.254, 417.546, 403.331, 369.262, 358.579, 391.028, 381.847, 373.773, 373.648, 370.027, 378.216, 364.221, 376.992, 366.868, 417.776, 406.238, 377.154, 396.07, 380.092, 387.178, 394.27, 380.641, 389.416, 378.12, 380.169, 376.904, 373.827, 377.904, 377.415, 362.595, 368.164, 380.495, 386.606, 364.805, 372.539, 372.294, 359.662, 357.816, 424.441, 407.777, 401.184, 386.239, 381.466, 374.375, 364.523, 363.792, 357.881]] 
RATE (RPS) =====================================: 65

[[351.462, 349.589, 372.38, 352.898, 363.214, 438.737, 391.308, 391.009, 377.624, 411.279, 388.613, 378.302, 387.55, 393.623, 386.551, 401.777, 376.477, 390.836, 371.033, 408.971, 372.969, 366.82, 379.111, 368.833, 379.965, 367.609, 401.028, 372.29, 378.952, 370.355, 356.298, 375.926, 369.657, 353.956, 365.753, 356.334, 366.68, 388.775, 378.816, 377.718, 383.987, 369.508, 372.26, 367.436, 380.145, 361.077, 362.99, 395.147, 358.045, 353.502, 370.041, 366.351, 346.114, 382.503, 373.443, 346.072, 395.681, 394.746, 390.486, 361.533, 356.5, 357.288, 362.699, 361.354, 354.755]] 
RATE (RPS) =====================================: 65

[[429.133, 423.525, 414.437, 395.676, 411.234, 393.203, 402.391, 400.859, 408.215, 385.119, 384.438, 411.637, 408.301, 374.705, 387.839, 378.44, 404.877, 375.12, 369.452, 372.023, 356.678, 389.188, 371.521, 389.418, 368.132, 348.837, 368.28, 375.336, 383.343, 389.744, 376.217, 373.843, 378.021, 381.458, 387.427, 385.155, 382.204, 375.814, 393.812, 367.949, 394.451, 379.798, 381.144, 377.204, 368.614, 366.857, 366.986, 363.062, 361.859, 401.129, 366.233, 351.649, 371.625, 366.975, 371.837, 410.94, 364.887, 361.59, 366.641, 370.334, 354.091, 364.571, 372.468, 350.692, 350.815]] 
RATE (RPS) =====================================: 65

[[454.107, 459.272, 463.189, 445.461, 431.843, 437.718, 431.377, 428.532, 416.297, 444.952, 444.609, 435.458, 440.295, 462.255, 442.215, 437.302, 437.419, 436.236, 423.532, 424.674, 423.628, 428.994, 438.184, 425.861, 442.465, 457.422, 444.922, 449.61, 427.53, 447.985, 431.528, 428.265, 456.632, 435.783, 432.155, 414.925, 420.291, 427.449, 418.839, 410.672, 420.255, 422.642, 402.637, 418.245, 411.523, 398.074, 409.939, 392.016, 398.579, 393.513, 400.884, 379.12, 382.049, 387.005, 401.455, 397.416, 382.667, 404.217, 380.539, 381.323, 379.075, 388.375, 375.109, 380.214, 377.924]] 
RATE (RPS) =====================================: 65

[[419.95, 414.377, 392.823, 395.602, 404.242, 400.631, 392.65, 403.208, 401.64, 380.689, 395.915, 399.578, 391.732, 380.461, 378.972, 386.723, 396.473, 373.108, 384.369, 364.336, 371.992, 384.877, 371.119, 376.218, 389.535, 400.858, 366.582, 381.436, 429.791, 389.729, 385.917, 417.906, 406.79, 404.222, 401.826, 389.369, 398.654, 400.704, 386.403, 392.032, 396.494, 378.233, 375.654, 380.381, 379.676, 369.402, 373.792, 374.35, 367.8, 383.801, 362.48, 359.314, 361.667, 372.057, 412.983, 400.868, 380.646, 385.227, 383.487, 369.229, 351.027, 344.609, 341.944, 349.187, 340.346]] 
RATE (RPS) =====================================: 65

average response time [0]354.002
average response time [1]377.149
average response time [2]338.619
average response time [3]394.615
average response time [4]343.043
average response time [5]351.288
average response time [6]341.328
average response time [7]394.628
average response time [8]345.998
average response time [9]353.113
TOTAL AVERAGE RESPONSE TIME ====================: 359.37829999999997
NUMBER OF THREADS ==============================: 1
TOTAL AVERAGE RATE (RPS) =====================================: 1.0
average response time [10]351.5905
average response time [11]397.1725
average response time [12]354.769
average response time [13]347.946
average response time [14]380.08500000000004
average response time [15]402.262
average response time [16]349.4855
average response time [17]338.82
average response time [18]391.3085
average response time [19]346.35
TOTAL AVERAGE RESPONSE TIME ====================: 365.97890000000007
NUMBER OF THREADS ==============================: 2
TOTAL AVERAGE RATE (RPS) =====================================: 2.0
average response time [20]347.94975
average response time [21]348.92150000000004
average response time [22]394.24975
average response time [23]348.79975
average response time [24]352.6795
average response time [25]375.61475
average response time [26]347.19
average response time [27]341.56
average response time [28]348.09725000000003
average response time [29]386.213
TOTAL AVERAGE RESPONSE TIME ====================: 359.127525
NUMBER OF THREADS ==============================: 4
TOTAL AVERAGE RATE (RPS) =====================================: 4.0
average response time [30]343.35375
average response time [31]355.66724999999997
average response time [32]383.33225
average response time [33]345.688625
average response time [34]344.1425
average response time [35]351.572875
average response time [36]392.289625
average response time [37]357.304625
average response time [38]355.86375
average response time [39]373.956125
TOTAL AVERAGE RESPONSE TIME ====================: 360.3171375
NUMBER OF THREADS ==============================: 8
TOTAL AVERAGE RATE (RPS) =====================================: 8.0
average response time [40]393.4518125
average response time [41]350.8171875
average response time [42]367.4956875
average response time [43]357.875
average response time [44]353.279
average response time [45]371.5314375
average response time [46]351.9158125
average response time [47]355.8250625
average response time [48]367.4699375
average response time [49]351.352
TOTAL AVERAGE RESPONSE TIME ====================: 362.10129374999997
NUMBER OF THREADS ==============================: 16
TOTAL AVERAGE RATE (RPS) =====================================: 16.0
average response time [50]356.95671875
average response time [51]361.54340625
average response time [52]364.081875
average response time [53]398.25371875
average response time [54]366.842625
average response time [55]391.78178125
average response time [56]391.8170625
average response time [57]361.6713125
average response time [58]356.27378125
average response time [59]376.9963125
TOTAL AVERAGE RESPONSE TIME ====================: 372.621859375
NUMBER OF THREADS ==============================: 32
TOTAL AVERAGE RATE (RPS) =====================================: 31.9
average response time [60]367.81360606060605
average response time [61]382.376303030303
average response time [62]365.5579090909091
average response time [63]394.16015151515154
average response time [64]360.90042424242426
average response time [65]363.7860303030303
average response time [66]371.83263636363637
average response time [67]369.6121818181818
average response time [68]366.8261212121212
average response time [69]357.60975757575756
TOTAL AVERAGE RESPONSE TIME ====================: 370.04751212121215
NUMBER OF THREADS ==============================: 33
TOTAL AVERAGE RATE (RPS) =====================================: 33.0
average response time [70]379.76208823529413
average response time [71]366.06497058823527
average response time [72]371.21505882352943
average response time [73]364.17970588235295
average response time [74]361.9140882352941
average response time [75]371.0614117647059
average response time [76]367.1816470588235
average response time [77]371.1450294117647
average response time [78]379.1511764705882
average response time [79]376.8635
TOTAL AVERAGE RESPONSE TIME ====================: 370.85386764705885
NUMBER OF THREADS ==============================: 34
TOTAL AVERAGE RATE (RPS) =====================================: 34.0
average response time [80]358.7965142857143
average response time [81]370.01394285714287
average response time [82]377.4782
average response time [83]367.21968571428573
average response time [84]396.0068
average response time [85]364.29465714285715
average response time [86]372.0189142857143
average response time [87]363.746
average response time [88]378.0212285714286
average response time [89]372.1089714285714
TOTAL AVERAGE RESPONSE TIME ====================: 371.97049142857145
NUMBER OF THREADS ==============================: 35
TOTAL AVERAGE RATE (RPS) =====================================: 35.0
average response time [90]389.5238888888889
average response time [91]363.7043888888889
average response time [92]412.84394444444445
average response time [93]361.5025
average response time [94]358.79347222222225
average response time [95]489.73727777777776
average response time [96]366.91369444444445
average response time [97]375.0898888888889
average response time [98]362.83119444444446
average response time [99]372.02625
TOTAL AVERAGE RESPONSE TIME ====================: 385.29664999999994
NUMBER OF THREADS ==============================: 36
TOTAL AVERAGE RATE (RPS) =====================================: 36.0
average response time [100]372.8301891891892
average response time [101]370.66986486486485
average response time [102]365.04024324324325
average response time [103]378.57045945945947
average response time [104]367.11486486486484
average response time [105]374.5451081081081
average response time [106]355.89972972972976
average response time [107]371.0480810810811
average response time [108]375.6011081081081
average response time [109]375.45516216216214
TOTAL AVERAGE RESPONSE TIME ====================: 370.67748108108105
NUMBER OF THREADS ==============================: 37
TOTAL AVERAGE RATE (RPS) =====================================: 37.0
average response time [110]366.9526315789474
average response time [111]368.88123684210524
average response time [112]397.8921315789474
average response time [113]366.13447368421055
average response time [114]390.2908157894737
average response time [115]363.8845
average response time [116]389.70086842105263
average response time [117]365.3538947368421
average response time [118]371.7117105263158
average response time [119]365.9628947368421
TOTAL AVERAGE RESPONSE TIME ====================: 374.6765157894737
NUMBER OF THREADS ==============================: 38
TOTAL AVERAGE RATE (RPS) =====================================: 38.0
average response time [120]371.9465641025641
average response time [121]377.0140512820513
average response time [122]390.5036666666667
average response time [123]377.76792307692307
average response time [124]371.06887179487177
average response time [125]361.41266666666667
average response time [126]394.24041025641026
average response time [127]371.2982564102564
average response time [128]373.31628205128203
average response time [129]360.23051282051284
TOTAL AVERAGE RESPONSE TIME ====================: 374.8799205128205
NUMBER OF THREADS ==============================: 39
TOTAL AVERAGE RATE (RPS) =====================================: 38.9
average response time [130]385.393575
average response time [131]364.354875
average response time [132]407.16677500000003
average response time [133]358.552725
average response time [134]366.71665
average response time [135]384.8976
average response time [136]377.344075
average response time [137]380.408275
average response time [138]370.721625
average response time [139]368.16175
TOTAL AVERAGE RESPONSE TIME ====================: 376.3717925000001
NUMBER OF THREADS ==============================: 40
TOTAL AVERAGE RATE (RPS) =====================================: 40.0
average response time [140]371.5811777777778
average response time [141]377.6505333333333
average response time [142]428.18333333333334
average response time [143]764.0910666666666
average response time [144]839.4869777777777
average response time [145]400.95577777777777
average response time [146]380.1232
average response time [147]398.3532222222222
average response time [148]383.35544444444446
average response time [149]376.01557777777776
TOTAL AVERAGE RESPONSE TIME ====================: 471.97963111111113
NUMBER OF THREADS ==============================: 45
TOTAL AVERAGE RATE (RPS) =====================================: 43.3
average response time [150]374.94644
average response time [151]366.52122
average response time [152]388.55108
average response time [153]373.66336
average response time [154]397.8559
average response time [155]374.61032
average response time [156]391.19764
average response time [157]365.48616
average response time [158]380.4132
average response time [159]378.82058
TOTAL AVERAGE RESPONSE TIME ====================: 379.20659
NUMBER OF THREADS ==============================: 50
TOTAL AVERAGE RATE (RPS) =====================================: 50.0
average response time [160]384.0576
average response time [161]374.57550909090907
average response time [162]381.38605454545456
average response time [163]371.94918181818184
average response time [164]369.1274363636364
average response time [165]370.19296363636363
average response time [166]371.7225818181818
average response time [167]385.08256363636366
average response time [168]456.1171818181818
average response time [169]376.6490909090909
TOTAL AVERAGE RESPONSE TIME ====================: 384.08601636363636
NUMBER OF THREADS ==============================: 55
TOTAL AVERAGE RATE (RPS) =====================================: 55.0
average response time [170]379.21248333333335
average response time [171]373.9247
average response time [172]379.1382
average response time [173]383.4169166666667
average response time [174]391.6406
average response time [175]415.72628333333336
average response time [176]468.5244166666667
average response time [177]382.77565
average response time [178]372.9787666666667
average response time [179]399.2735166666667
TOTAL AVERAGE RESPONSE TIME ====================: 394.6611533333333
NUMBER OF THREADS ==============================: 60
TOTAL AVERAGE RATE (RPS) =====================================: 60.0
average response time [180]376.7133076923077
average response time [181]418.76424615384616
average response time [182]397.7909076923077
average response time [183]367.9980769230769
average response time [184]391.96436923076925
average response time [185]379.30393846153845
average response time [186]374.6883230769231
average response time [187]380.4531230769231
average response time [188]420.37966153846156
average response time [189]384.58604615384615
TOTAL AVERAGE RESPONSE TIME ====================: 389.26419999999996
NUMBER OF THREADS ==============================: 65
TOTAL AVERAGE RATE (RPS) =====================================: 65.0
average response time sent to Stackdriver [0]375.61475
average response time sent to Stackdriver [1]351.352
average response time sent to Stackdriver [2]379.1511764705882
average response time sent to Stackdriver [3]358.79347222222225
average response time sent to Stackdriver [4]368.88123684210524
average response time sent to Stackdriver [5]394.24041025641026
average response time sent to Stackdriver [6]377.6505333333333
average response time sent to Stackdriver [7]388.55108
average response time sent to Stackdriver [8]370.19296363636363
average response time sent to Stackdriver [9]372.9787666666667
NUMBER OF THREADS: [1, 2, 4, 8, 16, 32, 33, 34, 35, 36, 37, 38, 39, 40, 45, 50, 55, 60, 65]
WORKLOAD: HFU_LV;  
DATA COLLECTOR SETTING: CACHE;  
TOTAL EXECUTION TIME (Concurrent Parallel Requests): 120216.958
NUMBER OF REPLICAS: 1

