[[1670.493]] 
RATE (RPS) =====================================: 0

[[499.194]] 
RATE (RPS) =====================================: 1

[[342.721]] 
RATE (RPS) =====================================: 1

[[342.392]] 
RATE (RPS) =====================================: 1

[[404.841]] 
RATE (RPS) =====================================: 1

[[344.15]] 
RATE (RPS) =====================================: 1

[[347.25]] 
RATE (RPS) =====================================: 1

[[345.85]] 
RATE (RPS) =====================================: 1

[[440.135]] 
RATE (RPS) =====================================: 1

[[352.427]] 
RATE (RPS) =====================================: 1

[[366.764, 353.327]] 
RATE (RPS) =====================================: 2

[[347.318, 340.557]] 
RATE (RPS) =====================================: 2

[[385.664, 381.852]] 
RATE (RPS) =====================================: 2

[[349.594, 350.02]] 
RATE (RPS) =====================================: 2

[[369.413, 372.038]] 
RATE (RPS) =====================================: 2

[[412.978, 407.924]] 
RATE (RPS) =====================================: 2

[[360.33, 353.801]] 
RATE (RPS) =====================================: 2

[[356.764, 342.956]] 
RATE (RPS) =====================================: 2

[[369.295, 339.595]] 
RATE (RPS) =====================================: 2

[[411.684, 406.217]] 
RATE (RPS) =====================================: 2

[[355.89, 370.829, 361.683, 348.451]] 
RATE (RPS) =====================================: 4

[[349.988, 343.75, 341.092, 343.272]] 
RATE (RPS) =====================================: 4

[[352.313, 357.061, 366.384, 356.707]] 
RATE (RPS) =====================================: 4

[[388.103, 388.473, 391.17, 389.241]] 
RATE (RPS) =====================================: 4

[[344.149, 346.276, 348.774, 345.778]] 
RATE (RPS) =====================================: 4

[[352.942, 353.949, 356.424, 354.995]] 
RATE (RPS) =====================================: 4

[[403.438, 391.315, 396.782, 386.745]] 
RATE (RPS) =====================================: 4

[[386.087, 370.987, 383.196, 378.109]] 
RATE (RPS) =====================================: 4

[[337.024, 339.53, 340.495, 347.747]] 
RATE (RPS) =====================================: 4

[[349.377, 345.556, 351.314, 349.809]] 
RATE (RPS) =====================================: 4

[[402.283, 400.459, 394.022, 391.163, 391.444, 395.808, 389.667, 385.825]] 
RATE (RPS) =====================================: 8

[[366.064, 374.957, 364.816, 361.776, 360.031, 357.51, 355.456, 354.061]] 
RATE (RPS) =====================================: 8

[[345.493, 360.427, 342.116, 353.191, 352.514, 356.921, 349.942, 373.282]] 
RATE (RPS) =====================================: 8

[[387.638, 378.656, 386.874, 385.363, 381.627, 378.1, 377.351, 366.801]] 
RATE (RPS) =====================================: 8

[[353.708, 374.061, 364.396, 353.864, 362.926, 376.382, 352.841, 352.958]] 
RATE (RPS) =====================================: 8

[[347.271, 349.324, 350.411, 351.309, 346.574, 359.989, 376.983, 359.581]] 
RATE (RPS) =====================================: 8

[[379.745, 374.539, 372.517, 375.711, 361.054, 378.251, 374.039, 360.282]] 
RATE (RPS) =====================================: 8

[[360.624, 344.653, 367.107, 359.94, 344.259, 351.266, 356.709, 345.3]] 
RATE (RPS) =====================================: 8

[[341.784, 361.359, 357.127, 376.291, 366.257, 355.071, 346.803, 365.909]] 
RATE (RPS) =====================================: 8

[[365.222, 372.328, 360.018, 424.215, 360.059, 408.978, 407.386, 408.329]] 
RATE (RPS) =====================================: 8

[[370.728, 359.885, 352.601, 371.372, 354.329, 350.594, 352.112, 377.507, 354.099, 351.468, 348.732, 355.276, 352.386, 347.6, 364.768, 346.056]] 
RATE (RPS) =====================================: 16

[[341.374, 347.562, 357.659, 343.81, 345.171, 366.704, 349.21, 363.58, 351.496, 360.823, 359.774, 340.367, 382.201, 346.644, 362.053, 350.122]] 
RATE (RPS) =====================================: 16

[[368.823, 343.941, 349.903, 354.88, 403.742, 403.915, 399.166, 395.669, 412.77, 418.848, 390.529, 390.999, 371.384, 387.221, 390.682, 382.673]] 
RATE (RPS) =====================================: 16

[[348.633, 349.637, 352.261, 344.478, 347.766, 356.601, 360.481, 345.083, 361.865, 348.051, 363.463, 360.523, 372.248, 370.981, 381.16, 364.555]] 
RATE (RPS) =====================================: 16

[[401.185, 396.793, 379.339, 389.195, 386.445, 391.736, 381.978, 384.909, 383.021, 374.531, 376.316, 373.207, 373.896, 367.219, 366.784, 366.919]] 
RATE (RPS) =====================================: 16

[[403.437, 394.855, 381.838, 386.205, 392.15, 403.312, 383.846, 374.505, 366.372, 384.094, 376.748, 390.119, 388.777, 391.237, 396.088, 402.002]] 
RATE (RPS) =====================================: 16

[[340.881, 348.726, 360.761, 347.282, 356.689, 357.479, 360.173, 344.493, 361.781, 348.015, 366.779, 350.759, 360.401, 355.936, 364.392, 366.746]] 
RATE (RPS) =====================================: 16

[[352.665, 365.25, 356.441, 348.902, 363.286, 344.52, 340.682, 352.85, 353.656, 375.977, 369.696, 392.822, 361.453, 362.409, 360.076, 363.904]] 
RATE (RPS) =====================================: 16

[[383.756, 388.177, 379.424, 383.437, 379.61, 363.069, 381.677, 363.153, 363.199, 367.48, 348.913, 363.688, 356.445, 356.133, 361.044, 350.666]] 
RATE (RPS) =====================================: 16

[[342.526, 350.352, 339.84, 345.45, 342.614, 348.344, 348.323, 350.186, 353.67, 348.967, 352.995, 360.377, 360.41, 370.929, 353.792, 355.147]] 
RATE (RPS) =====================================: 16

[[353.049, 361.392, 356.644, 358.763, 354.84, 359.924, 360.108, 358.597, 358.796, 358.086, 359.924, 366.958, 352.154, 363.994, 351.483, 362.736, 347.508, 375.142, 349.964, 372.306, 361.723, 344.715, 356.944, 357.604, 362.766, 366.341, 357.952, 376.948, 352.92, 348.871, 353.462, 362.477]] 
RATE (RPS) =====================================: 32

[[390.28, 387.449, 374.239, 374.995, 372.234, 372.053, 371.371, 371.833, 367.02, 367.814, 364.286, 366.022, 355.548, 365.415, 353.072, 367.426, 346.277, 359.971, 367.176, 357.999, 356.244, 360.487, 359.786, 362.274, 358.475, 358.96, 384.895, 354.324, 363.899, 340.986, 360.392, 347.564]] 
RATE (RPS) =====================================: 32

[[372.446, 364.131, 363.473, 353.991, 369.395, 358.662, 375.013, 359.528, 367.68, 365.005, 366.803, 391.965, 386.352, 372.112, 377.71, 374.903, 379.97, 370.189, 376.12, 370.056, 372.391, 358.398, 375.318, 373.44, 378.393, 350.018, 371.092, 376.875, 366.968, 356.279, 357.425, 351.487]] 
RATE (RPS) =====================================: 32

[[414.812, 402.702, 410.548, 414.485, 427.861, 406.542, 393.836, 401.717, 410.786, 395.78, 403.087, 405.162, 393.223, 399.863, 394.059, 390.362, 385.931, 388.454, 387.785, 383.45, 383.792, 376.722, 376.902, 379.825, 372.524, 369.689, 369.59, 378.528, 361.21, 368.014, 374.99, 355.78]] 
RATE (RPS) =====================================: 32

[[411.915, 387.768, 381.922, 383.494, 376.775, 379.348, 397.701, 369.115, 373.241, 369.352, 369.113, 364.872, 368.428, 380.983, 353.935, 357.856, 357.971, 359.456, 405.663, 366.051, 352.08, 387.697, 362.962, 345.478, 349.388, 362.9, 368.042, 352.675, 351.612, 353.849, 352.586, 349.495]] 
RATE (RPS) =====================================: 32

[[363.425, 353.675, 367.66, 365.171, 357.397, 354.739, 394.907, 366.99, 362.214, 361.288, 351.694, 349.879, 349.588, 364.996, 363.737, 368.241, 356.012, 358.945, 356.609, 386.624, 377.121, 370.17, 352.222, 367.909, 377.606, 365.247, 417.119, 401.313, 409.289, 409.985, 401.424, 387.268]] 
RATE (RPS) =====================================: 32

[[365.73, 368.12, 361.526, 357.417, 363.007, 351.382, 355.237, 359.196, 360.744, 406.403, 354.817, 353.296, 361.81, 347.449, 384.367, 381.354, 365.243, 373.96, 368.316, 366.117, 377.691, 363.046, 361.068, 365.581, 396.533, 370.422, 374.123, 352.005, 355.128, 384.515, 371.332, 370.254]] 
RATE (RPS) =====================================: 32

[[355.62, 359.744, 379.206, 365.03, 345.793, 364.004, 353.281, 375.363, 353.385, 356.251, 362.02, 363.88, 357.672, 359.657, 360.336, 364.053, 364.479, 350.297, 371.93, 379.195, 368.727, 367.552, 361.515, 357.646, 367.063, 361.077, 358.352, 365.097, 362.59, 360.97, 472.605, 350.287]] 
RATE (RPS) =====================================: 32

[[1253.107, 1244.134, 1243.196, 1265.375, 1239.979, 1245.7930000000001, 1259.964, 1244.902, 1235.588, 1235.728, 1234.981, 1232.271, 1224.544, 1216.733, 1210.005, 1248.1109999999999, 1289.587, 1246.888, 1258.812, 1231.932, 1273.115, 1257.004, 1248.983, 1252.33, 1234.116, 1235.934, 1227.32, 1225.0819999999999, 1217.71, 1207.76, 1211.7359999999999, 1202.403]] 
RATE (RPS) =====================================: 0

[[429.262, 434.94, 415.869, 423.06, 430.575, 413.011, 433.133, 414.513, 414.677, 409.518, 411.656, 407.17, 410.655, 422.937, 410.249, 399.985, 399.02, 404.35, 413.684, 395.837, 405.462, 399.36, 402.94, 389.044, 406.853, 389.375, 378.299, 392.616, 374.4, 364.285, 381.772, 373.837]] 
RATE (RPS) =====================================: 32

[[373.372, 388.285, 356.04, 362.79, 351.092, 358.5, 353.639, 371.908, 360.961, 355.902, 363.074, 351.88, 404.844, 361.893, 356.412, 373.45, 362.743, 370.748, 363.112, 363.132, 364.671, 343.974, 397.173, 369.62, 374.045, 358.639, 362.845, 372.387, 362.367, 362.238, 364.601, 362.016, 355.382]] 
RATE (RPS) =====================================: 33

[[342.689, 361.66, 376.105, 383.957, 378.555, 351.628, 356.964, 369.243, 351.665, 392.679, 381.534, 367.217, 355.077, 412.497, 413.679, 414.558, 401.427, 409.221, 392.655, 403.423, 388.013, 392.052, 389.553, 392.293, 385.462, 380.378, 371.569, 380.74, 374.425, 384.061, 362.819, 360.992, 366.624]] 
RATE (RPS) =====================================: 33

[[386.556, 389.673, 378.367, 375.632, 393.451, 391.203, 397.819, 384.233, 405.741, 387.355, 381.529, 408.032, 396.291, 374.889, 396.922, 1121.465, 391.061, 384.038, 397.855, 405.969, 393.741, 398.52, 378.419, 405.759, 404.561, 402.53, 964.916, 968.933, 959.912, 957.977, 964.277, 949.787, 951.287]] 
RATE (RPS) =====================================: 32

[[400.019, 390.742, 388.382, 384.698, 397.638, 381.948, 383.47, 381.169, 380.9, 378.113, 363.893, 367.717, 366.651, 369.799, 362.524, 361.834, 379.334, 363.385, 356.461, 377.128, 371.078, 364.981, 357.116, 364.048, 359.043, 378.723, 375.011, 359.339, 366.707, 363.526, 355.469, 351.131, 360.012]] 
RATE (RPS) =====================================: 33

[[354.551, 382.505, 369.216, 367.254, 378.121, 358.798, 375.566, 380.971, 387.489, 368.539, 370.176, 363.704, 363.217, 375.113, 375.571, 371.932, 372.63, 371.292, 374.2, 383.476, 390.765, 382.208, 389.689, 373.827, 384.995, 381.681, 379.147, 374.272, 368.689, 365.313, 367.365, 369.869, 358.212]] 
RATE (RPS) =====================================: 33

[[413.235, 411.683, 414.745, 409.764, 417.519, 405.668, 398.944, 404.894, 404.257, 397.946, 404.036, 401.266, 383.05, 392.935, 399.039, 399.756, 418.211, 374.812, 364.279, 369.2, 378.852, 366.376, 372.438, 369.355, 365.463, 377.095, 367.19, 353.493, 373.442, 366.546, 349.237, 366.727, 353.596]] 
RATE (RPS) =====================================: 33

[[355.232, 351.401, 354.692, 360.714, 363.134, 369.255, 350.717, 362.575, 356.619, 360.783, 357.397, 360.287, 350.893, 362.97, 352.488, 366.691, 345.572, 380.986, 363.404, 369.266, 361.299, 369.061, 371.421, 380.692, 367.889, 395.173, 354.433, 362.408, 360.44, 364.274, 362.384, 358.69, 354.307]] 
RATE (RPS) =====================================: 33

[[392.237, 391.016, 390.671, 386.113, 375.321, 379.019, 373.792, 377.81, 375.949, 366.865, 388.967, 373.049, 354.957, 394.568, 371.521, 370.116, 370.22, 357.472, 383.643, 371.915, 388.538, 352.679, 362.504, 364.487, 366.802, 367.543, 922.794, 366.962, 934.365, 367.701, 905.871, 896.599, 899.188]] 
RATE (RPS) =====================================: 33

[[387.632, 376.486, 391.825, 378.93, 390.352, 365.046, 371.799, 387.976, 361.907, 360.664, 372.76, 367.015, 348.862, 381.636, 389.123, 354.795, 377.774, 348.623, 372.807, 369.021, 355.248, 377.608, 360.974, 348.178, 359.02, 378.906, 377.975, 368.846, 375.614, 363.104, 430.127, 357.447, 409.398]] 
RATE (RPS) =====================================: 33

[[388.616, 390.069, 393.148, 390.205, 391.847, 389.635, 385.817, 393.466, 381.734, 394.338, 401.977, 423.433, 394.901, 398.229, 411.02, 418.198, 407.688, 418.49, 412.646, 427.044, 437.861, 424.502, 414.441, 417.063, 439.949, 406.938, 406.066, 404.153, 408.446, 402.314, 407.402, 407.969, 402.927]] 
RATE (RPS) =====================================: 33

[[448.309, 457.457, 456.137, 432.769, 449.28, 449.724, 440.357, 482.508, 476.536, 477.197, 452.58, 460.948, 454.483, 456.058, 445.694, 452.75, 452.05, 458.668, 489.295, 460.752, 459.783, 465.991, 448.374, 458.42, 464.442, 470.081, 448.67, 454.167, 451.233, 466.701, 478.219, 445.626, 478.958, 464.74]] 
RATE (RPS) =====================================: 34

[[420.917, 416.485, 414.668, 427.681, 413.723, 400.941, 427.399, 411.589, 407.14, 423.381, 413.329, 415.483, 391.187, 386.781, 412.63, 402.882, 381.686, 397.503, 379.169, 396.017, 381.336, 370.798, 367.297, 379.154, 368.074, 370.439, 371.435, 375.186, 384.312, 358.271, 366.273, 375.463, 361.791, 350.525]] 
RATE (RPS) =====================================: 34

[[427.169, 437.178, 421.211, 419.895, 425.143, 386.17, 411.244, 416.235, 410.15, 407.517, 404.962, 422.132, 408.252, 387.267, 387.49, 402.639, 402.713, 392.652, 385.926, 390.464, 401.886, 379.881, 386.403, 387.685, 381.909, 382.624, 372.111, 381.588, 390.448, 370.36, 397.58, 367.29, 364.727, 368.672]] 
RATE (RPS) =====================================: 34

[[425.328, 420.683, 417.24, 413.592, 415.964, 412.541, 407.545, 405.309, 413.016, 397.64, 404.03, 414.873, 395.194, 385.155, 399.792, 382.793, 389.668, 389.257, 388.204, 389.1, 380.66, 383.853, 377.205, 376.784, 373.244, 382.824, 377.06, 373.986, 351.929, 373.388, 362.443, 366.449, 364.956, 366.169]] 
RATE (RPS) =====================================: 34

[[369.989, 371.052, 363.954, 361.005, 360.053, 364.937, 365.888, 359.675, 385.689, 365.769, 373.357, 364.439, 377.181, 361.599, 395.645, 370.719, 351.897, 349.681, 385.02, 361.775, 361.844, 356.391, 369.868, 360.175, 368.406, 369.42, 384.278, 368.168, 346.68, 401.19, 371.905, 388.086, 388.464, 363.457]] 
RATE (RPS) =====================================: 34

[[363.032, 359.618, 378.875, 353.675, 362.714, 384.026, 365.308, 376.729, 399.656, 395.128, 388.531, 391.78, 443.452, 369.363, 425.323, 416.2, 409.297, 414.644, 418.345, 419.544, 407.289, 420.569, 409.854, 393.905, 407.286, 399.87, 409.507, 399.053, 396.58, 395.362, 390.559, 396.729, 388.506, 382.601]] 
RATE (RPS) =====================================: 34

[[388.299, 368.001, 372.879, 369.323, 379.325, 379.281, 372.632, 362.221, 370.68, 359.98, 363.236, 398.387, 372.716, 362.9, 402.936, 408.743, 375.029, 373.484, 344.02, 359.045, 382.8, 372.034, 383.207, 368.25, 377.716, 374.283, 379.428, 353.049, 384.345, 359.086, 381.51, 379.877, 357.181, 355.154]] 
RATE (RPS) =====================================: 34

[[345.581, 351.11, 359.41, 349.817, 349.676, 358.179, 363.511, 346.483, 354.915, 360.164, 364.605, 355.319, 353.273, 351.684, 359.261, 342.153, 379.84, 387.928, 363.326, 362.626, 370.078, 363.753, 377.05, 366.392, 352.428, 367.184, 359.775, 357.018, 357.488, 369.566, 354.033, 352.722, 361.071, 342.61]] 
RATE (RPS) =====================================: 34

[[399.855, 411.36, 398.09, 391.011, 403.301, 395.28, 408.163, 386.254, 403.55, 386.732, 391.583, 388.883, 396.294, 382.156, 384.407, 376.55, 385.048, 368.846, 373.702, 372.695, 381.023, 367.626, 404.821, 383.181, 413.318, 380.046, 389.374, 374.097, 372.333, 374.117, 377.228, 368.489, 386.698, 369.449]] 
RATE (RPS) =====================================: 34

[[375.163, 388.328, 398.425, 386.653, 396.405, 409.394, 396.971, 389.147, 386.84, 392.193, 396.252, 392.153, 397.386, 395.935, 401.58, 384.8, 395.153, 394.942, 410.781, 376.07, 379.927, 380.615, 389.479, 400.827, 373.062, 374.915, 367.582, 379.151, 367.498, 404.255, 388.644, 374.582, 363.412, 370.207]] 
RATE (RPS) =====================================: 34

[[430.606, 435.184, 414.403, 412.388, 413.319, 402.705, 411.231, 415.587, 409.73, 387.712, 380.077, 385.857, 390.791, 376.887, 443.286, 445.119, 448.821, 444.569, 451.689, 440.421, 462.326, 413.053, 416.756, 422.597, 418.238, 412.959, 407.86, 413.605, 408.607, 410.467, 421.455, 415.425, 405.834, 391.028, 398.291]] 
RATE (RPS) =====================================: 35

[[359.348, 348.924, 359.062, 362.48, 350.96, 352.092, 367.612, 382.527, 365.876, 366.1, 362.872, 379.524, 366.763, 376.722, 381.787, 356.885, 378.059, 356.109, 362.375, 370.31, 359.67, 359.648, 373.975, 361.396, 352.654, 389.731, 368.324, 369.695, 368.732, 369.317, 361.239, 359.095, 355.799, 357.452, 360.443]] 
RATE (RPS) =====================================: 35

[[399.893, 405.267, 394.987, 392.224, 390.352, 403.646, 386.478, 440.584, 391.434, 391.178, 376.517, 385.905, 394.579, 394.36, 403.89, 390.138, 396.303, 399.254, 407.415, 387.845, 622.264, 376.611, 384.06, 388.751, 393.14, 394.362, 389.852, 1045.077, 385.168, 388.945, 385.99, 1378.989, 415.621, 395.477, 395.292]] 
RATE (RPS) =====================================: 33

[[416.583, 404.68, 410.755, 384.634, 403.444, 393.63, 393.014, 415.202, 381.378, 387.698, 501.447, 506.752, 505.321, 520.043, 497.016, 484.04, 493.236, 506.227, 497.713, 487.484, 481.181, 504.172, 474.972, 478.441, 469.362, 511.112, 469.676, 487.004, 463.382, 469.177, 462.188, 460.067, 463.269, 462.507, 447.343]] 
RATE (RPS) =====================================: 35

[[433.371, 432.798, 428.855, 440.072, 419.541, 416.626, 428.044, 449.272, 442.054, 424.715, 415.635, 410.009, 427.878, 416.619, 422.542, 412.914, 424.252, 407.169, 404.695, 436.224, 441.608, 421.71, 420.699, 398.188, 408.32, 432.815, 407.942, 411.909, 400.954, 409.16, 415.372, 454.54, 420.479, 442.765, 438.545]] 
RATE (RPS) =====================================: 35

[[354.591, 387.892, 364.835, 350.671, 388.279, 371.735, 401.252, 377.902, 367.429, 371.049, 374.862, 375.93, 370.655, 369.823, 374.76, 365.446, 387.452, 379.637, 389.392, 377.573, 374.974, 361.54, 357.332, 359.974, 378.087, 356.156, 357.379, 357.497, 376.104, 351.847, 352.978, 351.103, 368.156, 386.181, 359.155]] 
RATE (RPS) =====================================: 35

[[369.549, 364.859, 371.809, 368.185, 377.143, 362.235, 366.882, 400.944, 404.15, 392.624, 365.316, 378.218, 490.647, 373.065, 368.952, 489.92, 479.649, 465.048, 473.319, 472.377, 464.017, 461.4, 458.045, 454.841, 473.473, 451.705, 445.975, 437.383, 440.682, 440.052, 439.391, 439.159, 423.405, 423.774, 428.279]] 
RATE (RPS) =====================================: 35

[[373.908, 375.92, 376.15, 369.668, 366.72, 375.315, 361.749, 365.783, 372.59, 393.811, 407.773, 394.005, 378.158, 378.096, 403.046, 374.432, 371.847, 398.375, 402.99, 376.489, 370.309, 376.465, 378.376, 393.677, 375.909, 370.865, 373.577, 371.119, 377.969, 359.823, 381.342, 365.564, 370.337, 366.468, 372.424]] 
RATE (RPS) =====================================: 35

[[353.823, 365.683, 347.982, 348.82, 358.365, 357.819, 363.291, 360.769, 370.93, 361.562, 366.106, 365.06, 354.912, 366.408, 348.339, 346.349, 355.899, 373.165, 357.532, 365.681, 375.972, 362.693, 365.32, 362.989, 368.163, 357.397, 354.025, 356.647, 433.017, 433.85, 418.744, 427.5, 417.51, 414.341, 410.322]] 
RATE (RPS) =====================================: 35

[[396.517, 400.734, 419.651, 423.535, 394.345, 418.918, 406.074, 412.565, 448.272, 429.138, 436.788, 427.943, 426.679, 413.205, 416.271, 409.965, 395.415, 397.623, 395.136, 401.915, 396.586, 393.942, 407.986, 393.859, 405.757, 385.751, 379.685, 415.929, 377.857, 403.17, 389.685, 413.826, 395.296, 372.606, 364.84]] 
RATE (RPS) =====================================: 35

[[364.133, 372.276, 365.217, 364.701, 460.501, 418.981, 399.876, 430.522, 432.499, 399.489, 407.456, 391.452, 429.525, 411.665, 398.026, 406.294, 440.756, 436.108, 435.223, 425.057, 395.745, 382.948, 412.008, 430.308, 396.276, 398.983, 387.895, 388.364, 384.993, 433.064, 390.711, 485.453, 413.665, 393.583, 457.69, 380.694]] 
RATE (RPS) =====================================: 36

[[346.382, 364.063, 376.736, 364.067, 359.546, 352.843, 354.385, 376.067, 392.694, 352.013, 377.763, 375.617, 378.579, 372.598, 402.997, 378.152, 398.336, 412.824, 380.753, 391.155, 420.312, 389.839, 401.256, 381.283, 377.591, 380.45, 396.641, 395.062, 391.413, 371.422, 373.46, 364.216, 376.57, 366.727, 354.272, 359.839]] 
RATE (RPS) =====================================: 36

[[351.432, 367.269, 365.404, 368.111, 352.907, 380.867, 388.669, 370.524, 385.192, 364.008, 380.652, 364.656, 378.724, 365.744, 375.631, 374.492, 346.113, 359.727, 363.493, 356.117, 352.079, 405.132, 368.473, 384.085, 367.379, 372.181, 366.989, 373.193, 364.087, 374.779, 367.348, 367.425, 362.845, 360.813, 371.697, 351.337]] 
RATE (RPS) =====================================: 36

[[414.753, 396.832, 396.052, 397.202, 398.319, 401.611, 388.937, 377.807, 390.954, 376.508, 383.115, 376.207, 399.572, 381.346, 379.552, 376.082, 383.336, 374.376, 370.056, 366.139, 373.942, 353.065, 354.037, 362.158, 395.567, 380.781, 385.529, 373.658, 376.529, 371.651, 369.999, 382.296, 379.093, 362.165, 358.543, 362.315]] 
RATE (RPS) =====================================: 36

[[372.44, 370.556, 416.782, 363.115, 392.758, 390.008, 377.837, 383.798, 374.36, 378.087, 370.906, 442.662, 437.772, 436.706, 460.465, 438.284, 420.749, 428.961, 427.722, 423.835, 429.928, 427.643, 420.443, 419.462, 419.838, 417.31, 414.347, 415.132, 412.656, 404.039, 407.527, 398.105, 406.898, 400.952, 404.67, 389.689]] 
RATE (RPS) =====================================: 36

[[390.121, 383.466, 382.856, 377.04, 392.188, 377.568, 388.391, 374.174, 367.105, 381.154, 363.68, 373.91, 356.902, 371.158, 353.519, 359.061, 354.42, 371.586, 366.647, 368.135, 347.475, 354.789, 356.803, 356.541, 360.482, 373.889, 349.877, 355.927, 347.186, 378.803, 351.624, 350.512, 354.273, 363.413, 364.077, 349.758]] 
RATE (RPS) =====================================: 36

[[345.731, 356.238, 363.559, 353.603, 358.968, 397.269, 392.836, 373.086, 381.464, 382.346, 370.403, 374.308, 365.376, 365.221, 362.897, 357.368, 359.672, 356.593, 404.847, 361.032, 373.255, 388.974, 350.47, 382.41, 388.948, 367.145, 377.557, 379.846, 371.081, 375.485, 369.35, 370.683, 374.847, 380.16, 378.291, 359.613]] 
RATE (RPS) =====================================: 36

[[401.277, 395.578, 392.497, 391.222, 398.155, 381.448, 399.364, 381.932, 388.799, 371.217, 383.346, 383.922, 388.878, 373.804, 370.738, 370.629, 376.571, 370.422, 368.97, 368.555, 363.411, 370.528, 372.05, 365.962, 369.416, 379.867, 360.045, 351.253, 363.921, 356.875, 356.553, 375.41, 357.499, 349.117, 352.919, 351.892]] 
RATE (RPS) =====================================: 36

[[348.869, 349.534, 356.671, 355.214, 358.049, 363.548, 376.815, 353.57, 378.634, 369.549, 386.918, 361.576, 361.736, 358.374, 375.503, 357.338, 369.63, 351.113, 367.231, 371.163, 380.158, 354.744, 361.064, 349.859, 359.506, 358.144, 345.318, 371.827, 363.589, 365.603, 349.214, 350.033, 388.248, 359.873, 368.994, 359.55]] 
RATE (RPS) =====================================: 36

[[381.635, 379.261, 364.436, 370.237, 367.066, 395.562, 363.87, 367.624, 370.047, 362.298, 418.649, 420.546, 408.19, 407.653, 401.309, 400.525, 408.231, 396.909, 393.921, 400.273, 398.156, 376.861, 380.898, 398.932, 387.06, 371.399, 398.724, 380.572, 367.275, 346.525, 374.143, 380.924, 369.845, 375.877, 357.565, 361.891]] 
RATE (RPS) =====================================: 36

[[359.054, 374.748, 362.134, 365.658, 364.091, 358.445, 363.474, 360.627, 362.971, 370.225, 357.419, 361.678, 361.227, 361.953, 360.979, 356.583, 371.69, 386.6, 387.848, 358.387, 356.466, 363.595, 377.62, 356.858, 352.097, 360.484, 357.427, 372.385, 348.164, 367.143, 361.403, 365.361, 352.579, 354.769, 369.655, 352.47, 357.317]] 
RATE (RPS) =====================================: 37

[[361.104, 359.125, 372.229, 374.565, 369.479, 368.573, 398.361, 365.8, 373.004, 378.132, 378.865, 382.158, 375.105, 372.28, 367.338, 373.706, 362.878, 375.803, 366.848, 380.336, 351.016, 365.85, 349.697, 348.631, 373.748, 370.312, 388.363, 366.563, 363.639, 371.801, 441.766, 354.297, 429.183, 424.616, 428.25, 428.31, 413.253]] 
RATE (RPS) =====================================: 37

[[361.006, 361.281, 358.784, 401.977, 369.091, 345.027, 365.259, 381.116, 381.219, 384.465, 394.868, 375.8, 393.419, 393.595, 422.733, 385.059, 395.779, 377.105, 393.75, 376.885, 371.852, 402.286, 393.335, 392.677, 357.45, 361.274, 372.468, 366.94, 363.568, 360.671, 421.423, 396.408, 348.902, 354.659, 362.324, 365.469, 354.601]] 
RATE (RPS) =====================================: 37

[[358.401, 371.179, 371.141, 368.66, 369.068, 364.643, 359.91, 363.699, 367.598, 356.926, 379.457, 386.032, 391.317, 363.939, 377.555, 360.952, 368.224, 363.787, 363.325, 371.212, 369.937, 372.081, 361.873, 366.952, 356.518, 360.642, 360.851, 357.105, 360.835, 375.339, 341.783, 348.497, 360.233, 361.228, 374.241, 357.826, 361.685]] 
RATE (RPS) =====================================: 37

[[417.114, 423.412, 399.328, 395.325, 394.845, 397.578, 401.371, 401.424, 398.011, 386.716, 387.836, 384.462, 385.04, 381.662, 377.989, 381.241, 370.345, 380.89, 365.197, 379.126, 380.186, 355.548, 363.53, 366.808, 356.424, 364.173, 361.163, 368.865, 361.949, 355.1, 354.271, 363.664, 367.921, 359.246, 372.172, 369.301, 361.977]] 
RATE (RPS) =====================================: 37

[[370.334, 417.864, 386.026, 401.951, 400.935, 390.259, 387.966, 384.702, 386.035, 376.572, 385.764, 373.862, 378.689, 402.898, 378.237, 382.337, 394.852, 368.405, 377.749, 364.126, 375.513, 383.739, 388.864, 365.481, 376.24, 390.067, 382.27, 352.144, 370.371, 376.331, 391.645, 358.82, 357.115, 356.423, 358.09, 364.673, 356.155]] 
RATE (RPS) =====================================: 37

[[411.811, 403.3, 413.14, 387.359, 388.696, 394.738, 381.517, 392.638, 388.635, 384.595, 367.687, 388.603, 385.582, 367.775, 387.939, 401.191, 366.72, 375.737, 367.493, 365.069, 363.669, 368.6, 365.029, 350.487, 357.551, 404.988, 383.972, 374.897, 364.344, 373.082, 368.912, 384.175, 374.733, 368.687, 362.143, 359.487, 361.715]] 
RATE (RPS) =====================================: 37

[[345.111, 352.961, 380.226, 368.325, 366.821, 367.598, 374.926, 357.715, 354.317, 371.018, 360.512, 367.655, 344.362, 358.504, 356.063, 349.574, 360.056, 373.671, 361.832, 374.512, 356.363, 366.772, 355.713, 355.244, 354.827, 354.077, 380.166, 382.095, 353.111, 354.034, 356.052, 355.269, 357.745, 353.759, 350.143, 366.227, 343.482]] 
RATE (RPS) =====================================: 37

[[404.859, 402.255, 407.706, 392.309, 398.956, 399.05, 406.786, 389.02, 386.277, 391.28, 387.306, 391.211, 380.851, 385.127, 395.98, 376.269, 369.631, 371.782, 369.39, 376.091, 361.475, 378.407, 370.407, 358.883, 376.789, 401.634, 375.474, 364.768, 375.681, 349.912, 348.727, 368.583, 364.66, 361.139, 362.839, 363.47, 360.188]] 
RATE (RPS) =====================================: 37

[[351.216, 362.126, 344.923, 352.88, 353.728, 350.387, 348.157, 350.962, 351.349, 365.187, 365.32, 366.912, 381.024, 361.442, 359.657, 347.878, 376.671, 362.837, 368.418, 363.816, 374.413, 356.83, 364.921, 364.553, 360.321, 361.54, 370.172, 349.459, 357.853, 388.905, 378.734, 367.582, 372.312, 368.275, 379.467, 371.051, 373.06]] 
RATE (RPS) =====================================: 37

[[360.465, 378.039, 360.578, 389.724, 363.809, 372.719, 416.466, 413.293, 417.801, 416.78, 394.991, 408.083, 403.858, 402.756, 403.427, 397.023, 394.329, 392.02, 395.519, 399.94, 389.6, 378.174, 388.239, 379.383, 390.401, 381.12, 383.347, 378.382, 364.543, 378.24, 367.239, 372.038, 364.515, 372.647, 359.378, 363.106, 358.53, 367.172]] 
RATE (RPS) =====================================: 38

[[364.554, 366.482, 370.425, 355.422, 354.905, 358.608, 355.345, 353.753, 358.505, 354.667, 357.809, 353.214, 360.554, 349.967, 354.739, 357.021, 368.997, 370.357, 349.195, 358.958, 359.443, 374.185, 363.938, 368.406, 369.598, 349.191, 360.99, 378.189, 352.755, 352.993, 350.488, 384.375, 359.544, 359.865, 364.272, 357.239, 360.669, 358.714]] 
RATE (RPS) =====================================: 38

[[347.86, 371.714, 357.176, 354.445, 380.034, 367.26, 356.496, 394.784, 363.006, 377.4, 368.089, 372.367, 372.582, 362.601, 359.505, 372.511, 360.081, 385.088, 360.223, 369.676, 372.79, 370.432, 385.598, 370.741, 380.966, 371.363, 445.955, 445.878, 460.294, 442.636, 455.949, 461.108, 469.005, 449.667, 458.898, 449.996, 452.53, 454.068]] 
RATE (RPS) =====================================: 38

[[386.586, 375.172, 372.502, 376.11, 379.006, 366.278, 370.114, 388.069, 368.843, 381.603, 459.283, 377.859, 367.049, 371.144, 378.333, 369.871, 356.215, 380.165, 400.818, 370.632, 354.015, 362.883, 365.574, 376.229, 366.952, 469.173, 376.62, 360.984, 394.624, 378.616, 406.931, 425.61, 399.861, 429.414, 446.162, 447.43, 453.457, 454.618]] 
RATE (RPS) =====================================: 38

[[392.677, 390.721, 392.807, 375.491, 372.322, 375.062, 377.304, 426.647, 417.809, 414.533, 410.881, 416.246, 403.988, 395.532, 412.805, 397.493, 411.881, 470.914, 457.457, 459.058, 460.945, 449.833, 450.344, 452.69, 451.172, 445.955, 446.274, 444.831, 436.971, 440.343, 427.984, 433.597, 412.481, 413.357, 417.066, 416.251, 410.204, 410.367]] 
RATE (RPS) =====================================: 38

[[374.044, 386.78, 357.49, 370.237, 385.427, 370.665, 385.357, 376.666, 388.519, 371.716, 381.156, 389.125, 390.532, 375.535, 404.335, 374.745, 381.289, 384.512, 381.636, 375.285, 377.385, 365.717, 374.316, 375.29, 356.247, 385.919, 380.312, 381.576, 375.063, 381.519, 363.142, 362.711, 385.256, 367.926, 357.785, 360.539, 363.121, 353.22]] 
RATE (RPS) =====================================: 38

[[382.822, 406.714, 396.694, 385.208, 390.513, 392.768, 388.976, 415.164, 403.905, 382.224, 403.402, 408.394, 416.795, 438.441, 454.736, 405.807, 429.562, 455.401, 461.821, 471.514, 477.905, 491.322, 477.022, 485.696, 491.456, 483.168, 490.788, 490.055, 469.354, 486.685, 473.893, 474.159, 471.892, 467.754, 466.648, 464.534, 457.093, 458.259]] 
RATE (RPS) =====================================: 38

[[445.908, 432.727, 426.126, 435.257, 419.565, 419.417, 422.221, 416.902, 420.935, 404.261, 400.821, 403.472, 397.895, 394.154, 390.133, 386.92, 383.009, 383.421, 380.877, 484.641, 494.77, 453.029, 485.198, 482.344, 423.612, 437.23, 415.6, 420.549, 406.187, 423.796, 443.266, 426.66, 442.074, 418.458, 416.298, 411.177, 408.726, 397.533]] 
RATE (RPS) =====================================: 38

[[362.966, 377.651, 347.704, 375.705, 371.1, 369.114, 378.684, 359.697, 366.227, 366.448, 377.182, 384.275, 383.931, 403.854, 377.319, 382.31, 358.054, 360.135, 377.682, 363.677, 360.75, 374.886, 382.154, 407.033, 342.971, 369.691, 377.529, 372.813, 357.454, 377.583, 380.971, 359.207, 367.214, 365.776, 361.56, 364.903, 354.571, 359.528]] 
RATE (RPS) =====================================: 38

[[393.998, 395.366, 385.04, 380.592, 380.185, 380.149, 395.09, 377.565, 389.956, 369.721, 368.999, 376.942, 375.996, 460.41, 368.167, 378.732, 364.503, 354.891, 414.728, 413.953, 394.167, 379.755, 341.965, 347.254, 390.582, 386.835, 399.848, 374.169, 372.482, 360.724, 368.242, 388.057, 362.798, 361.522, 361.392, 377.024, 354.074, 353.197]] 
RATE (RPS) =====================================: 38

[[385.885, 379.073, 385.954, 371.783, 392.653, 372.183, 377.29, 380.019, 394.696, 419.858, 393.913, 377.668, 399.272, 387.546, 394.176, 381.114, 377.912, 385.053, 374.236, 380.887, 382.091, 386.397, 371.563, 367.358, 371.366, 361.969, 371.05, 366.441, 363.673, 371.41, 354.089, 354.764, 358.346, 357.719, 356.537, 351.941, 396.574, 393.617, 373.64]] 
RATE (RPS) =====================================: 39

[[401.29, 399.212, 393.926, 390.55, 391.991, 390.108, 385.338, 387.628, 402.068, 403.627, 407.932, 397.895, 382.438, 393.213, 400.613, 378.218, 415.875, 371.387, 375.816, 378.685, 378.421, 375.582, 385.63, 371.907, 382.67, 360.959, 370.805, 354.344, 369.722, 358.613, 365.134, 355.422, 359.095, 354.94, 357.256, 354.198, 360.225, 374.368, 362.285]] 
RATE (RPS) =====================================: 39

[[363.726, 354.684, 357.046, 357.424, 356.847, 373.935, 354.97, 378.881, 357.657, 375.8, 384.168, 366.856, 358.287, 365.169, 365.268, 356.415, 357.0, 404.092, 365.73, 365.546, 361.343, 367.328, 371.509, 369.051, 360.094, 384.137, 367.119, 348.214, 358.25, 358.743, 381.64, 357.185, 362.635, 350.204, 353.527, 366.77, 366.079, 362.674, 364.23]] 
RATE (RPS) =====================================: 39

[[394.817, 396.08, 394.685, 384.166, 381.942, 404.177, 395.057, 380.174, 384.973, 388.876, 380.064, 378.529, 384.494, 372.385, 409.568, 392.111, 399.135, 403.469, 403.649, 407.189, 393.495, 392.881, 391.05, 382.592, 381.331, 379.579, 376.587, 379.187, 371.599, 378.455, 364.095, 396.028, 390.316, 402.501, 408.535, 368.134, 374.443, 368.125, 381.082]] 
RATE (RPS) =====================================: 39

[[346.732, 352.38, 354.471, 346.206, 367.228, 366.902, 364.477, 373.253, 357.328, 397.11, 386.017, 381.507, 389.886, 392.191, 361.99, 363.451, 364.668, 374.873, 367.7, 384.8, 368.567, 380.782, 384.425, 374.992, 375.795, 396.006, 364.85, 386.289, 367.574, 360.452, 370.814, 377.954, 362.179, 368.658, 392.427, 396.893, 377.446, 356.926, 375.742]] 
RATE (RPS) =====================================: 39

[[443.446, 461.078, 439.087, 441.755, 442.059, 438.214, 423.827, 431.809, 431.585, 416.076, 450.258, 433.985, 447.163, 417.102, 1360.8310000000001, 432.938, 440.318, 428.889, 433.132, 411.185, 421.994, 414.533, 432.841, 410.298, 403.967, 415.434, 415.667, 415.992, 396.949, 416.394, 406.017, 410.318, 424.247, 403.418, 398.224, 391.727, 404.882, 389.791, 394.422]] 
RATE (RPS) =====================================: 38

[[394.467, 395.365, 397.421, 380.064, 392.326, 389.338, 380.351, 383.65, 380.995, 397.154, 370.929, 369.999, 373.067, 371.768, 380.753, 365.313, 373.334, 358.565, 388.802, 368.014, 380.88, 380.293, 367.868, 372.782, 360.485, 365.351, 363.226, 364.842, 355.95, 366.585, 355.112, 361.386, 384.918, 373.046, 353.123, 350.605, 361.936, 351.15, 351.831]] 
RATE (RPS) =====================================: 39

[[355.584, 368.833, 375.139, 360.726, 380.877, 381.409, 383.483, 372.711, 379.517, 384.364, 368.034, 370.91, 365.442, 365.839, 369.355, 377.364, 378.941, 357.884, 350.467, 347.813, 381.3, 356.866, 368.597, 372.07, 359.275, 363.248, 376.303, 363.754, 375.035, 389.449, 404.074, 362.152, 393.533, 369.704, 367.381, 378.317, 375.402, 371.629, 367.962]] 
RATE (RPS) =====================================: 39

[[359.507, 355.496, 369.086, 368.734, 376.713, 361.955, 359.803, 435.732, 446.438, 441.588, 428.716, 432.561, 423.41, 421.067, 417.31, 417.142, 413.67, 416.126, 409.744, 407.193, 407.999, 400.02, 400.961, 400.866, 398.56, 407.114, 401.575, 385.027, 388.688, 400.357, 393.306, 376.551, 389.115, 378.642, 385.934, 381.459, 366.962, 372.267, 370.518]] 
RATE (RPS) =====================================: 39

[[345.31, 380.252, 370.615, 359.957, 368.844, 364.858, 358.215, 380.714, 357.154, 345.101, 357.439, 361.119, 372.39, 394.274, 372.193, 393.184, 354.619, 390.096, 369.927, 379.787, 361.909, 381.489, 366.575, 357.863, 359.846, 362.026, 360.535, 361.511, 357.016, 360.939, 355.367, 367.732, 350.109, 354.905, 365.796, 351.029, 377.733, 364.312, 350.822]] 
RATE (RPS) =====================================: 39

[[378.072, 364.972, 363.2, 387.823, 361.067, 375.858, 356.605, 363.875, 374.247, 359.381, 393.588, 388.552, 369.521, 365.306, 372.071, 389.459, 373.848, 359.994, 428.66, 368.847, 434.013, 411.09, 405.446, 418.682, 399.059, 412.674, 400.179, 400.722, 396.814, 397.754, 395.673, 384.561, 386.595, 387.814, 395.794, 375.684, 379.342, 380.379, 385.797, 362.442]] 
RATE (RPS) =====================================: 40

[[369.803, 378.91, 397.77, 359.921, 358.476, 365.448, 360.905, 349.633, 363.185, 353.407, 357.885, 368.068, 353.317, 364.499, 354.242, 361.126, 350.94, 339.531, 359.528, 369.751, 355.355, 350.925, 352.16, 367.432, 351.667, 354.331, 351.312, 362.778, 364.051, 344.911, 354.221, 358.76, 361.939, 352.931, 351.998, 349.375, 381.4, 371.176, 380.075, 358.45]] 
RATE (RPS) =====================================: 40

[[370.297, 352.313, 382.406, 361.405, 374.081, 389.358, 369.119, 388.847, 371.068, 385.441, 365.635, 370.493, 369.361, 367.977, 369.541, 365.072, 363.648, 388.834, 370.984, 360.333, 357.645, 352.945, 374.94, 384.072, 352.972, 366.013, 371.41, 344.566, 360.859, 416.324, 410.81, 410.07, 411.09, 407.911, 417.832, 415.92, 392.39, 406.217, 401.218, 404.818]] 
RATE (RPS) =====================================: 40

[[364.108, 372.309, 373.221, 395.583, 408.276, 398.466, 386.32, 400.684, 390.29, 396.498, 381.656, 382.208, 379.885, 386.749, 383.011, 401.411, 380.65, 382.907, 366.998, 360.588, 374.852, 385.063, 363.57, 365.46, 360.329, 360.847, 360.807, 356.353, 366.663, 357.412, 355.141, 350.804, 377.926, 376.611, 383.275, 362.083, 354.182, 360.433, 356.692, 354.788]] 
RATE (RPS) =====================================: 40

[[386.675, 367.47, 359.951, 362.807, 367.698, 366.581, 381.243, 393.383, 359.683, 397.912, 377.384, 374.675, 373.716, 378.45, 377.958, 375.98, 360.013, 381.564, 381.894, 388.992, 384.445, 361.515, 372.629, 402.495, 393.985, 380.891, 384.852, 356.701, 361.927, 380.469, 369.702, 361.189, 369.208, 358.26, 360.89, 445.595, 434.093, 418.084, 404.084, 392.812]] 
RATE (RPS) =====================================: 40

[[367.422, 372.77, 373.862, 377.145, 368.569, 369.282, 407.768, 395.635, 401.836, 391.185, 370.701, 391.107, 386.789, 364.168, 382.395, 371.545, 392.685, 373.34, 389.96, 394.433, 375.825, 378.311, 391.314, 379.424, 384.204, 389.912, 383.466, 360.798, 377.88, 383.509, 375.291, 367.612, 361.446, 391.758, 377.696, 395.738, 359.606, 361.13, 358.506, 360.35]] 
RATE (RPS) =====================================: 40

[[364.622, 349.882, 361.349, 359.044, 366.833, 366.468, 362.833, 367.634, 407.213, 385.816, 391.051, 398.773, 386.552, 381.907, 382.915, 380.222, 380.842, 383.524, 370.655, 392.296, 366.389, 368.901, 375.514, 377.233, 414.387, 357.123, 360.808, 366.422, 373.391, 360.892, 365.265, 379.11, 357.126, 369.667, 355.834, 365.735, 377.67, 360.47, 370.033, 348.54]] 
RATE (RPS) =====================================: 40

[[408.843, 410.694, 414.242, 403.795, 405.74, 402.802, 413.772, 402.69, 389.831, 386.334, 386.045, 385.045, 398.026, 378.788, 374.261, 387.475, 373.402, 376.603, 385.04, 408.59, 380.02, 363.256, 379.011, 378.045, 396.102, 372.721, 354.449, 373.618, 355.212, 372.223, 356.414, 364.371, 355.28, 356.572, 360.189, 375.773, 358.396, 373.565, 351.523, 361.323]] 
RATE (RPS) =====================================: 40

[[345.378, 366.971, 364.904, 364.508, 350.952, 358.183, 382.556, 376.903, 358.856, 375.597, 363.232, 390.916, 377.188, 376.656, 382.99, 368.054, 386.505, 373.202, 372.98, 384.672, 365.599, 365.532, 375.262, 387.777, 397.084, 359.271, 383.429, 370.764, 371.526, 369.956, 360.729, 361.787, 399.044, 391.667, 366.979, 359.502, 374.865, 370.032, 369.495, 356.822]] 
RATE (RPS) =====================================: 40

[[424.582, 419.231, 420.263, 437.852, 413.734, 404.974, 412.499, 409.239, 394.289, 401.967, 400.009, 414.778, 386.986, 387.925, 385.026, 391.039, 379.906, 384.137, 376.496, 389.652, 369.472, 370.359, 371.223, 355.128, 368.0, 388.411, 385.519, 365.041, 377.868, 376.559, 410.707, 357.416, 370.864, 363.374, 363.323, 362.219, 393.345, 370.874, 355.769, 362.038]] 
RATE (RPS) =====================================: 40

[[356.958, 349.664, 360.723, 355.358, 366.976, 354.886, 386.692, 381.956, 380.394, 396.953, 383.16, 375.27, 382.253, 375.187, 360.302, 374.863, 361.868, 357.48, 360.89, 364.267, 362.807, 360.341, 375.241, 388.581, 365.174, 386.939, 374.111, 389.697, 347.989, 370.497, 360.96, 353.095, 362.297, 392.214, 363.108, 391.332, 357.037, 352.578, 383.022, 353.904, 359.264, 364.544, 376.746, 368.328, 356.456]] 
RATE (RPS) =====================================: 45

[[395.988, 406.589, 390.052, 384.087, 391.643, 388.344, 390.435, 377.419, 382.385, 380.403, 380.243, 380.44, 384.358, 384.047, 388.742, 373.689, 386.07, 377.433, 395.33, 381.457, 375.881, 372.455, 355.309, 364.038, 367.049, 352.748, 348.566, 359.243, 361.683, 363.459, 366.984, 400.793, 363.909, 359.563, 359.415, 380.66, 390.824, 371.474, 364.79, 361.135, 362.834, 377.121, 366.193, 358.848, 356.361]] 
RATE (RPS) =====================================: 45

[[382.447, 368.591, 347.289, 349.065, 364.783, 364.625, 362.965, 366.126, 394.94, 352.757, 399.071, 387.303, 397.738, 400.382, 393.603, 375.446, 361.209, 382.176, 377.464, 382.692, 372.976, 373.465, 365.337, 358.477, 360.004, 363.488, 350.696, 354.489, 351.53, 356.987, 345.355, 374.986, 369.147, 351.511, 345.512, 356.519, 373.71, 364.017, 357.462, 361.504, 367.925, 354.414, 347.957, 355.503, 353.091]] 
RATE (RPS) =====================================: 45

[[420.769, 405.638, 400.51, 386.468, 396.827, 394.811, 389.718, 395.611, 381.364, 389.083, 393.081, 365.213, 373.915, 381.816, 394.776, 387.107, 366.458, 364.444, 366.745, 370.27, 363.705, 362.451, 372.265, 388.501, 362.274, 384.158, 363.158, 361.428, 366.229, 358.992, 381.223, 361.787, 360.478, 345.068, 373.45, 358.928, 369.271, 364.425, 354.741, 355.519, 353.303, 348.877, 356.916, 356.438, 352.731]] 
RATE (RPS) =====================================: 45

[[386.351, 364.91, 377.316, 360.881, 364.345, 357.069, 356.242, 360.791, 365.671, 355.353, 363.481, 409.85, 392.17, 393.949, 396.469, 394.633, 410.529, 397.25, 398.414, 375.745, 398.537, 391.795, 395.842, 394.829, 379.551, 380.38, 381.529, 390.299, 380.521, 387.381, 378.431, 365.33, 371.957, 375.502, 368.753, 365.431, 363.898, 363.893, 364.841, 398.17, 374.95, 390.915, 380.501, 367.681, 353.089]] 
RATE (RPS) =====================================: 45

[[404.891, 396.869, 394.413, 400.33, 402.349, 387.404, 396.831, 387.023, 388.969, 385.917, 385.197, 376.778, 393.251, 373.675, 384.635, 368.79, 371.758, 371.731, 368.386, 368.614, 362.932, 364.472, 354.848, 356.278, 351.062, 352.677, 360.116, 370.177, 349.002, 348.862, 356.053, 357.608, 387.43, 368.216, 376.027, 373.417, 366.522, 359.339, 356.945, 361.975, 363.121, 357.09, 364.839, 346.043, 342.473]] 
RATE (RPS) =====================================: 45

[[356.414, 376.379, 379.319, 381.902, 371.729, 374.393, 381.089, 369.877, 453.291, 362.283, 366.699, 386.692, 382.951, 361.001, 369.524, 374.878, 369.554, 384.048, 379.036, 374.091, 367.633, 384.584, 369.396, 365.878, 379.626, 370.253, 374.422, 365.683, 366.819, 368.744, 468.552, 453.712, 461.58, 428.721, 439.697, 440.071, 403.371, 446.203, 433.207, 444.537, 415.824, 443.137, 409.503, 422.122, 408.707]] 
RATE (RPS) =====================================: 45

[[434.079, 436.539, 434.032, 432.982, 432.422, 465.968, 433.306, 435.066, 441.869, 435.669, 425.208, 440.73, 434.13, 429.816, 442.226, 419.428, 437.233, 411.58, 413.348, 421.631, 417.499, 402.36, 409.945, 407.241, 413.943, 419.933, 392.187, 388.607, 393.314, 396.609, 413.602, 386.766, 392.822, 392.579, 390.816, 387.701, 401.195, 380.935, 375.578, 385.707, 371.164, 378.096, 382.629, 366.666, 367.097]] 
RATE (RPS) =====================================: 45

[[893.211, 888.478, 887.615, 883.195, 873.088, 874.192, 878.517, 886.845, 881.964, 881.548, 869.405, 860.882, 869.596, 867.404, 874.408, 874.318, 849.234, 850.241, 860.296, 867.052, 849.613, 858.763, 847.006, 854.546, 839.978, 855.371, 839.194, 832.523, 845.235, 843.027, 822.233, 828.659, 824.715, 823.611, 818.515, 822.607, 817.367, 808.318, 808.419, 811.957, 799.377, 802.548, 805.584, 783.546, 803.458]] 
RATE (RPS) =====================================: 45

[[400.687, 399.666, 409.738, 395.16, 389.386, 386.972, 391.696, 387.208, 388.282, 385.148, 394.291, 377.065, 381.179, 389.414, 394.03, 381.025, 371.707, 387.204, 385.968, 389.063, 378.465, 352.088, 380.349, 355.47, 365.147, 364.423, 355.262, 359.089, 361.135, 364.577, 368.142, 356.367, 371.41, 358.972, 376.734, 352.71, 372.601, 375.501, 364.476, 366.905, 370.353, 363.751, 361.126, 373.608, 358.127]] 
RATE (RPS) =====================================: 45

[[373.237, 371.498, 356.564, 388.394, 346.226, 353.011, 363.653, 404.438, 373.156, 390.661, 351.042, 365.165, 383.035, 376.545, 378.896, 383.894, 369.289, 421.833, 412.217, 402.341, 392.616, 396.474, 395.272, 386.858, 370.793, 379.22, 381.413, 369.364, 388.655, 359.536, 369.063, 355.912, 369.817, 354.474, 383.117, 350.912, 360.697, 378.929, 362.575, 364.146, 358.888, 375.487, 382.7, 373.329, 372.286, 383.551, 370.22, 434.411, 431.65, 425.06]] 
RATE (RPS) =====================================: 50

[[373.759, 388.994, 394.81, 359.787, 385.731, 393.588, 381.705, 381.189, 375.18, 389.597, 395.934, 383.337, 384.366, 369.31, 385.737, 382.105, 398.888, 385.4, 404.052, 388.363, 392.422, 387.196, 384.634, 381.981, 384.644, 373.628, 383.683, 372.368, 368.018, 403.778, 380.648, 363.745, 359.313, 366.606, 372.213, 354.45, 360.138, 368.993, 366.356, 359.335, 357.097, 373.175, 350.795, 364.517, 373.407, 383.799, 353.491, 379.734, 379.035, 367.016]] 
RATE (RPS) =====================================: 50

[[375.222, 392.461, 381.939, 380.333, 389.662, 371.941, 380.727, 377.965, 385.565, 387.911, 406.183, 372.546, 386.855, 388.691, 398.671, 390.412, 383.477, 395.462, 380.637, 405.363, 369.726, 392.59, 373.33, 384.616, 383.992, 378.897, 383.483, 376.751, 371.513, 372.718, 374.909, 361.42, 492.349, 406.939, 409.38, 414.661, 397.299, 409.342, 399.346, 394.987, 392.468, 395.033, 394.804, 391.984, 378.505, 381.487, 384.144, 378.964, 379.901, 367.436]] 
RATE (RPS) =====================================: 50

[[370.909, 379.52, 370.76, 368.267, 369.911, 361.375, 352.053, 399.779, 388.723, 374.055, 353.504, 378.548, 358.454, 387.373, 373.676, 373.241, 374.075, 367.659, 371.018, 363.423, 377.955, 385.489, 381.148, 371.224, 378.699, 383.467, 373.852, 382.473, 376.946, 370.126, 368.235, 359.007, 363.547, 371.718, 354.412, 361.714, 379.518, 382.847, 386.863, 383.794, 378.556, 384.128, 373.125, 368.523, 365.262, 362.317, 359.161, 367.009, 355.972, 361.69]] 
RATE (RPS) =====================================: 50

[[380.946, 375.121, 379.399, 394.655, 386.439, 386.398, 375.924, 397.038, 381.204, 367.018, 377.465, 379.988, 373.165, 368.191, 382.115, 360.524, 364.572, 370.005, 364.076, 366.558, 414.049, 359.453, 390.411, 385.289, 451.159, 430.239, 433.657, 428.024, 446.913, 423.461, 429.045, 421.213, 414.859, 488.629, 411.928, 494.693, 464.689, 466.024, 479.128, 428.91, 411.604, 454.419, 392.189, 414.855, 400.885, 411.375, 426.66, 424.09, 420.375, 419.505]] 
RATE (RPS) =====================================: 50

[[370.583, 374.17, 389.255, 380.419, 362.951, 380.428, 371.867, 367.868, 376.11, 364.828, 383.542, 362.293, 366.168, 375.673, 396.98, 387.661, 373.126, 387.26, 374.196, 394.508, 397.858, 379.269, 389.373, 377.418, 381.851, 375.79, 374.525, 374.985, 371.384, 358.611, 368.631, 356.032, 356.218, 359.68, 358.354, 350.683, 349.28, 353.321, 367.718, 349.814, 356.911, 368.265, 355.167, 346.373, 353.609, 355.214, 343.287, 370.336, 349.027, 358.354]] 
RATE (RPS) =====================================: 50

[[454.393, 443.872, 462.295, 546.708, 519.241, 510.234, 418.574, 501.789, 480.303, 403.891, 501.168, 457.513, 480.109, 433.929, 452.911, 464.361, 466.399, 453.925, 470.274, 465.323, 442.961, 440.355, 482.386, 442.624, 442.901, 433.674, 463.236, 425.454, 432.505, 427.976, 417.45, 442.865, 439.275, 408.675, 407.846, 454.362, 403.274, 421.393, 440.081, 403.222, 421.052, 405.436, 415.218, 413.699, 403.714, 402.621, 400.628, 410.362, 405.387, 397.966]] 
RATE (RPS) =====================================: 50

[[356.36, 355.424, 374.996, 350.83, 367.611, 386.663, 370.771, 370.83, 375.041, 378.81, 369.58, 377.45, 359.693, 356.357, 377.305, 359.932, 369.762, 363.128, 351.826, 357.532, 367.25, 357.49, 370.042, 369.545, 367.203, 363.536, 364.47, 360.938, 377.155, 364.518, 349.61, 370.855, 370.779, 349.401, 361.329, 363.648, 373.891, 358.652, 361.918, 361.452, 355.692, 355.206, 364.068, 348.631, 354.231, 360.823, 375.427, 355.331, 363.409, 366.31]] 
RATE (RPS) =====================================: 50

[[413.032, 410.461, 401.111, 449.773, 435.714, 434.169, 441.292, 429.416, 417.053, 434.064, 424.115, 420.146, 420.858, 411.074, 425.179, 435.049, 415.613, 421.543, 406.922, 1402.21, 470.138, 400.079, 400.927, 390.319, 409.054, 397.712, 420.053, 405.064, 403.815, 386.567, 408.653, 406.684, 395.877, 401.446, 395.539, 404.925, 384.825, 399.531, 376.144, 384.169, 388.66, 395.543, 375.6, 371.947, 378.662, 375.448, 376.074, 374.918, 380.672, 376.272]] 
RATE (RPS) =====================================: 49

[[427.031, 422.396, 430.989, 416.212, 413.771, 407.339, 446.771, 404.307, 413.082, 425.808, 466.324, 440.321, 419.674, 437.849, 469.429, 446.941, 453.71, 467.553, 467.486, 466.772, 463.555, 477.324, 453.022, 458.199, 466.486, 465.646, 447.051, 439.152, 456.378, 440.897, 454.003, 436.939, 431.936, 434.036, 455.387, 431.434, 413.456, 423.058, 431.701, 420.828, 421.579, 418.029, 416.555, 421.485, 423.581, 425.163, 414.849, 410.246, 415.289, 404.201]] 
RATE (RPS) =====================================: 50

[[396.376, 388.029, 389.517, 410.689, 392.088, 397.137, 404.432, 389.499, 390.666, 394.982, 388.969, 398.235, 388.314, 387.256, 406.412, 400.503, 401.175, 397.227, 400.149, 376.589, 383.472, 390.037, 413.345, 384.77, 387.64, 388.163, 382.814, 380.542, 380.852, 381.378, 371.748, 389.174, 372.827, 385.893, 371.549, 372.359, 394.52, 366.204, 360.269, 361.031, 349.668, 362.668, 349.152, 365.727, 352.994, 349.835, 363.763, 351.929, 359.647, 361.656, 358.416, 342.619, 350.222, 350.911, 345.445]] 
RATE (RPS) =====================================: 55

[[396.114, 402.278, 390.355, 392.89, 382.278, 372.035, 376.688, 375.37, 376.414, 364.114, 373.563, 366.098, 415.491, 370.73, 394.007, 374.993, 378.747, 373.476, 377.102, 371.604, 367.363, 369.576, 364.755, 366.332, 368.389, 401.485, 366.74, 370.495, 370.708, 365.546, 366.98, 361.704, 358.385, 360.083, 359.308, 347.843, 362.585, 351.327, 356.864, 350.227, 348.667, 365.919, 354.436, 392.449, 345.675, 349.593, 370.121, 362.435, 360.659, 374.988, 369.981, 370.901, 349.523, 354.284, 354.356]] 
RATE (RPS) =====================================: 55

[[406.498, 409.494, 402.92, 406.466, 395.55, 410.961, 407.022, 389.099, 419.249, 410.508, 397.802, 411.93, 417.959, 403.406, 411.694, 415.238, 404.525, 406.152, 408.599, 423.266, 410.18, 423.999, 417.867, 409.991, 409.449, 408.951, 395.141, 397.644, 393.177, 424.638, 431.157, 432.326, 413.984, 386.147, 430.178, 409.622, 423.313, 391.553, 393.91, 386.502, 386.829, 390.487, 385.746, 395.92, 1388.149, 394.869, 387.355, 375.958, 389.666, 373.017, 389.479, 376.443, 448.413, 384.631, 372.217]] 
RATE (RPS) =====================================: 54

[[416.844, 405.408, 391.25, 377.686, 392.441, 382.191, 367.454, 359.599, 383.235, 485.178, 471.032, 396.322, 385.839, 455.195, 457.729, 443.245, 437.137, 446.568, 437.368, 443.786, 442.711, 442.709, 445.374, 430.582, 446.681, 429.014, 429.067, 431.624, 453.383, 428.828, 421.125, 437.821, 416.828, 426.929, 422.015, 416.39, 420.398, 414.442, 427.183, 394.599, 412.229, 386.113, 386.542, 375.964, 390.935, 394.574, 392.189, 377.955, 376.63, 384.293, 374.201, 359.173, 368.653, 373.157, 372.271]] 
RATE (RPS) =====================================: 55

[[386.139, 389.657, 405.547, 384.383, 381.188, 398.158, 374.715, 424.17, 382.233, 438.423, 384.607, 390.248, 378.214, 405.604, 385.355, 401.111, 400.351, 389.912, 396.681, 395.12, 392.235, 390.877, 395.265, 399.029, 379.443, 418.654, 399.198, 396.128, 405.143, 402.907, 385.929, 391.755, 394.141, 381.343, 387.603, 394.127, 392.541, 381.041, 380.026, 367.189, 377.155, 361.324, 363.635, 359.817, 362.896, 356.588, 361.346, 393.005, 355.43, 373.569, 394.654, 367.436, 367.653, 378.605, 360.794]] 
RATE (RPS) =====================================: 55

[[397.91, 477.815, 389.154, 464.46, 393.611, 383.37, 389.622, 382.68, 404.557, 389.197, 368.495, 374.385, 373.785, 401.714, 373.559, 373.439, 379.645, 364.584, 353.899, 408.328, 387.082, 376.668, 386.009, 382.754, 378.963, 379.225, 378.194, 378.755, 367.353, 378.315, 380.737, 355.891, 367.808, 357.946, 359.639, 363.953, 360.887, 357.403, 357.877, 353.832, 352.605, 354.477, 372.387, 360.534, 382.444, 363.66, 361.488, 364.285, 368.518, 373.075, 347.038, 357.671, 356.561, 362.81, 355.782]] 
RATE (RPS) =====================================: 55

[[404.891, 399.942, 391.15, 386.115, 389.252, 390.089, 390.261, 386.935, 385.692, 408.868, 400.601, 383.537, 401.978, 388.289, 390.484, 393.794, 382.643, 388.368, 399.649, 416.135, 420.476, 388.135, 405.51, 399.295, 401.762, 393.139, 393.118, 411.893, 393.364, 385.317, 385.322, 385.801, 365.276, 381.2, 384.198, 371.164, 377.199, 377.232, 366.468, 374.024, 360.323, 367.671, 346.348, 352.698, 358.397, 347.574, 352.755, 354.705, 362.878, 359.623, 354.322, 365.657, 371.888, 354.546, 359.318]] 
RATE (RPS) =====================================: 55

[[420.413, 415.812, 414.097, 424.242, 418.788, 417.194, 415.942, 406.024, 406.183, 403.629, 409.629, 396.595, 394.452, 406.324, 385.875, 395.491, 394.728, 388.084, 417.058, 383.729, 392.69, 391.121, 398.933, 388.49, 390.338, 391.18, 389.553, 386.863, 385.852, 408.966, 366.563, 375.903, 379.397, 363.689, 374.016, 372.437, 355.172, 361.716, 360.594, 357.577, 374.049, 369.216, 350.13, 353.083, 351.329, 368.91, 360.884, 348.576, 354.681, 357.476, 355.257, 355.121, 349.667, 354.39, 359.044]] 
RATE (RPS) =====================================: 55

[[353.045, 369.466, 381.677, 374.666, 371.796, 381.225, 364.718, 361.441, 363.33, 364.213, 365.364, 352.164, 363.876, 373.15, 376.62, 376.521, 355.13, 362.39, 367.505, 385.448, 357.406, 379.731, 355.055, 378.334, 363.864, 375.873, 361.703, 393.918, 381.343, 365.084, 365.316, 373.033, 372.146, 365.162, 369.497, 363.01, 359.586, 352.701, 362.943, 381.603, 357.865, 360.159, 352.175, 370.49, 357.844, 367.383, 347.581, 353.687, 356.442, 349.182, 351.627, 351.888, 368.22, 349.125, 381.196]] 
RATE (RPS) =====================================: 55

[[397.443, 405.707, 390.612, 387.916, 395.544, 402.062, 377.086, 369.497, 387.603, 363.759, 369.495, 363.124, 361.409, 409.749, 382.038, 387.262, 362.919, 364.455, 371.987, 370.75, 394.786, 392.688, 354.726, 383.722, 383.845, 387.809, 372.935, 385.102, 377.019, 375.482, 377.995, 372.31, 368.29, 379.626, 366.623, 353.207, 359.146, 357.762, 356.052, 366.605, 362.737, 353.792, 364.11, 377.196, 365.802, 369.624, 351.729, 369.193, 374.303, 380.627, 362.453, 357.776, 360.526, 355.226, 364.093]] 
RATE (RPS) =====================================: 55

[[352.317, 355.039, 353.675, 359.874, 388.39, 394.333, 385.101, 422.151, 386.052, 428.939, 397.659, 399.645, 396.113, 390.586, 381.29, 377.601, 377.562, 373.071, 507.562, 449.301, 459.799, 465.77, 451.861, 442.701, 459.524, 465.361, 464.768, 435.382, 437.773, 429.925, 418.01, 390.09, 406.478, 407.736, 410.624, 398.257, 447.577, 439.474, 438.306, 429.871, 455.639, 433.656, 430.614, 428.504, 437.642, 431.904, 414.237, 434.075, 406.705, 411.224, 399.099, 418.772, 402.006, 386.453, 386.441, 383.212, 383.795, 398.617, 382.177, 375.912]] 
RATE (RPS) =====================================: 60

[[374.039, 368.99, 403.466, 362.196, 393.965, 383.607, 383.418, 401.836, 390.569, 392.786, 389.594, 401.668, 397.08, 395.254, 373.907, 373.914, 381.331, 395.499, 371.391, 376.613, 362.027, 372.942, 384.18, 353.924, 368.351, 371.78, 395.904, 367.923, 395.994, 363.505, 362.342, 370.116, 368.614, 380.663, 360.331, 357.372, 355.038, 357.141, 356.061, 359.321, 358.518, 351.566, 369.735, 346.975, 359.597, 340.148, 348.978, 344.289, 365.247, 364.17, 340.268, 340.903, 355.562, 345.218, 347.488, 353.013, 359.941, 354.295, 362.69, 350.145]] 
RATE (RPS) =====================================: 60

[[370.939, 448.771, 356.455, 456.917, 435.123, 429.309, 424.975, 417.359, 419.583, 416.755, 411.611, 414.666, 397.22, 403.031, 418.006, 392.31, 395.401, 392.579, 402.126, 378.951, 395.816, 376.255, 391.297, 373.523, 385.452, 374.9, 383.774, 368.714, 384.442, 369.6, 398.565, 401.602, 397.061, 377.464, 392.643, 387.741, 395.937, 375.202, 380.243, 379.949, 353.091, 366.911, 368.954, 362.371, 361.819, 359.584, 355.472, 355.251, 382.977, 344.593, 368.257, 412.756, 361.222, 381.286, 398.618, 398.04, 401.216, 378.576, 384.473, 382.437]] 
RATE (RPS) =====================================: 60

[[393.481, 361.417, 372.287, 350.552, 373.4, 370.749, 360.154, 376.813, 380.799, 386.13, 417.727, 369.476, 375.743, 364.48, 352.097, 358.483, 368.949, 372.162, 360.385, 402.378, 355.333, 372.219, 380.907, 352.918, 372.107, 375.318, 363.698, 362.928, 381.223, 357.722, 388.88, 382.64, 382.48, 377.227, 367.322, 368.802, 357.581, 362.149, 378.264, 361.834, 383.082, 355.512, 358.558, 357.427, 359.921, 379.07, 345.547, 352.144, 350.165, 371.422, 355.044, 347.443, 366.001, 358.092, 370.638, 348.554, 360.767, 354.181, 349.275, 346.478]] 
RATE (RPS) =====================================: 60

[[416.744, 421.44, 428.778, 437.473, 430.801, 420.045, 384.118, 387.288, 389.999, 393.627, 385.437, 936.727, 935.164, 931.878, 941.226, 926.342, 905.323, 915.102, 927.875, 912.392, 917.453, 913.391, 917.068, 909.977, 915.997, 906.287, 908.669, 909.949, 902.498, 883.34, 899.853, 887.951, 877.758, 893.78, 896.474, 879.967, 859.243, 886.41, 891.081, 866.637, 872.15, 860.941, 870.258, 862.292, 850.047, 855.07, 849.756, 849.494, 849.574, 857.734, 844.766, 845.866, 834.489, 831.595, 828.947, 830.628, 822.213, 787.896, 781.101, 779.864]] 
RATE (RPS) =====================================: 60

[[408.199, 402.672, 385.016, 381.355, 388.593, 386.199, 366.013, 377.7, 381.05, 365.493, 353.772, 380.492, 370.927, 362.271, 399.637, 363.981, 371.385, 374.367, 354.021, 367.827, 390.233, 367.65, 395.29, 378.617, 390.75, 392.342, 382.614, 387.601, 383.31, 386.81, 383.853, 390.924, 401.087, 380.209, 377.157, 377.36, 388.328, 376.338, 377.179, 374.037, 372.535, 379.594, 375.363, 360.596, 362.918, 371.507, 356.868, 347.667, 353.325, 350.456, 353.201, 358.273, 349.291, 359.43, 353.633, 361.969, 375.22, 360.691, 351.258, 352.931]] 
RATE (RPS) =====================================: 60

[[468.79, 458.511, 480.376, 453.179, 481.969, 451.581, 471.613, 450.047, 447.85, 457.816, 454.168, 470.417, 462.566, 438.024, 450.959, 442.218, 438.721, 434.628, 430.188, 426.111, 426.028, 433.753, 426.815, 426.849, 413.159, 436.128, 413.033, 403.162, 402.208, 414.56, 417.2, 401.389, 406.602, 417.47, 397.298, 396.162, 403.768, 411.993, 399.601, 400.753, 401.388, 410.023, 390.292, 388.442, 407.056, 386.3, 377.989, 395.547, 375.952, 367.135, 398.884, 370.106, 365.256, 367.493, 356.279, 354.254, 355.081, 362.038, 371.703, 354.597]] 
RATE (RPS) =====================================: 60

[[397.319, 397.356, 395.289, 399.894, 390.997, 399.076, 372.502, 389.411, 379.217, 367.235, 384.801, 403.99, 399.875, 389.556, 388.602, 388.349, 371.093, 368.7, 377.31, 373.067, 367.75, 357.228, 370.948, 357.774, 371.222, 376.349, 362.833, 381.065, 377.324, 403.157, 368.586, 376.311, 383.414, 369.22, 374.796, 384.403, 364.327, 358.104, 360.434, 369.12, 371.226, 363.146, 385.947, 371.86, 353.677, 353.301, 357.082, 357.068, 355.488, 347.903, 354.173, 421.576, 378.082, 383.915, 393.765, 360.98, 361.123, 356.61, 361.218, 352.071]] 
RATE (RPS) =====================================: 60

[[358.323, 365.911, 362.839, 396.2, 350.098, 396.089, 389.921, 393.736, 448.126, 426.046, 395.074, 367.945, 403.517, 383.425, 393.565, 395.722, 374.949, 382.354, 392.18, 388.589, 370.922, 390.386, 362.58, 363.754, 378.037, 367.029, 382.177, 408.106, 356.311, 400.461, 345.262, 395.194, 395.909, 392.516, 392.137, 378.975, 378.726, 374.306, 378.059, 377.189, 369.768, 372.459, 383.809, 350.492, 412.019, 417.972, 399.822, 408.942, 409.429, 390.256, 384.79, 389.26, 392.697, 369.176, 361.657, 357.638, 363.607, 399.153, 355.133, 373.997]] 
RATE (RPS) =====================================: 60

[[368.757, 371.665, 389.138, 376.636, 363.619, 377.851, 377.433, 411.334, 388.158, 372.952, 386.948, 392.465, 405.687, 384.068, 390.568, 394.237, 381.127, 400.574, 389.945, 362.884, 366.901, 386.534, 377.894, 390.811, 368.88, 388.71, 382.653, 378.957, 375.522, 366.181, 385.484, 372.791, 363.128, 371.428, 378.19, 374.167, 373.232, 371.595, 360.87, 373.552, 373.363, 365.506, 366.078, 361.224, 366.727, 354.342, 366.61, 357.469, 379.042, 350.901, 374.446, 376.66, 355.678, 338.304, 348.327, 351.392, 363.147, 357.527, 356.655, 353.478]] 
RATE (RPS) =====================================: 60

[[368.425, 381.72, 377.476, 372.328, 443.674, 444.552, 439.619, 431.547, 437.33, 442.572, 437.277, 434.542, 452.705, 418.094, 426.517, 421.624, 411.856, 428.872, 423.011, 437.508, 419.31, 403.107, 401.541, 402.684, 408.449, 406.907, 415.423, 396.394, 400.611, 393.678, 410.027, 387.014, 374.294, 378.171, 360.534, 362.774, 380.647, 372.999, 373.266, 367.414, 363.966, 352.788, 368.926, 358.913, 361.82, 393.537, 362.525, 376.985, 366.757, 357.556, 375.274, 356.258, 355.459, 372.433, 351.051, 355.813, 353.791, 406.487, 350.595, 392.61, 369.008, 380.95, 354.393, 385.249, 375.793]] 
RATE (RPS) =====================================: 65

[[384.963, 405.134, 404.691, 379.673, 382.777, 385.559, 387.915, 391.575, 398.079, 391.608, 403.181, 382.058, 430.865, 404.965, 390.985, 390.26, 396.968, 392.683, 407.512, 398.824, 388.545, 395.369, 401.828, 389.281, 382.739, 372.868, 379.454, 366.13, 368.525, 372.722, 363.993, 387.27, 384.12, 376.673, 401.409, 372.058, 385.964, 382.174, 389.194, 392.008, 381.267, 405.864, 422.292, 403.354, 377.378, 406.294, 385.689, 1186.049, 409.164, 398.234, 388.073, 379.059, 379.697, 580.51, 367.648, 383.283, 368.856, 353.356, 391.612, 383.063, 401.088, 385.064, 386.083, 440.586, 434.988]] 
RATE (RPS) =====================================: 64

[[413.766, 447.726, 395.904, 402.765, 421.903, 388.964, 409.009, 465.043, 1401.222, 1405.308, 524.771, 1376.12, 1382.608, 1780.2649999999999, 1938.078, 446.202, 436.746, 437.738, 425.369, 413.906, 414.017, 414.529, 412.391, 387.739, 396.732, 440.998, 443.144, 400.234, 427.145, 494.503, 486.576, 493.816, 398.82, 450.744, 487.04, 464.658, 455.493, 470.048, 456.868, 543.888, 544.995, 2001.52, 521.029, 650.486, 661.412, 641.83, 515.354, 1895.542, 497.77, 498.024, 609.264, 612.821, 1795.021, 593.803, 585.874, 583.733, 572.618, 563.826, 560.907, 557.467, 531.738, 532.731, 531.946, 517.65, 531.655]] 
RATE (RPS) =====================================: 56

[[1567.6599999999999, 1546.7530000000002, 1576.851, 1548.17, 1568.2150000000001, 1541.788, 1541.597, 1549.5549999999998, 1892.1480000000001, 1552.091, 1971.612, 1988.163, 1980.219, 2015.238, 1992.929, 2021.913, 1979.281, 2012.996, 1998.338, 1984.7440000000001, 2181.104, 1974.8899999999999, 2169.399, 1983.9470000000001, 1984.212, 2008.94, 2135.031, 1974.2849999999999, 1976.766, 1974.617, 1970.848, 1985.095, 1944.221, 1966.717, 1954.442, 2050.873, 2058.266, 2048.224, 2191.287, 2072.693, 2316.492, 2056.095, 2152.659, 2150.634, 2164.598, 2129.587, 2114.789, 2178.846, 2138.665, 2142.512, 2135.96, 2138.667, 2217.233, 2140.135, 2194.958, 2170.467, 2139.152, 2056.509, 2166.952, 2128.08, 2097.227, 2063.582, 2091.635, 2098.9809999999998, 2053.861]] 
RATE (RPS) =====================================: 0

[[387.152, 392.845, 397.861, 404.333, 421.232, 400.693, 412.914, 429.111, 434.038, 409.005, 438.914, 421.729, 473.752, 439.551, 448.06, 424.678, 461.724, 461.77, 460.951, 506.137, 498.813, 488.939, 452.611, 488.79, 473.235, 509.716, 497.579, 530.158, 517.087, 452.078, 514.378, 517.113, 505.911, 533.907, 522.614, 532.98, 532.823, 531.717, 536.923, 549.394, 556.633, 566.517, 565.238, 546.475, 562.288, 561.888, 560.538, 557.686, 584.701, 575.901, 552.934, 583.282, 584.674, 560.875, 574.559, 583.927, 570.713, 588.903, 612.859, 575.627, 586.469, 601.921, 564.505, 575.768, 585.915]] 
RATE (RPS) =====================================: 65

[[426.514, 436.927, 427.18, 426.868, 425.474, 445.688, 451.207, 432.493, 444.503, 432.759, 447.141, 450.426, 450.447, 448.106, 448.658, 456.043, 442.785, 458.83, 474.561, 462.128, 442.633, 458.916, 483.061, 459.963, 479.75, 477.607, 487.549, 485.763, 489.461, 473.892, 483.117, 490.867, 495.287, 491.949, 512.798, 518.173, 506.322, 514.747, 534.766, 508.516, 513.809, 527.637, 545.033, 527.414, 560.99, 532.213, 539.35, 563.951, 578.225, 536.046, 553.869, 566.877, 568.645, 567.361, 570.209, 573.769, 595.427, 569.924, 568.64, 576.872, 567.549, 570.072, 564.86, 538.377, 555.421]] 
RATE (RPS) =====================================: 65

[[353.84, 363.737, 371.942, 385.455, 400.092, 383.053, 378.466, 390.102, 403.311, 401.216, 431.896, 423.639, 420.707, 418.74, 451.698, 414.554, 439.111, 442.352, 438.316, 434.953, 446.126, 469.375, 441.002, 449.508, 430.062, 457.694, 459.418, 429.404, 470.825, 453.355, 441.934, 488.599, 448.048, 469.224, 445.811, 473.779, 499.955, 471.844, 473.212, 502.075, 489.141, 495.261, 470.22, 503.893, 510.299, 475.617, 489.997, 493.33, 495.154, 497.802, 486.163, 494.114, 495.04, 506.546, 510.308, 484.765, 494.494, 499.224, 503.876, 510.802, 477.624, 505.342, 522.694, 495.696, 519.811]] 
RATE (RPS) =====================================: 65

[[362.541, 395.961, 393.464, 365.415, 383.307, 376.265, 368.034, 379.638, 363.621, 380.226, 403.972, 385.943, 368.674, 391.385, 408.561, 390.935, 394.439, 408.201, 388.726, 383.471, 381.591, 412.459, 399.301, 405.332, 388.939, 396.666, 392.977, 404.861, 386.721, 392.818, 392.863, 391.392, 386.818, 388.836, 400.964, 390.18, 400.242, 365.073, 384.793, 381.748, 437.748, 421.046, 419.81, 412.864, 410.127, 426.197, 404.975, 402.019, 400.565, 404.345, 400.125, 395.394, 394.193, 387.934, 386.121, 405.04, 386.143, 379.645, 363.94, 381.995, 403.697, 359.71, 441.786, 428.159, 414.382]] 
RATE (RPS) =====================================: 65

[[361.98, 363.323, 473.004, 447.897, 456.495, 454.794, 433.186, 427.338, 443.127, 461.647, 432.692, 429.465, 430.182, 451.699, 432.675, 418.856, 408.719, 421.852, 410.365, 419.846, 417.463, 435.018, 408.771, 417.536, 400.322, 414.218, 395.283, 464.283, 449.469, 438.278, 456.558, 454.96, 438.458, 421.446, 434.227, 432.321, 458.463, 430.009, 414.289, 418.386, 415.941, 430.504, 439.012, 414.394, 426.668, 415.478, 405.512, 408.457, 412.23, 413.492, 401.91, 394.905, 395.714, 390.217, 391.71, 385.989, 383.182, 386.85, 384.167, 406.196, 389.733, 375.631, 389.334, 380.752, 368.938]] 
RATE (RPS) =====================================: 65

[[431.693, 421.672, 413.734, 406.254, 415.202, 407.738, 450.427, 402.498, 416.193, 417.81, 398.474, 416.581, 412.866, 510.046, 508.018, 514.879, 515.742, 487.262, 496.942, 593.874, 496.699, 485.473, 489.263, 484.121, 493.411, 555.983, 490.75, 488.522, 462.187, 489.407, 463.463, 472.868, 477.864, 478.703, 470.582, 469.84, 461.524, 456.665, 460.194, 460.191, 461.83, 451.08, 445.148, 443.757, 448.107, 441.977, 444.273, 430.551, 434.562, 426.551, 426.414, 424.395, 419.712, 402.036, 386.666, 388.904, 369.615, 371.391, 372.737, 418.49, 365.796, 360.86, 357.391, 369.774, 362.149]] 
RATE (RPS) =====================================: 65

average response time [0]1670.493
average response time [1]499.194
average response time [2]342.721
average response time [3]342.392
average response time [4]404.841
average response time [5]344.15
average response time [6]347.25
average response time [7]345.85
average response time [8]440.135
average response time [9]352.427
TOTAL AVERAGE RESPONSE TIME ====================: 508.9453
NUMBER OF THREADS ==============================: 1
TOTAL AVERAGE RATE (RPS) =====================================: 0.9
average response time [10]360.0455
average response time [11]343.9375
average response time [12]383.758
average response time [13]349.807
average response time [14]370.7255
average response time [15]410.451
average response time [16]357.0655
average response time [17]349.86
average response time [18]354.44500000000005
average response time [19]408.95050000000003
TOTAL AVERAGE RESPONSE TIME ====================: 368.9045500000001
NUMBER OF THREADS ==============================: 2
TOTAL AVERAGE RATE (RPS) =====================================: 2.0
average response time [20]359.21325
average response time [21]344.52549999999997
average response time [22]358.11625
average response time [23]389.24675
average response time [24]346.24425
average response time [25]354.5775
average response time [26]394.57
average response time [27]379.59475
average response time [28]341.199
average response time [29]349.014
TOTAL AVERAGE RESPONSE TIME ====================: 361.630125
NUMBER OF THREADS ==============================: 4
TOTAL AVERAGE RATE (RPS) =====================================: 4.0
average response time [30]393.833875
average response time [31]361.833875
average response time [32]354.23575
average response time [33]380.30125
average response time [34]361.392
average response time [35]355.18025
average response time [36]372.01725
average response time [37]353.73225
average response time [38]358.825125
average response time [39]388.316875
TOTAL AVERAGE RESPONSE TIME ====================: 367.96684999999997
NUMBER OF THREADS ==============================: 8
TOTAL AVERAGE RATE (RPS) =====================================: 8.0
average response time [40]356.8445625
average response time [41]354.284375
average response time [42]385.3215625
average response time [43]357.986625
average response time [44]380.8420625
average response time [45]388.4740625
average response time [46]355.7058125
average response time [47]360.2868125
average response time [48]368.1169375
average response time [49]351.495125
TOTAL AVERAGE RESPONSE TIME ====================: 365.93579374999996
NUMBER OF THREADS ==============================: 16
TOTAL AVERAGE RATE (RPS) =====================================: 16.0
average response time [50]358.90909375
average response time [51]364.3989375
average response time [52]368.862125
average response time [53]389.93784375
average response time [54]368.86634375
average response time [55]371.577
average response time [56]367.09965625
average response time [57]365.45865625
average response time [58]1239.22259375
average response time [59]404.76075
TOTAL AVERAGE RESPONSE TIME ====================: 459.9093
NUMBER OF THREADS ==============================: 32
TOTAL AVERAGE RATE (RPS) =====================================: 28.8
average response time [60]365.26469696969696
average response time [61]380.1640606060606
average response time [62]534.8090909090909
average response time [63]371.5754242424242
average response time [64]373.6470606060606
average response time [65]386.2136060606061
average response time [66]362.3499090909091
average response time [67]455.79557575757576
average response time [68]373.25690909090906
average response time [69]405.83430303030303
TOTAL AVERAGE RESPONSE TIME ====================: 400.89106363636364
NUMBER OF THREADS ==============================: 33
TOTAL AVERAGE RATE (RPS) =====================================: 32.9
average response time [70]459.0869705882353
average response time [71]391.7925
average response time [72]396.4580294117647
average response time [73]390.52570588235295
average response time [74]369.34282352941176
average response time [75]395.0855882352941
average response time [76]373.26579411764703
average response time [77]359.1185
average response time [78]386.6341176470588
average response time [79]387.6096176470588
TOTAL AVERAGE RESPONSE TIME ====================: 390.89196470588234
NUMBER OF THREADS ==============================: 34
TOTAL AVERAGE RATE (RPS) =====================================: 34.0
average response time [80]415.96808571428573
average response time [81]364.9587714285714
average response time [82]447.7670857142857
average response time [83]459.83285714285716
average response time [84]423.37974285714284
average response time [85]369.9893714285714
average response time [86]423.32777142857145
average response time [87]377.7442571428571
average response time [88]372.771
average response time [89]404.78468571428573
TOTAL AVERAGE RESPONSE TIME ====================: 406.05236285714284
NUMBER OF THREADS ==============================: 35
TOTAL AVERAGE RATE (RPS) =====================================: 34.8
average response time [90]408.94825
average response time [91]377.9978611111111
average response time [92]368.5992777777778
average response time [93]379.7245555555556
average response time [94]408.2345
average response time [95]365.7919444444444
average response time [96]371.4147777777778
average response time [97]373.7233888888889
average response time [98]362.68775
average response time [99]383.4691388888889
TOTAL AVERAGE RESPONSE TIME ====================: 380.05914444444454
NUMBER OF THREADS ==============================: 36
TOTAL AVERAGE RATE (RPS) =====================================: 36.0
average response time [100]363.0157837837838
average response time [101]379.05362162162163
average response time [102]377.41959459459457
average response time [103]365.5311081081081
average response time [104]378.1408108108108
average response time [105]378.74335135135135
average response time [106]378.5593513513513
average response time [107]360.5631891891892
average response time [108]379.0587027027027
average response time [109]363.3604864864865
TOTAL AVERAGE RESPONSE TIME ====================: 372.3446
NUMBER OF THREADS ==============================: 37
TOTAL AVERAGE RATE (RPS) =====================================: 37.0
average response time [110]384.6756315789474
average response time [111]360.4823947368421
average response time [112]396.07294736842107
average response time [113]391.1790789473684
average response time [114]420.84981578947367
average response time [115]375.58144736842104
average response time [116]443.90905263157896
average response time [117]422.50444736842104
average response time [118]370.53444736842107
average response time [119]378.9228947368421
TOTAL AVERAGE RESPONSE TIME ====================: 394.4712157894737
NUMBER OF THREADS ==============================: 38
TOTAL AVERAGE RATE (RPS) =====================================: 38.0
average response time [120]377.47989743589744
average response time [121]379.4714358974359
average response time [122]364.8777692307692
average response time [123]387.5783333333333
average response time [124]372.6138717948718
average response time [125]445.9449230769231
average response time [126]372.64215384615386
average response time [127]371.55751282051284
average response time [128]396.6131282051282
average response time [129]365.2195384615385
TOTAL AVERAGE RESPONSE TIME ====================: 383.39985641025646
NUMBER OF THREADS ==============================: 39
TOTAL AVERAGE RATE (RPS) =====================================: 38.9
average response time [130]385.1365
average response time [131]360.2898
average response time [132]379.905875
average response time [133]374.377725
average response time [134]380.196375
average response time [135]378.909325
average response time [136]372.773525
average response time [137]380.752025
average response time [138]371.958125
average response time [139]386.802325
TOTAL AVERAGE RESPONSE TIME ====================: 377.11016000000006
NUMBER OF THREADS ==============================: 40
TOTAL AVERAGE RATE (RPS) =====================================: 40.0
average response time [140]368.9413777777778
average response time [141]375.1219777777778
average response time [142]366.5940888888889
average response time [143]373.35422222222223
average response time [144]378.7872222222222
average response time [145]371.4518888888889
average response time [146]395.2696
average response time [147]410.49451111111114
average response time [148]847.0590888888889
average response time [149]375.8150444444444
TOTAL AVERAGE RESPONSE TIME ====================: 426.28890222222225
NUMBER OF THREADS ==============================: 45
TOTAL AVERAGE RATE (RPS) =====================================: 45.0
average response time [150]378.8504
average response time [151]377.36094
average response time [152]388.49994
average response time [153]372.102
average response time [154]407.37062
average response time [155]368.94448
average response time [156]442.7162
average response time [157]364.25422
average response time [158]425.68222000000003
average response time [159]436.3046
TOTAL AVERAGE RESPONSE TIME ====================: 396.2085619999999
NUMBER OF THREADS ==============================: 50
TOTAL AVERAGE RATE (RPS) =====================================: 49.9
average response time [160]378.7542363636364
average response time [161]369.7278
average response time [162]421.5862909090909
average response time [163]411.6016181818182
average response time [164]386.55085454545457
average response time [165]376.12427272727274
average response time [166]381.95034545454547
average response time [167]383.0391272727273
average response time [168]365.74394545454544
average response time [169]373.7333454545455
TOTAL AVERAGE RESPONSE TIME ====================: 384.8811836363637
NUMBER OF THREADS ==============================: 55
TOTAL AVERAGE RATE (RPS) =====================================: 54.9
average response time [170]412.9372
average response time [171]368.8899666666667
average response time [172]389.16951666666665
average response time [173]367.3089166666667
average response time [174]791.9373833333333
average response time [175]373.82308333333333
average response time [176]414.5579666666667
average response time [177]375.13691666666665
average response time [178]383.57868333333334
average response time [179]373.5067
TOTAL AVERAGE RESPONSE TIME ====================: 425.0846333333333
NUMBER OF THREADS ==============================: 60
TOTAL AVERAGE RATE (RPS) =====================================: 60.0
average response time [180]391.4681538461538
average response time [181]405.55615384615385
average response time [182]651.7201846153846
average response time [183]1998.0676
average response time [184]510.0617230769231
average response time [185]501.791
average response time [186]458.3945076923077
average response time [187]393.92789230769233
average response time [188]418.2433230769231
average response time [189]444.1504769230769
TOTAL AVERAGE RESPONSE TIME ====================: 617.3381015384615
NUMBER OF THREADS ==============================: 65
TOTAL AVERAGE RATE (RPS) =====================================: 57.5
average response time sent to Stackdriver [0]344.52549999999997
average response time sent to Stackdriver [1]355.7058125
average response time sent to Stackdriver [2]380.1640606060606
average response time sent to Stackdriver [3]359.1185
average response time sent to Stackdriver [4]368.5992777777778
average response time sent to Stackdriver [5]379.0587027027027
average response time sent to Stackdriver [6]372.6138717948718
average response time sent to Stackdriver [7]386.802325
average response time sent to Stackdriver [8]372.102
average response time sent to Stackdriver [9]386.55085454545457
average response time sent to Stackdriver [10]375.13691666666665
average response time sent to Stackdriver [11]510.0617230769231
NUMBER OF THREADS: [1, 2, 4, 8, 16, 32, 33, 34, 35, 36, 37, 38, 39, 40, 45, 50, 55, 60, 65]
WORKLOAD: HFU_LV;  
DATA COLLECTOR SETTING: CACHE;  
TOTAL EXECUTION TIME (Concurrent Parallel Requests): 128596.359
NUMBER OF REPLICAS: 1

