[[617.797, 551.838, 533.437, 604.049, 442.225, 424.957, 487.122, 468.086, 684.402, 612.859, 539.178, 645.622, 673.766, 572.335, 766.277, 717.662, 588.54, 792.2, 844.533, 904.909, 863.587, 585.932, 626.052, 739.269, 923.715, 1051.911, 995.73, 940.142, 643.697, 1071.911, 1105.853, 742.716, 765.653, 1151.715, 814.811, 842.882, 1210.186, 1158.366, 1230.808, 1269.8519999999999, 857.824, 821.833, 1280.176, 922.204, 884.848, 965.82, 1001.153, 1042.8220000000001, 1284.047, 1099.881, 1133.292, 1309.561, 1158.829, 1191.029, 1228.879, 1398.459, 1326.4569999999999, 1249.131, 1275.747, 1303.617, 1339.452, 1403.355, 1356.536, 1420.017, 1395.799, 1412.858, 1413.476, 1468.5720000000001, 1491.763, 1554.54, 1380.7060000000001, 1578.038, 1606.826, 1436.578, 1622.613, 1356.278, 1523.1219999999998, 1464.847, 1402.387, 1592.108, 1624.671, 1808.745, 1658.6680000000001, 1696.233, 1450.195, 1480.579, 1697.931, 1777.624, 1985.5140000000001, 1796.135, 1884.413, 1516.906, 1469.396, 1808.839, 1535.7930000000001, 1569.671, 1957.841, 1594.226, 1976.938, 2011.615, 1650.825, 1595.344, 1653.848, 1682.917, 1706.9969999999998, 1725.057, 1782.839, 1821.079, 1930.393, 1971.313, 1846.089, 2007.783, 1866.077, 2060.506, 1892.03, 2090.029, 1922.2089999999998, 2122.886, 2150.974, 1929.69, 2225.967, 2173.863, 1942.036, 2009.172, 2217.892, 1939.406, 2274.76, 2229.503, 2341.4809999999998, 2447.216, 2281.93, 2351.761, 1980.969, 1915.4470000000001, 2454.248, 2515.32, 2472.26, 2539.52, 1968.591, 2564.2309999999998, 1904.074, 1986.633, 2024.334, 2581.7889999999998, 2608.9880000000003, 2037.279, 2076.08, 2640.553, 2103.424, 2151.56]] 
AVERAGE RESPONSE TIME: 1478.88778
NUMBER OF THREADS: [150]
WORKLOAD: LV_HF; PAL CONFIG: default; NUMBER OF REPLICAS: 2 
TOTAL EXECUTION TIME (Concurrent Parallel Requests): 4264.458


[[426.847, 477.949, 409.873, 423.334, 467.283, 481.306, 529.052, 524.922, 538.106, 570.07, 642.182, 612.086, 593.024, 585.485, 633.557, 659.227, 662.87, 713.985, 797.1, 687.036, 857.225, 706.884, 790.337, 725.598, 860.897, 825.77, 764.851, 898.843, 821.709, 832.42, 1014.956, 969.159, 843.67, 872.075, 1012.554, 918.975, 950.326, 1055.974, 1001.021, 995.701, 1064.717, 1025.445, 1081.84, 1097.683, 1113.017, 1093.736, 1141.993, 1303.134, 1257.839, 1165.82, 1120.36, 1156.595, 1022.365, 1122.472, 1146.114, 1244.625, 1158.939, 1280.074, 1345.894, 1181.786, 1201.9180000000001, 1335.469, 1229.884, 1204.376, 1368.733, 1365.63, 1398.555, 1199.52, 1423.833, 1277.976, 1227.025, 1305.186, 1437.641, 1500.4859999999999, 1329.997, 1518.922, 1428.191, 1355.0439999999999, 1539.123, 1445.474, 1484.4180000000001, 1550.355, 1579.333, 1510.626, 1533.255, 1600.174, 1607.42, 1549.028, 1602.9270000000001, 1690.0529999999999, 1587.0059999999999, 1622.902, 1611.9560000000001, 1697.608, 1664.636, 1709.854, 1776.6480000000001, 1698.712, 1731.2939999999999, 1703.021, 1865.0900000000001, 1749.364, 1792.2350000000001, 1865.9769999999999, 1893.35, 1672.8400000000001, 1950.188, 1891.3139999999999, 1967.772, 1666.74, 1696.786, 1976.222, 1698.278, 1992.2640000000001, 1707.008, 2029.334, 1730.2849999999999, 1735.633, 1837.9589999999998, 2018.175, 2040.211, 1779.033, 2098.302, 2053.921, 1805.536, 2112.96, 1828.049, 2293.92, 1856.676, 2109.889, 2172.015, 2098.058, 1837.752, 1866.444, 2147.925, 1861.479, 2200.116, 1976.712, 1881.292, 2210.187, 1897.1570000000002, 2274.888, 2328.183, 2194.909, 1978.297, 1920.3899999999999, 1996.924, 2301.582, 2023.331, 2317.001]] 
AVERAGE RESPONSE TIME: 1400.5523266666667
NUMBER OF THREADS: [150]
WORKLOAD: LV_HF; PAL CONFIG: default; NUMBER OF REPLICAS: 2 
TOTAL EXECUTION TIME (Concurrent Parallel Requests): 4174.427


[[427.061, 367.942, 445.802, 535.535, 492.678, 433.096, 503.312, 439.189, 523.816, 559.82, 513.006, 582.913, 543.975, 582.67, 619.992, 613.397, 642.71, 696.631, 707.241, 777.237, 831.195, 609.295, 920.197, 839.923, 626.456, 942.707, 632.412, 992.025, 1037.725, 1089.255, 657.45, 848.687, 689.474, 744.047, 1094.102, 1147.709, 865.594, 877.381, 1170.877, 934.04, 1203.58, 1236.654, 1307.691, 1349.867, 939.82, 983.74, 1004.907, 1345.051, 1073.756, 1044.426, 1126.625, 1348.963, 1138.148, 1379.616, 1172.384, 1360.647, 1219.839, 1232.008, 1271.9569999999999, 1338.184, 1329.068, 1399.587, 1360.212, 1328.404, 1380.259, 1426.183, 1479.578, 1496.399, 1341.908, 1508.305, 1360.204, 1519.862, 1375.627, 1541.0349999999999, 1442.328, 1390.161, 1529.5520000000001, 1440.891, 1643.162, 1582.74, 1691.097, 1468.314, 1624.722, 1394.471, 1733.767, 1478.762, 1665.0030000000002, 1490.973, 1731.757, 1842.159, 1799.883, 1744.565, 1485.624, 1514.144, 1848.289, 1921.6190000000001, 1872.0410000000002, 1496.267, 1662.712, 1526.487, 1567.683, 1894.049, 1593.4769999999999, 1944.051, 1690.662, 1645.3809999999999, 2062.285, 1964.821, 1990.879, 1664.6100000000001, 1696.185, 2031.358, 1732.434, 2047.196, 1664.5030000000002, 1736.725, 2046.799, 2067.732, 1760.326, 1808.132, 2081.958, 2113.96, 2138.899, 1856.671, 1799.621, 2194.334, 2124.378, 2196.447, 1816.645, 1837.667, 1863.904, 1892.87, 2151.228, 1893.149, 1922.828, 2201.814, 2142.667, 1980.289, 1929.152, 2005.256, 2191.917, 2211.174, 2008.057, 2036.173, 2060.674, 2097.746, 2190.216, 2105.412, 2209.066, 2124.866]] 
AVERAGE RESPONSE TIME: 1416.6192266666667
NUMBER OF THREADS: [150]
WORKLOAD: LV_HF; PAL CONFIG: default; NUMBER OF REPLICAS: 2 
TOTAL EXECUTION TIME (Concurrent Parallel Requests): 4073.553


[[436.045, 370.258, 453.234, 379.233, 466.686, 414.882, 512.849, 544.567, 582.95, 467.972, 625.137, 513.088, 676.121, 712.587, 534.299, 738.005, 870.431, 776.629, 821.482, 557.892, 625.198, 626.568, 865.452, 657.172, 732.101, 690.426, 850.121, 754.247, 888.17, 795.489, 915.49, 949.273, 807.543, 1014.291, 988.213, 820.107, 1036.162, 1066.034, 831.723, 880.483, 941.198, 978.377, 1113.989, 1066.891, 983.671, 1014.556, 1106.137, 1140.9850000000001, 1046.293, 1162.432, 1189.351, 1220.328, 1066.605, 1331.4189999999999, 1111.766, 1215.874, 1128.464, 1246.224, 1262.786, 1362.796, 1183.8319999999999, 1406.825, 1291.824, 1433.047, 1290.355, 1493.991, 1444.711, 1309.504, 1353.095, 1386.462, 1494.151, 1391.492, 1479.733, 1427.692, 1490.266, 1467.8899999999999, 1510.642, 1584.5259999999998, 1522.6509999999998, 1438.932, 1574.0839999999998, 1459.937, 1590.612, 1614.467, 1695.145, 1449.637, 1606.8, 1470.65, 1763.46, 1466.671, 1571.143, 1489.033, 1628.225, 1802.9479999999999, 1747.951, 1528.423, 1556.891, 1699.005, 1610.25, 1554.069, 1744.546, 1667.646, 1700.464, 1742.0720000000001, 1712.866, 1744.283, 1730.8780000000002, 1758.376, 1858.275, 1751.039, 1756.004, 1776.591, 1840.52, 1793.0349999999999, 1742.636, 1863.587, 1815.379, 1886.484, 1918.871, 1939.373, 1901.385, 1813.425, 2041.993, 1989.675, 1937.058, 1802.567, 1869.5259999999998, 1935.7069999999999, 1878.254, 1953.3319999999999, 1976.037, 1957.661, 1990.663, 2010.823, 2051.27, 2007.471, 1951.229, 2050.31, 2083.542, 2217.254, 2085.583, 1993.433, 2142.703, 2049.911, 1999.585, 2162.692, 2187.99, 2014.556, 2216.846, 2022.475]] 
AVERAGE RESPONSE TIME: 1381.7177
NUMBER OF THREADS: [150]
WORKLOAD: LV_HF; PAL CONFIG: default; NUMBER OF REPLICAS: 2 
TOTAL EXECUTION TIME (Concurrent Parallel Requests): 4098.072


[[391.893, 424.126, 401.045, 441.619, 447.89, 522.546, 488.573, 523.592, 559.052, 586.778, 651.694, 707.357, 737.656, 600.838, 631.783, 739.852, 746.623, 649.119, 842.063, 689.203, 827.571, 787.724, 878.225, 805.631, 888.738, 1024.477, 918.343, 777.16, 940.514, 1041.228, 790.247, 1056.719, 1093.598, 799.169, 1107.059, 836.276, 878.464, 962.536, 1136.218, 1166.344, 902.892, 965.183, 1001.571, 1199.773, 1234.52, 1272.0819999999999, 980.954, 1280.383, 991.577, 1374.274, 1285.732, 1312.337, 1221.398, 1359.708, 941.169, 974.781, 1408.417, 963.517, 1014.055, 1349.205, 1229.403, 1161.653, 1341.972, 1222.468, 1352.944, 1233.792, 1391.1, 1256.989, 1450.327, 1261.9850000000001, 1380.637, 1283.757, 1446.013, 1477.204, 1550.0529999999999, 1507.899, 1312.192, 1543.9969999999998, 1233.6100000000001, 1307.191, 1530.292, 1305.005, 1388.578, 1337.847, 1564.4650000000001, 1628.632, 1374.356, 1403.396, 1438.41, 1632.819, 1460.615, 1696.059, 1497.445, 1621.752, 1703.818, 1515.769, 1539.566, 1713.476, 1561.562, 1625.778, 1723.63, 1569.981, 1735.283, 1766.8110000000001, 1799.364, 1832.085, 1874.0549999999998, 1545.152, 1874.212, 1562.743, 1601.402, 1638.0140000000001, 1881.289, 1957.952, 1890.7179999999998, 1964.1109999999999, 1659.056, 1611.713, 1968.3609999999999, 1657.521, 1981.403, 2049.29, 2077.6440000000002, 1630.751, 2106.686, 2133.209, 1624.232, 2141.832, 2183.297, 1647.3, 1677.2730000000001, 2194.302, 2267.057, 2196.904, 2322.31, 2264.985, 1631.659, 2373.975, 2325.912, 2385.411, 2424.656, 1614.9270000000001, 1681.844, 1626.1599999999999, 2391.302, 1675.687, 1783.3490000000002, 2370.443, 1685.0990000000002, 2385.127]] 
AVERAGE RESPONSE TIME: 1379.9025066666666
NUMBER OF THREADS: [150]
WORKLOAD: LV_HF; PAL CONFIG: default; NUMBER OF REPLICAS: 2 
TOTAL EXECUTION TIME (Concurrent Parallel Requests): 4450.637


[[424.514, 468.532, 531.626, 462.854, 414.923, 445.873, 532.32, 483.774, 562.663, 497.88, 576.54, 628.387, 693.026, 723.781, 633.033, 487.094, 768.89, 536.245, 808.781, 826.95, 528.457, 867.382, 913.593, 949.901, 521.577, 967.257, 1040.735, 541.834, 1009.309, 574.483, 607.028, 1034.57, 1061.003, 627.646, 683.154, 719.979, 1094.387, 1198.903, 1086.949, 777.019, 1113.138, 700.743, 817.454, 757.821, 815.608, 1124.97, 1175.031, 816.844, 854.377, 1162.316, 882.086, 914.439, 1155.517, 943.403, 973.323, 1180.816, 992.92, 1182.716, 1009.201, 1210.223, 1046.713, 1022.524, 1242.384, 1195.729, 1047.729, 1070.875, 1089.488, 1113.938, 1296.041, 1202.467, 1132.536, 1306.6190000000001, 1337.218, 1140.979, 1263.993, 1193.669, 1137.048, 1308.934, 1309.202, 1240.979, 1318.828, 1295.275, 1326.1480000000001, 1306.071, 1332.8310000000001, 1324.545, 1349.121, 1339.878, 1354.642, 1361.221, 1429.226, 1391.368, 1359.9479999999999, 1425.338, 1466.308, 1535.199, 1471.149, 1545.7179999999998, 1572.471, 1312.41, 1594.6570000000002, 1648.635, 1316.075, 1302.632, 1615.796, 1288.906, 1576.88, 1601.642, 1630.029, 1258.453, 1296.6109999999999, 1652.566, 1685.8049999999998, 1744.3899999999999, 1325.517, 1439.387, 1329.132, 1359.5059999999999, 1508.34, 1460.591, 1725.6599999999999, 1527.933, 1763.783, 1559.2559999999999, 1590.7930000000001, 1773.818, 1604.883, 1860.9470000000001, 1787.671, 1609.8400000000001, 1889.192, 1834.952, 1967.502, 1912.6770000000001, 1994.911, 1603.28, 2019.608, 1682.536, 1622.132, 1756.967, 1704.062, 1786.13, 1824.267, 1863.23, 1996.922, 2051.267, 1879.723, 1932.7559999999999, 1979.357, 2065.905]] 
AVERAGE RESPONSE TIME: 1222.8004533333333
NUMBER OF THREADS: [150]
WORKLOAD: LV_HF; PAL CONFIG: default; NUMBER OF REPLICAS: 2 
TOTAL EXECUTION TIME (Concurrent Parallel Requests): 4069.636


[[394.935, 373.881, 423.417, 449.886, 478.236, 399.322, 430.824, 584.89, 525.443, 612.76, 656.056, 739.335, 452.086, 750.07, 491.398, 835.455, 831.267, 602.729, 867.501, 669.975, 527.592, 721.389, 765.449, 804.53, 840.532, 868.754, 906.345, 947.478, 994.96, 1019.704, 843.525, 885.24, 1045.851, 1081.607, 909.386, 1122.361, 945.613, 981.91, 1143.384, 1179.37, 1004.772, 1211.963, 1047.118, 1245.898, 1284.026, 1366.001, 1313.767, 1051.782, 1397.35, 1128.746, 1078.0529999999999, 1437.645, 1474.101, 1147.001, 1500.5520000000001, 1542.172, 1168.867, 1211.534, 1247.51, 1555.971, 1275.6190000000001, 1582.741, 1644.55, 1691.943, 1736.9009999999998, 1804.879, 1268.391, 1745.627, 1835.192, 1896.926, 1292.508, 1947.887, 1995.309, 2123.759, 1307.752, 2096.496, 1391.319, 1342.5230000000001, 1400.226, 1435.576, 2053.533, 1510.84, 1464.73, 1541.056, 2024.4, 2144.404, 2077.91, 1601.476, 1536.914, 1628.987, 1667.8890000000001, 2166.764, 1747.5720000000001, 2218.145, 1681.8220000000001, 2229.88, 1757.385, 2261.695, 1905.522, 2305.268, 1892.5639999999999, 1885.702, 2331.852, 1883.479, 1966.2179999999998, 2354.23, 1895.216, 2022.381, 2104.339, 2231.626, 2136.466, 2170.843, 2329.834, 2294.271, 2368.867, 2325.779, 2399.962, 2212.255, 2330.368, 2405.8940000000002, 2443.7219999999998, 2336.892, 2380.103, 2468.89, 2550.2619999999997, 2503.924, 2394.861, 2431.745, 2565.4880000000003, 2603.801, 2637.361, 2668.751, 2427.399, 2463.371, 2766.048, 2496.532, 2672.393, 2775.967, 2811.27, 2536.9139999999998, 2487.529, 2637.277, 2826.533, 2674.45, 2565.6639999999998, 2690.017, 2838.567, 2715.975, 2738.708, 2764.265]] 
AVERAGE RESPONSE TIME: 1648.5227733333334
NUMBER OF THREADS: [150]
WORKLOAD: LV_HF; PAL CONFIG: default; NUMBER OF REPLICAS: 2 
TOTAL EXECUTION TIME (Concurrent Parallel Requests): 4046.758


