[[608.133]] 
RATE (RPS) =====================================: 1

[[575.874]] 
RATE (RPS) =====================================: 1

[[627.265]] 
RATE (RPS) =====================================: 1

[[601.412]] 
RATE (RPS) =====================================: 1

[[624.24]] 
RATE (RPS) =====================================: 1

[[577.74]] 
RATE (RPS) =====================================: 1

[[694.714]] 
RATE (RPS) =====================================: 1

[[644.322]] 
RATE (RPS) =====================================: 1

[[597.529]] 
RATE (RPS) =====================================: 1

[[623.544]] 
RATE (RPS) =====================================: 1

[[655.588, 698.595]] 
RATE (RPS) =====================================: 2

[[704.887, 786.671]] 
RATE (RPS) =====================================: 2

[[639.659, 733.881]] 
RATE (RPS) =====================================: 2

[[755.953, 709.895]] 
RATE (RPS) =====================================: 2

[[615.133, 683.951]] 
RATE (RPS) =====================================: 2

[[721.267, 634.828]] 
RATE (RPS) =====================================: 2

[[739.489, 674.851]] 
RATE (RPS) =====================================: 2

[[837.319, 731.337]] 
RATE (RPS) =====================================: 2

[[630.394, 689.921]] 
RATE (RPS) =====================================: 2

[[750.301, 748.703]] 
RATE (RPS) =====================================: 2

[[831.335, 793.425, 797.234, 783.735]] 
RATE (RPS) =====================================: 4

[[859.136, 873.645, 837.033, 865.437]] 
RATE (RPS) =====================================: 4

[[824.122, 823.854, 817.76, 815.471]] 
RATE (RPS) =====================================: 4

[[723.247, 735.333, 732.581, 738.525]] 
RATE (RPS) =====================================: 4

[[704.696, 717.728, 701.968, 705.422]] 
RATE (RPS) =====================================: 4

[[637.034, 638.918, 616.376, 616.518]] 
RATE (RPS) =====================================: 4

[[632.536, 640.142, 635.489, 638.504]] 
RATE (RPS) =====================================: 4

[[672.451, 671.841, 683.43, 686.732]] 
RATE (RPS) =====================================: 4

[[642.74, 634.115, 626.419, 648.954]] 
RATE (RPS) =====================================: 4

[[729.583, 734.859, 734.931, 728.901]] 
RATE (RPS) =====================================: 4

[[696.897, 665.692, 661.126, 683.813, 656.335, 658.404, 645.616, 643.1]] 
RATE (RPS) =====================================: 8

[[666.562, 658.101, 650.283, 637.318, 644.172, 647.544, 642.797, 638.507]] 
RATE (RPS) =====================================: 8

[[642.486, 664.327, 650.859, 655.018, 651.692, 654.475, 668.083, 679.549]] 
RATE (RPS) =====================================: 8

[[817.169, 827.173, 838.905, 801.351, 812.759, 799.628, 812.212, 807.295]] 
RATE (RPS) =====================================: 8

[[608.671, 606.583, 617.982, 602.156, 594.828, 586.562, 602.555, 596.209]] 
RATE (RPS) =====================================: 8

[[623.567, 615.951, 637.113, 632.098, 634.161, 620.447, 639.636, 623.279]] 
RATE (RPS) =====================================: 8

[[551.995, 524.635, 560.756, 528.476, 528.123, 521.45, 522.249, 524.621]] 
RATE (RPS) =====================================: 8

[[533.09, 574.392, 526.946, 530.814, 557.625, 537.121, 531.831, 525.827]] 
RATE (RPS) =====================================: 8

[[519.603, 553.277, 525.888, 525.913, 533.746, 543.384, 521.297, 534.39]] 
RATE (RPS) =====================================: 8

[[539.231, 543.597, 532.797, 527.386, 543.108, 525.87, 540.923, 523.589]] 
RATE (RPS) =====================================: 8

[[539.091, 530.799, 524.027, 547.161, 538.82, 533.639, 530.723, 547.894, 547.024, 734.469, 537.802, 521.534, 855.952, 868.873, 859.805, 693.23]] 
RATE (RPS) =====================================: 16

[[519.169, 548.578, 529.101, 517.951, 521.864, 522.618, 520.708, 531.646, 511.323, 521.703, 527.548, 874.527, 885.807, 865.496, 689.571, 873.764]] 
RATE (RPS) =====================================: 16

[[548.805, 533.004, 539.225, 541.892, 535.685, 547.043, 524.398, 551.107, 540.59, 542.49, 706.22, 875.777, 546.192, 548.639, 726.002, 886.22]] 
RATE (RPS) =====================================: 16

[[526.933, 532.744, 540.135, 568.412, 572.279, 572.505, 573.476, 552.8, 588.468, 549.946, 595.364, 579.628, 589.96, 603.197, 589.747, 981.009]] 
RATE (RPS) =====================================: 16

[[612.971, 605.163, 607.648, 592.689, 608.152, 630.705, 628.779, 611.218, 595.845, 601.259, 600.391, 599.765, 604.598, 615.815, 629.181, 824.729]] 
RATE (RPS) =====================================: 16

[[591.723, 601.182, 586.903, 591.945, 570.056, 574.004, 567.402, 564.793, 604.623, 560.754, 585.067, 579.308, 609.997, 597.613, 587.477, 604.227]] 
RATE (RPS) =====================================: 16

[[525.006, 522.557, 537.421, 528.733, 522.233, 530.284, 518.002, 522.965, 513.486, 526.618, 523.857, 545.721, 531.014, 517.508, 866.711, 860.343]] 
RATE (RPS) =====================================: 16

[[558.545, 578.818, 564.59, 551.274, 581.461, 592.383, 560.866, 554.121, 551.431, 558.802, 1390.228, 548.552, 727.677, 1223.835, 881.177, 1217.127]] 
RATE (RPS) =====================================: 13

[[564.1, 1218.019, 549.483, 545.376, 522.091, 542.457, 570.505, 553.687, 534.101, 523.584, 552.06, 569.062, 557.708, 926.121, 537.521, 914.951]] 
RATE (RPS) =====================================: 15

[[518.638, 542.505, 526.713, 526.703, 579.678, 531.944, 527.52, 536.273, 531.506, 533.296, 544.436, 518.631, 537.176, 884.203, 861.896, 1214.648]] 
RATE (RPS) =====================================: 15

[[557.059, 1327.855, 551.638, 575.622, 1266.04, 1281.59, 1270.77, 1335.258, 1266.4180000000001, 572.934, 1563.109, 839.213, 1033.769, 626.043, 613.295, 1380.6399999999999, 617.846, 1013.147, 995.541, 594.305, 581.489, 581.716, 955.916, 1322.195, 537.957, 934.598, 920.782, 917.617, 929.229, 907.792, 950.36, 722.72]] 
RATE (RPS) =====================================: 21

[[1849.137, 809.066, 663.592, 640.525, 637.564, 638.834, 619.538, 608.68, 611.996, 959.499, 1473.587, 584.477, 941.441, 1462.691, 1245.776, 936.32, 910.145, 1248.353, 1241.977, 908.914, 1237.455, 951.069, 1232.741, 972.085, 894.512, 946.868, 779.441, 1225.195, 732.755, 1232.908, 781.062, 1219.739]] 
RATE (RPS) =====================================: 21

[[1053.286, 1394.9569999999999, 1349.665, 1884.853, 648.054, 649.021, 1882.274, 1876.152, 655.367, 1426.633, 644.603, 650.2, 989.743, 646.596, 665.761, 626.651, 848.056, 634.422, 1599.7069999999999, 1098.865, 1018.749, 1044.23, 1367.813, 1062.832, 886.431, 652.496, 1363.592, 824.679, 649.578, 1361.857, 1071.477, 1349.892]] 
RATE (RPS) =====================================: 15

[[551.423, 539.977, 535.779, 1575.858, 1576.938, 532.387, 544.613, 554.769, 540.42, 543.652, 1258.862, 776.057, 1242.023, 1204.963, 939.726, 1245.81, 1249.411, 919.209, 1238.518, 898.477, 526.823, 890.809, 1268.964, 693.846, 888.83, 741.936, 918.188, 531.87, 897.728, 931.739, 724.392, 1227.5430000000001]] 
RATE (RPS) =====================================: 22

[[543.039, 1607.586, 1201.56, 1212.844, 538.868, 1227.261, 538.027, 554.069, 764.218, 1247.721, 1181.37, 541.024, 536.04, 553.502, 576.962, 573.048, 913.583, 748.061, 916.094, 1217.331, 895.704, 927.601, 719.266, 901.11, 713.214, 914.789, 912.0, 940.58, 906.243, 1236.064, 926.123, 731.01]] 
RATE (RPS) =====================================: 24

[[520.834, 816.518, 523.764, 546.815, 545.082, 1197.998, 574.573, 756.383, 555.391, 1207.499, 567.857, 539.625, 1183.263, 1249.084, 710.256, 874.539, 1222.1779999999999, 700.362, 529.952, 549.551, 866.251, 1237.8220000000001, 887.057, 924.939, 1201.181, 1204.12, 1229.554, 865.746, 1235.348, 538.172, 725.256, 1205.074]] 
RATE (RPS) =====================================: 21

[[552.11, 535.934, 1239.843, 1183.068, 1268.262, 531.425, 1231.71, 1594.9850000000001, 557.145, 1201.02, 1194.318, 692.735, 695.103, 1035.007, 539.334, 870.144, 763.43, 685.983, 707.987, 883.339, 1207.73, 877.469, 904.0, 525.434, 869.346, 884.509, 859.556, 1193.984, 856.344, 943.968, 693.469, 1521.21]] 
RATE (RPS) =====================================: 21

[[524.068, 1632.9679999999998, 517.73, 533.085, 1175.268, 534.269, 530.122, 529.325, 529.35, 858.918, 1192.6779999999999, 857.777, 891.675, 853.318, 1190.122, 862.92, 859.166, 1189.234, 865.194, 696.923, 1181.031, 854.646, 908.611, 885.361, 1187.4850000000001, 888.634, 552.232, 676.891, 1194.094, 852.133, 1212.382, 1190.628]] 
RATE (RPS) =====================================: 22

[[1702.615, 1766.701, 1662.3719999999998, 1602.626, 583.677, 573.668, 554.443, 556.007, 540.661, 540.686, 710.933, 936.061, 873.392, 926.592, 896.326, 1196.181, 855.819, 1194.084, 856.623, 738.217, 526.913, 876.901, 1200.262, 1274.166, 553.591, 529.49, 780.347, 893.087, 750.171, 760.879, 888.119, 870.744]] 
RATE (RPS) =====================================: 24

[[525.363, 525.237, 1160.624, 523.948, 521.461, 519.765, 514.944, 507.391, 510.387, 508.831, 514.018, 509.164, 513.511, 515.026, 681.78, 863.968]] 
RATE (RPS) =====================================: 31

[[535.285, 531.895, 518.983, 528.076, 557.117, 548.311, 528.086, 542.593, 528.263, 527.364, 542.014, 526.437, 511.036, 545.045, 528.368, 523.78, 516.733, 514.201]] 
RATE (RPS) =====================================: 33

[[533.839, 535.162, 537.55, 538.962, 528.798, 521.493, 516.211, 523.622, 528.143, 527.14, 537.804, 512.736, 549.284, 519.665, 514.651, 522.239]] 
RATE (RPS) =====================================: 33

[[533.479, 522.771, 538.541, 551.052, 523.755, 539.555, 537.459, 526.715, 531.429, 531.583, 525.975, 578.558, 530.056, 532.636, 522.732, 522.799, 508.655, 524.385, 533.158, 517.786]] 
RATE (RPS) =====================================: 33

[[555.36, 552.734, 535.649, 522.579, 546.906, 531.649, 525.696, 518.941, 517.166, 508.971, 549.083, 540.237, 538.093, 534.445]] 
RATE (RPS) =====================================: 33

[[560.183, 556.875, 565.242, 538.74, 540.994, 564.807, 549.762, 547.753, 538.712, 566.561, 571.393, 545.015, 541.415, 539.054, 552.618, 540.147]] 
RATE (RPS) =====================================: 33

[[509.444, 516.3, 513.095, 528.603, 521.746, 524.174, 511.773, 520.0, 539.995, 509.704, 511.834, 515.106, 515.194, 557.206, 527.453, 536.038, 511.995]] 
RATE (RPS) =====================================: 33

[[536.845, 532.369, 519.261, 522.447, 520.4, 524.248, 541.561, 529.832, 525.185, 520.361, 550.84]] 
RATE (RPS) =====================================: 33

[[592.71, 588.051, 558.852, 533.566, 1259.847, 1179.008, 1202.641, 531.497, 1207.901, 547.107, 544.692, 524.557, 572.11, 539.911, 532.634, 518.054, 687.052, 851.701]] 
RATE (RPS) =====================================: 29

[[530.878, 528.969, 527.623, 547.313, 515.34, 536.468, 518.631, 505.512, 542.895, 535.254, 527.67, 513.426, 519.132, 518.403, 527.244, 527.208]] 
RATE (RPS) =====================================: 33

[[544.029, 528.146, 533.124, 527.162, 524.983, 531.048, 529.192, 581.651, 563.368, 530.256, 575.276, 596.295, 550.067, 565.171, 519.018, 548.798, 530.13, 541.971]] 
RATE (RPS) =====================================: 33

[[513.033, 534.586, 522.164, 545.987, 526.457, 526.322, 530.822, 552.754, 558.442, 546.34, 534.93, 522.874, 516.866, 540.152, 555.281, 584.724, 577.535]] 
RATE (RPS) =====================================: 34

[[533.195, 524.557, 542.006, 562.161, 514.549, 515.72, 599.97, 546.966, 532.04, 523.719, 531.87, 539.852, 522.521, 521.367, 527.476, 527.406, 529.881]] 
RATE (RPS) =====================================: 34

[[519.762, 530.013, 524.174, 535.653, 535.669, 547.759, 538.076, 529.185, 530.399, 579.217, 562.949, 551.641, 539.338, 528.011, 518.291, 528.714, 530.458, 550.821]] 
RATE (RPS) =====================================: 34

[[535.882, 532.768, 526.75, 530.498, 547.226, 528.047, 541.092, 527.507, 533.777, 581.256, 543.715, 550.954, 562.084, 533.866, 536.142, 521.214, 538.159, 558.494, 528.943, 529.221, 557.59, 889.914]] 
RATE (RPS) =====================================: 34

[[592.488, 560.055, 606.561, 606.836, 593.837, 585.8, 638.913, 607.806, 608.681, 627.276, 599.031, 565.345, 612.096, 620.466, 654.058, 581.897, 602.096, 601.533]] 
RATE (RPS) =====================================: 34

[[559.538, 543.496, 531.195, 529.177, 548.062, 521.403, 538.447, 532.394, 529.429, 522.69, 547.178, 550.922, 764.193, 531.521, 546.38, 525.472, 517.861, 574.883, 527.589, 516.56, 890.406, 539.294]] 
RATE (RPS) =====================================: 34

[[529.422, 539.066, 524.007, 531.555, 530.227, 1515.5439999999999, 536.285, 1222.469, 528.491, 527.374, 539.203, 513.568, 569.753, 525.8, 540.38, 511.326, 905.13, 692.588, 554.861, 694.76, 916.37, 862.675]] 
RATE (RPS) =====================================: 32

[[575.142, 526.952, 514.74, 516.726, 529.646, 545.04, 540.622, 523.307, 518.778, 525.853, 518.116, 515.792, 510.78, 571.314, 558.644, 538.662, 522.891]] 
RATE (RPS) =====================================: 34

[[559.513, 550.931, 534.114, 551.177, 533.722, 546.883, 531.597, 541.041, 553.645, 553.198, 573.2, 570.892, 564.073, 537.978, 549.584]] 
RATE (RPS) =====================================: 34

[[554.94, 566.906, 547.775, 518.61, 527.668, 531.276, 523.518, 529.789, 533.678, 560.769, 515.781, 586.353, 561.917, 560.914, 574.244, 533.498, 512.978]] 
RATE (RPS) =====================================: 34

[[510.821, 538.811, 524.285, 567.773, 523.527, 529.601, 555.566, 542.181, 531.97, 523.441, 518.425, 517.971, 547.917, 572.114, 531.262, 559.516, 511.93, 543.966, 515.058, 509.628]] 
RATE (RPS) =====================================: 35

[[522.362, 567.919, 527.473, 543.158, 561.724, 558.037, 1227.045, 563.137, 550.975, 539.061, 550.235, 526.636, 538.631, 518.292, 523.456, 544.379, 513.954, 1286.597, 517.566, 522.627, 692.63]] 
RATE (RPS) =====================================: 33

[[603.181, 576.855, 585.873, 580.646, 555.411, 574.96, 568.88, 575.198, 571.458, 566.782, 563.732, 564.579, 583.259, 607.691, 579.71, 566.059]] 
RATE (RPS) =====================================: 35

[[519.814, 549.181, 579.629, 537.71, 554.441, 558.387, 542.563, 532.591, 538.764, 551.272, 530.296, 544.561, 549.621, 552.538, 556.295, 562.863, 590.034]] 
RATE (RPS) =====================================: 35

[[561.813, 553.313, 540.961, 507.887, 531.668, 542.568, 513.281, 516.241, 524.454, 539.528, 505.961, 517.411, 518.085, 518.017, 515.217, 518.906, 528.094]] 
RATE (RPS) =====================================: 35

[[542.14, 538.507, 527.154, 539.554, 558.248, 531.789, 566.076, 533.079, 536.829, 585.415, 562.887, 564.338, 529.451, 531.027, 537.829, 515.383, 515.757, 532.414, 554.552, 540.565, 531.566]] 
RATE (RPS) =====================================: 35

[[1207.006, 1231.461, 526.55, 534.202, 528.836, 522.613, 527.328, 522.604, 523.631, 531.923, 546.346, 707.903, 548.051, 531.923, 870.824, 533.782, 701.875, 871.296, 561.928, 540.063, 531.754]] 
RATE (RPS) =====================================: 33

[[597.522, 544.542, 554.089, 519.708, 512.243, 518.89, 527.331, 526.65, 526.938, 528.05, 531.587, 533.905, 550.468, 558.349, 553.201]] 
RATE (RPS) =====================================: 35

[[612.866, 592.828, 571.021, 568.31, 560.241, 560.862, 561.954, 557.031, 579.275, 560.865, 549.052, 558.98, 539.594, 611.01, 557.44, 592.02]] 
RATE (RPS) =====================================: 35

[[522.489, 548.352, 538.372, 538.84, 539.784, 513.361, 519.97, 504.333, 520.204, 513.055, 512.356, 511.451, 520.223, 517.098, 525.664]] 
RATE (RPS) =====================================: 35

[[537.927, 585.283, 547.341, 572.359, 559.203, 557.248, 538.421, 572.316, 544.109, 533.374, 577.223, 561.757, 535.167, 548.423, 545.774, 527.848, 538.465]] 
RATE (RPS) =====================================: 36

[[536.191, 553.113, 513.846, 543.013, 527.162, 525.868, 524.873, 517.746, 571.833, 542.218, 561.62, 540.518, 528.074, 527.523, 517.952]] 
RATE (RPS) =====================================: 36

[[601.076, 579.374, 578.003, 551.761, 557.422, 542.778, 540.771, 518.869, 537.749, 555.909, 569.889, 543.061, 558.68]] 
RATE (RPS) =====================================: 36

[[518.804, 532.298, 519.556, 543.285, 518.268, 549.577, 549.569, 530.914, 526.568, 532.395, 522.859, 538.882, 515.771, 545.987, 512.34, 523.94, 603.424, 549.971]] 
RATE (RPS) =====================================: 36

[[578.736, 581.695, 601.472, 635.988, 597.543, 595.122, 598.909, 598.508, 612.41, 602.55, 597.332, 593.427, 598.89, 597.076, 590.126, 586.374]] 
RATE (RPS) =====================================: 36

[[512.536, 519.272, 512.282, 556.231, 551.997, 544.309, 540.03, 534.573, 555.243, 538.285, 533.339, 879.244, 897.631, 516.748, 927.104, 1196.865, 579.065]] 
RATE (RPS) =====================================: 35

[[519.767, 513.545, 540.5, 516.262, 539.025, 534.817, 519.926, 525.175, 529.226, 516.6, 514.304, 510.87, 522.115]] 
RATE (RPS) =====================================: 36

[[519.356, 522.803, 531.187, 524.107, 541.904, 528.993, 538.135, 1260.914, 533.666, 553.763, 549.493, 541.182, 554.4, 540.287, 523.666, 528.786, 529.267, 510.53, 881.36, 517.456, 711.106, 867.301, 521.716, 688.289]] 
RATE (RPS) =====================================: 35

[[545.059, 548.394, 543.807, 538.075, 522.686, 530.557, 537.288, 512.25, 547.872, 563.712, 537.771, 527.653, 526.564, 524.692, 1295.341, 1265.266, 1244.556]] 
RATE (RPS) =====================================: 33

[[1607.757, 620.158, 619.226, 595.244, 552.783, 541.101, 530.932, 527.527, 958.378, 3288.761, 717.772, 2822.6369999999997, 1634.136, 1452.228, 3277.131, 746.0, 733.148, 724.626]] 
RATE (RPS) =====================================: 30

[[574.023, 536.501, 545.948, 536.252, 562.789, 553.026, 555.456, 527.451, 539.321, 523.346, 740.333, 521.466, 513.567, 526.766, 528.684]] 
RATE (RPS) =====================================: 37

[[513.109, 526.641, 549.969, 529.155, 558.067, 556.624, 548.632, 544.513, 537.79, 551.914, 543.265, 537.99, 558.652, 522.456, 539.191, 534.439, 537.026, 551.291, 572.994, 547.352, 536.779, 549.208, 567.901]] 
RATE (RPS) =====================================: 37

[[541.369, 521.759, 542.704, 512.429, 528.466, 516.656, 542.091, 530.209, 508.068, 524.337, 522.889, 511.155, 514.012, 524.817, 537.726]] 
RATE (RPS) =====================================: 37

[[528.967, 544.108, 535.013, 564.671, 536.324, 562.22, 548.718, 545.18, 542.253, 535.217, 533.687, 632.427, 586.658, 584.266, 532.356, 562.162, 542.38, 528.656]] 
RATE (RPS) =====================================: 37

[[525.301, 525.591, 521.397, 530.056, 525.509, 521.96, 527.169, 523.764, 514.893, 539.854, 554.432, 556.978, 531.339, 520.957, 522.392, 516.174, 517.627, 512.792, 512.212, 579.211, 613.9, 522.913]] 
RATE (RPS) =====================================: 37

[[553.729, 548.651, 520.345, 520.286, 562.578, 528.86, 531.441, 574.648, 549.567, 543.223, 536.113, 539.955, 535.066, 544.296, 528.663, 527.564, 893.9, 565.501, 557.865, 937.677, 575.458, 731.888]] 
RATE (RPS) =====================================: 37

[[546.989, 530.512, 539.005, 527.351, 535.132, 527.744, 516.864, 519.873, 542.501, 519.886, 531.52, 561.365, 543.901, 540.406, 532.038, 530.985, 542.792, 517.815]] 
RATE (RPS) =====================================: 37

[[530.898, 540.426, 521.7, 552.891, 548.278, 544.815, 528.683, 512.577, 529.885, 530.887, 523.513, 561.849, 553.446, 548.867, 546.13, 538.394, 518.326, 527.301, 535.558]] 
RATE (RPS) =====================================: 37

[[555.672, 553.292, 519.884, 536.426, 555.093, 534.886, 532.486, 527.018, 515.896, 546.633, 547.746, 540.382, 540.793, 516.006, 532.702, 516.218, 544.692, 555.85, 581.435]] 
RATE (RPS) =====================================: 37

[[512.533, 553.348, 526.918, 544.524, 535.381, 521.131, 536.956, 533.651, 519.891, 570.722, 560.71, 523.419, 530.71, 542.68, 530.615, 578.05, 532.491, 525.816]] 
RATE (RPS) =====================================: 37

[[542.683, 529.243, 526.716, 520.458, 540.796, 522.7, 573.537, 548.449, 533.485, 526.95, 583.236, 546.836, 547.854, 537.697, 518.319, 548.716, 519.489, 523.118]] 
RATE (RPS) =====================================: 38

[[522.634, 574.957, 561.138, 549.264, 539.809, 530.793, 547.518, 551.769, 535.212, 551.688, 549.916, 540.614, 531.961, 526.959, 580.719, 556.644, 896.541, 692.895, 713.523, 534.799, 694.61, 1193.695, 535.257, 552.443]] 
RATE (RPS) =====================================: 37

[[518.799, 533.489, 517.767, 587.435, 525.697, 520.586, 520.265, 521.977, 528.358, 509.853, 522.046, 510.994, 515.588, 565.469, 539.629, 526.096, 508.525, 511.486, 516.374]] 
RATE (RPS) =====================================: 38

[[532.539, 520.589, 513.218, 520.986, 516.539, 548.304, 553.306, 539.767, 530.943, 516.511, 521.067, 554.738, 525.08, 521.498, 557.184, 520.529]] 
RATE (RPS) =====================================: 38

[[532.0, 526.301, 520.135, 526.014, 523.563, 535.52, 519.883, 519.671, 509.658, 534.571, 545.07, 524.364, 541.052, 559.731, 565.774, 543.512, 541.184, 523.622]] 
RATE (RPS) =====================================: 38

[[551.167, 524.29, 527.569, 527.518, 526.397, 524.9, 570.398, 561.433, 548.256, 550.793, 608.836, 591.237, 559.045, 579.878, 544.245, 541.025, 590.302]] 
RATE (RPS) =====================================: 38

[[518.502, 549.502, 522.264, 575.002, 559.121, 516.168, 516.518, 520.952, 524.036, 516.596, 513.142]] 
RATE (RPS) =====================================: 38

[[603.007, 562.835, 548.802, 561.308, 528.411, 531.408, 529.209, 573.775, 555.661, 568.933, 566.707, 535.401, 557.342, 548.686, 520.195, 524.17]] 
RATE (RPS) =====================================: 38

[[515.588, 518.092, 535.808, 527.184, 520.193, 528.995, 540.608, 534.308, 531.615, 530.243, 555.864, 544.905, 526.434, 517.809, 530.028, 507.983, 518.52, 531.657, 548.412, 522.006, 554.222]] 
RATE (RPS) =====================================: 38

[[564.727, 557.472, 534.545, 529.2, 544.452, 599.562, 575.892, 562.934, 562.251, 554.025, 558.614, 563.461, 535.642, 731.805, 528.891, 511.056, 863.564, 551.41, 549.089, 534.871]] 
RATE (RPS) =====================================: 38

[[564.28, 547.041, 538.014, 584.484, 568.098, 557.022, 553.439, 539.849, 552.626, 598.102, 556.39, 570.496, 539.287, 546.659, 537.484, 549.414, 539.474, 531.303, 523.696, 517.951]] 
RATE (RPS) =====================================: 39

[[515.856, 519.8, 514.383, 526.265, 528.374, 556.721, 525.963, 523.455, 525.899, 509.008, 510.171, 519.511, 520.052, 513.719, 511.21, 514.256, 679.73, 849.857, 511.415, 529.536, 705.917]] 
RATE (RPS) =====================================: 39

[[532.842, 1307.795, 1666.4099999999999, 1282.0140000000001, 538.613, 1268.149, 551.13, 908.044, 544.845, 910.607, 895.456, 1515.223, 1393.359, 528.732, 897.188, 1227.43, 896.636, 1216.9470000000001, 928.912, 1455.195, 869.473, 1059.68, 540.495, 920.361, 683.056, 879.718, 881.151, 743.942, 891.75, 909.335, 1278.107, 910.744, 1538.301, 1553.25, 722.988, 880.628, 940.384, 1541.654, 903.188]] 
RATE (RPS) =====================================: 25

[[523.041, 1259.873, 522.236, 514.101, 548.496, 539.098, 530.415, 1192.719, 531.599, 1522.708, 910.141, 699.92, 1199.686, 1372.873, 712.046, 857.259, 875.102, 872.264, 534.311, 699.237, 760.722, 914.659, 556.809, 863.885, 920.414, 933.87, 1220.7359999999999, 1353.645, 544.539, 1672.988, 1222.65, 1625.6979999999999, 1843.2469999999998, 515.609, 880.874, 906.397, 1611.681, 758.821, 1206.3]] 
RATE (RPS) =====================================: 26

[[746.027, 1502.513, 551.958, 523.377, 1197.546, 1279.597, 554.048, 1211.124, 1178.098, 904.592, 539.363, 1181.16, 898.081, 704.642, 1209.368, 696.466, 858.619, 858.913, 1217.033, 890.851, 855.368, 1218.924, 858.097, 1202.621, 533.54, 1240.466, 868.809, 1204.766, 900.454, 686.38, 860.386, 869.283, 864.735, 1253.328, 860.76, 1224.438, 1363.658, 873.8, 878.19]] 
RATE (RPS) =====================================: 24

[[519.759, 527.736, 1201.41, 898.541, 536.974, 1173.479, 1214.7350000000001, 526.453, 1245.297, 736.833, 1197.977, 1221.633, 1142.566, 1211.531, 521.442, 869.509, 1040.642, 906.362, 872.956, 886.414, 1065.139, 1049.978, 738.629, 1253.829, 698.367, 857.993, 1194.852, 920.582, 697.67, 700.828, 733.576, 890.53, 547.574, 894.324, 936.601, 873.185, 712.883, 896.576, 895.168]] 
RATE (RPS) =====================================: 26

[[1245.74, 1529.797, 1523.268, 527.155, 1221.224, 539.326, 1228.195, 1190.579, 1232.188, 1555.0439999999999, 694.333, 780.675, 904.459, 867.806, 884.798, 1566.433, 580.721, 1038.255, 708.679, 906.717, 559.833, 1226.482, 1229.804, 1218.883, 921.185, 871.019, 1384.66, 858.361, 1210.823, 868.414, 1188.73, 685.716, 1202.66, 1198.585, 739.949, 556.037, 764.943, 879.392, 883.49]] 
RATE (RPS) =====================================: 21

[[542.215, 1255.079, 565.943, 1227.689, 554.861, 566.56, 1228.873, 1212.607, 552.968, 562.164, 554.01, 552.097, 1255.1109999999999, 1235.895, 941.966, 574.243, 567.652, 975.327, 898.006, 1231.899, 947.478, 1255.2649999999999, 1268.999, 904.512, 558.685, 935.575, 741.487, 2402.417, 916.381, 1226.105, 577.442, 572.057, 1728.42, 561.907, 823.94, 928.831, 917.113, 937.046, 1661.196]] 
RATE (RPS) =====================================: 26

[[546.976, 547.844, 551.068, 546.654, 550.445, 1759.534, 548.517, 538.384, 1217.999, 547.811, 558.142, 1213.259, 540.423, 574.47, 548.676, 564.471, 769.26, 542.753, 702.552, 910.939, 512.601, 850.411, 581.791, 517.15, 542.047, 529.24, 850.661, 739.104]] 
RATE (RPS) =====================================: 36

[[546.896, 537.366, 538.862, 564.749, 534.708, 581.84, 562.019, 537.775, 571.54, 535.743, 534.373, 526.116, 535.833, 533.607, 565.035, 547.916, 1191.213, 552.019, 548.141, 725.453, 525.015, 1206.131, 880.332, 1209.997, 1206.121, 732.789, 1217.3890000000001, 535.726, 697.376]] 
RATE (RPS) =====================================: 34

[[533.176, 541.305, 562.587, 567.897, 557.701, 582.358, 551.555, 576.184, 1655.3110000000001, 642.395, 1305.123, 558.108, 592.545, 569.157, 551.116, 534.158, 548.016, 552.558, 527.461, 864.396, 585.501, 564.111, 921.184, 915.227, 1245.439, 562.355]] 
RATE (RPS) =====================================: 37

[[565.475, 610.048, 548.058, 581.041, 571.174, 580.275, 586.882, 967.356, 556.546, 543.56, 1221.835, 953.456, 550.108, 1264.358, 537.246, 535.344, 709.047, 875.238, 1223.097, 534.622, 909.003, 909.726, 901.563, 559.901, 902.752, 907.262, 546.83]] 
RATE (RPS) =====================================: 37

[[585.847, 562.601, 1715.952, 1676.73, 1345.974, 1363.775, 568.242, 1275.122, 586.685, 1651.413, 578.391, 577.599, 563.712, 561.841, 533.752, 557.93, 537.77, 877.468, 718.454, 909.776, 887.856, 553.093, 1234.179, 882.17, 540.84, 889.014, 876.234]] 
RATE (RPS) =====================================: 33

[[526.006, 527.928, 554.314, 539.472, 522.589, 544.725, 538.941, 526.383, 556.259, 544.398, 527.901, 527.881, 552.892, 545.607, 534.434, 554.919, 539.472, 573.58, 919.791, 523.624, 520.909, 551.59, 729.311, 573.316, 573.947]] 
RATE (RPS) =====================================: 40

[[530.447, 518.469, 971.034, 524.485, 525.626, 919.622, 540.401, 530.927, 530.796, 545.099, 555.571, 555.51, 1630.748, 546.065, 542.973, 536.992, 538.217, 905.743, 524.492, 1418.9569999999999, 1225.559, 514.68, 516.083, 515.545, 687.927, 864.599, 606.243, 1939.81]] 
RATE (RPS) =====================================: 36

[[547.117, 609.414, 550.244, 537.047, 584.951, 568.863, 573.762, 537.896, 552.286, 539.173, 533.618, 557.652, 1230.809, 567.131, 550.522, 1279.055, 537.085, 607.769, 1266.566, 1210.4, 881.53, 887.819, 878.851, 888.661, 893.129, 733.234, 1265.738, 896.264]] 
RATE (RPS) =====================================: 35

[[540.465, 543.109, 546.311, 529.226, 543.185, 517.272, 524.523, 539.137, 530.476, 517.253, 561.886, 561.292, 536.322, 575.225, 535.489, 545.348, 557.116, 535.945, 921.926, 541.767, 552.477, 1372.498, 541.508, 503.387, 526.712, 527.81]] 
RATE (RPS) =====================================: 39

[[533.19, 515.795, 517.327, 1250.217, 514.197, 553.813, 565.529, 549.271, 529.285, 1536.716, 544.56, 537.872, 1196.423, 580.495, 1531.317, 763.191, 545.692, 527.181, 863.486, 524.025, 758.464, 529.18, 1391.728, 861.752, 867.608, 850.578, 515.713, 883.618, 849.794]] 
RATE (RPS) =====================================: 35

[[594.625, 531.759, 616.459, 585.768, 554.844, 549.49, 549.099, 534.197, 539.33, 546.571, 581.238, 591.395, 545.392, 610.278, 596.472, 608.601, 602.892, 597.571, 574.311, 565.391, 580.97, 606.194, 587.512, 554.991]] 
RATE (RPS) =====================================: 40

[[1202.648, 533.578, 542.996, 525.642, 538.069, 1211.67, 547.796, 526.071, 531.33, 547.106, 551.833, 719.353, 539.157, 538.71, 873.771, 895.615, 769.059, 1242.806, 1374.26, 759.87, 509.955, 856.408, 869.708, 864.063, 695.631, 693.695, 704.354, 936.264, 532.024, 715.651]] 
RATE (RPS) =====================================: 36

average response time [0]608.133
average response time [1]575.874
average response time [2]627.265
average response time [3]601.412
average response time [4]624.24
average response time [5]577.74
average response time [6]694.714
average response time [7]644.322
average response time [8]597.529
average response time [9]623.544
TOTAL AVERAGE RESPONSE TIME ====================: 617.4772999999999
NUMBER OF THREADS ==============================: 1
TOTAL AVERAGE RATE (RPS) =====================================: 1.0
average response time [10]677.0915
average response time [11]745.779
average response time [12]686.77
average response time [13]732.924
average response time [14]649.542
average response time [15]678.0475
average response time [16]707.1700000000001
average response time [17]784.328
average response time [18]660.1575
average response time [19]749.502
TOTAL AVERAGE RESPONSE TIME ====================: 707.1311499999999
NUMBER OF THREADS ==============================: 2
TOTAL AVERAGE RATE (RPS) =====================================: 2.0
average response time [20]801.4322500000001
average response time [21]858.81275
average response time [22]820.30175
average response time [23]732.4214999999999
average response time [24]707.4535
average response time [25]627.2115
average response time [26]636.6677500000001
average response time [27]678.6134999999999
average response time [28]638.057
average response time [29]732.0685
TOTAL AVERAGE RESPONSE TIME ====================: 723.3039999999999
NUMBER OF THREADS ==============================: 4
TOTAL AVERAGE RATE (RPS) =====================================: 4.0
average response time [30]663.872875
average response time [31]648.1605
average response time [32]658.311125
average response time [33]814.5615
average response time [34]601.94325
average response time [35]628.2815
average response time [36]532.788125
average response time [37]539.70575
average response time [38]532.18725
average response time [39]534.562625
TOTAL AVERAGE RESPONSE TIME ====================: 615.43745
NUMBER OF THREADS ==============================: 8
TOTAL AVERAGE RATE (RPS) =====================================: 8.0
average response time [40]619.4276875
average response time [41]622.585875
average response time [42]605.8305625
average response time [43]594.7876875
average response time [44]623.05675
average response time [45]586.067125
average response time [46]568.2786875
average response time [47]727.5554375
average response time [48]636.301625
average response time [49]619.735375
TOTAL AVERAGE RESPONSE TIME ====================: 620.3626812499999
NUMBER OF THREADS ==============================: 16
TOTAL AVERAGE RATE (RPS) =====================================: 15.5
average response time [50]923.26446875
average response time [51]974.9356875
average response time [52]1058.702875
average response time [53]897.235625
average response time [54]872.37225
average response time [55]859.126375
average response time [56]915.62190625
average response time [57]887.7574375
average response time [58]911.6360625
average response time [59]588.463625
TOTAL AVERAGE RESPONSE TIME ====================: 888.9116312500003
NUMBER OF THREADS ==============================: 32
TOTAL AVERAGE RATE (RPS) =====================================: 22.2
average response time [60]530.7548333333333
average response time [61]527.9561874999999
average response time [62]531.65395
average response time [63]534.1077857142857
average response time [64]551.2044375
average response time [65]521.744705882353
average response time [66]529.3953636363636
average response time [67]720.6606111111112
average response time [68]526.372875
average response time [69]545.5380555555555
TOTAL AVERAGE RESPONSE TIME ====================: 551.9388805233002
NUMBER OF THREADS ==============================: 33
TOTAL AVERAGE RATE (RPS) =====================================: 32.6
average response time [70]540.5452352941177
average response time [71]535.0150588235294
average response time [72]537.785
average response time [73]556.1408636363636
average response time [74]603.5986111111112
average response time [75]563.095
average response time [76]673.2206363636363
average response time [77]532.5297058823529
average response time [78]550.1032
average response time [79]543.5655294117647
TOTAL AVERAGE RESPONSE TIME ====================: 563.5598840522875
NUMBER OF THREADS ==============================: 34
TOTAL AVERAGE RATE (RPS) =====================================: 33.8
average response time [80]533.78815
average response time [81]614.0901904761905
average response time [82]576.517125
average response time [83]550.0329411764706
average response time [84]526.6708823529411
average response time [85]541.6457142857142
average response time [86]647.7094761904762
average response time [87]538.8982
average response time [88]570.8343125
average response time [89]523.0368
TOTAL AVERAGE RESPONSE TIME ====================: 562.3223791981793
NUMBER OF THREADS ==============================: 35
TOTAL AVERAGE RATE (RPS) =====================================: 34.6
average response time [90]551.8963529411765
average response time [91]535.4366666666667
average response time [92]556.5647692307692
average response time [93]535.2448888888889
average response time [94]597.884875
average response time [95]640.8678823529411
average response time [96]523.2409230769231
average response time [97]604.986125
average response time [98]665.3848823529412
average response time [99]1219.4191666666666
TOTAL AVERAGE RESPONSE TIME ====================: 643.0926532176975
NUMBER OF THREADS ==============================: 36
TOTAL AVERAGE RATE (RPS) =====================================: 34.9
average response time [100]552.3285999999999
average response time [101]544.1286086956521
average response time [102]525.2458
average response time [103]552.5146111111111
average response time [104]532.564590909091
average response time [105]586.6942727272727
average response time [106]533.7043888888888
average response time [107]536.5486315789474
average response time [108]539.6373684210527
average response time [109]537.7525555555555
TOTAL AVERAGE RESPONSE TIME ====================: 544.1119427887572
NUMBER OF THREADS ==============================: 37
TOTAL AVERAGE RATE (RPS) =====================================: 37.0
average response time [110]538.349
average response time [111]606.8899166666666
average response time [112]526.3385789473684
average response time [113]530.799875
average response time [114]532.8680555555555
average response time [115]554.5464117647059
average response time [116]530.1639090909091
average response time [117]550.990625
average response time [118]530.4987619047619
average response time [119]575.67315
TOTAL AVERAGE RESPONSE TIME ====================: 547.7118283929967
NUMBER OF THREADS ==============================: 38
TOTAL AVERAGE RATE (RPS) =====================================: 37.9
average response time [120]550.75545
average response time [121]552.9094285714285
average response time [122]1002.9162051282051
average response time [123]941.8120256410257
average response time [124]956.958435897436
average response time [125]897.7059743589743
average response time [126]1004.470717948718
average response time [127]946.6672051282051
average response time [128]692.9707857142857
average response time [129]689.0372413793103
TOTAL AVERAGE RESPONSE TIME ====================: 823.6203469767588
NUMBER OF THREADS ==============================: 39
TOTAL AVERAGE RATE (RPS) =====================================: 29.6
average response time [130]698.7278461538461
average response time [131]746.3630740740741
average response time [132]874.534074074074
average response time [133]565.2075600000001
average response time [134]741.5221428571429
average response time [135]759.5209285714286
average response time [136]585.6794230769231
average response time [137]765.1040344827586
average response time [138]575.2229166666667
average response time [139]744.9697666666667
TOTAL AVERAGE RESPONSE TIME ====================: 705.6851766623582
NUMBER OF THREADS ==============================: 40
TOTAL AVERAGE RATE (RPS) =====================================: 36.8
average response time sent to Stackdriver [0]649.542
average response time sent to Stackdriver [1]638.057
average response time sent to Stackdriver [2]605.8305625
average response time sent to Stackdriver [3]923.26446875
average response time sent to Stackdriver [4]915.62190625
average response time sent to Stackdriver [5]529.3953636363636
average response time sent to Stackdriver [6]673.2206363636363
average response time sent to Stackdriver [7]538.8982
average response time sent to Stackdriver [8]665.3848823529412
average response time sent to Stackdriver [9]533.7043888888888
average response time sent to Stackdriver [10]550.990625
average response time sent to Stackdriver [11]956.958435897436
average response time sent to Stackdriver [12]698.7278461538461
average response time sent to Stackdriver [13]585.6794230769231
NUMBER OF THREADS: [1, 2, 4, 8, 16, 32, 33, 34, 35, 36, 37, 38, 39, 40]
WORKLOAD: HFU_LV;  
TOTAL EXECUTION TIME (Concurrent Parallel Requests): 150570.724


