[[382.639, 367.542, 332.789, 344.303, 372.467, 350.693, 354.59, 352.229, 348.018, 367.672, 359.741, 356.314, 348.872, 342.603, 340.889, 349.498, 365.698, 355.091, 381.576, 357.594, 361.214, 363.624, 373.592, 357.458, 382.735, 422.599, 362.449, 357.86, 358.684, 360.562, 359.557, 377.24, 385.323, 353.156, 348.012, 410.38, 390.403, 377.369, 334.591, 334.53, 338.923, 336.468, 350.484, 338.135, 330.456, 351.251, 363.533, 337.622, 364.592, 347.507]] 
AVERAGE RESPONSE TIME: 359.22254
NUMBER OF THREADS: [50]
WORKLOAD: LV_HF; PAL CONFIG: cache; NUMBER OF REPLICAS: 3 
TOTAL EXECUTION TIME (Concurrent Parallel Requests): 928.621


[[363.122, 352.607, 358.732, 338.58, 345.563, 370.465, 359.21, 355.289, 348.988, 392.656, 343.804, 367.868, 358.353, 345.618, 364.835, 339.344, 346.055, 349.364, 358.211, 368.234, 337.43, 345.509, 351.64, 352.701, 356.867, 364.491, 356.401, 334.362, 360.737, 357.954, 348.209, 377.118, 371.582, 354.374, 352.399, 423.136, 353.579, 446.864, 411.854, 347.74, 388.4, 341.226, 355.756, 359.173, 354.164, 345.938, 335.944, 351.487, 355.668, 346.71]] 
AVERAGE RESPONSE TIME: 359.32622
NUMBER OF THREADS: [50]
WORKLOAD: LV_HF; PAL CONFIG: cache; NUMBER OF REPLICAS: 3 
TOTAL EXECUTION TIME (Concurrent Parallel Requests): 906.407


[[398.266, 374.392, 357.292, 348.186, 357.52, 341.055, 353.52, 347.612, 354.091, 353.463, 372.034, 380.622, 362.128, 384.184, 369.874, 363.95, 351.552, 383.177, 346.978, 360.495, 361.04, 359.202, 338.774, 333.061, 340.38, 350.228, 335.838, 336.397, 344.718, 360.944, 346.628, 371.83, 357.575, 347.663, 341.325, 343.914, 352.125, 358.391, 346.141, 369.419, 362.536, 359.178, 352.003, 434.876, 345.731, 368.396, 368.706, 334.593, 367.192, 352.468]] 
AVERAGE RESPONSE TIME: 358.03326
NUMBER OF THREADS: [50]
WORKLOAD: LV_HF; PAL CONFIG: cache; NUMBER OF REPLICAS: 3 
TOTAL EXECUTION TIME (Concurrent Parallel Requests): 933.511


[[362.072, 359.906, 383.49, 398.45, 387.761, 386.334, 367.585, 374.822, 345.287, 358.604, 357.328, 369.458, 341.863, 367.026, 353.637, 352.666, 342.003, 386.752, 335.354, 395.739, 402.444, 413.773, 387.895, 367.128, 349.749, 370.119, 370.981, 373.241, 359.706, 334.03, 349.044, 364.265, 345.847, 341.777, 336.402, 407.315, 399.061, 360.748, 364.894, 363.967, 462.643, 368.559, 406.314, 405.752, 379.356, 349.335, 392.996, 408.811, 362.987, 348.431]] 
AVERAGE RESPONSE TIME: 371.47414
NUMBER OF THREADS: [50]
WORKLOAD: LV_HF; PAL CONFIG: cache; NUMBER OF REPLICAS: 3 
TOTAL EXECUTION TIME (Concurrent Parallel Requests): 910.512


[[361.517, 350.669, 386.988, 372.132, 343.724, 341.806, 352.058, 341.985, 345.273, 342.694, 344.591, 339.652, 342.087, 337.99, 335.845, 363.564, 342.652, 347.755, 348.552, 360.281, 334.287, 359.411, 359.285, 370.171, 349.44, 379.772, 383.075, 377.56, 361.25, 365.37, 342.994, 364.814, 375.058, 362.501, 364.609, 349.614, 346.096, 361.068, 419.412, 356.657, 399.725, 390.682, 376.841, 364.554, 332.603, 362.902, 342.899, 333.978, 354.495, 337.019]] 
AVERAGE RESPONSE TIME: 357.59914
NUMBER OF THREADS: [50]
WORKLOAD: LV_HF; PAL CONFIG: cache; NUMBER OF REPLICAS: 3 
TOTAL EXECUTION TIME (Concurrent Parallel Requests): 864.838


[[373.557, 341.425, 343.444, 350.218, 364.81, 365.853, 371.765, 333.679, 375.115, 350.97, 353.221, 368.825, 365.631, 407.322, 345.853, 397.094, 367.088, 375.141, 413.136, 362.337, 365.499, 382.44, 370.818, 361.796, 364.044, 377.613, 381.752, 367.003, 348.386, 345.861, 368.555, 385.207, 357.774, 336.193, 367.866, 379.965, 336.279, 382.772, 362.549, 345.84, 337.496, 341.723, 328.396, 352.824, 341.917, 344.777, 407.847, 388.762, 362.627, 335.379]] 
AVERAGE RESPONSE TIME: 363.12888
NUMBER OF THREADS: [50]
WORKLOAD: LV_HF; PAL CONFIG: cache; NUMBER OF REPLICAS: 3 
TOTAL EXECUTION TIME (Concurrent Parallel Requests): 946.29


[[370.027, 352.444, 362.765, 361.894, 374.807, 388.003, 360.152, 351.201, 370.846, 348.34, 370.883, 434.897, 359.397, 418.172, 347.214, 411.795, 372.248, 391.66, 388.332, 382.862, 388.144, 384.773, 377.795, 353.838, 367.209, 377.03, 364.359, 375.616, 383.855, 361.786, 349.684, 352.002, 370.919, 451.953, 430.226, 418.937, 419.927, 414.386, 401.627, 391.753, 399.213, 388.555, 365.676, 353.21, 475.053, 398.569, 446.373, 425.498, 398.209, 367.789]] 
AVERAGE RESPONSE TIME: 385.43806
NUMBER OF THREADS: [50]
WORKLOAD: LV_HF; PAL CONFIG: cache; NUMBER OF REPLICAS: 3 
TOTAL EXECUTION TIME (Concurrent Parallel Requests): 878.972


[[368.996, 361.634, 363.857, 351.078, 371.405, 358.597, 351.225, 352.605, 362.152, 364.017, 352.211, 371.066, 344.248, 359.395, 347.837, 344.287, 353.406, 347.298, 358.868, 341.4, 372.72, 363.828, 394.017, 373.78, 363.724, 373.645, 389.377, 361.537, 354.881, 363.808, 358.758, 373.436, 364.94, 350.438, 371.513, 351.555, 372.136, 349.277, 402.297, 384.812, 425.774, 399.211, 405.377, 353.902, 339.71, 342.643, 335.893, 340.185, 344.319, 367.207]] 
AVERAGE RESPONSE TIME: 363.40564
NUMBER OF THREADS: [50]
WORKLOAD: LV_HF; PAL CONFIG: cache; NUMBER OF REPLICAS: 3 
TOTAL EXECUTION TIME (Concurrent Parallel Requests): 921.838


[[369.926, 390.04, 384.139, 347.308, 372.137, 356.78, 348.557, 362.703, 380.118, 375.373, 364.218, 350.357, 354.769, 354.918, 345.91, 353.586, 393.103, 363.889, 382.612, 351.583, 360.113, 357.514, 359.846, 375.361, 366.451, 393.257, 364.886, 384.466, 366.401, 382.499, 351.229, 344.926, 342.508, 335.428, 341.191, 369.099, 351.022, 384.03, 353.102, 355.717, 353.898, 348.624, 361.641, 386.562, 345.508, 364.032, 338.529, 359.353, 353.772, 340.705]] 
AVERAGE RESPONSE TIME: 361.87392
NUMBER OF THREADS: [50]
WORKLOAD: LV_HF; PAL CONFIG: cache; NUMBER OF REPLICAS: 3 
TOTAL EXECUTION TIME (Concurrent Parallel Requests): 874.698


[[364.724, 354.403, 354.033, 339.192, 353.476, 358.17, 347.022, 341.513, 361.247, 349.808, 352.824, 343.366, 342.07, 344.075, 377.189, 355.549, 362.156, 352.414, 355.344, 349.607, 342.082, 349.004, 368.345, 371.391, 358.713, 357.018, 336.68, 332.915, 333.499, 358.629, 355.513, 340.183, 348.704, 332.336, 364.525, 332.894, 352.312, 362.632, 346.463, 333.173, 338.111, 335.352, 344.008, 348.229, 348.456, 331.977, 350.987, 330.343, 339.435, 347.584]] 
AVERAGE RESPONSE TIME: 348.9935
NUMBER OF THREADS: [50]
WORKLOAD: LV_HF; PAL CONFIG: cache; NUMBER OF REPLICAS: 3 
TOTAL EXECUTION TIME (Concurrent Parallel Requests): 773.967


[[412.916, 349.864, 362.677, 347.298, 360.251, 355.322, 370.923, 368.713, 351.217, 350.216, 346.688, 349.077, 341.745, 390.337, 337.543, 383.901, 390.323, 374.713, 365.75, 372.169, 353.592, 360.441, 352.987, 345.781, 359.845, 345.256, 360.396, 356.725, 361.239, 358.321, 352.153, 352.986, 342.675, 339.801, 336.898, 349.763, 340.805, 341.677, 406.416, 340.89, 384.489, 337.379, 345.518, 334.107, 330.036, 357.205, 343.331, 350.524, 349.373, 348.327]] 
AVERAGE RESPONSE TIME: 356.41158
NUMBER OF THREADS: [50]
WORKLOAD: LV_HF; PAL CONFIG: cache; NUMBER OF REPLICAS: 3 
TOTAL EXECUTION TIME (Concurrent Parallel Requests): 814.108


[[358.401, 344.87, 343.161, 356.064, 353.966, 349.831, 338.298, 341.871, 334.742, 336.502, 335.937, 332.041, 351.327, 331.116, 329.78, 335.896, 337.616, 337.238, 356.862, 329.68, 338.299, 338.607, 342.821, 335.662, 333.551, 335.178, 335.909, 334.487, 336.878, 340.763, 336.074, 331.769, 332.559, 362.821, 346.578, 353.875, 338.164, 339.763, 339.844, 336.265, 332.28, 337.135, 339.608, 343.713, 340.921, 342.563, 336.3, 339.734, 332.745, 334.848]] 
AVERAGE RESPONSE TIME: 340.09826
NUMBER OF THREADS: [50]
WORKLOAD: LV_HF; PAL CONFIG: cache; NUMBER OF REPLICAS: 3 
TOTAL EXECUTION TIME (Concurrent Parallel Requests): 657.702


