[[451.848, 440.526, 391.977, 449.695, 377.519, 355.877, 358.945, 348.633, 358.701, 368.288, 350.132, 394.025, 383.471, 369.721, 357.592, 378.968, 377.52, 359.704, 346.545, 380.124, 380.811, 392.86, 360.248, 384.729, 375.273, 387.27, 352.955, 407.972, 375.397, 360.993, 373.6, 366.506, 373.242, 375.861, 387.707, 394.701, 360.441, 412.281, 384.214, 498.065, 364.682, 436.455, 381.435, 411.358, 387.579, 379.005, 347.003, 398.712, 371.527, 421.88, 401.926, 372.2, 382.325, 376.273, 384.0, 388.156, 380.313, 386.276, 375.915, 410.82, 375.523, 371.235, 359.745, 446.744, 362.219, 414.099, 397.182, 351.536, 365.869, 379.518, 394.932, 388.072, 364.479, 342.254, 352.358, 411.836, 394.001, 443.492, 389.21, 412.5, 401.247, 398.623, 350.591, 341.253, 346.805, 397.39, 383.256, 410.505, 366.774, 390.258, 386.271, 356.043, 387.465, 385.483, 360.892, 372.874, 362.928, 336.084, 412.954, 394.662, 364.228, 345.895, 363.256, 368.324, 357.702, 357.675, 359.467, 346.6, 373.482, 356.707, 353.581, 365.828, 370.708, 353.686, 358.06, 382.938, 369.379, 362.137, 347.315, 362.81, 362.222, 343.898, 359.626, 418.167, 407.278, 399.588, 375.727, 352.682, 410.847, 391.796, 374.568, 411.155, 375.421, 354.614, 355.873, 336.295, 335.943, 377.731, 347.974, 341.208, 343.2, 349.647, 355.519, 387.73, 349.661, 375.466, 339.865, 338.107, 341.174, 344.257]] 
AVERAGE RESPONSE TIME: 376.6597066666667
NUMBER OF THREADS: [150]
WORKLOAD: LV_HF; PAL CONFIG: cache; NUMBER OF REPLICAS: 2 
TOTAL EXECUTION TIME (Concurrent Parallel Requests): 2642.101


[[368.128, 353.381, 343.688, 340.723, 353.201, 331.635, 343.446, 360.839, 356.867, 351.275, 381.745, 353.989, 342.062, 367.622, 360.597, 351.812, 349.211, 344.281, 348.608, 350.01, 335.232, 402.807, 377.931, 348.276, 375.912, 398.119, 376.209, 373.723, 364.285, 382.048, 370.334, 393.136, 374.916, 362.037, 362.015, 344.996, 392.262, 392.341, 374.205, 358.524, 352.774, 438.849, 428.918, 349.057, 390.836, 383.352, 372.051, 366.353, 341.82, 355.912, 347.193, 419.237, 388.991, 368.795, 374.979, 407.569, 383.197, 387.292, 396.735, 368.931, 407.03, 406.203, 370.696, 358.553, 363.309, 395.903, 399.447, 383.148, 367.355, 383.176, 387.837, 359.037, 390.323, 362.29, 369.807, 364.795, 343.715, 362.867, 356.989, 354.9, 366.149, 352.292, 372.61, 351.157, 347.181, 389.571, 371.552, 369.05, 373.297, 363.04, 369.668, 336.665, 344.672, 338.608, 336.449, 347.451, 346.523, 341.587, 348.292, 352.09, 341.141, 353.748, 346.46, 354.411, 361.379, 438.038, 404.336, 396.107, 381.247, 347.902, 369.742, 348.475, 359.341, 476.173, 356.787, 355.492, 393.89, 371.932, 345.419, 355.323, 355.06, 413.241, 441.141, 381.578, 345.521, 395.22, 347.046, 375.648, 380.755, 371.827, 340.684, 388.767, 377.066, 366.484, 351.259, 392.009, 382.778, 356.859, 422.829, 369.883, 363.26, 367.008, 378.912, 348.478, 338.738, 352.714, 357.995, 357.72, 338.233, 335.792]] 
AVERAGE RESPONSE TIME: 368.6160066666667
NUMBER OF THREADS: [150]
WORKLOAD: LV_HF; PAL CONFIG: cache; NUMBER OF REPLICAS: 2 
TOTAL EXECUTION TIME (Concurrent Parallel Requests): 2211.6059999999998


[[379.448, 356.374, 349.329, 348.84, 354.39, 402.088, 395.26, 387.0, 343.941, 381.302, 375.674, 367.292, 361.315, 353.326, 351.371, 344.362, 340.786, 343.198, 362.494, 365.199, 361.928, 367.294, 363.558, 368.428, 344.797, 343.024, 349.217, 357.093, 351.788, 359.327, 365.374, 365.208, 352.952, 354.114, 367.097, 345.71, 365.037, 360.032, 363.187, 337.986, 344.256, 358.776, 354.262, 348.144, 400.518, 390.815, 349.349, 371.35, 353.208, 397.968, 393.034, 339.452, 349.96, 360.504, 338.016, 338.772, 409.78, 418.362, 398.582, 417.363, 373.863, 371.267, 364.222, 358.95, 352.655, 363.972, 345.062, 349.129, 389.946, 346.432, 373.62, 373.281, 353.31, 345.813, 340.274, 334.258, 343.753, 373.101, 370.653, 347.216, 360.186, 362.465, 362.976, 339.555, 365.18, 365.853, 356.283, 360.319, 346.462, 421.058, 410.653, 367.854, 397.564, 357.612, 350.282, 338.738, 371.232, 375.091, 366.23, 370.144, 377.482, 382.426, 381.486, 367.266, 365.461, 363.338, 355.36, 352.061, 359.027, 344.184, 363.526, 350.519, 337.482, 396.015, 373.792, 343.924, 363.174, 344.902, 354.985, 355.353, 372.424, 349.645, 381.679, 359.27, 363.064, 362.683, 335.723, 346.733, 355.042, 336.131, 334.685, 366.498, 348.576, 337.109, 356.737, 355.541, 351.929, 340.312, 354.681, 346.304, 350.723, 336.558, 374.564, 360.079, 332.43, 345.202, 330.001, 332.904, 342.054, 334.017]] 
AVERAGE RESPONSE TIME: 360.53457333333336
NUMBER OF THREADS: [150]
WORKLOAD: LV_HF; PAL CONFIG: cache; NUMBER OF REPLICAS: 2 
TOTAL EXECUTION TIME (Concurrent Parallel Requests): 2004.999


[[384.479, 393.456, 384.091, 395.885, 361.699, 351.816, 357.792, 343.665, 358.406, 350.079, 382.257, 374.068, 358.994, 365.072, 336.62, 360.39, 368.543, 362.57, 360.258, 364.813, 361.347, 352.48, 360.928, 361.547, 373.351, 366.256, 352.54, 351.765, 352.604, 366.818, 362.855, 371.184, 372.696, 357.626, 355.029, 353.255, 345.584, 339.046, 343.13, 350.034, 355.545, 347.406, 344.782, 355.914, 351.519, 362.762, 355.087, 348.337, 358.651, 348.983, 344.011, 358.785, 354.877, 362.417, 374.533, 374.401, 375.574, 352.961, 383.357, 364.967, 360.482, 350.604, 364.237, 346.732, 349.795, 343.563, 359.97, 347.889, 347.464, 360.505, 350.868, 366.721, 344.785, 354.191, 353.501, 372.042, 344.503, 339.984, 363.143, 343.488, 354.081, 369.646, 356.703, 340.237, 352.472, 347.284, 341.685, 359.54, 380.953, 356.308, 342.5, 373.549, 363.906, 358.982, 356.187, 354.092, 349.08, 342.178, 361.704, 355.263, 363.915, 352.941, 348.087, 337.479, 352.619, 357.374, 347.151, 341.57, 344.672, 347.789, 377.094, 368.355, 380.306, 351.529, 372.448, 368.278, 360.789, 362.816, 374.292, 371.396, 389.967, 356.115, 360.234, 339.51, 392.772, 346.854, 352.208, 329.146, 354.782, 334.515, 342.943, 341.632, 332.874, 331.103, 337.891, 338.141, 332.964, 333.246, 331.706, 349.899, 344.501, 337.994, 339.542, 342.693, 346.282, 332.579, 334.935, 358.299, 335.689, 345.507]] 
AVERAGE RESPONSE TIME: 355.65424666666667
NUMBER OF THREADS: [150]
WORKLOAD: LV_HF; PAL CONFIG: cache; NUMBER OF REPLICAS: 2 
TOTAL EXECUTION TIME (Concurrent Parallel Requests): 1791.27


[[377.319, 374.035, 365.324, 370.477, 361.95, 352.417, 353.814, 365.747, 347.381, 361.628, 370.506, 361.943, 360.182, 358.56, 353.119, 349.634, 347.408, 357.934, 354.045, 346.116, 355.584, 374.501, 352.903, 371.335, 362.721, 351.369, 346.083, 359.376, 353.213, 346.551, 365.901, 366.242, 356.648, 388.816, 375.981, 355.967, 370.493, 356.644, 386.512, 386.511, 364.394, 478.164, 386.822, 445.014, 428.72, 392.894, 433.004, 393.795, 378.703, 381.306, 358.849, 347.358, 345.313, 354.436, 361.272, 336.984, 379.419, 408.667, 379.088, 365.185, 364.072, 395.462, 352.004, 356.771, 345.52, 369.022, 358.671, 351.302, 439.03, 348.806, 350.927, 393.9, 376.829, 397.702, 368.228, 384.023, 359.273, 351.322, 341.95, 356.666, 350.158, 337.833, 351.543, 356.274, 416.258, 402.577, 397.305, 405.123, 408.983, 378.873, 382.754, 364.19, 368.931, 351.862, 390.474, 391.111, 373.819, 381.647, 343.303, 375.776, 360.589, 346.036, 358.712, 358.535, 351.32, 410.358, 355.766, 332.127, 420.428, 355.693, 419.684, 398.128, 414.155, 392.982, 367.758, 342.869, 389.263, 345.335, 424.101, 403.187, 376.882, 416.587, 350.307, 364.322, 368.897, 349.643, 356.939, 365.031, 343.422, 380.31, 395.122, 372.326, 347.379, 357.893, 356.471, 357.462, 349.021, 379.31, 346.397, 352.268, 337.835, 383.473, 373.2, 349.648, 339.692, 331.545, 331.802, 340.828, 339.406, 335.497]] 
AVERAGE RESPONSE TIME: 369.1899466666667
NUMBER OF THREADS: [150]
WORKLOAD: LV_HF; PAL CONFIG: cache; NUMBER OF REPLICAS: 2 
TOTAL EXECUTION TIME (Concurrent Parallel Requests): 2439.257


[[361.058, 348.881, 371.495, 360.382, 359.832, 353.728, 366.165, 354.914, 357.04, 351.117, 369.352, 363.189, 376.302, 366.589, 387.743, 375.975, 352.528, 359.96, 351.411, 340.299, 364.186, 350.92, 374.072, 368.292, 358.876, 392.225, 383.864, 365.427, 371.812, 363.373, 374.126, 371.706, 355.004, 347.126, 350.949, 344.813, 364.952, 357.853, 384.586, 416.456, 389.805, 361.781, 388.477, 366.118, 370.108, 351.633, 382.121, 369.66, 341.492, 368.34, 349.56, 411.821, 357.467, 380.589, 338.517, 357.857, 338.577, 353.972, 351.929, 346.904, 364.855, 393.575, 369.224, 352.991, 396.145, 348.568, 362.962, 362.074, 340.344, 344.385, 370.78, 364.357, 372.122, 334.683, 341.438, 360.149, 355.205, 387.073, 350.862, 337.373, 445.82, 377.139, 354.477, 393.74, 381.871, 404.952, 402.048, 380.34, 371.114, 378.66, 371.534, 380.492, 354.887, 359.163, 341.513, 363.797, 397.825, 376.252, 398.16, 340.396, 416.405, 347.284, 377.316, 366.041, 397.184, 375.82, 371.203, 393.231, 390.54, 417.422, 358.801, 391.205, 438.105, 431.479, 432.039, 358.811, 373.971, 364.94, 374.703, 371.954, 373.672, 382.261, 379.816, 361.507, 368.504, 364.925, 435.55, 368.713, 391.942, 406.048, 364.083, 350.713, 363.586, 347.655, 348.148, 344.309, 374.682, 441.268, 456.581, 404.653, 401.6, 378.867, 404.178, 368.145, 341.505, 367.468, 363.461, 342.695, 342.955, 336.06]] 
AVERAGE RESPONSE TIME: 371.1510333333333
NUMBER OF THREADS: [150]
WORKLOAD: LV_HF; PAL CONFIG: cache; NUMBER OF REPLICAS: 2 
TOTAL EXECUTION TIME (Concurrent Parallel Requests): 2425.485


[[395.971, 398.775, 404.567, 371.698, 430.092, 430.003, 425.653, 419.883, 400.483, 405.761, 400.217, 393.731, 377.911, 387.151, 388.329, 413.375, 381.605, 395.167, 396.481, 390.536, 384.237, 431.276, 409.621, 440.876, 384.126, 391.286, 381.212, 395.003, 399.823, 441.424, 447.039, 377.466, 377.432, 412.15, 401.79, 387.6, 384.72, 392.167, 376.817, 369.207, 373.196, 436.937, 441.688, 385.457, 372.329, 415.091, 512.965, 378.246, 391.25, 488.641, 438.15, 442.074, 375.112, 384.539, 433.141, 380.726, 360.436, 348.635, 456.024, 407.809, 442.762, 424.688, 376.243, 366.2, 364.097, 411.188, 371.611, 381.406, 396.407, 360.951, 375.843, 444.704, 439.606, 407.836, 393.711, 365.483, 434.176, 379.58, 342.007, 349.978, 379.094, 370.348, 380.178, 374.145, 346.884, 360.081, 385.163, 386.889, 374.315, 409.336, 379.908, 362.914, 386.413, 356.171, 425.828, 409.379, 391.503, 395.188, 388.894, 378.834, 346.541, 482.175, 395.948, 483.772, 375.584, 419.89, 451.998, 421.158, 384.974, 379.822, 390.97, 352.307, 346.645, 369.566, 355.058, 372.422, 366.403, 344.398, 345.525, 350.89, 372.505, 405.022, 370.991, 386.37, 367.464, 366.483, 359.252, 371.212, 366.102, 362.349, 360.538, 351.779, 358.414, 407.058, 355.551, 355.964, 366.777, 368.664, 347.991, 379.378, 353.644, 379.03, 370.366, 353.44, 371.417, 375.871, 351.216, 357.586, 341.813, 362.352]] 
AVERAGE RESPONSE TIME: 389.45129333333335
NUMBER OF THREADS: [150]
WORKLOAD: LV_HF; PAL CONFIG: cache; NUMBER OF REPLICAS: 2 
TOTAL EXECUTION TIME (Concurrent Parallel Requests): 2411.223


[[367.282, 348.261, 345.158, 376.408, 383.418, 345.914, 414.846, 358.439, 350.945, 352.796, 350.209, 375.425, 381.404, 349.471, 345.224, 360.233, 389.906, 349.818, 363.383, 353.682, 358.106, 350.873, 359.847, 351.951, 387.064, 384.364, 371.971, 359.265, 440.221, 409.145, 410.777, 343.153, 385.95, 373.536, 377.02, 360.228, 355.035, 364.074, 378.787, 438.893, 498.956, 483.02, 425.198, 360.924, 382.193, 378.78, 398.998, 388.061, 401.877, 360.891, 379.375, 354.565, 350.438, 347.771, 351.901, 405.258, 441.788, 389.728, 374.008, 382.812, 362.303, 374.753, 346.062, 356.609, 386.708, 373.373, 368.639, 354.257, 361.509, 389.531, 421.995, 377.946, 361.8, 371.041, 356.761, 336.829, 342.452, 356.484, 372.754, 348.382, 420.367, 382.099, 376.636, 359.32, 390.996, 350.211, 378.648, 393.162, 400.648, 367.192, 386.281, 382.104, 373.402, 363.288, 381.663, 380.825, 369.524, 360.631, 401.429, 376.176, 388.443, 357.208, 362.255, 414.238, 390.723, 394.634, 391.14, 407.505, 376.189, 374.078, 396.84, 359.572, 379.258, 370.949, 391.269, 401.8, 394.054, 374.58, 354.655, 364.962, 411.182, 399.14, 385.127, 384.17, 362.344, 361.706, 348.623, 351.469, 364.363, 365.72, 354.579, 346.159, 401.208, 390.771, 391.107, 388.581, 353.523, 337.852, 362.26, 345.308, 334.202, 373.991, 397.691, 343.841, 350.353, 380.284, 344.197, 361.615, 335.396, 343.202]] 
AVERAGE RESPONSE TIME: 374.72086666666667
NUMBER OF THREADS: [150]
WORKLOAD: LV_HF; PAL CONFIG: cache; NUMBER OF REPLICAS: 2 
TOTAL EXECUTION TIME (Concurrent Parallel Requests): 2436.779


[[405.432, 348.318, 386.905, 352.333, 360.102, 353.499, 345.326, 376.815, 363.408, 371.074, 391.215, 400.961, 350.889, 357.603, 356.528, 356.394, 350.886, 388.831, 367.489, 404.754, 344.435, 393.678, 372.033, 374.149, 377.738, 362.903, 362.719, 343.079, 352.928, 388.435, 381.894, 381.77, 366.169, 378.098, 366.01, 354.519, 404.711, 377.673, 423.264, 400.007, 395.397, 381.225, 351.453, 404.033, 382.995, 350.614, 351.411, 354.47, 362.602, 343.721, 350.277, 353.204, 348.558, 369.234, 355.809, 350.163, 366.995, 350.704, 364.207, 360.331, 346.102, 399.897, 393.429, 371.038, 375.545, 434.908, 419.497, 420.194, 403.835, 344.104, 384.962, 418.422, 403.356, 393.64, 382.78, 371.508, 381.418, 371.069, 358.493, 415.955, 386.387, 356.254, 365.733, 354.935, 416.121, 378.873, 385.208, 389.926, 364.003, 440.394, 503.815, 386.682, 399.421, 366.755, 434.735, 425.792, 413.676, 347.677, 360.386, 340.572, 394.6, 421.196, 380.587, 343.889, 344.858, 372.278, 361.639, 375.112, 364.676, 348.614, 375.964, 404.092, 365.228, 350.181, 343.626, 363.041, 353.507, 351.547, 367.745, 355.65, 348.437, 340.449, 389.204, 383.267, 380.501, 348.067, 366.27, 365.136, 353.672, 338.455, 370.768, 369.108, 363.399, 340.789, 338.606, 338.115, 395.877, 384.249, 380.419, 372.658, 350.791, 340.683, 373.433, 379.584, 356.675, 352.463, 402.764, 350.813, 383.283, 376.802]] 
AVERAGE RESPONSE TIME: 373.48427333333336
NUMBER OF THREADS: [150]
WORKLOAD: LV_HF; PAL CONFIG: cache; NUMBER OF REPLICAS: 2 
TOTAL EXECUTION TIME (Concurrent Parallel Requests): 2375.997


