[[528.792, 517.954, 522.165, 1539.351, 481.897, 489.96, 499.777, 543.064, 533.562, 462.178, 504.977, 505.838, 488.36, 497.504, 477.915, 480.139, 474.229, 475.806, 471.796, 464.548, 467.682, 495.477, 494.47, 470.744, 471.846, 482.26, 460.817, 458.392, 469.917, 455.253, 461.524, 458.21, 458.691, 461.12, 461.187, 460.361, 461.392, 472.025, 507.104, 492.485, 487.769, 508.618, 483.175, 480.271, 483.079, 487.377, 483.587, 485.447, 476.506, 474.828]] 
AVERAGE RESPONSE TIME: 504.62852
NUMBER OF THREADS: [50]
WORKLOAD: LV_HF; PAL CONFIG: cache_and_compression; NUMBER OF REPLICAS: 2 
TOTAL EXECUTION TIME (Concurrent Parallel Requests): 1583.164


[[506.973, 519.768, 522.834, 792.658, 500.341, 490.785, 493.144, 483.059, 506.815, 503.665, 812.75, 496.401, 490.961, 495.385, 502.6, 1461.9479999999999, 504.792, 519.596, 512.736, 498.351, 495.305, 504.129, 492.605, 501.811, 811.334, 490.91, 1816.47, 505.306, 491.351, 1422.019, 502.536, 492.176, 498.279, 484.495, 492.24, 1491.272, 497.035, 488.383, 497.073, 1397.349, 488.826, 553.71, 548.649, 515.112, 501.37, 494.024, 499.707, 498.648, 502.992, 496.632]] 
AVERAGE RESPONSE TIME: 621.7462
NUMBER OF THREADS: [50]
WORKLOAD: LV_HF; PAL CONFIG: cache_and_compression; NUMBER OF REPLICAS: 2 
TOTAL EXECUTION TIME (Concurrent Parallel Requests): 2018.325


[[507.633, 483.188, 490.098, 492.709, 494.723, 503.973, 505.282, 502.605, 488.588, 490.05, 2347.699, 483.081, 486.879, 494.009, 479.685, 498.442, 487.593, 491.206, 478.303, 481.326, 485.414, 481.816, 483.454, 482.432, 471.483, 476.858, 467.644, 470.455, 478.691, 467.769, 467.283, 484.066, 481.933, 482.794, 468.447, 496.228, 475.604, 493.664, 519.08, 503.591, 790.781, 490.876, 1433.9850000000001, 493.233, 500.493, 510.919, 520.947, 509.878, 494.566, 487.202]] 
AVERAGE RESPONSE TIME: 551.17316
NUMBER OF THREADS: [50]
WORKLOAD: LV_HF; PAL CONFIG: cache_and_compression; NUMBER OF REPLICAS: 2 
TOTAL EXECUTION TIME (Concurrent Parallel Requests): 2425.641


[[507.692, 515.379, 492.541, 492.784, 505.714, 492.73, 486.328, 479.839, 493.845, 495.686, 483.566, 484.066, 488.607, 482.348, 516.372, 493.371, 486.046, 479.916, 501.345, 496.053, 490.057, 482.327, 479.789, 1467.42, 478.682, 529.37, 1484.5720000000001, 484.935, 490.431, 485.271, 496.547, 487.222, 1462.2930000000001, 495.194, 501.252, 506.874, 493.266, 489.539, 489.666, 485.566, 480.506, 500.341, 481.903, 488.0, 470.06, 1411.789, 469.965, 473.098, 481.726, 495.605]] 
AVERAGE RESPONSE TIME: 568.14988
NUMBER OF THREADS: [50]
WORKLOAD: LV_HF; PAL CONFIG: cache_and_compression; NUMBER OF REPLICAS: 2 
TOTAL EXECUTION TIME (Concurrent Parallel Requests): 1859.414


[[496.943, 505.707, 500.874, 486.677, 487.269, 478.231, 481.56, 474.299, 467.512, 490.957, 472.913, 485.57, 506.663, 516.815, 500.016, 496.673, 488.851, 487.17, 490.09, 499.137, 481.981, 479.634, 494.143, 470.967, 525.541, 491.484, 497.067, 513.569, 510.04, 485.518, 500.415, 474.285, 475.488, 474.382, 502.582, 478.392, 508.121, 503.153, 490.84, 483.746, 482.577, 492.079, 483.338, 494.751, 476.729, 472.786, 492.176, 495.32, 508.3, 504.344]] 
AVERAGE RESPONSE TIME: 491.1535
NUMBER OF THREADS: [50]
WORKLOAD: LV_HF; PAL CONFIG: cache_and_compression; NUMBER OF REPLICAS: 2 
TOTAL EXECUTION TIME (Concurrent Parallel Requests): 1012.869


[[482.526, 470.084, 455.497, 451.324, 468.342, 464.946, 450.71, 452.423, 454.141, 465.993, 487.971, 482.701, 479.947, 485.525, 478.353, 464.438, 466.631, 461.856, 467.093, 498.618, 488.416, 467.417, 470.378, 470.631, 465.859, 475.449, 468.476, 453.25, 461.16, 462.622, 441.664, 439.681, 483.46, 440.678, 492.485, 479.856, 462.881, 479.391, 460.495, 494.239, 472.179, 473.14, 457.073, 474.98, 491.476, 463.68, 456.916, 478.658, 476.609, 489.5]] 
AVERAGE RESPONSE TIME: 469.63636
NUMBER OF THREADS: [50]
WORKLOAD: LV_HF; PAL CONFIG: cache_and_compression; NUMBER OF REPLICAS: 2 
TOTAL EXECUTION TIME (Concurrent Parallel Requests): 954.392


[[504.615, 495.096, 530.195, 500.263, 511.854, 478.701, 486.046, 480.388, 493.386, 497.004, 506.292, 467.793, 484.644, 479.377, 477.727, 486.872, 486.891, 490.214, 480.45, 470.167, 497.958, 491.856, 481.282, 510.886, 518.333, 509.123, 505.761, 500.369, 486.559, 496.021, 491.648, 489.15, 508.44, 504.852, 487.409, 1399.359, 1395.194, 482.49, 511.933, 477.054, 502.804, 481.947, 476.318, 485.807, 484.314, 510.218, 497.246, 500.946, 480.766, 475.644]] 
AVERAGE RESPONSE TIME: 528.99324
NUMBER OF THREADS: [50]
WORKLOAD: LV_HF; PAL CONFIG: cache_and_compression; NUMBER OF REPLICAS: 2 
TOTAL EXECUTION TIME (Concurrent Parallel Requests): 1771.018


[[494.759, 482.1, 458.062, 459.637, 445.061, 449.638, 464.511, 456.25, 466.725, 451.184, 454.263, 438.111, 445.612, 455.427, 452.525, 453.37, 448.66, 452.401, 455.196, 443.177, 473.771, 449.012, 452.063, 474.297, 503.694, 491.291, 480.255, 458.687, 479.394, 480.562, 462.5, 457.076, 450.345, 448.746, 454.74, 438.101, 442.389, 445.983, 443.325, 468.329, 448.392, 448.252, 452.583, 450.599, 448.386, 451.14, 445.079, 461.822, 446.798, 448.486]] 
AVERAGE RESPONSE TIME: 457.65532
NUMBER OF THREADS: [50]
WORKLOAD: LV_HF; PAL CONFIG: cache_and_compression; NUMBER OF REPLICAS: 2 
TOTAL EXECUTION TIME (Concurrent Parallel Requests): 893.493


[[482.308, 465.539, 482.529, 472.267, 466.09, 466.451, 468.905, 472.022, 474.207, 471.617, 483.559, 485.285, 482.798, 496.698, 499.778, 497.207, 488.622, 489.78, 489.347, 489.472, 491.242, 498.345, 496.084, 499.5, 479.063, 481.935, 479.521, 483.391, 473.072, 500.042, 477.079, 469.005, 467.444, 472.858, 465.445, 469.362, 452.45, 460.754, 459.899, 456.674, 454.317, 455.34, 454.602, 454.536, 452.333, 1498.057, 457.093, 1499.342, 451.09, 458.999]] 
AVERAGE RESPONSE TIME: 515.8671
NUMBER OF THREADS: [50]
WORKLOAD: LV_HF; PAL CONFIG: cache_and_compression; NUMBER OF REPLICAS: 2 
TOTAL EXECUTION TIME (Concurrent Parallel Requests): 1882.5059999999999


[[1416.406, 513.288, 779.582, 495.724, 488.507, 503.083, 494.292, 485.225, 507.774, 489.563, 516.629, 506.942, 521.772, 495.258, 502.296, 506.586, 483.748, 535.945, 789.214, 518.431, 495.35, 484.513, 505.041, 531.617, 522.86, 502.541, 514.775, 490.536, 492.136, 590.261, 490.708, 507.334, 533.492, 517.092, 508.904, 541.898, 511.584, 510.872, 526.657, 500.857, 511.734, 495.264, 489.469, 484.623, 482.519, 508.729, 477.024, 492.616, 496.742, 486.921]] 
AVERAGE RESPONSE TIME: 535.0986800000001
NUMBER OF THREADS: [50]
WORKLOAD: LV_HF; PAL CONFIG: cache_and_compression; NUMBER OF REPLICAS: 2 
TOTAL EXECUTION TIME (Concurrent Parallel Requests): 1425.82


[[494.63, 453.384, 477.793, 460.235, 463.928, 465.749, 461.354, 462.757, 461.627, 483.566, 470.934, 483.688, 471.75, 450.374, 457.73, 460.814, 464.859, 461.252, 470.82, 458.855, 465.388, 455.418, 469.401, 459.919, 463.039, 465.345, 477.976, 461.266, 458.633, 480.742, 458.284, 450.566, 478.009, 480.674, 459.373, 466.133, 477.241, 458.878, 473.456, 455.893, 466.719, 467.838, 462.051, 456.647, 453.587, 447.204, 449.662, 453.592, 443.331, 435.405]] 
AVERAGE RESPONSE TIME: 463.75538
NUMBER OF THREADS: [50]
WORKLOAD: LV_HF; PAL CONFIG: cache_and_compression; NUMBER OF REPLICAS: 2 
TOTAL EXECUTION TIME (Concurrent Parallel Requests): 863.409


[[487.697, 484.136, 473.52, 475.659, 487.899, 483.046, 476.868, 477.811, 484.929, 474.631, 479.041, 464.12, 467.676, 464.386, 475.784, 465.173, 473.964, 467.731, 467.178, 462.674, 465.829, 473.128, 477.68, 470.576, 474.869, 479.278, 481.955, 484.118, 480.437, 493.835, 487.085, 480.386, 800.226, 480.231, 482.268, 488.96, 505.75, 498.078, 479.028, 476.888, 473.388, 488.372, 468.059, 468.043, 479.141, 468.53, 471.191, 752.143, 736.605, 466.216]] 
AVERAGE RESPONSE TIME: 494.52432
NUMBER OF THREADS: [50]
WORKLOAD: LV_HF; PAL CONFIG: cache_and_compression; NUMBER OF REPLICAS: 2 
TOTAL EXECUTION TIME (Concurrent Parallel Requests): 1132.669


[[489.416, 481.441, 760.923, 481.188, 483.018, 479.317, 1389.279, 486.344, 1435.32, 496.461, 511.951, 488.179, 499.334, 499.403, 504.85, 505.859, 479.466, 493.527, 487.48, 491.22, 498.676, 497.611, 505.742, 497.959, 492.224, 490.043, 489.91, 504.215, 512.174, 477.079, 478.117, 487.054, 485.634, 494.283, 481.588, 500.827, 506.227, 1515.051, 485.947, 483.662, 476.455, 479.138, 490.252, 478.134, 492.714, 486.78, 467.981, 482.812, 473.11, 458.715]] 
AVERAGE RESPONSE TIME: 552.2818
NUMBER OF THREADS: [50]
WORKLOAD: LV_HF; PAL CONFIG: cache_and_compression; NUMBER OF REPLICAS: 2 
TOTAL EXECUTION TIME (Concurrent Parallel Requests): 1867.058


[[790.304, 506.63, 494.259, 492.293, 500.784, 500.402, 494.887, 490.911, 485.192, 481.59, 492.12, 495.554, 493.799, 492.646, 1378.3, 495.027, 1367.657, 1413.829, 473.996, 477.515, 503.63, 480.042, 487.709, 504.072, 493.433, 494.888, 470.065, 479.503, 476.264, 488.449, 478.949, 504.694, 473.579, 503.791, 486.315, 474.381, 480.328, 1445.884, 468.958, 1458.809, 1452.59, 462.396, 500.092, 458.61, 491.32, 473.98, 460.595, 450.968, 442.126, 439.184]] 
AVERAGE RESPONSE TIME: 602.06598
NUMBER OF THREADS: [50]
WORKLOAD: LV_HF; PAL CONFIG: cache_and_compression; NUMBER OF REPLICAS: 2 
TOTAL EXECUTION TIME (Concurrent Parallel Requests): 1809.2530000000002


[[510.329, 487.652, 477.953, 478.07, 468.977, 465.764, 467.337, 467.542, 480.394, 469.177, 483.815, 481.171, 477.759, 503.212, 492.541, 485.652, 494.861, 493.4, 493.497, 493.842, 510.623, 499.915, 497.976, 496.85, 507.331, 505.525, 499.038, 527.687, 502.806, 505.083, 494.748, 496.088, 492.614, 492.294, 500.473, 492.243, 491.833, 489.076, 495.549, 492.844, 485.884, 490.157, 495.875, 493.549, 491.099, 493.269, 487.328, 494.242, 485.957, 488.097]] 
AVERAGE RESPONSE TIME: 491.37996
NUMBER OF THREADS: [50]
WORKLOAD: LV_HF; PAL CONFIG: cache_and_compression; NUMBER OF REPLICAS: 2 
TOTAL EXECUTION TIME (Concurrent Parallel Requests): 805.773


[[506.369, 464.611, 488.365, 489.318, 472.594, 476.924, 481.542, 493.441, 488.134, 487.842, 479.976, 496.254, 489.358, 490.499, 493.674, 498.643, 511.446, 509.715, 507.724, 506.768, 509.686, 517.989, 524.005, 504.806, 508.18, 1498.569, 500.822, 497.596, 1777.5, 1508.866, 499.007, 482.185, 542.549, 509.071, 495.393, 501.264, 482.03, 485.26, 491.33, 486.0, 464.833, 473.031, 471.251, 465.472, 466.851, 462.727, 468.551, 487.699, 471.136, 464.766]] 
AVERAGE RESPONSE TIME: 557.03244
NUMBER OF THREADS: [50]
WORKLOAD: LV_HF; PAL CONFIG: cache_and_compression; NUMBER OF REPLICAS: 2 
TOTAL EXECUTION TIME (Concurrent Parallel Requests): 2058.21


[[522.009, 472.571, 489.43, 483.236, 508.292, 470.969, 474.761, 517.324, 488.023, 481.556, 503.246, 477.58, 488.673, 492.745, 471.018, 470.992, 472.641, 462.291, 488.225, 492.751, 482.803, 482.111, 475.518, 465.388, 473.431, 472.484, 489.106, 482.71, 476.281, 487.935, 464.851, 470.136, 455.517, 453.228, 460.061, 477.556, 465.562, 467.086, 473.962, 471.933, 454.114, 470.638, 481.302, 462.171, 467.265, 465.077, 467.849, 466.981, 473.491, 476.585]] 
AVERAGE RESPONSE TIME: 477.22929999999997
NUMBER OF THREADS: [50]
WORKLOAD: LV_HF; PAL CONFIG: cache_and_compression; NUMBER OF REPLICAS: 2 
TOTAL EXECUTION TIME (Concurrent Parallel Requests): 944.298


[[529.64, 516.038, 504.966, 521.257, 1484.632, 1460.747, 493.223, 1463.937, 489.601, 481.709, 493.058, 482.466, 483.533, 487.201, 473.108, 473.335, 473.65, 490.749, 465.509, 470.733, 472.987, 461.245, 452.176, 522.691, 463.298, 466.096, 479.602, 475.243, 475.088, 481.546, 475.263, 459.696, 465.674, 467.5, 457.763, 467.006, 452.747, 458.633, 446.469, 456.021, 450.794, 448.185, 436.584, 436.312, 428.009, 435.912, 456.658, 445.13, 445.079, 439.104]] 
AVERAGE RESPONSE TIME: 530.35206
NUMBER OF THREADS: [50]
WORKLOAD: LV_HF; PAL CONFIG: cache_and_compression; NUMBER OF REPLICAS: 2 
TOTAL EXECUTION TIME (Concurrent Parallel Requests): 1529.859


[[487.345, 480.634, 472.7, 473.104, 504.651, 528.55, 519.853, 483.517, 499.791, 478.961, 495.583, 484.87, 488.069, 482.674, 486.931, 469.231, 520.706, 493.735, 494.272, 495.994, 497.345, 482.321, 475.047, 479.106, 467.441, 476.681, 475.995, 475.72, 474.784, 512.56, 471.384, 493.029, 482.16, 495.4, 484.534, 488.937, 484.79, 485.16, 482.313, 474.942, 476.366, 469.514, 530.26, 508.019, 487.329, 497.239, 493.339, 518.427, 517.445, 502.254]] 
AVERAGE RESPONSE TIME: 490.02024
NUMBER OF THREADS: [50]
WORKLOAD: LV_HF; PAL CONFIG: cache_and_compression; NUMBER OF REPLICAS: 2 
TOTAL EXECUTION TIME (Concurrent Parallel Requests): 895.253


[[452.048, 436.375, 434.269, 444.579, 450.624, 465.454, 455.683, 464.675, 1163.007, 481.871, 1154.949, 465.621, 482.84, 1397.233, 500.73, 493.313, 1351.634, 468.079, 468.706, 468.92, 749.143, 465.543, 483.56, 463.345, 468.714, 472.551, 467.297, 473.835, 474.364, 469.953, 466.668, 763.545, 472.201, 479.248, 486.314, 487.731, 481.967, 483.151, 482.508, 511.23, 500.602, 509.122, 522.646, 492.652, 498.716, 492.868, 495.695, 500.376, 481.42, 479.735]] 
AVERAGE RESPONSE TIME: 551.5462
NUMBER OF THREADS: [50]
WORKLOAD: LV_HF; PAL CONFIG: cache_and_compression; NUMBER OF REPLICAS: 2 
TOTAL EXECUTION TIME (Concurrent Parallel Requests): 1534.62


[[543.545, 1530.625, 504.375, 495.509, 499.796, 506.546, 506.688, 521.446, 522.102, 1444.085, 511.43, 1421.649, 501.574, 486.5, 495.435, 506.297, 485.738, 482.628, 480.348, 491.715, 488.909, 484.768, 480.849, 485.823, 510.779, 506.007, 484.228, 479.294, 487.908, 1470.651, 496.992, 479.038, 479.474, 466.73, 500.254, 1478.0529999999999, 1477.055, 472.56, 465.022, 465.477, 470.339, 455.795, 466.638, 448.468, 455.395, 453.158, 460.083, 451.8, 457.149, 452.574]] 
AVERAGE RESPONSE TIME: 603.38602
NUMBER OF THREADS: [50]
WORKLOAD: LV_HF; PAL CONFIG: cache_and_compression; NUMBER OF REPLICAS: 2 
TOTAL EXECUTION TIME (Concurrent Parallel Requests): 1840.098


[[498.439, 500.563, 488.271, 500.136, 489.974, 483.509, 489.141, 490.915, 492.482, 496.941, 480.219, 1491.2069999999999, 480.126, 476.934, 485.798, 482.935, 498.759, 492.817, 485.66, 482.303, 481.018, 479.898, 480.485, 483.847, 1472.334, 499.949, 491.722, 487.566, 491.317, 481.385, 508.617, 516.758, 485.953, 818.099, 505.651, 499.722, 507.604, 499.707, 1381.036, 494.434, 793.622, 482.941, 485.991, 480.923, 481.728, 778.15, 477.284, 483.906, 482.089, 476.661]] 
AVERAGE RESPONSE TIME: 565.55052
NUMBER OF THREADS: [50]
WORKLOAD: LV_HF; PAL CONFIG: cache_and_compression; NUMBER OF REPLICAS: 2 
TOTAL EXECUTION TIME (Concurrent Parallel Requests): 1687.6570000000002


[[570.185, 557.199, 581.819, 593.009, 589.108, 562.431, 555.452, 555.16, 565.662, 519.315, 488.896, 488.986, 480.811, 492.946, 1713.076, 792.371, 1427.696, 785.079, 500.577, 515.176, 505.188, 487.315, 506.563, 513.302, 506.316, 517.162, 538.437, 488.039, 499.381, 499.485, 516.913, 476.942, 476.816, 473.42, 490.894, 477.386, 487.065, 484.775, 467.065, 469.21, 1479.8600000000001, 511.739, 503.1, 1442.982, 485.94, 473.867, 468.161, 467.574, 478.86, 469.088]] 
AVERAGE RESPONSE TIME: 599.95598
NUMBER OF THREADS: [50]
WORKLOAD: LV_HF; PAL CONFIG: cache_and_compression; NUMBER OF REPLICAS: 2 
TOTAL EXECUTION TIME (Concurrent Parallel Requests): 1910.2559999999999


