[[405.034]] 
[[351.804]] 
[[360.294]] 
[[358.369]] 
[[337.663]] 
[[357.16]] 
[[337.832]] 
[[347.162]] 
[[342.446]] 
[[372.254]] 
[[363.678, 380.544]] 
[[403.503, 395.45]] 
[[343.454, 364.566]] 
[[355.589, 344.28]] 
[[361.472, 349.768]] 
[[392.383, 342.246]] 
[[364.584, 377.4]] 
[[347.482, 356.433]] 
[[397.952, 356.511]] 
[[1360.674, 1377.142]] 
[[371.87, 372.997, 368.089, 341.484]] 
[[358.518, 360.942, 348.881, 364.772]] 
[[359.033, 405.457, 405.249, 348.151]] 
[[384.03, 339.59, 351.752, 350.548]] 
[[381.976, 402.62, 367.864, 363.322]] 
[[459.605, 476.585, 455.471, 497.725]] 
[[362.874, 376.102, 401.959, 361.102]] 
[[414.271, 371.889, 364.029, 348.071]] 
[[390.799, 353.172, 371.398, 369.936]] 
[[354.257, 355.053, 385.458, 349.904]] 
[[375.232, 341.542, 365.133, 368.741, 367.454, 349.786, 376.264, 350.45]] 
[[358.511, 359.094, 350.9, 352.918, 351.732, 363.667, 349.792, 351.69]] 
[[363.185, 347.768, 392.886, 375.346, 373.767, 365.594, 363.049, 364.612]] 
[[383.207, 343.696, 349.873, 340.77, 352.384, 359.169, 370.005, 345.908]] 
[[361.174, 364.75, 344.743, 357.612, 422.306, 358.864, 364.167, 385.159]] 
[[374.209, 384.384, 367.503, 354.576, 357.701, 358.722, 354.602, 364.475]] 
[[359.132, 362.557, 408.503, 373.338, 352.297, 375.458, 363.584, 357.607]] 
[[375.954, 380.829, 361.56, 343.91, 364.971, 350.514, 353.968, 351.923]] 
[[349.223, 382.457, 343.146, 405.494, 368.622, 386.396, 352.727, 356.014]] 
[[391.475, 375.062, 354.434, 388.34, 360.723, 360.715, 366.268, 352.31]] 
[[363.483, 371.535, 352.491, 368.335, 350.651, 1118.9470000000001, 342.523, 386.943, 356.806, 348.246, 360.947, 351.059, 355.398, 393.47, 367.011, 339.689]] 
[[361.835, 341.694, 359.572, 353.776, 351.9, 350.414, 358.246, 357.575, 371.013, 374.628, 355.651, 410.904, 361.827, 363.543, 386.369, 364.018]] 
[[361.095, 388.507, 348.655, 357.144, 352.128, 361.235, 380.95, 429.729, 367.367, 377.775, 377.091, 368.38, 370.075, 358.377, 374.564, 364.167]] 
[[354.303, 366.435, 356.854, 362.601, 392.37, 346.814, 342.733, 399.868, 399.745, 352.673, 380.096, 365.206, 377.552, 369.237, 369.325, 374.116]] 
[[364.23, 350.905, 348.666, 387.916, 360.39, 342.941, 355.721, 354.815, 352.05, 375.391, 350.687, 364.18, 359.938, 358.976, 356.376, 361.936]] 
[[370.285, 351.469, 397.157, 372.25, 356.257, 362.298, 354.91, 373.083, 398.701, 352.389, 364.426, 350.484, 355.426, 369.873, 362.576, 348.236]] 
[[373.324, 339.337, 344.903, 348.431, 353.414, 351.438, 407.806, 357.12, 379.637, 1108.01, 354.579, 404.028, 342.203, 461.992, 382.231, 348.45]] 
[[1703.58, 3515.409, 2236.436, 1371.905, 2163.986, 2358.107, 2641.237, 408.797, 410.647, 386.91, 366.386, 375.366, 350.618, 1246.433, 1237.503, 360.492]] 
[[372.037, 366.577, 372.42, 373.345, 368.092, 369.966, 369.371, 383.89, 374.381, 410.746, 401.107, 359.035, 364.966, 390.044, 387.207, 385.291]] 
[[376.847, 344.738, 377.172, 363.935, 379.104, 354.306, 375.998, 368.326, 376.26, 378.31, 383.975, 426.585, 365.79, 361.705, 366.039, 384.284]] 
[[386.524, 360.678, 364.066, 371.23, 388.289, 369.515, 400.626, 399.721, 385.105, 372.105, 394.134, 385.937, 362.098, 364.063, 400.642, 362.677, 389.736, 357.954, 360.624, 358.24, 367.66, 362.382, 359.271, 356.819, 374.947, 377.931, 363.419, 372.506, 369.983, 403.896, 358.282, 356.152]] 
[[342.409, 366.533, 403.366, 376.963, 359.297, 381.602, 361.649, 372.751, 369.622, 379.886, 362.665, 413.531, 374.518, 372.933, 358.509, 398.406, 367.365, 389.403, 371.556, 394.067, 400.345, 366.797, 356.267, 391.442, 352.406, 396.669, 360.532, 406.865, 384.238, 359.72, 371.118, 375.526]] 
[[393.042, 397.493, 394.978, 408.07, 394.696, 426.239, 405.844, 417.535, 399.5, 383.045, 395.797, 391.685, 384.374, 383.232, 382.374, 379.569, 378.607, 389.379, 370.558, 359.593, 370.833, 355.278, 396.526, 397.685, 385.98, 364.609, 443.523, 432.123, 392.072, 373.335, 376.324, 410.47]] 
[[378.038, 375.494, 381.342, 372.789, 392.727, 408.328, 358.151, 362.133, 382.619, 369.636, 377.941, 361.842, 374.84, 360.895, 361.058, 366.504, 377.658, 369.922, 376.045, 365.024, 352.382, 365.835, 363.289, 399.032, 370.569, 395.956, 344.822, 361.652, 375.407, 380.485, 390.069, 356.883]] 
[[374.96, 354.874, 351.921, 368.958, 356.147, 449.177, 390.039, 400.283, 361.58, 361.904, 394.896, 370.681, 358.046, 374.034, 373.511, 347.937, 377.93, 373.342, 368.917, 365.425, 368.954, 375.689, 386.31, 361.965, 404.271, 382.97, 408.631, 358.546, 360.619, 359.305, 417.682, 356.502]] 
[[353.52, 404.041, 385.518, 367.906, 367.048, 368.449, 394.356, 364.885, 380.671, 384.866, 361.138, 368.401, 367.574, 357.515, 363.853, 376.815, 377.78, 376.004, 412.009, 372.086, 392.506, 354.31, 365.21, 501.946, 363.3, 354.551, 363.245, 474.993, 468.141, 456.124, 451.225, 440.179]] 
[[367.419, 387.764, 369.191, 366.869, 371.643, 385.555, 381.29, 378.731, 361.223, 379.415, 408.939, 365.217, 391.709, 359.826, 370.296, 368.188, 392.416, 376.413, 383.526, 366.958, 374.073, 391.013, 375.377, 382.29, 377.734, 373.127, 371.239, 366.931, 403.87, 390.242, 604.734, 390.351]] 
[[378.817, 376.826, 394.519, 380.417, 358.248, 369.247, 384.654, 387.127, 363.394, 380.769, 406.817, 374.007, 399.223, 426.796, 1089.151, 364.237, 372.795, 355.023, 480.058, 362.284, 370.054, 371.053, 464.412, 367.047, 425.674, 438.627, 401.692, 426.773, 421.242, 424.096, 429.645, 411.979]] 
[[389.646, 381.017, 397.512, 375.409, 389.846, 410.292, 428.415, 375.627, 357.445, 404.419, 422.418, 391.186, 411.351, 387.912, 390.597, 378.413, 379.716, 423.878, 406.36, 381.806, 359.882, 395.78, 387.063, 362.602, 375.849, 373.574, 383.305, 378.145, 357.372, 364.227, 366.022, 365.522]] 
[[376.649, 394.334, 382.704, 381.967, 414.24, 430.352, 392.767, 375.35, 422.803, 422.316, 381.552, 414.537, 435.201, 394.044, 371.73, 392.358, 388.754, 378.406, 387.092, 380.006, 394.74, 404.221, 361.334, 367.453, 386.191, 382.584, 381.005, 400.327, 378.859, 372.247, 381.053, 376.982]] 
[[388.82, 443.563, 388.118, 389.024, 432.145, 399.975, 415.818, 405.647, 389.595, 401.097, 381.023, 432.631, 389.99, 421.994, 415.263, 377.025, 395.249, 390.303, 411.403, 368.518, 401.386, 383.904, 380.515, 414.549, 371.687, 380.39, 361.967, 388.938, 393.879, 371.882, 372.748, 392.697, 383.777, 377.689, 359.912, 383.177, 360.123, 368.494, 355.776, 368.252, 357.276, 420.292, 411.378, 366.546, 405.571, 403.378, 375.374, 382.728, 368.369, 375.159, 373.241, 373.91, 368.45, 358.515, 382.893, 365.476, 394.152, 356.728, 353.816, 410.607, 360.334, 391.522, 390.084, 368.677]] 
[[419.067, 409.385, 364.089, 403.189, 414.815, 395.013, 385.689, 405.719, 366.82, 375.801, 376.338, 431.997, 376.083, 369.09, 428.69, 381.773, 404.071, 387.844, 385.241, 396.852, 372.441, 387.769, 381.103, 365.565, 382.905, 371.191, 416.221, 384.869, 360.493, 401.707, 420.429, 384.615, 376.418, 379.141, 385.674, 454.659, 366.949, 387.184, 372.429, 351.898, 404.584, 398.155, 375.533, 390.768, 395.617, 394.981, 392.065, 401.26, 385.525, 391.506, 407.531, 370.241, 368.094, 377.326, 362.886, 392.19, 353.689, 347.923, 376.943, 376.046, 371.415, 371.559, 391.848, 347.822]] 
[[386.067, 403.483, 385.591, 395.313, 385.219, 408.015, 382.358, 399.242, 401.435, 412.418, 414.512, 412.602, 402.753, 431.311, 393.32, 382.647, 397.482, 393.22, 386.297, 431.389, 436.434, 423.54, 367.367, 409.431, 420.191, 407.721, 394.225, 405.364, 392.221, 410.983, 410.849, 386.684, 395.21, 458.054, 457.741, 418.398, 456.759, 400.489, 409.205, 432.823, 399.791, 448.685, 400.236, 401.021, 396.307, 439.773, 444.195, 433.693, 412.594, 435.356, 556.151, 427.803, 412.56, 402.056, 412.483, 523.591, 504.948, 500.645, 486.199, 473.004, 470.951, 465.553, 431.83, 425.586]] 
[[469.252, 439.349, 419.76, 433.219, 425.067, 435.516, 419.891, 391.43, 430.331, 426.941, 395.433, 387.154, 420.214, 421.868, 406.556, 392.079, 404.83, 424.879, 389.63, 409.35, 401.565, 404.46, 403.712, 401.678, 428.78, 388.424, 441.471, 388.716, 423.531, 391.748, 411.095, 418.746, 415.979, 429.959, 405.958, 384.959, 400.439, 395.447, 399.051, 383.055, 385.363, 379.655, 380.836, 375.037, 365.842, 366.154, 369.842, 1149.559, 403.19, 422.513, 405.405, 378.607, 374.264, 388.002, 378.694, 384.253, 370.771, 398.677, 405.678, 372.286, 365.488, 384.609, 377.659, 402.057]] 
[[356.138, 365.15, 383.649, 386.232, 382.814, 394.155, 427.68, 378.587, 401.907, 410.573, 368.226, 412.328, 404.086, 396.588, 367.662, 408.896, 385.202, 417.509, 373.397, 392.096, 384.104, 354.851, 387.18, 386.835, 385.956, 365.029, 367.697, 386.964, 376.296, 358.719, 373.467, 360.623, 383.654, 370.096, 421.56, 385.751, 407.804, 387.504, 384.717, 366.182, 374.328, 375.933, 392.616, 402.043, 362.754, 366.605, 363.559, 362.281, 409.523, 368.965, 389.825, 341.66, 371.184, 398.967, 370.855, 352.777, 372.578, 387.659, 407.2, 370.974, 351.474, 365.563, 364.436, 353.168]] 
[[399.586, 371.191, 401.838, 422.976, 384.182, 385.015, 383.869, 401.059, 378.985, 355.599, 396.845, 419.557, 393.571, 377.748, 397.124, 385.73, 398.907, 403.784, 394.818, 423.302, 400.003, 378.341, 441.21, 421.218, 385.587, 418.203, 383.286, 359.12, 388.832, 391.535, 382.232, 379.448, 388.719, 366.249, 439.149, 423.101, 434.389, 410.558, 421.35, 411.874, 404.491, 415.628, 392.657, 392.802, 395.617, 403.026, 374.458, 402.024, 385.626, 384.365, 393.543, 389.049, 364.293, 379.778, 359.124, 356.866, 379.01, 408.073, 376.209, 443.578, 381.714, 388.182, 404.701, 399.32]] 
[[452.917, 457.03, 454.105, 442.451, 458.043, 453.589, 451.368, 449.99, 449.4, 454.117, 449.534, 464.677, 479.995, 436.457, 493.514, 498.643, 454.992, 488.413, 457.646, 455.541, 456.705, 460.64, 463.64, 434.347, 443.295, 455.015, 453.383, 446.505, 434.36, 480.118, 446.662, 420.301, 463.737, 443.942, 413.335, 444.108, 414.362, 434.083, 450.376, 419.16, 407.141, 432.412, 402.417, 407.157, 412.466, 433.111, 394.877, 402.74, 435.244, 427.019, 400.684, 399.109, 405.501, 406.473, 416.625, 386.095, 424.772, 382.483, 397.154, 408.963, 373.932, 413.742, 391.554, 371.022]] 
[[480.373, 452.585, 487.208, 455.865, 455.216, 446.186, 440.674, 459.637, 438.408, 436.074, 449.355, 429.846, 432.225, 424.125, 442.847, 447.608, 448.483, 427.181, 469.348, 428.976, 398.489, 430.746, 418.655, 424.313, 431.08, 443.414, 491.93, 416.871, 485.618, 447.889, 454.346, 458.085, 454.425, 452.194, 471.731, 455.353, 433.577, 444.482, 435.959, 425.52, 478.347, 452.572, 433.065, 424.932, 416.324, 409.107, 426.444, 428.706, 414.65, 416.254, 396.561, 412.223, 402.929, 424.792, 396.912, 393.938, 431.733, 387.234, 393.5, 395.666, 394.838, 393.522, 413.951, 377.436]] 
[[385.767, 349.639, 358.36, 365.018, 369.009, 378.407, 373.753, 377.544, 381.284, 366.121, 400.182, 362.273, 389.94, 443.105, 391.685, 399.237, 389.068, 383.451, 388.647, 397.382, 395.631, 379.923, 387.75, 378.238, 409.899, 378.169, 370.355, 397.11, 370.971, 350.956, 365.949, 1011.392, 399.197, 405.153, 382.256, 388.274, 368.8, 391.501, 365.482, 410.928, 385.342, 399.471, 467.785, 380.142, 360.882, 417.903, 425.445, 410.748, 430.45, 421.447, 377.414, 389.566, 381.717, 383.41, 367.735, 371.977, 400.347, 378.352, 350.46, 418.612, 361.463, 355.384, 374.008, 363.711]] 
[[351.941, 442.952, 385.963, 361.382, 351.329, 354.099, 366.526, 386.635, 398.887, 370.739, 388.935, 452.307, 399.924, 387.735, 439.563, 436.928, 367.327, 388.54, 367.317, 402.727, 421.327, 398.44, 445.342, 391.305, 384.61, 384.632, 388.012, 386.61, 375.307, 390.872, 381.051, 383.293, 370.719, 381.153, 371.479, 379.261, 368.334, 403.076, 372.472, 367.347, 372.033, 377.759, 429.804, 374.826, 369.664, 371.157, 378.38, 388.835, 343.842, 356.95, 354.701, 413.714, 336.403, 341.088, 381.294, 391.807, 379.006, 354.515, 355.644, 350.987, 355.249, 403.043, 352.717, 359.774]] 
[[414.727, 417.144, 415.427, 443.588, 382.14, 382.277, 418.969, 445.777, 381.124, 406.563, 447.491, 444.383, 410.165, 428.186, 425.507, 467.776, 429.429, 423.457, 441.111, 402.86, 465.177, 410.091, 406.626, 428.503, 396.83, 394.924, 407.95, 400.673, 427.858, 396.132, 384.361, 412.923, 386.194, 386.93, 395.949, 394.029, 421.421, 382.974, 378.972, 366.763, 377.293, 371.993, 372.189, 371.831, 378.87, 423.158, 380.426, 381.57, 380.314, 391.923, 395.927, 381.02, 366.774, 376.08, 379.171, 381.25, 348.824, 367.258, 396.064, 359.292, 387.27, 395.849, 364.099, 375.07, 347.768]] 
[[438.492, 390.323, 446.496, 379.251, 400.906, 420.018, 429.679, 405.137, 436.012, 411.423, 444.132, 410.36, 427.455, 414.828, 432.051, 397.673, 405.78, 409.359, 399.014, 390.958, 388.32, 405.792, 370.633, 388.055, 388.641, 417.455, 410.2, 415.622, 419.81, 398.25, 386.522, 393.793, 397.363, 401.058, 378.615, 406.386, 367.061, 414.708, 393.986, 406.011, 410.816, 412.266, 1048.823, 391.163, 384.454, 381.579, 396.518, 382.856, 368.039, 368.283, 402.138, 361.381, 384.371, 367.897, 370.853, 396.552, 408.869, 351.392, 386.253, 397.07, 408.178, 379.263, 376.267, 365.237, 353.687]] 
[[392.041, 396.987, 387.468, 404.043, 385.442, 381.985, 376.909, 370.658, 369.282, 436.53, 378.606, 378.739, 396.538, 393.79, 386.412, 433.415, 400.443, 381.604, 389.559, 382.809, 401.532, 383.451, 381.999, 379.031, 379.658, 405.656, 394.269, 389.696, 399.004, 388.882, 391.805, 378.902, 382.265, 378.669, 365.651, 385.838, 393.108, 396.872, 367.748, 353.179, 370.231, 368.593, 379.801, 358.457, 360.984, 382.623, 356.277, 359.8, 382.643, 353.524, 352.707, 378.748, 370.967, 366.062, 345.883, 339.013, 354.45, 370.405, 344.747, 366.244, 373.493, 422.269, 370.248, 362.217, 388.23]] 
[[420.449, 409.318, 379.251, 397.33, 386.825, 413.341, 375.499, 398.046, 428.014, 402.091, 416.324, 433.393, 390.345, 403.249, 408.479, 437.875, 412.546, 437.057, 385.979, 393.026, 393.948, 399.615, 453.074, 400.992, 468.132, 373.584, 416.852, 386.368, 375.064, 446.392, 385.656, 394.014, 404.851, 427.455, 407.715, 405.865, 411.182, 403.163, 438.347, 420.354, 386.318, 387.632, 402.333, 409.401, 438.65, 405.297, 383.395, 393.1, 390.857, 392.635, 388.657, 403.044, 382.649, 387.848, 373.537, 397.524, 358.587, 370.134, 344.085, 363.766, 345.025, 351.415, 417.776, 370.749, 361.54]] 
[[457.146, 419.284, 439.536, 429.886, 398.394, 389.97, 406.285, 406.624, 391.758, 392.429, 452.895, 402.301, 392.313, 393.361, 408.596, 409.153, 418.533, 420.823, 405.71, 408.506, 394.421, 383.296, 391.612, 390.308, 402.743, 390.005, 388.33, 416.368, 410.598, 422.782, 439.16, 378.266, 373.38, 409.52, 392.473, 391.32, 394.617, 381.967, 376.717, 392.693, 451.412, 442.787, 374.738, 406.828, 396.386, 418.879, 405.291, 402.74, 401.127, 385.154, 383.381, 375.572, 377.501, 422.784, 382.546, 391.058, 375.116, 352.176, 355.57, 357.925, 418.7, 401.138, 368.031, 375.941, 408.194]] 
[[387.533, 382.685, 386.564, 452.734, 385.4, 438.737, 409.662, 420.862, 383.8, 407.777, 411.664, 411.339, 407.476, 419.722, 420.058, 405.165, 395.346, 431.826, 387.112, 406.651, 399.012, 412.709, 409.238, 389.338, 386.601, 385.443, 388.645, 372.642, 394.74, 369.54, 382.843, 395.33, 392.466, 388.472, 415.315, 391.929, 369.012, 393.435, 412.927, 387.284, 373.625, 378.71, 367.781, 381.935, 384.929, 418.732, 390.001, 390.941, 393.921, 373.755, 372.721, 372.445, 365.391, 356.105, 357.087, 379.942, 403.911, 369.652, 352.622, 378.222, 377.228, 364.089, 398.221, 388.464, 344.404]] 
[[430.654, 459.15, 478.048, 440.37, 464.285, 425.52, 446.305, 439.875, 448.655, 430.588, 436.139, 415.169, 452.364, 421.045, 445.797, 479.83, 434.691, 416.742, 426.98, 433.623, 404.246, 409.36, 418.645, 425.709, 399.877, 411.679, 450.887, 408.857, 423.318, 408.458, 419.969, 428.676, 422.499, 417.333, 406.288, 438.174, 413.344, 407.857, 419.605, 419.843, 413.662, 404.126, 411.555, 396.473, 413.374, 394.67, 388.16, 400.497, 380.516, 395.139, 389.114, 387.6, 406.771, 361.585, 417.653, 376.518, 374.127, 372.268, 362.263, 374.725, 441.223, 391.016, 387.549, 371.502, 353.255]] 
[[475.72, 448.631, 419.843, 451.928, 439.129, 469.253, 480.174, 461.804, 460.782, 468.891, 489.485, 455.702, 456.327, 454.23, 452.053, 441.466, 430.314, 422.313, 461.819, 439.229, 406.389, 424.17, 447.429, 435.143, 436.543, 428.912, 455.318, 420.083, 469.347, 464.703, 446.266, 456.452, 475.411, 459.388, 453.424, 475.913, 443.92, 444.614, 435.064, 453.454, 417.646, 420.033, 423.117, 413.04, 403.945, 436.729, 412.685, 410.465, 431.826, 413.931, 437.97, 433.381, 423.097, 448.594, 414.031, 416.76, 410.475, 421.184, 393.762, 386.192, 405.066, 377.413, 386.413, 391.891, 349.688]] 
[[416.269, 405.005, 413.674, 406.085, 392.271, 423.223, 424.113, 374.544, 421.581, 382.244, 390.235, 423.588, 399.242, 383.256, 394.627, 418.828, 416.411, 413.353, 407.708, 419.432, 423.958, 407.987, 418.537, 433.572, 420.968, 400.04, 398.778, 407.126, 398.543, 398.357, 704.522, 381.755, 385.237, 394.283, 375.376, 403.179, 397.272, 419.795, 398.029, 399.129, 364.534, 382.028, 432.783, 391.393, 434.2, 418.148, 413.121, 402.766, 401.899, 408.571, 422.676, 388.368, 401.656, 375.374, 514.647, 493.72, 470.428, 474.701, 463.235, 443.705, 443.283, 419.155, 419.25, 409.516, 426.389]] 
[[450.134, 425.904, 436.454, 431.041, 423.144, 401.439, 397.045, 398.139, 444.688, 380.758, 382.506, 383.997, 385.634, 405.569, 411.773, 440.86, 365.634, 401.04, 377.3, 389.758, 392.52, 392.979, 406.501, 389.271, 436.904, 394.421, 390.178, 400.019, 376.368, 412.96, 433.747, 384.484, 407.568, 384.03, 370.609, 388.242, 391.32, 387.493, 389.503, 425.007, 391.687, 395.509, 397.317, 378.224, 385.143, 406.14, 377.221, 404.877, 375.894, 386.557, 346.333, 391.47, 355.464, 375.97, 370.621, 383.786, 408.877, 375.421, 350.029, 350.3, 359.509, 405.612, 346.882, 343.761, 373.982]] 
[[393.838, 407.14, 413.07, 396.05, 400.771, 426.02, 381.461, 434.271, 414.279, 398.274, 405.615, 460.237, 1672.299, 424.375, 383.107, 366.361, 384.647, 401.112, 389.211, 398.485, 424.813, 422.1, 378.586, 372.856, 374.831, 400.946, 393.631, 390.871, 356.837, 411.75, 438.132, 455.749, 626.99, 493.344, 512.613, 445.97, 549.172, 519.993, 600.94, 625.663, 670.802, 729.126, 688.72, 772.927, 726.491, 771.206, 816.446, 861.334, 873.505, 771.219, 952.613, 881.824, 909.201, 952.209, 976.852, 978.3, 1083.54, 980.882, 1002.189, 1021.602, 1050.581, 1118.276, 1059.185, 1171.6, 1110.341, 1187.627]] 
[[518.36, 384.142, 404.677, 451.229, 447.193, 496.852, 595.573, 502.635, 747.414, 528.631, 588.017, 600.203, 654.094, 615.64, 825.197, 655.149, 712.431, 763.981, 839.326, 802.561, 862.092, 924.08, 890.179, 933.877, 849.479, 977.217, 955.435, 1014.15, 980.631, 1025.459, 1113.787, 1060.694, 1064.698, 1143.617, 1178.416, 1100.666, 1134.935, 1217.783, 1259.887, 1165.717, 1252.499, 1301.5430000000001, 1304.431, 1326.0230000000001, 1358.465, 1416.568, 1434.877, 1377.559, 1343.584, 1487.49, 1425.109, 1509.723, 1544.601, 1642.752, 1668.118, 1606.15, 1544.912, 1726.779, 1646.9270000000001, 1774.754, 1661.731, 1735.071, 1698.2359999999999, 1757.652, 1772.549, 1790.034]] 
[[527.373, 499.208, 470.097, 620.613, 507.837, 634.972, 535.869, 568.784, 716.384, 620.244, 780.096, 723.398, 644.135, 819.012, 793.883, 756.172, 926.679, 868.984, 812.287, 920.102, 860.5, 1032.879, 954.75, 925.063, 967.929, 1068.659, 1013.629, 1130.343, 1208.02, 1077.929, 1158.052, 1122.404, 1273.603, 1174.519, 1197.308, 1280.454, 1223.596, 1452.097, 1306.888, 1364.779, 1584.55, 1532.088, 1461.664, 1703.8139999999999, 1749.991, 1607.397, 1833.425, 1759.431, 1920.342, 1860.868, 2033.297, 2066.659, 1931.836, 2237.853, 2086.884, 2149.974, 2261.182, 2309.913, 2426.067, 2354.13, 2503.678, 2627.0209999999997, 2675.446, 2537.2290000000003, 2686.799, 2422.946]] 
[[479.416, 468.238, 504.239, 468.916, 466.294, 478.008, 500.987, 449.34, 430.817, 448.888, 430.46, 439.721, 441.312, 441.41, 440.565, 439.382, 477.523, 429.493, 423.668, 419.024, 435.536, 444.023, 434.67, 415.85, 476.271, 443.589, 440.883, 469.019, 476.944, 463.276, 463.884, 455.254, 456.374, 501.771, 439.378, 473.76, 482.126, 476.016, 444.806, 437.902, 431.703, 439.845, 427.401, 433.15, 415.848, 423.083, 405.853, 403.384, 447.273, 412.08, 406.055, 380.991, 397.843, 412.331, 397.426, 406.455, 413.923, 418.888, 426.375, 417.092, 404.438, 380.307, 429.499, 406.357, 416.237, 401.143]] 
[[430.642, 420.788, 449.823, 426.733, 434.763, 421.156, 412.589, 422.381, 442.482, 405.951, 427.382, 431.267, 401.196, 423.223, 430.931, 419.604, 447.849, 435.323, 442.408, 428.121, 437.248, 414.879, 425.783, 433.296, 450.531, 427.072, 429.043, 472.496, 407.536, 411.601, 444.541, 433.203, 435.946, 458.452, 423.177, 436.904, 436.067, 448.202, 418.905, 426.591, 419.023, 428.954, 425.173, 411.504, 433.628, 430.546, 428.476, 418.533, 406.768, 428.375, 404.697, 403.7, 407.682, 395.136, 395.188, 409.104, 393.266, 417.07, 411.57, 423.862, 441.875, 444.652, 418.597, 413.881, 438.667, 397.977]] 
[[404.806, 414.727, 414.83, 434.291, 417.166, 412.614, 414.412, 428.637, 447.257, 417.826, 443.39, 413.437, 428.492, 435.797, 426.984, 410.697, 413.955, 437.646, 465.077, 399.949, 432.367, 424.106, 436.912, 450.806, 420.677, 409.506, 432.585, 400.496, 404.209, 402.595, 429.07, 426.838, 410.8, 416.667, 409.157, 423.733, 425.329, 456.605, 408.577, 428.331, 426.638, 425.07, 416.138, 405.226, 423.46, 416.458, 413.378, 403.264, 392.422, 395.668, 392.681, 424.535, 418.778, 409.139, 421.503, 402.99, 393.87, 412.225, 444.462, 448.284, 441.47, 401.763, 403.79, 434.824, 396.234, 394.569]] 
[[471.344, 496.714, 515.892, 462.533, 466.011, 482.13, 473.795, 520.844, 481.109, 462.723, 468.076, 463.912, 476.255, 476.462, 457.611, 478.946, 469.96, 467.924, 462.998, 467.779, 457.311, 451.057, 495.229, 441.363, 433.763, 456.615, 423.356, 444.337, 441.962, 459.079, 441.329, 447.907, 1505.718, 436.203, 416.832, 448.622, 428.421, 439.797, 418.924, 406.735, 436.776, 407.378, 403.777, 418.353, 392.69, 429.879, 389.848, 375.199, 379.796, 435.02, 417.911, 394.421, 386.17, 383.726, 386.127, 429.601, 379.053, 396.442, 371.37, 398.194, 377.118, 396.902, 370.327, 389.611, 372.247, 363.324]] 
[[437.08, 443.492, 466.239, 446.867, 456.757, 471.939, 445.937, 436.467, 450.817, 460.472, 436.343, 443.896, 437.152, 438.142, 461.848, 455.853, 438.474, 502.777, 442.19, 466.489, 436.334, 476.759, 515.85, 490.915, 478.202, 464.247, 443.424, 446.312, 470.02, 495.398, 442.61, 493.962, 438.582, 448.804, 476.25, 478.581, 456.747, 470.53, 457.396, 454.629, 465.375, 453.973, 452.227, 469.074, 455.489, 461.399, 491.865, 437.402, 444.493, 473.773, 437.319, 444.601, 470.836, 446.933, 442.719, 460.156, 438.705, 432.188, 456.204, 425.94, 439.083, 431.889, 433.871, 399.753, 424.691, 415.887]] 
[[500.123, 617.067, 510.705, 559.254, 554.106, 504.113, 641.072, 616.301, 569.143, 676.13, 624.708, 640.517, 682.472, 696.844, 727.527, 759.644, 768.827, 790.955, 811.577, 905.315, 831.901, 899.8, 841.781, 907.749, 1014.527, 926.48, 964.758, 933.86, 1004.57, 1015.174, 1036.121, 1065.117, 1072.379, 1121.24, 1090.86, 1159.5149999999999, 1164.899, 1292.842, 1216.583, 1097.521, 1170.673, 1224.26, 1331.385, 1265.975, 1286.8600000000001, 1344.415, 1366.282, 1412.046, 1326.2, 1369.701, 1558.0230000000001, 1417.365, 1428.2640000000001, 1559.237, 1425.993, 1592.126, 1656.115, 1623.496, 1747.9859999999999, 1711.971, 1656.917, 1757.6860000000001, 1768.733, 1709.2930000000001, 1816.633, 1780.921]] 
[[2180.352, 464.486, 495.727, 586.497, 474.511, 494.947, 514.966, 533.737, 582.227, 625.678, 697.778, 583.701, 616.393, 630.066, 676.295, 761.404, 733.948, 699.869, 892.74, 835.043, 751.715, 944.909, 760.136, 810.636, 876.338, 848.387, 939.099, 904.374, 964.002, 1001.028, 1021.496, 1123.02, 959.447, 1084.434, 1020.51, 1038.95, 1132.66, 1089.209, 1201.305, 1117.211, 1202.33, 1129.676, 1196.654, 1228.901, 1340.783, 1272.797, 1345.204, 1365.144, 1379.671, 1466.157, 1390.432, 1515.609, 1414.5529999999999, 1462.896, 1435.52, 1499.09, 1548.536, 1555.6889999999999, 1508.005, 1651.892, 1606.546, 1548.484, 1561.589, 1626.414, 1642.721, 1655.0990000000002]] 
[[507.484, 507.851, 543.463, 517.201, 544.417, 577.033, 579.09, 605.459, 628.757, 643.034, 662.888, 687.267, 971.73, 728.064, 865.751, 782.472, 1027.161, 958.8, 1114.691, 1128.328, 1048.949, 1281.245, 1153.488, 1121.809, 1276.055, 1164.567, 1379.528, 1187.302, 1320.569, 1294.843, 1257.921, 1357.978, 1392.483, 1358.541, 1413.374, 1467.401, 1443.146, 1407.854, 1488.463, 1457.268, 1522.28, 1485.915, 1572.366, 1578.387, 1523.7179999999998, 1656.45, 1606.567, 1579.767, 1667.222, 1674.013, 1768.241, 1691.059, 1719.127, 1713.467, 1764.4969999999998, 1786.257, 1800.9299999999998, 1854.0810000000001, 1806.839, 1906.363, 1843.867, 1865.329, 1996.7939999999999, 1955.578, 1904.342, 1998.205, 2013.547]] 
[[468.252, 484.224, 544.432, 490.893, 526.305, 579.256, 537.368, 584.619, 613.315, 610.979, 629.857, 660.023, 668.508, 719.992, 750.034, 675.857, 756.022, 797.431, 807.654, 853.725, 832.373, 872.222, 901.15, 929.538, 858.264, 927.099, 981.496, 1012.528, 932.298, 1037.599, 999.769, 1125.331, 1041.166, 1148.15, 1154.652, 1206.506, 1163.33, 1206.558, 1237.048, 1258.297, 1303.638, 1268.149, 1389.925, 1301.92, 1326.94, 1375.224, 1354.615, 1401.417, 1442.08, 1402.441, 1899.5140000000001, 1461.979, 1501.285, 1409.492, 1568.979, 1525.966, 1579.576, 1604.071, 1613.058, 1646.458, 1667.9769999999999, 1616.4740000000002, 1670.4569999999999, 1690.533, 1720.357, 1768.136, 1720.876]] 
[[545.648, 513.654, 604.289, 554.023, 606.865, 654.22, 682.766, 606.741, 643.201, 683.354, 701.41, 718.345, 814.635, 720.684, 735.446, 768.735, 805.629, 829.117, 833.862, 857.397, 904.105, 921.797, 1173.2640000000001, 844.652, 923.653, 1176.887, 1250.192, 1186.812, 1202.481, 1263.886, 1334.071, 1520.191, 1486.268, 1379.879, 1537.134, 1412.536, 1496.038, 1662.394, 1555.1889999999999, 1528.665, 1571.9160000000002, 1584.824, 1603.565, 1682.893, 1626.616, 1672.4270000000001, 1731.685, 1685.2640000000001, 1719.5230000000001, 1736.364, 1785.4180000000001, 1751.016, 1791.7150000000001, 1816.252, 1838.13, 1843.38, 1967.7240000000002, 1855.824, 1967.233, 1880.683, 1972.931, 1985.8229999999999, 2016.677, 1889.362, 2060.43, 2009.387, 2092.679]] 
[[453.774, 488.558, 516.714, 489.384, 522.032, 540.094, 568.387, 595.413, 643.146, 607.606, 680.923, 739.335, 635.188, 673.716, 718.587, 782.813, 856.166, 801.437, 707.877, 720.596, 869.515, 840.353, 929.908, 870.101, 985.78, 880.541, 954.246, 924.688, 981.852, 1000.303, 1014.528, 1033.277, 1104.741, 1070.801, 1123.475, 1023.579, 1166.102, 1159.091, 1105.32, 1165.346, 1309.693, 1208.02, 1258.996, 1170.37, 1209.988, 1427.926, 1423.039, 1275.497, 1404.78, 1397.965, 1391.368, 1400.982, 1412.1019999999999, 1435.5520000000001, 1550.2, 1445.804, 1458.857, 1471.642, 1550.415, 1657.438, 1586.5, 1665.3890000000001, 1613.913, 1695.926, 1662.987, 1694.027, 1709.5030000000002]] 
[[428.199, 484.51, 429.228, 434.971, 497.125, 502.478, 477.301, 513.158, 571.513, 520.02, 568.622, 635.453, 581.174, 677.904, 657.44, 758.739, 704.299, 674.622, 809.996, 706.577, 888.61, 737.109, 787.588, 922.172, 802.247, 922.446, 853.418, 927.92, 974.132, 942.174, 985.834, 1003.209, 1023.501, 1054.176, 1069.183, 1086.897, 1104.19, 1185.954, 1117.121, 1130.365, 1218.84, 1179.3600000000001, 1216.028, 1314.845, 1246.812, 1350.208, 1241.636, 1260.713, 1391.905, 1336.716, 1503.453, 1423.57, 1501.69, 1524.632, 1420.886, 1555.02, 1748.527, 1576.88, 1624.451, 1656.493, 1750.4160000000002, 1701.647, 1745.5720000000001, 1762.827, 1826.876, 1767.417, 1778.9160000000002]] 
[[479.096, 419.987, 451.585, 488.31, 513.679, 506.956, 608.846, 583.39, 531.525, 489.718, 594.758, 614.683, 634.244, 671.473, 641.891, 690.633, 722.127, 694.805, 754.227, 719.517, 807.053, 840.262, 756.706, 926.156, 850.724, 882.139, 855.436, 969.703, 979.299, 927.232, 991.13, 1010.387, 977.534, 1015.7, 1036.324, 998.06, 1052.194, 1073.705, 1114.194, 1108.651, 1148.616, 1119.5, 1158.443, 1146.081, 1148.643, 1162.737, 1175.315]] 
[[456.343, 402.236, 434.293, 481.173, 436.124, 489.302, 473.81, 538.615, 480.783, 517.018, 557.975, 599.369, 596.933, 600.473, 607.631, 632.325, 658.309, 606.988, 649.477, 663.407, 681.065, 691.123, 730.233, 745.326, 713.301, 810.841, 751.836, 770.097, 793.418, 826.845, 827.975, 824.328, 865.093, 830.405, 884.913, 835.023, 857.841, 863.804, 907.827, 850.33]] 
[[449.638, 397.955, 481.165, 396.171, 500.198, 430.934, 547.953, 469.831, 480.579, 529.083, 580.626, 543.154, 533.057, 552.361, 504.109, 545.356, 499.987, 537.39, 541.12, 507.287, 520.632, 520.744, 496.307, 519.396, 537.496, 471.25]] 
[[431.59, 473.329, 432.86, 458.952, 479.447, 483.218, 484.915, 530.327, 502.793, 505.674, 524.898, 559.321, 563.176, 636.467, 574.042, 645.492, 611.324, 590.986, 615.049, 583.108, 540.687, 492.867]] 
[[411.807, 441.086, 395.582, 418.727, 429.123, 445.204, 429.218, 444.497, 433.222, 385.936, 400.809, 394.514, 424.19, 385.53, 434.459, 421.049]] 
[[377.145, 392.447, 409.699, 446.054, 414.899, 432.484, 448.585, 445.537, 407.598, 422.338, 421.988, 421.946, 437.044, 436.699, 461.78, 448.244, 417.623, 442.681, 421.35, 422.763, 465.628, 412.976]] 
[[386.231, 431.474, 391.402, 446.611, 452.635, 427.26, 443.871, 447.874, 454.053, 465.149, 473.876, 478.18, 438.465, 462.507, 465.664, 535.317, 475.452, 494.606, 472.12, 445.112, 471.977, 443.358, 440.575, 470.473]] 
[[406.466, 398.364, 467.535, 461.604, 487.889, 457.161, 510.4, 502.922, 517.248, 563.349, 522.009, 629.443, 659.633, 535.819, 607.93, 631.247, 596.894, 597.889, 568.628, 608.52, 600.718, 661.96, 585.589, 611.759, 616.126, 699.222, 642.429]] 
[[547.368, 446.955, 482.035, 488.552, 523.902, 467.526, 461.562, 515.594, 532.035, 568.194, 658.757, 571.806, 669.817, 696.174, 787.14, 808.904, 702.965, 796.457, 835.178, 845.992]] 
[[442.252, 422.139, 419.594, 414.281, 387.501, 389.242, 359.792, 377.698, 394.396, 368.243, 380.883, 355.415, 357.617, 391.559, 389.146, 373.641, 376.667, 369.055, 398.41, 340.721, 378.647, 356.526, 348.742, 351.751, 349.974, 362.275, 377.405]] 
[[421.86, 461.842, 438.544, 446.122, 447.188, 456.143, 446.507, 437.537, 440.664, 413.28, 448.359, 430.1, 426.818, 423.078, 409.885, 402.096, 436.801, 408.348, 414.471, 401.748, 410.446, 1059.314, 380.943]] 
[[391.941, 380.336, 381.701, 372.458, 377.283, 358.134, 360.243, 405.212, 378.258, 370.698, 386.143, 387.335, 361.019, 385.251, 361.526, 353.233, 375.45, 343.524, 391.79, 378.326, 362.229]] 
[[426.064, 375.764, 374.687, 373.658, 368.38, 359.527, 384.21, 381.94, 392.911, 359.496, 383.583, 363.678, 350.7, 371.79, 382.573, 354.866, 352.79, 350.303, 389.752, 367.688, 344.384, 355.071, 353.701, 350.073, 344.505, 343.655]] 
[[404.345, 362.701, 363.694, 383.96, 373.741, 415.751, 417.115, 378.743, 373.208, 401.18, 360.319, 396.859, 368.468, 396.802, 355.656, 353.404, 353.718, 365.212, 368.692, 362.86]] 
[[450.423, 420.905, 420.324, 407.408, 399.264, 414.274, 396.17, 413.585, 409.597, 385.284, 389.112, 369.944]] 
[[422.614, 415.778, 396.878, 388.954, 398.246, 395.151, 387.876, 422.521, 404.942, 399.562, 378.23, 384.229, 383.45, 390.187, 373.797, 414.193, 367.31, 361.501, 363.106, 360.101, 360.411, 351.307]] 
[[456.146, 362.563, 374.063, 414.049, 400.004, 379.507, 413.654, 368.823, 365.993, 369.178, 348.461, 383.096, 359.547, 359.85, 369.551, 355.109, 356.79, 367.17, 353.042, 375.19, 346.994, 345.424, 345.891]] 
[[389.691, 376.038, 385.597, 380.819, 395.557, 465.977, 407.4, 407.697, 388.673, 385.289, 381.979, 399.614, 417.485, 368.866, 363.759, 365.652, 369.168, 413.502, 367.456, 360.18, 369.369, 371.754, 376.837, 407.959, 396.835, 364.166, 375.784]] 
[[410.295, 376.927, 380.39, 418.586, 407.848, 389.565, 380.725, 391.916, 412.487, 387.295, 391.975, 374.536, 381.814, 391.833, 398.739, 359.007, 354.086, 386.608, 366.348, 362.0, 374.485, 365.447]] 
[[380.991, 397.75, 415.704, 406.509, 433.696, 438.35, 398.884, 402.102, 354.058, 402.852, 396.676, 364.357, 390.95, 367.507, 380.568, 374.336, 361.284, 361.922, 405.122, 370.344, 372.123, 377.003]] 
[[401.006, 396.414, 378.586, 369.473, 480.047, 430.38, 431.061, 418.074, 416.541, 373.18, 402.417, 402.724, 400.19, 348.009, 391.751, 411.914, 354.547, 360.188, 382.95, 432.093, 354.449, 400.898, 381.275]] 
[[407.743, 439.614, 372.167, 438.532, 410.039, 420.951, 383.645, 374.695, 375.095, 371.645, 360.889, 371.801, 362.264, 365.426, 372.75, 358.04, 351.301, 370.454, 361.381, 334.795]] 
[[425.562, 412.655, 406.703, 416.005, 386.436, 386.273, 373.614, 388.653, 382.899, 381.877, 409.563, 394.984, 388.544, 398.269, 372.993, 379.44, 390.982, 384.718, 367.304, 416.666, 373.899, 389.569, 377.884, 375.019, 390.442, 373.354, 398.541, 412.27, 360.641, 394.082, 381.28, 365.503]] 
[[410.935, 396.328, 458.441, 429.995, 439.121, 414.661, 404.231, 386.963, 431.537, 404.825, 442.399, 420.764, 414.847, 408.091, 394.764, 374.423, 413.832, 363.222, 369.045, 365.427, 381.971, 349.819, 378.179]] 
[[400.728, 379.033, 370.86, 393.212, 398.072, 411.807, 381.024, 384.472, 365.609, 424.192, 355.425, 391.364, 354.111, 363.456, 404.541, 355.045, 414.364, 365.409, 346.531]] 
[[416.468, 412.22, 453.724, 394.792, 398.314, 417.815, 387.599, 392.361, 412.033, 384.59, 440.976, 432.211, 408.23, 390.225, 393.222, 373.013, 371.124, 368.951, 404.552, 393.138, 404.297]] 
[[385.7, 412.979, 421.637, 408.821, 391.046, 434.308, 413.208, 419.649, 398.236, 432.345, 421.268, 402.167, 406.247, 399.515, 375.729, 379.343, 374.293, 381.748, 393.668, 382.282, 391.883, 380.924, 387.706, 377.862, 404.05, 429.081, 363.242, 371.018, 356.223, 372.54, 374.7, 363.701]] 
[[412.765, 378.085, 414.918, 424.872, 398.188, 420.919, 372.56, 387.002, 367.522, 412.07, 363.663, 346.856, 382.467, 361.597, 369.426, 384.255, 380.209, 409.123, 361.731, 351.789, 356.877, 373.833, 370.655, 347.824]] 
[[365.635, 430.007, 408.746, 406.682, 385.055, 391.158, 382.867, 375.071, 418.277, 385.373, 414.048, 397.459, 400.077, 396.667, 403.734, 373.161, 354.302, 395.843, 432.266, 370.594, 404.216, 389.499, 379.492, 371.781, 383.735, 380.278, 374.887, 366.486]] 
[[437.04, 430.013, 421.608, 419.317, 445.266, 455.854, 443.285, 416.007, 443.242, 412.498, 429.266, 394.409, 400.972, 422.429, 399.249, 386.292, 373.321, 400.322, 384.655]] 
[[405.032, 470.165, 436.167, 390.868, 431.166, 435.25, 394.84, 413.63, 415.321, 433.868, 386.207, 390.982, 386.883, 401.214, 410.218, 399.236, 382.816, 378.734, 367.532, 374.883, 368.431, 373.293, 343.671, 436.163, 389.564, 390.425, 381.103, 370.049]] 
[[399.046, 411.248, 407.994, 411.727, 417.572, 402.281, 378.477, 408.914, 408.516, 383.483, 367.502, 379.174, 369.781, 364.567, 356.76, 367.134, 358.264, 376.043, 371.001, 383.641]] 
[[517.749, 497.362, 471.865, 461.523, 450.869, 424.471, 444.117, 422.444, 461.959, 460.108, 422.758, 422.837, 412.437, 398.308, 410.004, 397.909, 421.269, 389.625, 414.187, 376.574, 386.958, 394.55]] 
[[528.707, 534.503, 526.242, 518.48, 506.591, 474.998, 461.187, 449.118, 453.489, 437.487, 430.606, 458.132, 594.82, 571.634, 527.639, 1386.833, 531.023, 469.255, 475.18, 456.971, 400.485, 402.028, 391.937, 424.758, 385.805, 372.732, 360.046, 357.677, 366.791, 379.055, 385.495]] 
[[456.166, 426.155, 410.59, 429.367, 431.188, 416.495, 404.089, 394.832, 377.271, 410.206, 378.501, 394.153, 366.495, 357.581, 368.391, 357.951, 367.847, 429.922, 377.804, 366.473]] 
average response time [0]405.034
average response time [1]351.804
average response time [2]360.294
average response time [3]358.369
average response time [4]337.663
average response time [5]357.16
average response time [6]337.832
average response time [7]347.162
average response time [8]342.446
average response time [9]372.254
TOTAL AVERAGE RESPONSE TIME ====================: 357.00179999999995
NUMBER OF THREADS ==============================: 1
average response time [10]372.111
average response time [11]399.4765
average response time [12]354.01
average response time [13]349.93449999999996
average response time [14]355.62
average response time [15]367.31449999999995
average response time [16]370.99199999999996
average response time [17]351.9575
average response time [18]377.2315
average response time [19]1368.908
TOTAL AVERAGE RESPONSE TIME ====================: 466.75554999999997
NUMBER OF THREADS ==============================: 2
average response time [20]363.61
average response time [21]358.27824999999996
average response time [22]379.4725
average response time [23]356.48
average response time [24]378.9455
average response time [25]472.3465
average response time [26]375.50925
average response time [27]374.565
average response time [28]371.32625
average response time [29]361.168
TOTAL AVERAGE RESPONSE TIME ====================: 379.17012500000004
NUMBER OF THREADS ==============================: 4
average response time [30]361.82525
average response time [31]354.788
average response time [32]368.275875
average response time [33]355.6265
average response time [34]369.846875
average response time [35]364.5215
average response time [36]369.0595
average response time [37]360.453625
average response time [38]368.009875
average response time [39]368.665875
TOTAL AVERAGE RESPONSE TIME ====================: 364.10728750000004
NUMBER OF THREADS ==============================: 8
average response time [40]407.97087500000004
average response time [41]363.9353125
average response time [42]371.0774375
average response time [43]369.3705
average response time [44]359.069875
average response time [45]364.98875
average response time [46]416.0564375
average response time [47]1320.86325
average response time [48]378.0296875
average response time [49]373.960875
TOTAL AVERAGE RESPONSE TIME ====================: 472.5323
NUMBER OF THREADS ==============================: 16
average response time [50]373.662875
average response time [51]376.217375
average response time [52]391.699
average response time [53]372.79271875
average response time [54]375.5001875
average response time [55]390.31765625
average response time [56]385.42403125
average response time [57]417.39696875
average response time [58]386.019
average response time [59]390.7549375
TOTAL AVERAGE RESPONSE TIME ====================: 385.978475
NUMBER OF THREADS ==============================: 32
average response time [60]386.303421875
average response time [61]386.355203125
average response time [62]421.92771875
average response time [63]413.218171875
average response time [64]381.012359375
average response time [65]394.90975000000003
average response time [66]434.581078125
average response time [67]433.477078125
average response time [68]395.805890625
average response time [69]381.86859375
TOTAL AVERAGE RESPONSE TIME ====================: 402.9459265625
NUMBER OF THREADS ==============================: 64
average response time [70]398.8409846153846
average response time [71]407.5666615384615
average response time [72]379.98601538461537
average response time [73]399.18483076923076
average response time [74]399.9239076923077
average response time [75]391.13643076923074
average response time [76]414.5506923076923
average response time [77]435.2364615384615
average response time [78]417.0412
average response time [79]392.66964615384614
TOTAL AVERAGE RESPONSE TIME ====================: 403.6136830769231
NUMBER OF THREADS ==============================: 65
average response time [80]646.4395151515151
average response time [81]1107.4885
average response time [82]1376.727484848485
average response time [83]438.84868181818183
average response time [84]425.3634696969697
average response time [85]419.5484090909091
average response time [86]449.98239393939394
average response time [87]454.2519393939394
average response time [88]1107.9186818181818
average response time [89]1079.0851969696969
TOTAL AVERAGE RESPONSE TIME ====================: 750.5654272727272
NUMBER OF THREADS ==============================: 66
average response time [90]1315.0587014925372
average response time [91]1116.6515970149253
average response time [92]1325.0724776119403
average response time [93]1081.1070447761194
average response time [94]1071.312104477612
average response time [95]830.710085106383
average response time [96]673.6052
average response time [97]503.6068846153846
average response time [98]532.751
average response time [99]418.43456249999997
TOTAL AVERAGE RESPONSE TIME ====================: 886.8309657594903
NUMBER OF THREADS ==============================: 67
average response time [100]427.614
average response time [101]454.76008333333334
average response time [102]561.0649259259259
average response time [103]620.34565
average response time [104]379.0211851851852
average response time [105]454.87365217391306
average response time [106]374.3852380952381
average response time [107]367.5288076923077
average response time [108]377.8214
average response time [109]406.3575
TOTAL AVERAGE RESPONSE TIME ====================: 442.37724424059024
NUMBER OF THREADS ==============================: 68
average response time [110]387.2883636363636
average response time [111]372.61282608695655
average response time [112]387.15196296296295
average response time [113]384.67781818181817
average response time [114]388.77672727272727
average response time [115]396.44204347826087
average response time [116]380.16134999999997
average response time [117]389.2695
average response time [118]402.34
average response time [119]382.06605263157894
TOTAL AVERAGE RESPONSE TIME ====================: 387.07866442506685
NUMBER OF THREADS ==============================: 69
average response time [120]402.37404761904764
average response time [121]393.97246875
average response time [122]381.21691666666663
average response time [123]390.6212857142857
average response time [124]416.5813157894737
average response time [125]398.48967857142856
average response time [126]386.15625
average response time [127]429.99468181818185
average response time [128]484.5065806451613
average response time [129]396.07385
average response time [129]396.07385
NUMBER OF THREADS: [1, 2, 4, 8, 16, 32, 64, 65, 66, 67, 68, 69, 70]
WORKLOAD: HFU_LV;  
TOTAL EXECUTION TIME (Concurrent Parallel Requests): 117844.268
NUMBER OF REPLICAS USED: 3

