[[437.414]] 
RATE (RPS) =====================================: 1

[[357.375]] 
RATE (RPS) =====================================: 1

[[344.469]] 
RATE (RPS) =====================================: 1

[[369.021]] 
RATE (RPS) =====================================: 1

[[348.297]] 
RATE (RPS) =====================================: 1

[[351.664]] 
RATE (RPS) =====================================: 1

[[367.442]] 
RATE (RPS) =====================================: 1

[[346.802]] 
RATE (RPS) =====================================: 1

[[342.114]] 
RATE (RPS) =====================================: 1

[[352.854]] 
RATE (RPS) =====================================: 1

[[350.834, 358.313]] 
RATE (RPS) =====================================: 2

[[369.905, 371.079]] 
RATE (RPS) =====================================: 2

[[381.33, 389.104]] 
RATE (RPS) =====================================: 2

[[376.086, 365.862]] 
RATE (RPS) =====================================: 2

[[380.412, 374.737]] 
RATE (RPS) =====================================: 2

[[360.073, 361.653]] 
RATE (RPS) =====================================: 2

[[370.338, 356.697]] 
RATE (RPS) =====================================: 2

[[359.389, 362.484]] 
RATE (RPS) =====================================: 2

[[363.018, 355.946]] 
RATE (RPS) =====================================: 2

[[386.657, 361.785]] 
RATE (RPS) =====================================: 2

[[375.09, 354.29, 360.124, 355.356]] 
RATE (RPS) =====================================: 4

[[351.722, 342.587, 345.606, 355.135]] 
RATE (RPS) =====================================: 4

[[352.692, 349.967, 347.31, 353.105]] 
RATE (RPS) =====================================: 4

[[368.98, 368.488, 370.711, 360.162]] 
RATE (RPS) =====================================: 4

[[345.72, 355.043, 359.115, 348.367]] 
RATE (RPS) =====================================: 4

[[349.22, 354.847, 348.884, 350.527]] 
RATE (RPS) =====================================: 4

[[398.319, 363.535, 359.432, 365.344]] 
RATE (RPS) =====================================: 4

[[395.892, 413.755, 385.176, 392.097]] 
RATE (RPS) =====================================: 4

[[347.339, 343.732, 354.897, 354.543]] 
RATE (RPS) =====================================: 4

[[345.022, 390.448, 384.367, 384.983]] 
RATE (RPS) =====================================: 4

[[366.365, 359.405, 348.741, 362.057, 355.297, 355.638, 342.776, 351.948]] 
RATE (RPS) =====================================: 8

[[353.929, 363.599, 350.022, 343.902, 353.755, 354.656, 370.856, 352.292]] 
RATE (RPS) =====================================: 8

[[363.183, 351.597, 361.673, 354.58, 355.43, 390.692, 366.022, 349.825]] 
RATE (RPS) =====================================: 8

[[376.046, 351.463, 380.43, 366.545, 356.064, 352.918, 355.771, 345.667]] 
RATE (RPS) =====================================: 8

[[375.505, 361.997, 341.808, 345.115, 351.394, 350.166, 346.742, 351.602]] 
RATE (RPS) =====================================: 8

[[341.203, 347.224, 351.326, 354.78, 346.8, 345.06, 344.525, 350.934]] 
RATE (RPS) =====================================: 8

[[356.538, 350.636, 340.17, 354.326, 348.204, 359.812, 350.351, 353.897]] 
RATE (RPS) =====================================: 8

[[362.62, 397.659, 355.514, 367.336, 385.159, 345.188, 362.205, 366.786]] 
RATE (RPS) =====================================: 8

[[358.581, 354.535, 368.132, 378.745, 381.689, 366.658, 364.028, 367.87]] 
RATE (RPS) =====================================: 8

[[384.224, 370.31, 377.728, 366.287, 359.941, 383.321, 382.339, 356.675]] 
RATE (RPS) =====================================: 8

[[378.04, 373.602, 379.833, 374.737, 383.642, 379.7, 375.805, 381.53, 406.863, 384.797, 393.069, 393.123, 411.875, 406.788, 395.314, 380.861]] 
RATE (RPS) =====================================: 16

[[367.216, 360.118, 360.234, 368.269, 365.601, 358.751, 357.182, 408.634, 391.548, 387.48, 368.726, 376.904, 383.847, 365.584, 371.757, 368.328]] 
RATE (RPS) =====================================: 16

[[364.301, 356.811, 367.926, 364.396, 356.533, 352.676, 361.13, 396.546, 348.252, 371.332, 346.344, 379.16, 374.987, 365.303, 372.638, 371.03]] 
RATE (RPS) =====================================: 16

[[350.266, 354.863, 374.173, 359.221, 365.468, 386.241, 363.198, 372.532, 353.097, 366.206, 359.142, 364.058, 366.586, 356.731, 351.598, 371.753]] 
RATE (RPS) =====================================: 16

[[363.159, 358.752, 354.757, 358.847, 355.16, 354.915, 351.186, 354.897, 349.551, 346.706, 347.005, 348.853, 349.334, 1018.466, 352.542, 359.732]] 
RATE (RPS) =====================================: 15

[[390.818, 373.487, 365.922, 381.479, 377.419, 384.677, 384.325, 383.371, 383.772, 375.33, 383.01, 385.957, 385.67, 381.444, 385.737, 375.594]] 
RATE (RPS) =====================================: 16

[[349.024, 353.74, 346.43, 361.926, 358.308, 355.842, 350.577, 345.821, 346.399, 357.222, 343.754, 354.901, 358.835, 347.491, 351.956, 362.791]] 
RATE (RPS) =====================================: 16

[[364.402, 364.534, 358.169, 392.369, 350.711, 349.157, 358.679, 362.324, 343.892, 364.926, 358.711, 360.571, 379.484, 365.402, 360.434, 345.639]] 
RATE (RPS) =====================================: 16

[[377.284, 366.456, 375.577, 390.342, 369.84, 356.578, 382.875, 398.378, 372.125, 346.697, 352.113, 362.532, 370.094, 355.485, 353.911, 350.944]] 
RATE (RPS) =====================================: 16

[[401.241, 397.476, 390.24, 386.807, 384.449, 369.515, 369.28, 365.929, 370.398, 1364.99, 345.29, 358.473, 378.214, 350.132, 365.183, 355.018]] 
RATE (RPS) =====================================: 15

[[402.434, 408.442, 420.892, 402.694, 391.158, 388.127, 375.637, 382.799, 383.689, 384.167, 406.096, 388.634, 383.754, 379.427, 380.27, 392.178, 373.47, 371.394, 379.876, 378.388, 376.173, 378.346, 401.092, 404.293, 366.795, 376.814, 389.263, 386.015, 384.065, 381.798, 379.611, 381.297]] 
RATE (RPS) =====================================: 32

[[353.167, 343.404, 366.138, 352.996, 371.734, 363.886, 364.173, 367.335, 390.001, 379.818, 376.52, 365.571, 368.452, 363.449, 386.62, 387.646, 380.017, 369.556, 371.886, 372.803, 385.045, 358.073, 362.656, 360.081, 353.542, 354.245, 379.184, 387.331, 358.618, 380.78, 364.647, 358.636]] 
RATE (RPS) =====================================: 32

[[352.762, 368.261, 363.173, 364.173, 358.982, 356.238, 353.938, 367.991, 356.862, 359.312, 358.098, 369.009, 350.215, 349.27, 361.675, 353.282, 362.503, 351.678, 352.396, 381.158, 356.402, 363.483, 369.101, 361.885, 343.956, 349.987, 372.31, 369.296, 376.806, 375.416, 379.854, 353.909]] 
RATE (RPS) =====================================: 32

[[362.612, 376.79, 359.857, 383.133, 373.463, 381.595, 381.045, 365.281, 368.433, 363.054, 356.135, 356.287, 346.253, 364.253, 344.354, 368.966, 359.338, 371.526, 376.886, 359.765, 363.688, 353.014, 354.801, 387.999, 375.558, 352.392, 359.295, 350.192, 381.651, 364.671, 346.664, 367.043]] 
RATE (RPS) =====================================: 32

[[371.08, 365.724, 356.259, 372.303, 362.433, 408.412, 381.784, 385.245, 398.663, 382.218, 389.978, 404.716, 393.304, 394.089, 395.812, 404.866, 383.043, 401.023, 396.162, 399.795, 361.409, 370.965, 372.546, 359.141, 353.859, 405.514, 391.775, 368.872, 366.891, 364.826, 368.798, 363.713]] 
RATE (RPS) =====================================: 32

[[379.58, 365.31, 359.204, 369.314, 362.155, 365.613, 355.247, 362.779, 358.278, 358.988, 364.706, 364.184, 368.645, 363.137, 363.26, 367.031, 377.273, 357.923, 359.94, 371.272, 365.002, 360.826, 363.425, 369.317, 371.043, 410.79, 392.623, 369.058, 387.546, 380.957, 372.093, 375.716]] 
RATE (RPS) =====================================: 32

[[360.554, 388.433, 379.676, 386.405, 374.913, 359.645, 367.524, 354.104, 351.807, 369.282, 359.895, 362.329, 361.237, 362.83, 378.959, 380.878, 370.398, 350.012, 385.055, 366.762, 362.949, 363.422, 368.437, 372.346, 384.855, 364.803, 379.138, 363.665, 351.058, 374.104, 350.809, 355.731]] 
RATE (RPS) =====================================: 32

[[356.323, 362.34, 357.632, 414.606, 387.399, 362.286, 381.178, 378.941, 395.702, 377.988, 370.755, 372.829, 368.821, 372.284, 386.565, 363.496, 374.205, 356.117, 368.96, 366.965, 356.103, 350.029, 359.904, 346.395, 365.089, 345.356, 354.565, 353.521, 355.03, 355.035, 359.536, 347.596]] 
RATE (RPS) =====================================: 32

[[353.833, 347.66, 388.154, 364.258, 354.306, 368.645, 386.765, 374.03, 360.603, 384.761, 379.295, 355.597, 344.488, 357.273, 370.723, 357.97, 383.755, 377.696, 351.129, 350.644, 358.114, 350.608, 352.877, 348.861, 364.415, 361.303, 371.742, 353.643, 350.594, 345.148, 358.123, 356.589]] 
RATE (RPS) =====================================: 32

[[359.282, 363.067, 391.244, 367.274, 376.488, 383.526, 379.907, 394.609, 385.928, 387.398, 375.618, 392.238, 392.198, 382.577, 377.13, 383.945, 358.952, 361.52, 360.864, 380.368, 354.814, 362.26, 377.401, 378.213, 356.937, 361.346, 368.503, 360.028, 357.995, 351.429, 388.135, 369.32]] 
RATE (RPS) =====================================: 32

[[1076.637, 398.387, 378.496, 388.157, 383.448, 374.788, 378.933, 371.15, 378.457, 389.852, 381.058, 380.967, 381.479, 376.289, 436.135, 421.855, 408.351, 369.086, 388.76, 407.072, 430.795, 430.743, 415.455, 413.017, 393.482, 422.502, 393.933, 416.17, 397.456, 390.366, 404.225, 393.477, 403.778, 390.635, 382.675, 406.591, 393.137, 389.108, 354.617, 363.149, 355.731, 378.207, 373.151, 375.153, 363.977, 364.667, 387.786, 366.463, 392.719, 368.577, 361.259, 372.211, 383.356, 368.214, 411.702, 393.284, 363.538, 372.543, 380.72, 354.494, 361.005, 360.596, 367.293, 369.394]] 
RATE (RPS) =====================================: 63

[[399.949, 364.311, 371.684, 382.55, 405.361, 367.338, 395.617, 407.893, 393.67, 409.562, 403.484, 394.661, 376.129, 377.875, 381.17, 365.127, 374.449, 378.743, 429.398, 389.08, 392.334, 384.534, 367.022, 359.882, 396.542, 403.46, 378.967, 367.764, 386.978, 432.518, 394.463, 424.837, 427.075, 376.541, 399.906, 449.855, 385.015, 436.472, 427.951, 417.087, 378.332, 498.43, 495.055, 426.494, 442.812, 435.881, 396.45, 395.144, 381.834, 423.515, 390.061, 356.819, 408.264, 398.345, 377.763, 457.138, 366.049, 448.595, 389.924, 394.064, 396.284, 376.978, 371.219, 360.183]] 
RATE (RPS) =====================================: 64

[[415.734, 403.155, 391.234, 405.522, 386.983, 379.602, 379.298, 372.733, 363.974, 384.42, 410.358, 368.583, 397.19, 387.159, 386.83, 375.324, 370.868, 380.89, 380.828, 391.086, 386.11, 379.043, 383.889, 425.418, 416.127, 383.337, 361.772, 434.603, 405.873, 411.396, 397.162, 396.261, 384.325, 401.706, 390.474, 381.213, 409.445, 402.471, 398.052, 380.134, 401.77, 377.638, 370.587, 368.829, 369.364, 389.928, 406.236, 387.123, 399.702, 382.294, 374.591, 380.364, 365.79, 362.943, 452.581, 350.411, 502.74, 365.407, 476.796, 404.005, 383.265, 404.691, 388.228, 877.59]] 
RATE (RPS) =====================================: 64

[[404.143, 384.203, 407.389, 390.482, 371.192, 393.009, 397.165, 371.777, 402.76, 388.806, 385.993, 391.533, 374.973, 365.476, 358.062, 360.558, 355.118, 394.066, 410.09, 391.374, 386.506, 371.299, 426.219, 357.302, 381.134, 373.377, 384.842, 400.679, 380.372, 392.526, 383.893, 366.902, 394.916, 394.399, 377.481, 403.458, 397.608, 372.082, 369.128, 407.983, 436.044, 402.537, 382.738, 367.405, 460.418, 413.977, 405.21, 386.65, 374.388, 378.599, 373.554, 358.038, 414.308, 441.198, 366.004, 356.309, 409.163, 355.476, 354.475, 352.942, 350.414, 353.414, 389.712, 385.559]] 
RATE (RPS) =====================================: 64

[[392.191, 381.177, 370.951, 360.208, 383.748, 394.802, 383.003, 379.966, 377.725, 377.595, 400.146, 379.056, 370.356, 375.208, 376.76, 375.979, 413.045, 393.342, 376.056, 380.409, 381.083, 379.693, 369.538, 382.536, 377.107, 371.964, 375.413, 374.251, 368.544, 410.5, 385.198, 401.208, 371.057, 358.618, 387.381, 376.442, 383.579, 396.7, 433.682, 381.094, 408.061, 408.951, 389.929, 391.012, 384.235, 393.688, 378.321, 380.119, 371.214, 368.079, 364.873, 407.251, 373.936, 380.395, 379.877, 399.941, 504.211, 387.901, 412.948, 410.111, 398.096, 365.268, 370.684, 364.45]] 
RATE (RPS) =====================================: 64

[[351.559, 391.187, 359.989, 375.156, 364.752, 429.958, 383.337, 401.965, 391.825, 390.722, 391.288, 391.933, 401.905, 384.475, 402.619, 388.36, 412.218, 392.074, 1393.734, 419.531, 414.378, 429.341, 393.235, 453.245, 410.492, 390.584, 415.424, 403.348, 393.682, 391.208, 389.948, 390.445, 412.188, 394.109, 395.089, 423.467, 374.737, 393.233, 368.591, 392.299, 399.995, 400.93, 391.833, 403.446, 372.375, 377.474, 363.778, 359.058, 360.693, 355.08, 376.78, 463.17, 370.586, 465.867, 431.813, 400.119, 411.037, 391.911, 388.716, 371.999, 405.476, 367.337, 377.062, 370.725]] 
RATE (RPS) =====================================: 63

[[366.666, 367.163, 360.509, 360.067, 371.082, 405.635, 357.335, 383.989, 378.204, 372.289, 369.526, 388.167, 372.993, 375.448, 375.702, 370.99, 382.165, 380.502, 373.211, 369.146, 360.719, 376.587, 378.583, 380.989, 373.847, 363.55, 393.74, 392.128, 400.313, 386.551, 394.685, 405.592, 389.649, 375.244, 398.514, 368.521, 378.045, 395.681, 391.509, 398.952, 391.398, 389.967, 1376.925, 411.588, 388.094, 384.65, 378.165, 400.333, 407.137, 406.649, 436.988, 389.535, 376.256, 410.677, 404.685, 397.263, 473.195, 414.709, 436.035, 407.613, 411.874, 403.814, 397.72, 383.754]] 
RATE (RPS) =====================================: 63

[[360.426, 404.974, 378.316, 384.356, 368.498, 360.877, 382.541, 359.005, 369.451, 361.442, 381.202, 387.819, 378.953, 401.292, 375.507, 390.857, 381.301, 386.772, 371.885, 394.897, 392.324, 454.146, 393.479, 401.414, 422.886, 409.451, 404.957, 404.032, 391.273, 408.522, 381.447, 400.753, 383.61, 372.647, 377.894, 381.11, 415.63, 368.945, 437.099, 398.815, 430.008, 419.837, 390.645, 385.888, 380.765, 360.658, 355.3, 365.366, 355.903, 446.94, 398.968, 451.36, 402.187, 391.386, 359.74, 362.477, 343.686, 416.587, 419.901, 376.687, 376.419, 392.39, 364.67, 389.172]] 
RATE (RPS) =====================================: 64

[[382.404, 383.106, 434.444, 445.404, 427.898, 392.931, 405.338, 392.091, 376.123, 402.814, 420.532, 386.201, 427.112, 405.134, 383.869, 366.869, 382.87, 400.362, 389.328, 404.976, 387.702, 394.967, 388.404, 378.756, 384.011, 383.265, 387.116, 380.458, 382.945, 392.047, 370.731, 379.881, 395.343, 392.942, 399.194, 391.624, 373.534, 357.676, 377.189, 422.782, 387.84, 391.333, 412.565, 398.507, 365.168, 420.02, 386.494, 434.702, 403.825, 392.917, 389.888, 368.633, 369.481, 364.862, 393.718, 393.829, 363.952, 383.658, 353.638, 364.932, 352.075, 350.875, 348.735, 364.78]] 
RATE (RPS) =====================================: 64

[[378.631, 384.109, 366.31, 359.058, 365.239, 382.186, 353.656, 369.248, 420.198, 413.082, 392.837, 389.261, 387.804, 398.788, 411.805, 419.002, 405.171, 430.275, 424.568, 414.45, 409.801, 397.214, 431.22, 390.53, 372.663, 407.276, 382.89, 385.81, 389.548, 389.996, 410.682, 484.704, 467.096, 406.959, 454.613, 427.303, 478.605, 467.908, 480.44, 463.026, 396.79, 413.883, 405.623, 405.006, 421.311, 372.041, 375.008, 454.573, 408.217, 396.097, 490.849, 385.554, 446.724, 426.002, 443.823, 407.033, 394.725, 389.538, 390.64, 402.287, 398.672, 447.556, 441.063, 426.59]] 
RATE (RPS) =====================================: 64

[[391.285, 387.271, 422.771, 416.191, 426.274, 407.162, 411.354, 431.642, 409.367, 410.702, 418.039, 403.656, 409.556, 397.694, 388.983, 439.027, 453.877, 425.855, 445.111, 450.825, 441.982, 461.118, 1368.854, 1225.358, 432.051, 439.78, 431.929, 417.074, 409.579, 417.624, 411.509, 418.853, 410.838, 424.038, 441.971, 423.885, 415.535, 450.867, 412.482, 424.926, 667.751, 479.457, 422.707, 406.057, 425.518, 410.068, 436.748, 407.054, 428.348, 454.767, 459.291, 448.031, 419.532, 413.868, 395.851, 430.39, 414.659, 393.227, 417.471, 418.775, 405.624, 394.82, 389.534, 383.19, 409.213]] 
RATE (RPS) =====================================: 63

[[408.598, 439.204, 435.129, 441.629, 435.739, 421.444, 424.0, 428.32, 464.806, 481.896, 440.591, 423.142, 425.431, 422.36, 435.914, 417.444, 412.349, 453.357, 472.316, 441.26, 438.346, 487.823, 422.076, 427.631, 408.086, 434.937, 432.153, 442.545, 434.127, 410.769, 424.012, 414.307, 418.833, 409.8, 420.759, 429.094, 410.728, 408.048, 401.145, 409.29, 428.222, 377.695, 468.474, 393.938, 457.552, 452.419, 439.638, 429.977, 382.327, 425.22, 398.601, 499.863, 355.185, 407.313, 409.95, 481.331, 441.187, 412.881, 408.082, 370.841, 368.004, 370.013, 400.653, 385.486, 365.762]] 
RATE (RPS) =====================================: 65

[[373.716, 384.609, 391.948, 365.592, 386.232, 386.072, 410.974, 388.805, 406.945, 394.978, 381.726, 377.852, 426.176, 406.429, 397.575, 402.597, 375.386, 363.354, 407.494, 396.938, 360.712, 377.108, 373.027, 366.888, 361.242, 360.802, 362.176, 376.438, 356.166, 367.648, 375.664, 378.414, 361.32, 356.6, 354.324, 396.869, 393.189, 401.398, 395.552, 391.378, 371.66, 377.58, 386.288, 371.061, 375.615, 371.036, 358.602, 374.5, 364.997, 352.936, 364.364, 352.375, 378.952, 381.726, 378.503, 350.91, 351.07, 385.084, 393.784, 378.334, 359.817, 363.208, 377.489, 360.693, 365.645]] 
RATE (RPS) =====================================: 65

[[374.526, 400.977, 378.229, 441.466, 412.653, 412.826, 406.705, 398.228, 459.011, 417.841, 602.783, 393.725, 475.101, 426.366, 424.387, 438.396, 429.827, 428.667, 417.345, 410.048, 381.187, 373.46, 388.887, 385.698, 368.823, 376.644, 416.434, 388.165, 385.187, 390.398, 400.661, 414.647, 394.308, 402.823, 397.14, 405.833, 405.463, 380.596, 407.834, 411.958, 390.055, 388.499, 377.405, 377.543, 399.316, 393.592, 386.038, 375.418, 380.384, 373.092, 380.477, 411.533, 397.489, 407.811, 404.349, 398.332, 388.887, 435.698, 374.081, 418.103, 434.828, 412.303, 390.375, 390.56, 369.052]] 
RATE (RPS) =====================================: 65

[[390.429, 392.601, 395.579, 357.13, 381.682, 394.311, 375.337, 371.381, 387.153, 380.41, 378.341, 368.701, 363.843, 437.786, 395.506, 395.771, 377.88, 433.047, 426.013, 405.557, 402.886, 403.755, 396.154, 382.365, 389.212, 379.221, 388.373, 382.484, 382.957, 370.291, 401.51, 391.556, 384.033, 378.751, 380.37, 390.517, 389.235, 377.75, 387.816, 370.592, 401.973, 389.311, 486.89, 473.59, 378.591, 1001.226, 439.737, 946.694, 891.395, 1374.872, 899.942, 912.442, 897.394, 898.921, 856.371, 827.782, 830.542, 808.903, 809.032, 1410.511, 797.572, 780.851, 779.634, 765.48, 764.764]] 
RATE (RPS) =====================================: 62

[[457.704, 398.122, 416.46, 493.159, 455.113, 502.425, 524.111, 542.585, 560.43, 638.396, 579.483, 606.276, 655.36, 782.734, 683.325, 720.078, 787.217, 807.075, 874.262, 827.375, 917.098, 886.535, 947.984, 979.232, 1002.363, 1074.381, 1009.475, 1039.385, 1110.118, 1074.396, 1117.637, 1131.306, 1153.483, 1170.067, 1191.701, 1206.362, 1230.096, 1357.969, 1241.974, 1262.2649999999999, 1286.221, 1363.734, 1298.365, 1371.0430000000001, 1442.455, 1382.185, 1460.554, 1398.005, 1468.002, 1527.437, 1493.037, 1577.614, 1627.192, 1535.1970000000001, 1707.4099999999999, 1584.921, 1653.638, 1620.458, 1794.4940000000001, 1746.1570000000002, 1797.902, 1814.263, 1834.28, 1839.745, 1878.266]] 
RATE (RPS) =====================================: 24

[[421.5, 510.056, 444.634, 515.584, 525.358, 580.626, 465.387, 527.598, 628.903, 598.06, 700.326, 633.796, 729.902, 708.206, 767.039, 738.68, 786.242, 803.382, 824.414, 848.443, 942.702, 897.123, 842.618, 855.45, 938.389, 953.468, 1034.495, 961.804, 990.748, 1026.254, 1060.038, 1024.442, 1065.232, 1109.88, 1061.775, 1107.483, 1118.663, 1138.226, 1188.013, 1147.705, 1197.17, 1176.17, 1253.651, 1194.893, 1260.446, 1394.308, 1303.996, 1421.375, 1310.463, 1249.301, 1424.071, 1430.592, 1489.492, 1656.2640000000001, 1445.884, 1475.329, 1514.675, 1551.269, 1469.17, 1506.596, 1527.847, 1560.99, 1537.008, 1573.425, 1585.172]] 
RATE (RPS) =====================================: 28

[[517.533, 433.832, 560.534, 627.3, 646.167, 697.139, 742.537, 781.754, 834.416, 881.207, 913.11, 954.909, 999.091, 1052.601, 1074.652, 1228.404, 1114.188, 1152.386, 1298.318, 1243.857, 1364.371, 1459.439, 1385.1689999999999, 1496.58, 1581.255, 1532.312, 1678.433, 1720.066, 1602.577, 1795.644, 1740.2179999999998, 1834.3600000000001, 1870.136, 1949.746, 2657.765, 1933.519, 1928.136, 1916.646, 1912.152, 1897.798, 1889.525, 1886.971, 1895.1109999999999, 1876.1309999999999, 1871.391, 2602.309, 1864.0990000000002, 1852.5230000000001, 1850.22, 1836.537, 1826.5720000000001, 2536.615, 1808.261, 2016.51, 1804.2640000000001, 1780.647, 1782.408, 1763.691, 1753.79, 1736.73, 1733.56, 1713.38, 1711.9189999999999, 1691.296, 1673.432]] 
RATE (RPS) =====================================: 13

[[350.732, 380.939, 352.34, 371.177, 363.163, 365.469, 365.932, 381.99, 372.535, 389.279, 409.16, 375.482, 396.528, 375.228, 380.508, 378.739, 379.0, 383.739, 384.667, 370.949, 375.112, 391.841, 378.95, 385.031, 370.037, 376.687, 383.129, 390.955, 373.964, 373.297, 365.984, 365.78, 378.275, 378.596, 364.792, 958.342, 368.453, 959.624, 951.753, 945.244, 939.786, 939.715, 931.614, 930.98, 915.462, 909.611, 911.833, 890.981, 897.133, 880.624, 873.763, 867.628, 845.942, 840.815, 818.962, 814.413, 795.224, 1400.8609999999999, 763.595, 754.702, 749.334, 908.223, 903.159, 897.805, 878.691]] 
RATE (RPS) =====================================: 64

[[375.981, 380.898, 363.454, 364.135, 359.529, 389.097, 375.128, 375.783, 366.137, 379.681, 357.526, 1396.008, 385.995, 378.468, 393.415, 378.773, 375.233, 380.267, 390.469, 390.64, 370.59, 402.442, 439.195, 392.67, 427.433, 410.335, 404.424, 398.588, 401.149, 396.296, 408.891, 408.087, 393.27, 385.718, 396.832, 390.671, 386.433, 403.712, 381.587, 404.715, 392.594, 391.243, 417.193, 378.804, 439.128, 415.647, 400.794, 384.008, 391.843, 371.654, 424.434, 420.484, 409.358, 387.064, 419.861, 393.72, 382.891, 381.683, 381.212, 368.611, 381.303, 362.79, 405.718, 382.996, 385.868]] 
RATE (RPS) =====================================: 64

[[436.959, 437.151, 418.926, 400.989, 421.603, 397.478, 404.934, 391.407, 413.653, 398.244, 394.007, 390.754, 404.318, 394.744, 410.54, 396.617, 390.889, 416.256, 401.935, 394.929, 414.461, 420.108, 429.84, 395.67, 395.107, 397.815, 422.446, 386.951, 380.989, 388.384, 422.904, 379.418, 426.214, 426.231, 463.442, 402.333, 411.632, 411.073, 401.313, 1431.0149999999999, 412.04, 437.441, 423.296, 396.486, 437.037, 412.074, 375.976, 397.009, 379.137, 404.805, 371.478, 355.145, 396.083, 410.226, 375.33, 459.223, 374.336, 385.379, 378.077, 381.087, 395.744, 407.78, 383.27, 392.382, 374.264, 380.553]] 
RATE (RPS) =====================================: 65

[[381.082, 381.705, 401.025, 418.358, 427.761, 469.262, 465.619, 497.232, 490.569, 547.346, 566.467, 499.929, 479.521, 555.206, 569.41, 597.513, 593.999, 608.241, 673.406, 649.15, 679.176, 703.244, 589.917, 703.143, 723.619, 757.398, 819.105, 718.197, 776.076, 745.295, 880.027, 830.588, 875.846, 897.625, 903.008, 917.398, 965.701, 929.895, 1010.754, 980.253, 1014.035, 1045.782, 1006.902, 1048.211, 1094.607, 1059.171, 1105.326, 1132.208, 1133.443, 1161.794, 1111.983, 1157.586, 1130.859, 1156.625, 1165.371, 1110.792, 1211.604, 1186.781, 1142.261, 1186.07, 1250.398, 1199.067, 1192.849, 1228.193, 1241.142, 1264.929]] 
RATE (RPS) =====================================: 39

[[476.79, 414.669, 437.826, 443.27, 465.849, 472.367, 493.198, 503.297, 523.148, 554.795, 570.42, 598.337, 640.31, 616.353, 579.697, 641.798, 661.773, 680.771, 701.343, 718.007, 736.528, 751.778, 766.252, 782.1, 781.015, 850.613, 784.195, 883.476, 796.788, 890.832, 1617.733, 903.475, 934.53, 956.401, 893.453, 953.486, 976.984, 993.626, 1062.78, 995.579, 1055.374, 1089.061, 989.509, 1053.043, 1172.538, 1099.714, 1120.264, 1153.585, 1029.465, 1112.569, 1151.898, 1193.805, 1134.649, 1149.933, 1239.162, 1250.6399999999999, 1181.208, 1180.554, 1342.185, 1223.586, 1274.963, 1238.684, 1274.175, 1369.945, 1312.562, 1305.471]] 
RATE (RPS) =====================================: 39

[[403.285, 434.477, 499.885, 422.699, 580.836, 503.948, 526.199, 604.537, 637.419, 666.228, 720.164, 685.998, 746.717, 760.566, 768.474, 805.45, 770.443, 814.565, 848.776, 817.69, 856.037, 882.799, 951.84, 915.576, 888.829, 957.864, 968.135, 982.324, 997.315, 1030.102, 1044.005, 1088.874, 1051.157, 1092.313, 1129.912, 1106.482, 1135.874, 1147.083, 1177.591, 1275.0149999999999, 1238.7930000000001, 1210.006, 1300.3890000000001, 1270.391, 1314.66, 1290.7350000000001, 1315.8319999999999, 1326.347, 1336.421, 1348.336, 1458.472, 1380.2350000000001, 1348.046, 1354.47, 1457.67, 1364.716, 1401.071, 1534.4189999999999, 1416.065, 1445.954, 1520.757, 1564.513, 1530.4679999999998, 1568.877, 1588.5149999999999, 1607.005]] 
RATE (RPS) =====================================: 29

[[379.703, 392.279, 414.397, 428.607, 445.1, 480.915, 449.159, 503.939, 587.472, 522.29, 576.397, 572.045, 598.426, 613.932, 628.501, 706.621, 669.606, 712.945, 728.597, 745.41, 775.036, 789.72, 833.474, 801.109, 872.157, 839.936, 885.634, 971.658, 906.886, 919.592, 863.507, 1033.909, 940.783, 960.362, 968.824, 1006.343, 1019.018, 1050.472, 1029.476, 1054.792, 1055.492, 1088.422, 1063.047, 1144.934, 1102.279, 1102.462, 1191.122, 1145.127, 1110.846, 1240.776, 1165.905, 1171.6680000000001, 1254.908, 1279.108, 1398.313, 1334.187, 1423.077, 1398.261, 1531.193, 1337.301, 1423.163, 1377.426, 1371.9560000000001, 1406.59, 1431.462, 1433.853]] 
RATE (RPS) =====================================: 34

[[426.665, 473.937, 426.529, 425.446, 491.246, 453.293, 515.048, 518.121, 635.931, 597.918, 649.278, 652.907, 515.828, 683.623, 649.451, 737.518, 696.855, 672.935, 742.574, 804.941, 2097.747, 749.621, 763.136, 823.16, 780.166, 839.401, 867.075, 846.278, 872.829, 891.517, 899.98, 932.155, 951.029, 901.596, 955.785, 978.173, 955.732, 1060.593, 1094.751, 996.581, 1114.499, 1156.635, 1178.519, 1208.555, 1245.526, 1280.728, 1545.074, 1336.259, 1358.074, 1387.41, 1405.442, 1413.252, 1482.558, 1407.6190000000001, 1434.526, 1485.895, 1565.723, 1516.2060000000001, 1481.7559999999999, 1570.454, 1632.871, 1536.812, 1587.7089999999998, 1537.726, 1585.797, 1598.857]] 
RATE (RPS) =====================================: 37

[[419.724, 441.456, 454.305, 478.591, 473.533, 490.8, 501.033, 537.568, 516.721, 592.438, 536.471, 560.818, 1043.367, 1010.946, 1057.236, 1101.471, 1059.971, 1118.788, 1136.137, 1183.3319999999999, 1231.126, 1201.373, 1305.188, 1230.644, 1257.593, 1302.7350000000001, 1314.569, 1333.208, 1307.595, 1354.5149999999999, 1329.887, 1399.589, 1365.5520000000001, 1412.182, 1442.72, 1444.318, 1463.734, 1463.524, 1491.6979999999999, 1462.16, 1499.289, 1510.4940000000001, 1523.377, 1541.827, 1611.393, 1558.2089999999998, 1575.847, 1608.3319999999999, 1621.034, 1623.624, 1661.296, 1629.105, 1644.498, 1651.363, 1726.742, 1667.609, 1676.27, 1709.554, 1724.6860000000001, 1758.277, 1796.742, 1818.816, 1829.059, 1840.547, 1883.17, 1840.763]] 
RATE (RPS) =====================================: 12

[[417.57, 383.736, 425.399, 439.133, 446.771, 534.46, 455.916, 471.31, 537.219, 609.109, 548.466, 606.963, 684.606, 700.978, 634.479, 740.551, 714.825, 745.374, 758.155, 780.302, 784.692, 790.968, 825.898, 802.084, 841.186, 858.836, 879.954, 892.774, 918.472, 929.652, 951.101, 972.163, 985.547, 1001.172, 1021.71, 1065.04, 1013.331, 1104.223, 1016.13, 1055.625, 1174.145, 1134.996, 1082.007, 1087.458, 1162.516, 1147.0720000000001, 1175.409, 1122.367, 1180.203, 1143.1390000000001, 1178.142, 1321.652, 1227.412, 1341.513, 1499.789, 1369.021, 1434.345, 1377.939, 1431.545, 1477.509, 1522.8609999999999, 1467.824, 1477.1680000000001, 1519.888, 1539.521, 1555.665]] 
RATE (RPS) =====================================: 33

[[397.746, 512.81, 426.455, 432.882, 437.44, 526.878, 521.227, 567.734, 533.41, 565.377, 631.778, 559.293, 620.279, 570.203, 647.717, 644.233, 748.335, 696.081, 649.64, 696.941, 743.84, 972.071, 789.701, 755.297, 780.888, 804.901, 838.681, 809.191, 868.111, 815.253, 887.098, 817.864, 851.618, 909.295, 933.18, 937.012, 852.748, 938.881, 958.56, 965.329, 963.819, 988.781, 1001.303, 933.478, 996.21, 1024.55, 1050.921, 1114.611, 1072.964, 1035.332, 1091.609, 1098.738, 1172.671, 1113.335, 1077.542, 1100.038, 1160.403, 1164.693, 1107.628, 1172.269, 1184.7930000000001, 1149.786, 1184.098, 1201.157, 1213.223, 1221.774]] 
RATE (RPS) =====================================: 44

[[402.776, 498.455, 409.184, 544.818, 542.553, 564.562, 574.806, 594.458, 622.653, 633.019, 650.962, 657.072, 676.869, 697.02, 712.332, 760.29, 739.854, 774.284, 797.371, 827.318, 802.085, 830.55, 857.652, 915.397, 858.496, 882.426, 960.327, 928.273, 899.361, 952.271, 955.957, 972.436, 1002.168, 1027.833, 1029.135, 1036.385, 1058.441, 1070.443, 1088.494, 1158.385, 1213.866, 1106.025, 1224.706, 1254.056, 1260.487, 1301.246, 1274.836, 1319.439, 1341.961, 1400.906, 1379.35, 1343.7730000000001, 1407.757, 1424.72, 1493.05, 1430.85, 1439.291, 1499.3609999999999, 1545.098, 1506.38, 1556.692, 1524.228, 1473.58, 1446.887, 1520.392, 1531.2150000000001]] 
RATE (RPS) =====================================: 32

[[399.524, 544.156, 400.59, 450.966, 422.108, 448.977, 514.345, 539.106, 567.443, 612.009, 696.35, 653.59, 709.128, 728.31, 765.379, 724.681, 786.435, 754.399, 849.37, 793.486, 803.972, 886.387, 907.564, 852.544, 818.347, 909.513, 960.762, 918.099, 982.037, 1092.416, 990.68, 1007.169, 1087.498, 1105.924, 1128.032, 1165.762, 1183.481, 1133.563, 1194.979, 1239.922, 1249.363, 1201.925, 1298.893, 1242.826, 1349.699, 1283.414, 1307.887, 1350.034, 1359.228, 1374.319, 1391.316, 1424.43, 1397.453, 1426.694, 1443.914, 1479.0140000000001, 1449.559, 1483.431, 1512.949, 1483.716, 1537.076, 1510.48, 1572.444, 1640.7440000000001, 1580.133, 1522.529, 1566.171]] 
RATE (RPS) =====================================: 30

[[394.692, 472.177, 394.093, 419.255, 432.943, 461.844, 498.337, 466.387, 542.34, 504.679, 567.713, 545.809, 597.111, 571.886, 606.165, 620.78, 626.843, 643.596, 655.967, 673.933, 689.795, 702.959, 719.922, 737.748, 755.082, 792.884, 762.608, 807.809, 830.842, 878.292, 913.394, 923.699, 929.349, 937.665, 940.06, 955.323, 970.433, 1028.952, 980.808, 994.991, 1028.769, 1041.958, 1808.4650000000001, 1089.051, 1019.548, 1110.098, 1069.814, 1134.285, 1106.416, 1143.392, 1165.459, 1180.408, 1195.831, 1212.969, 1229.858, 1262.3519999999999, 1241.042, 1273.609, 1290.443, 1312.673, 1326.3899999999999, 1344.833, 1364.685, 1391.828, 1444.013, 1502.4769999999999, 1545.7240000000002]] 
RATE (RPS) =====================================: 39

[[407.906, 450.473, 430.222, 445.213, 472.244, 469.058, 490.715, 517.665, 568.857, 467.66, 513.391, 519.652, 544.474, 556.432, 583.804, 513.037, 579.791, 562.936, 589.041, 586.806, 606.682, 569.722, 605.902, 558.189, 561.562, 514.306, 531.531, 544.539, 547.751, 563.587, 491.404, 488.466, 458.566, 444.598, 431.252, 444.055]] 
RATE (RPS) =====================================: 36

[[1413.019, 424.306, 523.015, 458.76, 568.081, 596.244, 636.45, 674.204, 699.666, 728.267, 777.027, 812.152, 838.187, 859.961, 910.924, 941.879, 981.088, 1004.147, 1005.362, 972.415, 992.85, 945.427, 922.753, 891.991, 883.678, 861.999, 814.51, 769.8, 760.396, 748.272, 1411.999, 729.669, 691.788]] 
RATE (RPS) =====================================: 29

[[384.566, 1402.3319999999999, 433.518, 426.231, 422.705, 427.461, 414.048, 410.574, 412.536, 395.095, 385.35, 382.129, 381.241, 470.735, 400.478, 381.477, 410.131, 403.852, 399.066, 390.786, 419.991, 393.686, 389.493, 390.333, 427.506, 386.568, 410.423, 437.336, 1410.576, 412.594, 375.157, 374.558, 378.379, 379.263, 367.402, 356.858, 362.213]] 
RATE (RPS) =====================================: 35

[[421.584, 425.548, 408.232, 400.889, 400.153, 389.446, 375.075, 390.699, 396.116, 448.752, 436.565, 421.518, 417.168, 393.158, 387.665, 429.431, 439.235, 392.092, 413.447, 415.15, 398.828, 400.758, 398.371, 380.114, 381.043, 410.234, 1144.247, 406.701, 478.493, 1386.3899999999999, 412.702]] 
RATE (RPS) =====================================: 29

[[445.449, 1364.781, 443.957, 437.57, 427.532, 432.614, 415.617, 410.615, 420.127, 420.493, 388.604, 396.839, 400.398, 415.339, 401.405, 393.643, 416.568, 401.454, 405.31, 375.863, 404.66, 392.222, 370.986, 474.688, 430.93, 359.811, 349.49, 378.515]] 
RATE (RPS) =====================================: 27

[[392.74, 380.133, 421.296, 381.045, 400.15, 394.232, 403.059, 391.188, 634.151, 424.341, 418.788, 400.545, 435.412, 440.312, 411.102, 1409.228, 391.234, 387.134, 402.611, 387.321, 386.999, 406.232, 398.737, 397.785, 402.438, 394.142, 407.166, 367.594, 385.876, 359.876, 390.98, 618.42]] 
RATE (RPS) =====================================: 31

[[423.085, 421.812, 406.612, 418.67, 408.675, 405.73, 398.036, 416.966, 440.301, 426.661, 426.019, 443.909, 437.535, 413.152, 405.848, 391.099, 492.914, 375.764, 412.293, 407.038, 432.85, 405.006, 407.212, 367.958, 492.85, 482.518, 373.668, 411.608, 397.744, 388.409, 367.736, 407.602, 375.163, 382.45, 355.512, 351.61]] 
RATE (RPS) =====================================: 36

[[378.453, 393.836, 387.68, 404.423, 404.504, 381.107, 385.723, 375.487, 432.974, 427.33, 418.313, 412.085, 388.597, 381.464, 370.025, 385.312, 446.619, 389.85, 396.679, 387.094, 383.755, 379.183, 370.296, 401.243, 396.789, 385.322, 391.105, 392.87, 377.28, 400.862, 431.589, 372.676, 372.739, 346.792, 354.415]] 
RATE (RPS) =====================================: 35

[[383.899, 421.329, 409.639, 464.841, 450.601, 451.1, 422.869, 402.98, 515.98, 379.863, 450.164, 449.355, 449.996, 415.905, 394.047, 410.849, 393.505, 493.449, 467.633, 476.875, 479.905, 416.463, 371.092, 372.674, 396.149, 371.079, 495.813, 420.975, 370.465, 371.911, 381.659, 360.839, 356.467, 349.771]] 
RATE (RPS) =====================================: 34

[[393.371, 423.666, 420.167, 397.013, 1370.884, 378.878, 396.154, 433.821, 399.477, 405.336, 397.55, 385.715, 383.828, 399.446, 399.413, 388.715, 406.182, 401.776, 1378.067, 462.209, 403.517, 445.31, 390.264, 380.049, 417.068, 403.07, 401.563, 384.345, 377.325, 361.717, 362.308, 379.827, 379.352, 350.181, 389.318, 367.183]] 
RATE (RPS) =====================================: 34

[[438.024, 429.332, 412.035, 416.044, 654.227, 409.999, 404.218, 424.087, 424.62, 432.511, 404.973, 420.088, 415.935, 444.261, 449.301, 417.471, 1402.06, 420.489, 405.728, 413.546, 397.67, 438.963, 427.454, 656.115, 407.979, 447.391, 423.388, 411.647, 402.294, 386.143, 402.509, 416.82, 436.272, 412.063, 408.558]] 
RATE (RPS) =====================================: 34

[[409.929, 418.222, 407.816, 397.747, 405.157, 408.406, 413.29, 397.925, 1166.525, 394.843, 412.162, 1400.492, 442.251, 412.312, 459.388, 437.79, 402.479, 409.419, 453.383, 451.403, 421.801, 427.48, 438.214, 422.561, 420.369, 420.686, 404.379, 431.501, 409.822, 429.875, 448.007, 407.655, 397.378, 397.457, 382.294, 403.332, 384.314, 425.081, 379.005, 397.805]] 
RATE (RPS) =====================================: 38

[[398.539, 392.82, 390.901, 376.75, 379.887, 387.011, 380.646, 400.849, 395.07, 446.607, 417.781, 406.361, 416.083, 409.427, 412.058, 441.046, 1167.017, 431.904, 619.782, 1167.921, 495.455, 1411.439, 1394.984, 417.246, 398.211, 378.813, 375.86, 426.75, 412.791, 397.011, 1377.9569999999999, 378.645, 403.996, 378.716, 393.953, 372.198, 371.845, 369.687, 367.394]] 
RATE (RPS) =====================================: 34

[[398.315, 395.054, 390.171, 368.888, 363.742, 401.492, 383.985, 363.56, 386.98, 1104.985, 377.385, 371.72, 390.941, 1356.249, 374.35, 608.275, 391.814, 385.914, 379.977, 369.137, 588.409, 398.651, 401.086, 375.651, 424.021, 386.385, 359.399, 362.909, 1396.843, 427.375, 454.638, 404.953, 409.748, 382.239, 369.894, 376.97, 366.689, 361.376, 361.69, 377.497, 377.384]] 
RATE (RPS) =====================================: 38

[[381.772, 425.191, 397.214, 373.222, 396.277, 387.977, 417.214, 406.237, 376.662, 399.172, 388.781, 387.109, 442.693, 395.087, 375.657, 368.375, 360.506, 369.025, 350.741, 352.624, 361.641]] 
RATE (RPS) =====================================: 21

[[390.763, 387.679, 398.056, 394.58, 391.05, 417.6, 411.815, 406.712, 409.269, 400.153, 387.246, 392.807, 424.034, 414.048, 439.855, 419.28, 416.293, 426.585, 400.753, 405.445, 391.832, 391.064, 401.054, 387.394, 409.238, 380.972, 387.661, 376.829, 379.375, 376.447, 393.69, 376.557, 377.646, 372.933, 359.833, 364.508, 387.908, 360.975, 402.06]] 
RATE (RPS) =====================================: 39

[[397.128, 387.698, 397.529, 395.559, 376.701, 379.311, 410.358, 411.271, 387.19, 410.134, 399.58, 1189.851, 409.431, 432.092, 1126.051, 426.598, 403.134, 422.366, 419.169, 424.479, 429.517, 397.657, 394.839, 392.351, 406.043, 385.62, 1377.926, 405.939, 474.577, 423.328, 391.192, 392.327, 383.312, 413.852, 406.92, 380.209]] 
RATE (RPS) =====================================: 33

[[1407.054, 1395.753, 468.648, 1376.295, 543.815, 484.054, 476.094, 465.39, 470.362, 450.021, 552.636, 542.505, 544.29, 519.889, 518.221, 1406.42, 1386.313, 1383.2930000000001, 1381.06, 1975.964, 2505.12, 458.054, 445.234, 420.322, 432.699, 439.157, 411.334, 399.497, 398.696, 395.639, 499.242, 458.642, 458.182, 563.44, 430.119, 487.06]] 
RATE (RPS) =====================================: 27

[[572.249, 568.524, 557.721, 540.146, 511.263, 1397.069, 1396.789, 1380.96, 1387.136, 1372.682, 1386.09, 1370.901, 1377.246, 679.853, 582.113, 557.126, 539.44, 1397.112, 1397.714, 1416.259, 1379.975, 1433.189, 1408.1109999999999, 1420.09, 1404.3220000000001, 1405.796, 1389.229, 579.802, 800.921, 583.073, 561.131, 565.471, 545.634, 528.8, 531.116, 1535.142]] 
RATE (RPS) =====================================: 17

[[1608.501, 1392.997, 407.805, 394.367, 407.996, 395.167, 391.904, 383.246, 415.106, 374.433, 390.878, 384.354, 380.493, 390.62, 378.026, 395.732, 1189.033, 393.759, 376.451, 408.33, 406.415, 412.191, 397.239, 386.069, 627.6, 383.212, 373.015, 371.465, 374.384, 375.465, 377.081, 379.056, 372.431]] 
RATE (RPS) =====================================: 30

[[391.841, 409.973, 394.761, 401.028, 404.046, 410.173, 390.688, 392.407, 398.872, 399.514, 389.301, 1124.378, 406.367, 413.891, 395.419, 402.324, 378.803, 374.848, 399.004, 420.227, 409.649, 412.353, 390.339, 442.154, 380.502, 377.922, 403.334, 378.539, 378.162, 409.301, 393.635, 385.865, 367.458, 380.718, 369.843, 372.678, 422.341, 408.511, 392.805, 390.174, 392.692]] 
RATE (RPS) =====================================: 40

[[390.028, 378.375, 426.072, 1097.429, 378.012, 382.76, 413.026, 406.38, 398.881, 372.553, 366.145, 382.559, 370.495, 388.556, 411.352, 417.282, 384.379, 379.852, 370.725, 367.432, 382.642, 372.184, 603.995, 379.789, 379.45, 387.057, 367.652, 362.04, 373.418, 365.843, 369.898, 1092.955, 351.91]] 
RATE (RPS) =====================================: 31

[[386.407, 382.577, 388.323, 386.239, 378.535, 388.938, 381.522, 374.76, 407.898, 388.318, 1416.062, 378.657, 397.731, 1421.971, 391.402, 357.652, 375.358, 373.64, 370.986, 390.908, 409.611, 372.963, 364.203, 374.057, 345.684, 361.572, 350.8, 355.266, 356.287, 350.127]] 
RATE (RPS) =====================================: 28

[[396.006, 444.566, 431.224, 417.909, 411.078, 1202.818, 411.152, 413.143, 476.496, 390.848, 438.136, 399.565, 393.367, 385.803, 417.867, 401.054, 411.52, 404.446, 414.447, 1179.76, 417.859, 475.116, 427.103, 430.61, 415.746, 413.482, 409.624, 434.738, 398.281, 1432.5059999999999, 408.6, 387.051]] 
RATE (RPS) =====================================: 29

[[435.55, 1419.532, 444.35, 423.319, 671.611, 411.76, 432.617, 1185.604, 1401.31, 391.213, 423.563, 399.685, 449.493, 2154.628, 412.417, 1614.603, 1399.183, 1396.75, 415.97, 1402.885, 640.388, 1248.87, 407.08, 398.043, 978.6, 955.079, 388.11, 388.738, 381.323, 376.846, 2439.235, 377.618, 2113.845, 381.217, 423.079, 396.366]] 
RATE (RPS) =====================================: 25

[[372.463, 379.349, 1187.712, 371.437, 1734.0230000000001, 1388.093, 405.028, 382.905, 634.084, 430.877, 610.407, 385.977, 496.852, 411.443, 411.759, 1161.688, 421.585, 416.049, 414.501, 402.363, 2095.915, 1447.311, 369.852, 375.046, 374.524, 400.507, 382.716, 409.856, 391.517, 373.931, 362.138, 364.34, 387.149, 420.819, 366.536, 1105.625]] 
RATE (RPS) =====================================: 29

[[1427.004, 371.463, 389.227, 1404.122, 1380.502, 380.779, 1184.909, 403.299, 405.424, 396.828, 1139.627, 607.769, 442.642, 374.005, 388.996, 388.556, 410.562, 396.876, 432.3, 372.719, 2393.32, 1114.03, 448.531, 405.213, 396.201, 604.896, 1310.653, 412.03, 630.19, 1125.9, 401.002, 385.162, 372.049, 393.881, 379.233, 385.739, 367.289, 398.704, 378.221, 400.155, 392.874]] 
RATE (RPS) =====================================: 32

[[621.587, 453.124, 423.847, 389.327, 377.343, 1126.044, 377.873, 1380.153, 1159.188, 395.143, 1386.1109999999999, 406.082, 2143.364, 1394.9189999999999, 378.024, 394.662, 392.731, 404.52, 1395.259, 442.777, 1125.764, 420.191, 413.745, 1396.6309999999999, 588.281, 373.081, 1428.022, 612.601, 391.415, 380.35, 373.041, 369.229, 368.039]] 
RATE (RPS) =====================================: 23

[[423.78, 393.006, 408.053, 402.579, 391.987, 382.12, 1393.462, 411.342, 421.555, 413.1, 388.471, 401.843, 383.946, 387.354, 473.735, 406.595, 397.691, 395.078, 403.82, 425.507, 392.084, 454.728, 435.426, 1439.939, 652.642, 418.199, 378.267, 504.666, 1411.143, 1413.559, 407.054, 372.365, 395.123, 431.628, 483.364, 401.544, 370.364]] 
RATE (RPS) =====================================: 33

[[618.471, 1170.931, 398.792, 382.056, 393.955, 381.238, 369.91, 367.802, 403.258, 1421.622, 1384.316, 395.615, 2146.723, 1329.95, 390.959, 418.196, 448.695, 429.931, 413.786, 403.452, 424.943, 608.965, 412.037, 1382.936, 424.748, 404.414, 399.763, 404.343, 379.22, 378.551, 376.421, 358.789, 582.298, 371.236, 362.299]] 
RATE (RPS) =====================================: 29

[[393.426, 389.992, 366.467, 1377.635, 398.928, 600.878, 387.64, 411.108, 404.578, 395.216, 386.208, 371.523, 387.084, 385.006, 616.411, 381.328, 617.228, 418.055, 389.914, 387.587, 414.457, 1419.966, 390.905, 1374.221, 411.463, 1113.131, 455.624, 1423.962, 398.788, 421.629, 370.268, 585.757, 420.049, 409.548, 383.654, 391.586]] 
RATE (RPS) =====================================: 31

[[387.802, 361.89, 356.067, 362.99, 375.146, 371.843, 377.755, 398.411, 382.284, 376.439, 370.02, 357.96, 1068.887, 375.7, 373.175, 366.99, 375.202, 377.11, 370.971, 389.472, 370.863, 374.644, 421.277, 420.652, 397.629, 396.26, 375.3, 370.837, 372.001, 381.843, 362.911, 368.127, 369.053, 364.646, 375.739, 357.34, 383.988, 373.811, 361.103, 358.093, 364.75, 360.835, 360.918, 372.428, 365.748]] 
RATE (RPS) =====================================: 44

[[376.31, 448.726, 398.244, 405.576, 388.132, 407.174, 389.191, 404.363, 423.243, 413.781, 401.156, 394.324, 423.676, 418.856, 419.577, 394.867, 459.329, 435.044, 433.45, 432.319, 387.767, 417.293, 443.877, 406.319, 390.692, 421.205, 407.088, 420.154, 410.232]] 
RATE (RPS) =====================================: 29

[[402.384, 376.827, 389.514, 416.506, 393.73, 388.339, 380.313, 418.744, 420.064, 412.729, 375.351, 404.545, 402.153, 394.152, 390.742, 388.636, 398.964, 389.758, 1440.4470000000001, 382.444, 374.608, 377.018, 362.657, 350.177, 371.409]] 
RATE (RPS) =====================================: 24

[[409.492, 374.129, 437.391, 416.427, 1223.2359999999999, 454.353, 434.73, 451.012, 425.066, 416.777, 395.021, 412.237, 410.589, 453.073, 404.735, 412.93, 395.792, 413.958, 1475.913, 427.972, 417.011, 1399.8609999999999, 394.904, 403.918, 1412.538, 430.683, 416.548, 423.596, 429.902, 413.844, 429.701, 422.101, 381.419, 377.965]] 
RATE (RPS) =====================================: 30

[[409.481, 364.035, 379.47, 378.949, 373.862, 364.15, 367.123, 365.097, 364.338, 389.946, 408.771, 386.227, 403.107, 410.06, 404.598, 387.123, 395.278, 399.751, 413.674, 387.88, 404.859, 389.73, 388.426, 397.941, 391.625, 384.801, 389.452, 404.595, 422.945, 404.543, 414.955, 389.619, 425.632, 424.859, 415.199, 421.776, 414.431, 438.89, 421.007, 416.964, 424.425, 422.388, 414.233, 401.955, 407.208, 667.478, 437.025, 405.83, 431.56, 403.947, 414.453, 520.982, 448.401, 410.383, 460.629, 407.701, 393.989, 427.775, 401.04, 378.696, 424.479, 384.616, 460.861, 456.123, 423.313, 419.238, 385.866, 377.851, 373.807, 381.461]] 
RATE (RPS) =====================================: 70

[[381.094, 378.508, 367.3, 386.269, 399.302, 387.158, 377.167, 422.087, 403.504, 370.993, 397.095, 387.648, 375.227, 419.506, 382.793, 386.934, 381.014, 371.366, 374.325, 359.079, 362.885, 361.791, 374.794, 378.398, 411.455, 385.995, 381.279, 390.835, 391.056, 382.566, 377.623, 409.467, 390.4, 397.527, 366.322, 373.062, 362.933, 1437.138, 382.593, 380.59, 366.091, 391.331, 471.283, 437.343, 533.554, 1207.217, 437.42, 649.224, 401.929, 409.924, 375.504, 399.165, 434.754, 376.485, 429.679, 423.529, 406.84, 390.399, 390.019, 388.081, 396.678, 403.165, 390.888, 379.517, 436.929, 381.834, 388.164, 383.622, 378.288, 362.938]] 
RATE (RPS) =====================================: 68

[[415.878, 425.988, 416.247, 432.429, 431.636, 421.433, 426.247, 425.11, 411.131, 415.782, 417.418, 430.753, 438.159, 1395.508, 406.472, 1404.02, 422.982, 405.137, 445.684, 407.296, 389.839, 421.44, 404.539, 405.948, 404.521, 420.768, 413.298, 401.799, 399.76, 401.225, 396.936, 403.208, 439.523, 401.005, 394.114, 471.293, 402.708, 432.2, 404.766, 450.18, 398.069, 416.251, 419.44, 406.395, 405.566, 444.888, 426.137, 422.893, 400.298, 446.747, 403.895, 421.281, 403.244, 375.134, 390.377, 373.308, 380.7, 397.678, 383.721, 366.589, 384.695, 378.89, 396.1, 367.491, 359.883, 391.145, 372.556, 386.555, 404.695, 375.254]] 
RATE (RPS) =====================================: 68

average response time [0]437.414
average response time [1]357.375
average response time [2]344.469
average response time [3]369.021
average response time [4]348.297
average response time [5]351.664
average response time [6]367.442
average response time [7]346.802
average response time [8]342.114
average response time [9]352.854
TOTAL AVERAGE RESPONSE TIME ====================: 361.74519999999995
NUMBER OF THREADS ==============================: 1
TOTAL AVERAGE RATE (RPS) =====================================: 1.0
average response time [10]354.57349999999997
average response time [11]370.49199999999996
average response time [12]385.217
average response time [13]370.97400000000005
average response time [14]377.5745
average response time [15]360.863
average response time [16]363.51750000000004
average response time [17]360.9365
average response time [18]359.48199999999997
average response time [19]374.221
TOTAL AVERAGE RESPONSE TIME ====================: 367.7851
NUMBER OF THREADS ==============================: 2
TOTAL AVERAGE RATE (RPS) =====================================: 2.0
average response time [20]361.21500000000003
average response time [21]348.7625
average response time [22]350.7685
average response time [23]367.08525
average response time [24]352.06125000000003
average response time [25]350.8695
average response time [26]371.6575
average response time [27]396.73
average response time [28]350.12775
average response time [29]376.205
TOTAL AVERAGE RESPONSE TIME ====================: 362.548225
NUMBER OF THREADS ==============================: 4
TOTAL AVERAGE RATE (RPS) =====================================: 4.0
average response time [30]355.278375
average response time [31]355.376375
average response time [32]361.62525
average response time [33]360.613
average response time [34]353.041125
average response time [35]347.7315
average response time [36]351.74175
average response time [37]367.808375
average response time [38]367.52975000000004
average response time [39]372.603125
TOTAL AVERAGE RESPONSE TIME ====================: 359.33486250000004
NUMBER OF THREADS ==============================: 8
TOTAL AVERAGE RATE (RPS) =====================================: 8.0
average response time [40]387.4736875
average response time [41]372.5111875
average response time [42]365.5853125
average response time [43]363.4458125
average response time [44]395.241375
average response time [45]381.12575
average response time [46]352.8135625
average response time [47]361.21275
average response time [48]367.5769375
average response time [49]434.5396875
TOTAL AVERAGE RESPONSE TIME ====================: 378.1526062500001
NUMBER OF THREADS ==============================: 16
TOTAL AVERAGE RATE (RPS) =====================================: 15.8
average response time [50]386.8465
average response time [51]368.6878125
average response time [52]361.35565625
average response time [53]364.8748125
average response time [54]381.1005625
average response time [55]369.13234375
average response time [56]367.56296875
average response time [57]366.36096875
average response time [58]361.9875625
average response time [59]373.1410625
TOTAL AVERAGE RESPONSE TIME ====================: 370.10502499999996
NUMBER OF THREADS ==============================: 32
TOTAL AVERAGE RATE (RPS) =====================================: 32.0
average response time [60]396.8860625
average response time [61]399.107609375
average response time [62]400.05398437499997
average response time [63]385.762609375
average response time [64]385.95096875
average response time [65]409.76390625
average response time [66]404.1126875
average response time [67]389.339765625
average response time [68]388.85625
average response time [69]410.993234375
TOTAL AVERAGE RESPONSE TIME ====================: 397.08270781249996
NUMBER OF THREADS ==============================: 64
TOTAL AVERAGE RATE (RPS) =====================================: 63.7
average response time [70]451.67455384615386
average response time [71]423.6931076923077
average response time [72]377.5160307692308
average response time [73]404.31496923076924
average response time [74]544.0416307692308
average response time [75]1137.2014153846153
average response time [76]1057.418476923077
average response time [77]1534.8946
average response time [78]609.6039692307693
average response time [79]406.62393846153844
TOTAL AVERAGE RESPONSE TIME ====================: 694.6982692307693
NUMBER OF THREADS ==============================: 65
TOTAL AVERAGE RATE (RPS) =====================================: 51.3
average response time [80]418.474803030303
average response time [81]854.8038636363636
average response time [82]912.184606060606
average response time [83]1063.4946363636363
average response time [84]949.4228333333333
average response time [85]1031.542893939394
average response time [86]1293.3415
average response time [87]977.2270606060606
average response time [88]866.844
average response time [89]1033.1412575757577
TOTAL AVERAGE RESPONSE TIME ====================: 940.0477454545453
NUMBER OF THREADS ==============================: 66
TOTAL AVERAGE RATE (RPS) =====================================: 36.4
average response time [90]1062.2185671641791
average response time [91]922.1724626865672
average response time [92]517.5413611111111
average response time [93]825.7662424242425
average response time [94]454.2337027027027
average response time [95]464.5098064516129
average response time [96]441.9814285714286
average response time [97]444.44584375
average response time [98]410.33375
average response time [99]391.5563142857143
TOTAL AVERAGE RESPONSE TIME ====================: 593.4759479147558
NUMBER OF THREADS ==============================: 67
TOTAL AVERAGE RATE (RPS) =====================================: 32.7
average response time [100]418.23944117647056
average response time [101]450.3906944444444
average response time [102]460.40614285714287
average response time [103]458.748875
average response time [104]522.0874615384615
average response time [105]461.62782926829266
average response time [106]386.3417619047619
average response time [107]395.1794615384615
average response time [108]473.92330555555554
average response time [109]748.6253888888889
TOTAL AVERAGE RESPONSE TIME ====================: 477.55703621724797
NUMBER OF THREADS ==============================: 68
TOTAL AVERAGE RATE (RPS) =====================================: 33.2
average response time [110]1012.7831944444445
average response time [111]487.72184848484846
average response time [112]413.58146341463413
average response time [113]432.45836363636363
average response time [114]445.94846666666666
average response time [115]496.62253125
average response time [116]821.68
average response time [117]612.3993611111111
average response time [118]629.0946829268293
average response time [119]717.6505454545454
TOTAL AVERAGE RESPONSE TIME ====================: 606.9940457389442
NUMBER OF THREADS ==============================: 69
TOTAL AVERAGE RATE (RPS) =====================================: 28.4
average response time [120]526.1383513513514
average response time [121]598.3034571428572
average response time [122]551.4227777777778
average response time [123]390.15355555555556
average response time [124]412.8263793103448
average response time [125]432.08844
average response time [126]529.3771764705882
average response time [127]409.75545714285715
average response time [128]423.2696
average response time [129]436.48935714285716
TOTAL AVERAGE RESPONSE TIME ====================: 470.98245518941894
NUMBER OF THREADS ==============================: 70
TOTAL AVERAGE RATE (RPS) =====================================: 42.6
average response time sent to Stackdriver [0]350.8695
average response time sent to Stackdriver [1]361.21275
average response time sent to Stackdriver [2]396.8860625
average response time sent to Stackdriver [3]388.85625
average response time sent to Stackdriver [4]1137.2014153846153
average response time sent to Stackdriver [5]418.474803030303
average response time sent to Stackdriver [6]1031.542893939394
average response time sent to Stackdriver [7]1033.1412575757577
average response time sent to Stackdriver [8]464.5098064516129
average response time sent to Stackdriver [9]460.40614285714287
average response time sent to Stackdriver [10]473.92330555555554
average response time sent to Stackdriver [11]432.45836363636363
average response time sent to Stackdriver [12]612.3993611111111
average response time sent to Stackdriver [13]551.4227777777778
NUMBER OF THREADS: [1, 2, 4, 8, 16, 32, 64, 65, 66, 67, 68, 69, 70]
WORKLOAD: HFU_LV;  
TOTAL EXECUTION TIME (Concurrent Parallel Requests): 155799.371


