[[371.498, 379.965, 371.691, 410.558, 350.6, 402.518, 349.655, 362.803, 351.038, 344.687, 339.871, 339.499, 368.897, 357.125, 365.828, 371.857, 402.586, 393.084, 388.545, 425.311, 409.336, 362.378, 385.36, 414.281, 407.755, 399.505, 439.416, 353.143, 381.854, 374.631, 354.383, 371.841, 376.823, 359.431, 381.886, 389.69, 369.932, 352.616, 373.401, 400.118, 348.099, 410.446, 401.144, 396.526, 354.553, 343.869, 353.514, 370.958, 379.675, 358.905]] 
AVERAGE RESPONSE TIME: 376.4617
NUMBER OF THREADS: [50]
WORKLOAD: LV_HF; PAL CONFIG: cache_and_compression; NUMBER OF REPLICAS: 3 
TOTAL EXECUTION TIME (Concurrent Parallel Requests): 1131.37


[[396.436, 357.492, 387.336, 355.06, 352.805, 357.21, 349.555, 353.882, 355.104, 346.337, 347.175, 345.094, 341.292, 345.926, 347.233, 356.58, 345.304, 336.362, 344.399, 338.941, 342.528, 348.298, 344.801, 361.048, 358.119, 357.03, 341.738, 349.983, 341.07, 347.616, 344.433, 345.328, 344.887, 336.656, 347.511, 336.809, 341.301, 347.719, 334.599, 344.506, 349.416, 378.41, 337.507, 404.307, 397.965, 372.356, 439.131, 403.854, 390.217, 357.988]] 
AVERAGE RESPONSE TIME: 356.13308
NUMBER OF THREADS: [50]
WORKLOAD: LV_HF; PAL CONFIG: cache_and_compression; NUMBER OF REPLICAS: 3 
TOTAL EXECUTION TIME (Concurrent Parallel Requests): 807.528


[[367.109, 352.648, 346.291, 348.354, 358.917, 382.247, 358.644, 365.116, 348.855, 359.262, 345.809, 346.773, 369.125, 362.911, 355.486, 389.657, 383.629, 373.979, 375.394, 376.573, 353.708, 359.83, 343.832, 356.555, 370.695, 378.557, 367.165, 371.872, 377.143, 382.635, 365.067, 405.482, 378.296, 395.071, 391.334, 368.713, 350.403, 361.788, 408.798, 382.47, 373.443, 365.701, 388.703, 373.806, 376.606, 439.485, 404.252, 416.623, 359.279, 365.753]] 
AVERAGE RESPONSE TIME: 371.99688
NUMBER OF THREADS: [50]
WORKLOAD: LV_HF; PAL CONFIG: cache_and_compression; NUMBER OF REPLICAS: 3 
TOTAL EXECUTION TIME (Concurrent Parallel Requests): 800.518


[[413.881, 383.938, 391.916, 403.513, 397.018, 391.01, 385.122, 388.363, 377.831, 381.956, 403.912, 403.133, 400.695, 413.746, 410.132, 411.266, 405.977, 402.169, 399.881, 402.245, 400.694, 403.811, 431.895, 441.427, 384.014, 409.8, 446.406, 438.47, 437.031, 413.096, 409.038, 423.854, 437.939, 435.853, 426.333, 418.53, 413.236, 418.763, 398.101, 406.95, 409.807, 417.245, 411.418, 412.132, 404.858, 399.662, 463.239, 401.856, 439.796, 410.306]] 
AVERAGE RESPONSE TIME: 410.66528
NUMBER OF THREADS: [50]
WORKLOAD: LV_HF; PAL CONFIG: cache_and_compression; NUMBER OF REPLICAS: 3 
TOTAL EXECUTION TIME (Concurrent Parallel Requests): 906.303


[[468.221, 461.185, 510.354, 467.908, 466.065, 443.402, 447.069, 442.223, 425.645, 426.278, 418.559, 426.215, 430.966, 411.273, 433.386, 421.299, 429.491, 400.433, 463.871, 403.056, 441.174, 420.786, 437.776, 459.758, 482.198, 440.007, 473.804, 455.214, 462.5, 446.374, 422.992, 424.543, 407.413, 406.211, 402.896, 391.101, 399.152, 415.328, 413.087, 408.893, 1470.201, 420.843, 446.238, 436.364, 1427.574, 434.012, 423.649, 435.298, 433.212, 411.842]] 
AVERAGE RESPONSE TIME: 474.94678
NUMBER OF THREADS: [50]
WORKLOAD: LV_HF; PAL CONFIG: cache_and_compression; NUMBER OF REPLICAS: 3 
TOTAL EXECUTION TIME (Concurrent Parallel Requests): 1870.857


[[500.971, 446.448, 452.692, 465.661, 460.716, 454.045, 475.65, 449.708, 462.656, 440.873, 446.396, 438.614, 455.694, 455.805, 446.599, 448.762, 441.076, 431.509, 478.721, 437.981, 463.954, 450.48, 487.159, 473.403, 448.275, 505.502, 475.498, 487.003, 461.772, 464.258, 466.319, 452.107, 449.886, 480.406, 446.3, 454.339, 462.557, 457.23, 496.847, 477.799, 468.46, 461.179, 467.699, 461.634, 476.143, 448.938, 456.26, 452.23, 445.318, 438.418]] 
AVERAGE RESPONSE TIME: 460.559
NUMBER OF THREADS: [50]
WORKLOAD: LV_HF; PAL CONFIG: cache_and_compression; NUMBER OF REPLICAS: 3 
TOTAL EXECUTION TIME (Concurrent Parallel Requests): 954.058


[[437.511, 412.89, 406.138, 435.901, 447.521, 418.229, 428.555, 423.585, 420.539, 415.397, 435.792, 423.718, 410.192, 384.611, 397.877, 414.645, 408.961, 438.573, 412.322, 431.401, 437.351, 422.559, 419.795, 408.297, 406.319, 437.97, 420.393, 415.382, 391.912, 397.903, 384.067, 386.913, 390.973, 377.561, 367.553, 438.18, 396.92, 386.933, 373.587, 397.405, 387.971, 368.55, 428.366, 412.928, 418.255, 398.467, 410.221, 419.238, 381.388, 385.636]] 
AVERAGE RESPONSE TIME: 409.46702
NUMBER OF THREADS: [50]
WORKLOAD: LV_HF; PAL CONFIG: cache_and_compression; NUMBER OF REPLICAS: 3 
TOTAL EXECUTION TIME (Concurrent Parallel Requests): 994.614


[[398.023, 439.453, 409.655, 385.423, 382.117, 368.01, 360.036, 386.236, 352.454, 383.307, 374.67, 375.1, 366.637, 362.887, 369.776, 376.645, 358.609, 364.532, 374.61, 408.019, 428.175, 399.691, 395.863, 385.663, 381.829, 370.482, 366.888, 394.843, 364.999, 351.791, 381.116, 379.701, 378.149, 357.069, 370.944, 347.877, 348.814, 378.976, 372.945, 364.909, 370.885, 434.32, 398.269, 407.737, 396.639, 370.532, 346.149, 355.304, 351.75, 347.36]] 
AVERAGE RESPONSE TIME: 377.91736000000003
NUMBER OF THREADS: [50]
WORKLOAD: LV_HF; PAL CONFIG: cache_and_compression; NUMBER OF REPLICAS: 3 
TOTAL EXECUTION TIME (Concurrent Parallel Requests): 847.937


[[397.779, 391.518, 369.775, 359.875, 354.497, 362.215, 337.677, 339.21, 368.905, 366.517, 376.303, 375.95, 375.785, 375.138, 386.921, 378.329, 380.188, 365.22, 366.634, 353.943, 380.115, 377.334, 371.459, 418.06, 411.745, 394.461, 372.95, 360.923, 395.279, 389.819, 383.855, 373.935, 369.456, 366.387, 362.818, 370.045, 359.74, 377.105, 354.711, 397.197, 372.162, 430.651, 366.263, 356.767, 456.814, 388.267, 385.911, 405.327, 423.512, 413.607]] 
AVERAGE RESPONSE TIME: 379.38108
NUMBER OF THREADS: [50]
WORKLOAD: LV_HF; PAL CONFIG: cache_and_compression; NUMBER OF REPLICAS: 3 
TOTAL EXECUTION TIME (Concurrent Parallel Requests): 812.106


[[446.632, 444.624, 407.958, 430.197, 421.816, 404.728, 374.376, 384.105, 380.977, 376.081, 368.031, 363.033, 360.904, 363.687, 360.577, 355.414, 363.511, 353.268, 367.463, 368.901, 365.197, 371.986, 367.793, 370.315, 380.437, 380.201, 378.424, 390.51, 391.886, 382.279, 372.409, 386.048, 374.336, 372.311, 356.054, 360.812, 352.231, 357.993, 362.075, 340.474, 345.732, 353.653, 347.028, 349.143, 375.441, 360.84, 365.618, 368.301, 374.877, 380.396]] 
AVERAGE RESPONSE TIME: 374.62166
NUMBER OF THREADS: [50]
WORKLOAD: LV_HF; PAL CONFIG: cache_and_compression; NUMBER OF REPLICAS: 3 
TOTAL EXECUTION TIME (Concurrent Parallel Requests): 725.18


[[460.515, 405.469, 400.629, 391.438, 391.862, 387.687, 392.839, 373.524, 375.776, 371.63, 368.84, 370.666, 363.627, 409.873, 398.817, 391.946, 395.299, 389.745, 410.66, 410.107, 403.518, 391.634, 391.203, 394.395, 375.376, 441.14, 380.552, 373.971, 410.081, 407.042, 407.008, 1368.763, 410.401, 406.58, 392.006, 395.235, 396.76, 388.993, 381.037, 376.676, 373.871, 440.74, 452.843, 385.318, 446.207, 351.02, 409.077, 415.626, 394.244, 361.061]] 
AVERAGE RESPONSE TIME: 415.66654
NUMBER OF THREADS: [50]
WORKLOAD: LV_HF; PAL CONFIG: cache_and_compression; NUMBER OF REPLICAS: 3 
TOTAL EXECUTION TIME (Concurrent Parallel Requests): 1667.708


[[386.479, 371.025, 357.336, 363.696, 340.545, 367.908, 356.518, 358.089, 352.236, 344.982, 338.254, 355.965, 352.076, 334.643, 369.209, 385.181, 374.353, 428.549, 374.886, 391.466, 380.227, 398.143, 344.236, 366.813, 366.337, 375.798, 354.892, 358.171, 377.929, 368.978, 350.536, 349.641, 353.492, 354.268, 342.834, 342.531, 392.228, 365.491, 357.993, 349.601, 376.505, 353.928, 371.006, 367.917, 397.199, 380.839, 357.789, 384.495, 361.76, 361.237]] 
AVERAGE RESPONSE TIME: 365.3242
NUMBER OF THREADS: [50]
WORKLOAD: LV_HF; PAL CONFIG: cache_and_compression; NUMBER OF REPLICAS: 3 
TOTAL EXECUTION TIME (Concurrent Parallel Requests): 1000.44


[[424.603, 397.628, 389.433, 402.919, 398.469, 409.68, 395.333, 430.659, 399.606, 411.824, 388.608, 398.051, 410.997, 406.561, 395.141, 388.02, 411.146, 401.19, 389.892, 401.106, 417.506, 417.345, 428.949, 398.397, 449.219, 401.742, 399.949, 402.282, 413.407, 402.873, 379.525, 390.4, 382.156, 389.187, 401.547, 375.705, 391.9, 374.699, 403.141, 393.209, 443.412, 424.486, 368.11, 399.151, 389.535, 377.063, 378.798, 376.312, 387.09, 367.141]] 
AVERAGE RESPONSE TIME: 399.50204
NUMBER OF THREADS: [50]
WORKLOAD: LV_HF; PAL CONFIG: cache_and_compression; NUMBER OF REPLICAS: 3 
TOTAL EXECUTION TIME (Concurrent Parallel Requests): 900.392


