[[411.152]] 
RATE (RPS) =====================================: 1

[[396.249]] 
RATE (RPS) =====================================: 1

[[385.492]] 
RATE (RPS) =====================================: 1

[[392.27]] 
RATE (RPS) =====================================: 1

[[406.235]] 
RATE (RPS) =====================================: 1

[[422.945]] 
RATE (RPS) =====================================: 1

[[398.994]] 
RATE (RPS) =====================================: 1

[[397.368]] 
RATE (RPS) =====================================: 1

[[392.088]] 
RATE (RPS) =====================================: 1

[[383.835]] 
RATE (RPS) =====================================: 1

[[436.593, 394.524]] 
RATE (RPS) =====================================: 2

[[437.674, 479.604]] 
RATE (RPS) =====================================: 2

[[435.108, 393.952]] 
RATE (RPS) =====================================: 2

[[391.877, 432.57]] 
RATE (RPS) =====================================: 2

[[388.074, 420.151]] 
RATE (RPS) =====================================: 2

[[430.443, 387.889]] 
RATE (RPS) =====================================: 2

[[398.957, 442.455]] 
RATE (RPS) =====================================: 2

[[375.74, 415.61]] 
RATE (RPS) =====================================: 2

[[401.492, 442.255]] 
RATE (RPS) =====================================: 2

[[386.02, 423.971]] 
RATE (RPS) =====================================: 2

[[566.854, 484.468, 490.895, 390.763]] 
RATE (RPS) =====================================: 4

[[407.955, 539.265, 477.756, 430.555]] 
RATE (RPS) =====================================: 4

[[439.645, 393.978, 507.909, 458.548]] 
RATE (RPS) =====================================: 4

[[392.963, 414.934, 457.407, 499.165]] 
RATE (RPS) =====================================: 4

[[484.874, 389.503, 417.638, 499.743]] 
RATE (RPS) =====================================: 4

[[401.713, 418.644, 464.117, 488.795]] 
RATE (RPS) =====================================: 4

[[387.985, 421.584, 456.884, 479.023]] 
RATE (RPS) =====================================: 4

[[395.491, 478.938, 422.83, 497.403]] 
RATE (RPS) =====================================: 4

[[401.068, 438.756, 477.219, 513.015]] 
RATE (RPS) =====================================: 4

[[464.398, 421.998, 486.881, 540.25]] 
RATE (RPS) =====================================: 4

[[388.407, 431.334, 554.591, 460.211, 493.645, 571.63, 601.2, 629.533]] 
RATE (RPS) =====================================: 8

[[422.236, 500.34, 444.209, 538.148, 595.48, 560.827, 663.235, 613.176]] 
RATE (RPS) =====================================: 8

[[400.465, 528.022, 469.325, 417.646, 552.052, 702.186, 613.83, 726.825]] 
RATE (RPS) =====================================: 8

[[468.511, 415.351, 494.502, 569.706, 611.086, 517.296, 641.716, 675.155]] 
RATE (RPS) =====================================: 8

[[390.693, 432.889, 465.275, 499.965, 654.253, 524.392, 591.704, 542.164]] 
RATE (RPS) =====================================: 8

[[412.198, 475.137, 583.439, 497.635, 525.247, 646.171, 594.775, 672.074]] 
RATE (RPS) =====================================: 8

[[452.537, 398.731, 473.074, 770.791, 690.845, 610.927, 504.262, 541.855]] 
RATE (RPS) =====================================: 8

[[450.743, 413.494, 475.887, 517.109, 548.517, 584.435, 622.601, 666.986]] 
RATE (RPS) =====================================: 8

[[410.786, 645.124, 590.283, 488.678, 432.781, 657.953, 511.68, 680.866]] 
RATE (RPS) =====================================: 8

[[543.259, 426.058, 463.76, 645.956, 543.713, 592.516, 673.396, 706.058]] 
RATE (RPS) =====================================: 8

[[393.5, 432.767, 514.3, 558.386, 430.394, 669.472, 566.18, 746.417, 778.332, 685.883, 808.218, 984.644, 890.501, 832.631, 917.435, 993.995]] 
RATE (RPS) =====================================: 16

[[407.454, 584.009, 431.316, 614.304, 469.259, 719.368, 639.217, 673.828, 740.952, 778.429, 811.193, 854.521, 901.887, 944.539, 979.435, 1021.467]] 
RATE (RPS) =====================================: 15

[[513.427, 598.509, 458.103, 532.551, 614.566, 644.636, 681.866, 719.784, 765.22, 802.3, 837.396, 876.997, 951.309, 905.489, 1021.199, 977.828]] 
RATE (RPS) =====================================: 15

[[445.727, 537.485, 595.419, 617.873, 544.397, 653.266, 685.158, 711.21, 867.018, 728.519, 763.453, 800.139, 872.597, 917.058, 939.199, 962.584]] 
RATE (RPS) =====================================: 16

[[418.469, 448.917, 577.93, 479.199, 521.799, 752.92, 580.62, 616.326, 655.318, 748.669, 840.248, 775.563, 869.633, 896.799, 975.555, 912.972]] 
RATE (RPS) =====================================: 16

[[467.477, 594.723, 534.903, 474.222, 580.133, 620.434, 664.665, 735.58, 768.46, 674.765, 838.646, 792.565, 1079.584, 927.003, 1013.456, 866.609]] 
RATE (RPS) =====================================: 14

[[434.832, 475.877, 670.892, 513.311, 547.944, 602.58, 552.149, 659.907, 690.216, 954.778, 839.354, 890.867, 714.406, 969.08, 1033.971, 978.685]] 
RATE (RPS) =====================================: 15

[[461.608, 415.089, 489.324, 581.162, 722.998, 509.956, 613.936, 746.547, 837.668, 785.815, 865.707, 930.825, 1024.246, 885.827, 1082.209, 949.895]] 
RATE (RPS) =====================================: 14

[[438.399, 390.817, 495.527, 647.572, 558.822, 678.196, 760.855, 710.331, 797.329, 829.355, 870.259, 949.592, 905.256, 1054.462, 962.591, 1004.46]] 
RATE (RPS) =====================================: 14

[[416.323, 452.714, 497.066, 519.636, 557.609, 587.418, 620.343, 652.133, 741.113, 684.087, 770.52, 805.03, 979.169, 842.106, 878.565, 915.433]] 
RATE (RPS) =====================================: 16

[[449.742, 476.251, 590.944, 501.918, 619.05, 509.47, 698.876, 606.464, 632.315, 740.461, 699.854, 762.19, 794.095, 878.59, 911.151, 825.561, 968.961, 1086.254, 1228.468, 1171.186, 1314.931, 1244.055, 1267.676, 1363.6979999999999, 1319.834, 1396.262, 1425.277, 1451.983, 1495.43, 1527.077, 1604.44, 1560.159]] 
RATE (RPS) =====================================: 17

[[534.999, 444.269, 532.08, 471.456, 553.793, 1803.212, 580.263, 660.232, 607.168, 677.189, 800.241, 708.514, 747.113, 818.396, 856.387, 925.434, 931.813, 967.81, 1055.409, 1090.199, 1004.014, 1115.974, 1192.093, 1278.699, 1311.883, 1350.057, 1383.8029999999999, 1422.185, 1454.218, 1495.039, 1519.5140000000001, 1564.487]] 
RATE (RPS) =====================================: 17

[[514.908, 697.408, 627.634, 566.207, 688.806, 714.726, 794.653, 739.257, 815.112, 850.332, 962.263, 878.656, 982.986, 1102.56, 1016.362, 1046.594, 1123.766, 1152.557, 1212.766, 1269.229, 1407.586, 1337.348, 1433.1979999999999, 1475.7069999999999, 1509.4, 1679.9589999999998, 1538.6599999999999, 1569.748, 1605.392, 1671.78, 1713.281, 1747.324]] 
RATE (RPS) =====================================: 13

[[445.64, 462.872, 458.647, 487.059, 514.43, 540.571, 543.286, 565.759, 588.757, 603.031, 627.701, 647.084, 646.53]] 
RATE (RPS) =====================================: 13

[[421.454, 459.642, 473.849, 498.052, 522.36, 557.541, 628.726, 651.683, 569.882, 674.175, 701.353, 700.415, 828.275, 688.686, 714.947]] 
RATE (RPS) =====================================: 15

[[419.225, 449.627, 453.644, 524.908, 634.187, 703.935, 741.522, 768.076, 790.26, 817.721, 841.774, 866.673, 859.115, 1017.916, 877.377, 912.161, 942.013, 1031.171]] 
RATE (RPS) =====================================: 16

[[470.337, 430.297, 474.158, 477.941, 517.459, 518.234, 583.39, 531.17, 609.82, 716.342, 622.565, 644.544, 694.711, 727.978, 775.766, 846.483, 951.087, 910.255]] 
RATE (RPS) =====================================: 18

[[475.13, 486.454, 499.066, 589.404, 526.958, 766.999, 588.661, 695.573, 779.731, 803.58, 836.517, 873.837, 784.421, 900.246, 1531.441, 1436.074]] 
RATE (RPS) =====================================: 14

[[389.629, 414.925, 410.635, 440.809, 531.714, 480.353, 552.983, 553.003, 595.743, 681.456, 588.26, 666.451, 734.118, 762.813, 782.346, 818.855]] 
RATE (RPS) =====================================: 16

[[424.753, 503.295, 514.911, 559.386, 592.756, 720.65, 615.258, 658.17, 755.754, 787.011, 825.085, 835.539, 868.695, 907.982, 938.811, 1017.169, 942.828, 1010.324, 1130.381, 1044.284, 1075.57]] 
RATE (RPS) =====================================: 16

[[453.359, 527.446, 524.53, 560.062, 581.177, 524.527, 600.251, 641.533, 760.696, 634.68, 653.818, 842.075, 782.256, 709.842, 826.83, 769.487, 809.56, 752.29, 825.728, 848.644, 1040.967, 854.649, 929.324, 1081.352, 1089.399, 1061.205, 1138.791, 1173.899, 1087.962, 1103.774]] 
RATE (RPS) =====================================: 22

[[567.124, 564.598, 581.322, 532.838, 1129.837, 1705.556, 1096.857, 1647.656, 1718.0700000000002, 3153.281, 1530.4160000000002, 1564.211, 727.85, 771.371, 633.509, 578.395, 550.12, 879.016, 709.213, 695.507, 597.391, 811.613, 705.181, 1176.858, 1236.183, 1507.614, 1512.7530000000002, 1533.079, 897.823, 818.732, 808.631, 840.349, 3089.184, 920.565]] 
RATE (RPS) =====================================: 20

[[414.715, 2043.919, 2008.566, 1856.17, 1929.9279999999999, 1755.711, 2070.044, 513.855, 2023.39, 2105.781, 547.116, 419.615, 633.539, 567.592, 623.324, 687.914, 896.046, 791.129, 1021.801, 1031.152, 878.074, 776.345, 668.443, 907.949, 1012.065, 1091.503, 1003.916, 1024.953, 1029.059, 1052.387, 1069.352, 1086.654, 1100.277, 1126.851]] 
RATE (RPS) =====================================: 14

[[446.141, 497.699, 535.569, 543.96, 568.547, 608.856, 646.616, 670.581, 700.904, 737.411, 765.863, 874.087, 776.661, 816.984, 891.304, 925.228, 1040.618, 978.337, 1075.477, 1101.718, 1134.22, 1136.404, 1161.334, 1213.411, 1271.49, 1307.524, 1322.232, 1348.355, 1385.978]] 
RATE (RPS) =====================================: 17

[[445.226, 447.039, 486.856, 504.055, 618.633, 534.794, 638.561, 674.686, 698.945, 821.819, 726.629, 747.847, 834.76, 911.057, 854.833, 908.363, 956.878, 980.269, 1019.23, 1057.763, 1064.094, 1132.354, 1082.805, 1151.137, 1201.6680000000001, 1153.103, 1235.681, 1328.307, 1402.647, 1340.308, 1403.914, 1429.732, 1447.695, 1474.372, 1465.343, 1493.199, 1524.548]] 
RATE (RPS) =====================================: 18

[[434.6, 556.662, 454.765, 583.022, 613.801, 644.706, 727.563, 692.731, 793.999, 735.02, 824.374, 847.493, 876.599, 900.582, 856.699, 930.298, 956.31, 841.047, 954.124, 895.122, 971.08, 1008.068, 1022.826, 1063.65, 1272.324, 1173.954, 1075.087, 1199.086, 1252.347, 1283.7269999999999, 1345.316, 1380.569, 1261.608, 1357.996, 1406.496, 1465.129, 1403.955]] 
RATE (RPS) =====================================: 21

[[401.414, 432.97, 476.423, 510.146, 548.872, 571.096, 593.247, 622.241, 643.725, 670.374, 713.27, 778.71, 731.739, 813.671, 893.039, 797.794, 832.673, 939.499, 879.087, 969.977, 1042.925, 1092.164, 1095.473, 1148.343, 1119.412, 1124.059, 1151.03, 1106.801, 1180.398, 1137.444, 1187.3319999999999, 1191.616, 1230.282, 1348.609, 1244.1100000000001, 1270.401]] 
RATE (RPS) =====================================: 20

[[480.34, 489.931, 531.596, 536.518, 576.094, 614.341, 682.755, 613.368, 701.284, 776.751, 838.07, 637.294, 711.04, 704.292, 743.527, 806.846, 838.447, 907.384, 858.846, 963.452, 909.308, 979.868, 1000.796, 1058.7, 999.38, 1059.09, 1133.636, 1083.56, 1054.274, 1064.035, 1079.352, 1111.892]] 
RATE (RPS) =====================================: 23

[[431.017, 467.918, 481.597, 517.354, 603.409, 540.409, 592.614, 747.042, 779.115, 691.526, 630.51, 920.766, 755.116, 806.673, 1047.606, 1119.931, 806.227, 850.012, 918.596, 1135.8, 1078.698, 1102.952, 1209.017, 1155.693, 1103.57, 1215.338, 1206.706, 1240.416, 1280.083, 1274.1970000000001, 1197.245, 1240.229]] 
RATE (RPS) =====================================: 17

[[441.599, 488.525, 506.387, 550.433, 562.472, 620.461, 644.248, 702.433, 728.412, 767.673, 794.247, 815.195, 964.921, 841.874, 1022.474, 844.002, 1032.999, 1042.051, 1106.274, 1041.188, 1098.53, 1108.35, 1141.766, 1167.709, 1207.583, 1158.7640000000001, 1252.143, 1200.528, 1243.403, 1263.104, 1296.614, 1317.1970000000001, 1473.002, 1356.093, 1388.774, 1585.807, 1516.8200000000002]] 
RATE (RPS) =====================================: 15

[[398.323, 400.087, 413.906, 447.624, 462.818, 494.393, 538.781, 491.811, 617.11, 544.325, 604.0, 552.125, 398.852]] 
RATE (RPS) =====================================: 13

[[421.325, 442.295, 477.13, 420.447, 493.471, 529.351, 608.638, 520.56, 622.225, 684.56, 737.651, 750.514, 741.568, 775.357, 786.053, 818.837, 878.892, 777.149, 789.727, 827.039, 778.125, 829.527, 860.007, 877.854, 839.346, 869.393]] 
RATE (RPS) =====================================: 26

[[442.506, 478.386, 416.422, 487.738, 445.724, 513.686, 534.767, 567.712, 576.681, 521.064, 486.251, 491.795, 500.956, 620.514, 500.372, 516.939, 521.193, 543.628]] 
RATE (RPS) =====================================: 18

[[445.232, 469.119, 451.598, 417.35, 431.148, 451.668, 428.392, 447.719, 478.803, 453.829, 488.329, 507.24, 466.64, 518.092, 461.88, 487.635, 495.419, 461.973, 438.723, 455.39, 446.833, 488.617, 399.282]] 
RATE (RPS) =====================================: 23

[[428.289, 480.83, 436.168, 475.156, 472.792, 534.293, 444.713, 464.739, 542.293, 502.082, 461.302, 523.38, 492.049, 488.432, 478.969, 495.966, 484.156, 503.146, 531.54, 471.115, 492.293, 507.33, 487.208, 521.393, 408.457, 473.237, 489.528, 443.856, 427.684, 441.815, 513.301, 554.4, 503.597, 447.326, 528.919, 539.134, 514.851]] 
RATE (RPS) =====================================: 37

[[410.31, 444.874, 431.622, 431.683, 447.04, 457.352, 501.346, 408.925, 518.241, 438.659, 451.245, 492.809, 459.368, 476.724, 487.989, 510.029, 586.763, 507.586, 599.181, 546.118, 608.806, 426.123, 643.248, 598.187, 414.006, 626.525, 397.354, 651.872, 421.949, 442.849, 471.609, 605.896, 623.169]] 
RATE (RPS) =====================================: 33

[[406.934, 394.132, 460.011, 432.102, 489.304, 414.801, 482.911, 505.162, 420.895, 445.934, 476.31, 475.873, 504.14, 550.649, 569.551, 530.65, 598.775, 657.342, 533.779, 627.169, 520.75, 461.284, 452.719, 462.819]] 
RATE (RPS) =====================================: 24

[[420.726, 418.122, 438.27, 476.988, 508.564, 441.565, 472.891, 495.558, 486.299, 582.778, 524.662, 524.343, 464.715, 457.338, 423.344, 467.638, 448.236, 397.108, 446.333, 462.236, 496.659, 453.243, 443.354, 476.998, 475.117, 461.19, 520.414, 634.035, 632.402, 520.658, 638.542, 392.249, 619.046]] 
RATE (RPS) =====================================: 33

[[397.293, 454.469, 431.158, 459.57, 463.266, 493.383, 443.31, 423.12, 528.582, 467.246, 507.673, 513.02, 418.884, 511.157, 439.556, 529.661, 553.766, 502.555, 527.843, 455.236, 393.997, 536.546, 579.153, 439.104, 596.701, 411.101, 489.016, 555.05, 508.646, 576.304, 511.758, 520.801, 557.632, 591.543, 511.767]] 
RATE (RPS) =====================================: 35

[[397.668, 419.383, 517.078, 427.509, 452.773, 434.003, 514.398, 520.087, 591.345, 599.863, 459.862, 601.886, 637.237, 461.632, 650.802, 465.145, 475.905, 443.534, 579.184, 590.607, 590.231, 436.38, 428.183, 442.761, 529.63, 418.577, 528.083, 445.043, 485.976, 482.231]] 
RATE (RPS) =====================================: 30

[[415.636, 432.469, 482.51, 531.963, 439.51, 506.618, 464.4, 539.154, 461.341, 546.594, 487.005, 506.568, 535.655, 520.702, 595.991, 563.839, 514.257, 609.334, 660.545, 475.062, 580.572, 522.398, 469.552, 572.087, 589.452, 583.319, 557.533, 616.124, 523.044, 520.227, 580.242, 403.75, 585.13, 626.036, 396.461]] 
RATE (RPS) =====================================: 35

[[436.2, 415.467, 440.332, 473.785, 503.094, 564.792, 526.551, 473.183, 547.254, 625.019, 565.71, 645.657, 542.237, 673.79, 558.008, 624.679, 581.759, 676.424, 780.245, 635.678, 687.41, 661.518, 707.172, 679.869, 703.043, 735.22, 745.91, 667.45, 689.968, 735.41, 738.25, 749.372, 715.575, 762.554, 674.367, 678.212, 684.83, 699.991, 691.93]] 
RATE (RPS) =====================================: 39

[[423.509, 428.108, 469.955, 457.872, 478.693, 486.126, 513.66, 459.02, 524.87, 438.622, 438.86, 409.299, 476.203, 483.345, 400.634, 436.618, 480.185, 427.644, 473.775, 495.369, 469.694, 628.186, 488.642, 494.851, 538.244, 618.011]] 
RATE (RPS) =====================================: 26

[[401.419, 452.616, 389.384, 431.809, 442.831, 484.374, 513.104, 549.398, 562.007, 605.809, 401.676, 683.8, 631.344, 413.472, 455.324, 687.82, 468.016, 504.407, 685.507, 497.664, 679.87, 632.15, 519.892, 468.984, 639.766, 666.911, 695.106, 705.051, 738.203, 437.657, 450.264, 785.012, 774.841, 406.981, 785.721, 425.546, 466.251, 795.622, 448.849, 481.942, 528.176, 580.809]] 
RATE (RPS) =====================================: 42

[[415.302, 413.275, 448.677, 454.859, 463.372, 507.484, 525.998, 450.003, 387.074, 474.149, 592.105, 497.581, 548.108, 629.688, 580.631, 619.987, 653.121, 654.562, 679.809, 717.309, 659.41, 753.967, 664.855, 751.94, 739.64, 687.509, 771.256, 751.671, 787.813, 826.757, 818.653, 711.577, 751.718, 781.533, 819.297, 888.651, 965.683, 736.066, 976.973, 763.677, 1000.877, 1044.75]] 
RATE (RPS) =====================================: 40

[[403.443, 405.23, 428.356, 425.103, 423.482, 442.302, 433.417, 471.818, 551.738, 503.213, 577.967, 604.254, 386.841, 610.716, 405.864, 453.399, 610.832, 562.065, 395.886, 425.453, 544.153, 463.126, 494.099, 566.031, 523.526, 608.468, 554.074, 644.92, 719.042, 701.709]] 
RATE (RPS) =====================================: 30

[[390.934, 414.823, 430.615, 455.09, 484.179, 507.947, 576.599, 527.537, 392.854, 567.463, 603.759, 631.636, 684.642, 412.671, 482.938, 433.355, 490.482, 657.241, 648.701, 456.458, 687.127, 626.364, 491.802, 678.201, 485.977, 538.581, 657.242, 561.633, 545.929, 580.251, 636.827, 580.944, 640.105, 668.708]] 
RATE (RPS) =====================================: 34

[[422.483, 423.166, 583.648, 430.001, 557.772, 429.523, 499.365, 444.925, 472.252, 475.472, 457.066, 493.187, 391.531, 504.56, 529.251, 423.184, 545.819, 556.682, 448.933, 581.033, 705.475, 599.062, 398.606, 429.007, 572.204, 397.988, 452.756, 437.813, 457.29, 447.454]] 
RATE (RPS) =====================================: 30

[[426.525, 431.961, 480.329, 458.966, 411.709, 439.814, 468.12, 445.448, 474.714, 465.055, 438.423, 430.292, 449.906, 440.11, 513.636, 451.886, 507.199, 556.57, 422.518, 597.357, 465.448, 617.886, 650.207, 676.18, 419.376, 676.136, 445.155, 459.864, 471.021, 609.902, 438.042, 599.084, 423.619, 612.317, 622.58, 623.493]] 
RATE (RPS) =====================================: 36

[[402.288, 428.251, 477.531, 433.332, 492.064, 499.306, 482.496, 506.911, 527.461, 555.32, 597.091, 547.059, 561.379, 586.637, 609.745, 594.655, 663.383, 625.424, 650.69, 625.692, 703.624, 641.435, 675.669, 715.909, 685.693, 725.674, 753.772, 778.404, 803.824, 633.371, 665.271, 783.625, 848.681, 851.722, 767.265, 562.286, 785.724, 801.746, 520.76, 816.882]] 
RATE (RPS) =====================================: 40

[[434.127, 423.695, 443.482, 420.041, 457.239, 507.434, 487.383, 419.29, 538.851, 565.222, 530.703, 558.391, 527.664, 545.155, 563.81, 490.199, 554.579, 470.884, 558.04, 468.293, 509.554, 432.396, 531.669, 502.279, 541.914, 456.563, 507.169, 465.143, 512.157, 531.415, 561.163, 484.011, 579.79, 573.564, 407.355]] 
RATE (RPS) =====================================: 35

[[432.333, 402.367, 432.232, 425.323, 446.419, 472.471, 490.46, 447.249, 510.029, 530.863, 574.26, 600.984, 567.438, 423.493, 629.66, 450.165, 558.938, 431.659, 452.721, 641.333, 516.292, 415.951, 556.339, 632.682, 647.104, 433.625, 649.476, 430.839, 462.241, 565.63, 467.634, 569.156]] 
RATE (RPS) =====================================: 32

[[422.163, 417.652, 456.862, 435.825, 467.735, 500.683, 425.62, 487.844, 500.198, 535.482, 413.441, 593.771, 591.168, 468.926, 416.112, 511.583, 632.356, 577.403, 662.106, 527.67, 688.368, 433.999, 654.055, 720.684, 718.33, 742.784, 770.587, 475.973, 790.718, 414.823, 769.508, 431.366, 782.805, 450.705, 814.343, 772.298]] 
RATE (RPS) =====================================: 36

[[389.955, 397.01, 438.916, 422.887, 441.291, 435.694, 457.95, 474.62, 404.308, 441.691, 527.277, 536.827, 562.336, 455.689, 482.728, 481.655, 462.163, 463.755, 472.416, 479.552, 491.497, 516.778, 523.385, 422.613, 527.024, 562.918, 445.059, 577.929, 582.078, 452.617, 464.188, 545.312, 548.299, 551.069, 515.286, 560.461]] 
RATE (RPS) =====================================: 36

[[392.967, 434.437, 461.214, 479.692, 496.166, 546.256, 583.76, 430.094, 523.364, 443.484, 514.753, 536.665, 555.089, 589.033, 465.802, 572.226, 427.815, 538.445, 617.248, 549.473, 643.601, 594.463, 402.2, 610.41, 725.597, 462.714, 620.614, 469.754, 606.973, 687.726, 727.884, 440.666, 772.393, 805.661, 835.777, 413.452, 850.809, 934.289, 867.585]] 
RATE (RPS) =====================================: 39

[[423.527, 452.908, 466.401, 462.6, 544.774, 477.172, 570.627, 515.321, 574.36, 617.039, 582.232, 581.437, 461.154, 472.18, 498.154, 474.004, 513.354, 562.292, 462.755, 484.737, 639.254, 546.495, 584.499, 398.375, 470.899, 499.149, 534.408, 405.851, 551.722, 435.913, 544.719, 572.204, 552.051, 583.222, 398.155, 605.517]] 
RATE (RPS) =====================================: 36

[[394.706, 423.021, 413.033, 441.715, 488.602, 539.963, 436.696, 545.526, 454.363, 483.411, 583.256, 669.471, 620.016, 433.94, 502.458, 674.865, 562.309, 452.304, 508.717, 682.125, 717.791, 762.168, 792.324, 829.894, 489.02, 837.443, 502.07, 525.84, 532.438, 479.964, 576.338, 834.664, 612.226, 647.265, 922.838, 683.278, 724.901, 1016.546, 1103.248, 1141.192, 708.324, 449.91, 1118.824, 467.995, 538.042, 481.326, 556.303, 1145.118, 572.809, 1147.125, 581.147, 1171.684, 1200.91]] 
RATE (RPS) =====================================: 45

[[445.142, 458.555, 444.001, 506.705, 465.461, 529.664, 462.739, 575.807, 590.132, 589.126, 724.384, 648.144, 445.804, 734.532, 442.502, 839.088, 729.453, 763.511, 431.797, 523.681, 827.431, 543.099, 436.075, 583.349, 610.767, 800.079, 518.11, 446.321, 576.54, 532.408, 542.532, 546.241, 731.109, 565.904, 587.551, 715.633, 722.011, 434.219, 747.01, 456.116, 470.361, 740.108, 643.44]] 
RATE (RPS) =====================================: 43

[[445.477, 397.423, 437.774, 457.448, 483.963, 471.396, 506.279, 510.163, 544.792, 445.362, 520.855, 499.976, 481.308, 523.43, 451.721, 412.1, 507.265, 547.717, 591.512, 410.753, 407.134, 456.615, 618.415, 655.954, 410.884, 569.579, 481.467, 674.265, 591.603, 709.771, 744.338, 410.126, 748.704, 417.827, 478.493, 542.251, 583.721, 544.691, 618.524, 653.55, 727.943, 603.131, 548.831, 674.511, 780.72, 601.099, 643.84, 791.99, 657.776, 813.221, 620.105, 820.919, 866.182, 633.748]] 
RATE (RPS) =====================================: 54

[[483.292, 435.957, 461.263, 426.918, 487.187, 523.982, 424.983, 419.321, 469.814, 497.646, 417.446, 450.591, 546.775, 499.107, 516.474, 542.215, 591.625, 543.271, 629.029, 503.425, 543.491, 554.906, 556.534, 640.699, 470.217, 418.772, 786.566, 565.148, 561.051, 848.096, 460.344, 574.45, 627.923, 683.69, 499.628, 444.907, 859.781, 673.122, 508.482, 900.621, 699.232, 783.632, 438.93, 514.479, 473.623, 768.336, 808.895, 529.78, 805.674, 841.957, 520.384, 852.203, 540.27, 557.496, 770.093]] 
RATE (RPS) =====================================: 55

[[469.854, 421.369, 457.79, 423.401, 442.321, 464.778, 505.845, 697.199, 583.531, 452.947, 762.811, 482.197, 424.757, 843.024, 521.259, 582.498, 466.42, 460.152, 609.676, 478.148, 566.968, 504.081, 627.718, 847.629, 520.913, 453.2, 645.124, 550.543, 949.609, 1049.026, 559.725, 1118.121, 627.409, 1200.9569999999999, 494.502, 534.829, 669.479, 707.43, 535.329, 1227.588, 729.458, 1385.601, 1288.149, 622.77, 563.012, 766.572, 1422.191, 806.595, 1479.063, 432.16, 1541.133, 1792.386, 1617.2559999999999, 787.767, 427.843, 455.481, 788.287, 497.635, 809.857, 837.729, 513.866, 427.817, 812.753, 547.113, 482.074, 1653.4470000000001, 823.833, 550.423]] 
RATE (RPS) =====================================: 56

[[456.192, 423.571, 451.405, 506.513, 553.847, 496.385, 545.048, 436.287, 590.083, 437.096, 541.308, 487.36, 508.241, 521.605, 513.684, 630.933, 550.507, 755.601, 632.391, 682.129, 748.322, 550.766, 527.619, 1022.546, 848.662, 757.798, 576.361, 1127.311, 615.977, 680.022, 1232.263, 729.65, 477.045, 774.996, 736.059, 1303.8980000000001, 794.568, 1425.804, 486.398, 920.987, 837.694, 782.057, 838.752, 516.381, 1483.988, 957.665, 1557.147, 1011.42, 1633.351, 1712.383, 1046.665, 1107.764, 1763.1770000000001, 501.306, 1145.097, 1811.306, 1916.1599999999999, 510.194, 2019.561, 617.463, 554.965, 1164.643, 702.518, 790.195, 1178.266, 580.048, 630.852, 1959.55]] 
RATE (RPS) =====================================: 48

[[502.116, 421.564, 506.129, 444.769, 423.393, 608.78, 524.182, 535.343, 428.78, 422.965, 713.547, 553.236, 574.801, 502.623, 452.024, 622.369, 739.67, 673.468, 699.074, 473.799, 425.613, 492.572, 766.177, 701.76, 732.572, 777.515, 507.62, 849.931, 537.343, 901.623, 560.96, 834.362, 976.715, 902.291, 481.731, 533.053, 612.052, 559.844, 455.973, 643.507, 921.106, 688.179, 940.077, 803.051, 960.81, 690.279, 842.057, 921.986, 697.973, 505.015, 974.103, 411.034, 557.224, 1135.3220000000001, 1000.866, 559.595, 631.176, 795.095, 1158.598, 553.363, 593.443, 838.8, 777.119, 569.608, 838.08, 611.199, 1129.245, 552.729]] 
RATE (RPS) =====================================: 64

[[467.95, 429.811, 404.831, 551.523, 445.218, 482.821, 421.267, 454.156, 562.911, 492.406, 597.978, 483.189, 404.892, 562.789, 507.373, 433.091, 579.299, 531.465, 604.39, 477.398, 568.688, 668.46, 620.172, 698.348, 625.996, 662.861, 733.266, 717.694, 807.708, 683.338, 616.396, 532.667, 899.165, 710.817, 714.024, 746.54, 788.839, 994.61, 891.763, 734.292, 576.96, 775.379, 615.432, 1094.103, 979.148, 906.427, 820.876, 1030.086, 1157.001, 1093.48, 1274.62, 1362.158, 1176.754, 1493.671, 1572.1979999999999, 1652.024, 812.956, 925.23, 1740.171, 774.488, 539.59, 474.176, 913.272, 939.536, 1007.274, 1043.639, 934.869, 490.35]] 
RATE (RPS) =====================================: 55

[[421.914, 460.806, 418.177, 484.536, 501.527, 526.968, 591.912, 465.543, 402.175, 679.442, 734.447, 494.8, 505.228, 439.444, 480.245, 528.011, 519.106, 560.692, 484.715, 521.019, 800.613, 536.122, 995.428, 573.812, 860.781, 1224.34, 584.59, 1019.605, 513.485, 1086.915, 655.829, 576.648, 445.787, 694.75, 1353.505, 466.397, 1425.161, 1200.943, 477.291, 687.943, 526.857, 1593.104, 1460.029, 435.303, 566.407, 664.285, 1609.636, 686.574, 1675.047, 464.851, 589.734, 544.679, 673.294, 1703.906, 687.19, 450.646, 762.215, 712.372, 766.353, 1869.358, 1688.846, 1742.137, 2046.065, 1963.144, 461.38, 765.708, 701.881, 2068.143]] 
RATE (RPS) =====================================: 51

[[445.277, 402.728, 413.367, 429.905, 538.326, 476.558, 451.918, 505.665, 574.026, 461.813, 511.178, 537.284, 577.148, 505.608, 433.738, 479.791, 591.581, 620.07, 507.936, 615.846, 575.968, 651.589, 658.201, 726.909, 656.044, 584.248, 670.639, 829.238, 675.34, 1008.351, 913.006, 710.908, 556.591, 618.118, 679.734, 843.885, 789.733, 650.969, 740.681, 1034.267, 798.255, 851.675, 861.943, 810.933, 636.018, 1071.849, 710.521, 1187.256, 1270.252, 828.499, 727.018, 896.583, 1374.3229999999999, 826.69, 1450.467, 901.978, 1520.641, 810.738, 925.898, 840.895, 860.989, 951.9, 906.754, 987.318, 1680.6509999999998, 1581.317, 1740.259, 915.058]] 
RATE (RPS) =====================================: 57

[[425.02, 549.364, 468.517, 411.048, 414.638, 458.193, 571.251, 460.707, 539.93, 417.163, 658.989, 577.066, 444.778, 796.182, 816.513, 656.312, 697.15, 466.23, 515.112, 967.074, 871.886, 1013.362, 541.912, 1132.274, 1049.62, 604.859, 1054.391, 1140.307, 936.272, 410.752, 1254.41, 1354.2939999999999, 445.992, 1426.912, 1561.557, 1107.004, 1149.667, 1674.0230000000001, 567.935, 1774.422, 681.366, 1151.677, 1190.388, 422.035, 740.375, 1791.634, 1202.811, 441.685, 1837.001, 1921.587, 1258.931, 1308.162, 476.732, 604.978, 1362.474, 1398.662, 1964.8310000000001, 1498.621, 717.593, 2059.057, 652.032, 2116.681, 717.258, 670.885, 706.189, 1461.938, 1487.329, 738.512]] 
RATE (RPS) =====================================: 39

[[390.974, 455.849, 422.511, 408.532, 521.145, 461.337, 424.881, 484.631, 457.451, 581.593, 490.641, 498.427, 633.368, 400.015, 456.953, 591.014, 578.932, 453.521, 476.09, 529.791, 555.936, 577.399, 525.13, 575.671, 553.926, 611.19, 581.28, 458.461, 495.706, 603.372, 641.76, 544.621, 714.672, 479.053, 846.475, 1070.425, 961.474, 491.219, 1081.193, 499.651, 510.283, 442.474, 524.965, 576.16, 619.878, 457.643, 1041.169, 429.345, 1114.761, 651.507, 442.955, 453.903, 666.142, 425.486, 451.831, 612.685, 517.456, 468.864]] 
RATE (RPS) =====================================: 54

[[407.359, 407.19, 413.418, 489.911, 558.517, 410.403, 616.239, 441.466, 421.864, 435.651, 677.796, 443.129, 483.833, 530.7, 444.84, 563.453, 485.835, 409.25, 716.204, 451.373, 817.93, 975.641, 1053.351, 487.643, 526.403, 454.703, 461.936, 535.602, 579.165, 484.91, 448.978, 521.345, 486.731, 594.369, 1026.054, 1168.6680000000001, 513.29, 597.759, 507.99, 454.003, 547.007, 511.684, 663.411, 630.447, 576.584, 690.559, 569.598, 632.62, 684.846, 664.444, 738.33, 1022.954, 551.643, 586.996, 616.06, 641.815, 768.844, 1127.144, 800.569, 1038.809, 623.62]] 
RATE (RPS) =====================================: 55

[[424.864, 524.642, 497.496, 477.321, 398.56, 578.305, 574.783, 448.409, 637.189, 421.502, 464.454, 465.539, 779.294, 672.948, 484.644, 460.259, 807.781, 490.561, 514.295, 536.005, 440.911, 479.581, 564.054, 484.197, 435.58, 492.08, 751.439, 616.215, 486.604, 477.237, 521.508, 607.994, 758.593, 463.897, 863.339, 425.211, 527.322, 554.92, 567.541, 632.153, 406.522, 944.816, 850.284, 485.659, 594.068, 439.244, 996.985, 534.716, 441.691, 588.036, 442.499, 538.81, 661.323, 583.145, 599.425, 406.972, 620.442, 423.671]] 
RATE (RPS) =====================================: 58

[[430.448, 462.958, 411.182, 493.951, 523.134, 451.659, 423.44, 409.627, 510.619, 505.399, 548.508, 710.682, 585.325, 475.16, 535.392, 789.094, 869.006, 579.489, 529.341, 404.517, 580.495, 455.447, 905.524, 523.789, 978.739, 589.685, 423.165, 554.271, 646.262, 567.412, 414.059, 954.741, 1030.914, 544.245, 524.5, 414.425, 1042.844, 550.279, 517.239, 1102.235, 409.434, 1156.058, 1234.835, 1330.916, 452.347, 1356.866, 412.195, 1412.56, 443.797, 419.407, 393.914]] 
RATE (RPS) =====================================: 43

[[437.704, 449.016, 494.999, 469.073, 424.988, 441.999, 475.02, 492.134, 441.971, 501.943, 501.717, 495.937, 554.126, 497.875, 422.996, 586.887, 468.272, 555.491, 484.469, 601.663, 547.235, 471.278, 586.039, 580.706, 600.209, 617.026, 641.716, 690.553, 442.511, 517.346, 462.684, 549.079, 556.917, 708.177, 636.434, 571.416, 539.173, 708.768, 644.059, 713.878, 528.491, 506.666, 693.683, 555.964, 594.047, 459.128, 416.281, 458.946, 506.328, 601.654, 449.857, 625.06, 487.603, 501.117, 541.351, 496.601, 429.162, 536.344]] 
RATE (RPS) =====================================: 58

[[479.998, 453.192, 512.114, 530.763, 551.709, 699.296, 472.139, 575.549, 473.752, 440.854, 505.292, 475.312, 495.279, 549.993, 751.658, 586.008, 510.798, 669.563, 791.257, 450.104, 533.261, 587.627, 624.339, 457.324, 656.102, 824.309, 596.689, 462.771, 876.283, 677.724, 626.959, 505.774, 517.766, 887.932, 474.854, 524.132, 618.994, 936.584, 492.446, 1021.145, 616.65, 534.085, 468.521, 1036.067, 454.521, 1089.244, 458.178, 536.397, 494.921, 1123.149, 533.742, 430.697, 614.304, 522.627]] 
RATE (RPS) =====================================: 50

[[458.856, 415.98, 440.422, 491.841, 407.355, 431.266, 600.505, 395.684, 498.557, 463.251, 534.765, 478.741, 534.341, 440.943, 508.528, 538.563, 447.204, 521.096, 477.752, 496.307, 481.085, 493.409, 515.112, 541.551, 522.306, 437.88, 550.422, 444.273, 473.6, 512.168, 578.409, 614.574, 406.924, 462.238, 390.809, 563.763, 590.203, 402.864, 447.478, 480.232, 486.535, 620.061, 530.361, 699.492, 534.381]] 
RATE (RPS) =====================================: 45

[[408.901, 427.626, 462.45, 508.766, 442.852, 559.367, 409.379, 444.448, 535.688, 455.944, 613.42, 558.302, 729.912, 411.421, 564.378, 756.253, 595.892, 914.366, 419.73, 969.952, 558.414, 512.338, 541.82, 917.406, 964.241, 481.024, 1000.123, 1062.952, 453.337, 450.663, 1106.869, 458.014, 483.492, 584.809, 522.104, 464.949, 528.461, 542.55, 541.382, 564.006, 572.471, 496.591, 1025.206, 477.078, 1051.594, 500.897]] 
RATE (RPS) =====================================: 41

[[539.823, 447.342, 477.724, 458.677, 417.67, 532.797, 479.496, 506.762, 423.927, 444.979, 519.282, 520.949, 475.046, 527.498, 543.879, 484.166, 565.412, 534.054, 424.686, 469.095, 557.012, 535.935, 479.953, 560.358, 533.909, 476.328, 398.495, 599.977, 545.14, 459.224, 612.424, 802.134, 622.277, 441.454, 439.399, 591.376, 633.442, 703.018, 441.337, 830.566, 751.067, 783.442, 813.698, 852.517, 808.717, 394.346, 850.918, 392.592, 462.332, 446.658, 495.689, 548.125]] 
RATE (RPS) =====================================: 52

[[467.572, 435.69, 473.153, 432.391, 512.082, 560.989, 647.328, 480.936, 711.334, 504.581, 541.227, 503.364, 755.88, 553.895, 468.068, 514.445, 552.119, 515.209, 446.241, 764.25, 531.534, 565.908, 527.651, 473.344, 574.223, 492.493, 515.841, 562.798, 541.788, 576.721, 656.544, 775.335, 538.005, 396.679, 557.146, 870.723, 569.816, 971.68, 612.021, 655.97, 1164.701, 1032.172, 1220.195, 397.692, 432.065, 458.72, 518.981, 440.55]] 
RATE (RPS) =====================================: 45

[[464.145, 570.985, 402.872, 610.632, 394.976, 409.314, 437.856, 442.406, 504.344, 442.06, 407.447, 478.243, 669.379, 496.963, 740.096, 470.292, 807.949, 473.293, 430.529, 455.544, 434.151, 472.676, 474.429, 442.148, 470.879, 518.168, 698.641, 779.719, 554.743, 467.204, 584.741, 621.612, 416.282, 798.431, 636.26, 440.905, 478.963, 807.841, 607.345, 916.506, 449.431, 618.339, 662.228, 681.942, 415.665, 429.998, 665.652, 405.975]] 
RATE (RPS) =====================================: 48

[[417.885, 459.408, 420.097, 419.113, 453.783, 525.162, 441.621, 453.923, 534.359, 444.822, 569.937, 548.4, 463.784, 432.361, 595.392, 564.247, 482.168, 604.828, 657.582, 503.636, 526.931, 492.018, 591.063, 538.332, 564.655, 469.138, 425.872, 556.951, 513.876, 859.847, 582.615, 589.214, 680.789, 400.621, 860.592, 407.263, 914.819, 400.682, 458.671, 456.437, 397.706, 476.354, 417.835, 505.816, 824.078, 529.95, 867.6, 428.609, 477.672, 910.327, 430.989]] 
RATE (RPS) =====================================: 51

[[450.841, 450.857, 530.135, 536.172, 439.814, 406.93, 557.668, 441.747, 455.65, 559.396, 560.467, 505.733, 515.094, 517.388, 585.087, 599.837, 508.868, 495.965, 459.536, 568.319, 598.83, 649.321, 448.949, 593.266, 449.616, 492.646, 625.756, 572.756, 473.203, 549.243, 450.394, 612.041, 537.533, 667.87, 584.933, 513.051, 692.303, 543.55, 618.573, 420.516, 597.393, 565.622, 595.736, 466.436, 596.287, 618.897, 500.046, 632.922]] 
RATE (RPS) =====================================: 48

[[449.18, 392.938, 418.445, 470.364, 502.706, 553.42, 552.915, 409.055, 630.304, 563.285, 568.379, 837.931, 666.637, 917.958, 407.404, 394.656, 498.356, 428.011, 916.712, 965.772, 457.307, 480.955, 480.241, 513.652, 493.858, 406.864, 455.484, 496.379, 513.009, 441.296, 507.519, 517.524, 557.212, 408.041, 488.226, 423.941, 509.479, 446.433, 465.015, 516.994, 483.157, 458.452, 454.541, 502.692, 434.247, 531.176]] 
RATE (RPS) =====================================: 46

[[447.649, 516.878, 490.266, 564.407, 428.332, 577.364, 418.989, 523.22, 530.617, 572.196, 627.494, 531.468, 635.526, 673.235, 713.149, 583.407, 713.764, 601.775, 681.022, 432.808, 688.391, 720.037, 754.628, 443.565, 778.357, 391.574, 644.497, 733.477, 761.085, 813.324, 884.632, 749.16, 431.148, 549.082, 439.761, 453.816, 385.058, 480.671, 815.763, 520.378, 462.87, 535.279, 550.773, 897.768, 467.581, 549.194, 566.008, 496.511, 488.431, 564.537]] 
RATE (RPS) =====================================: 50

[[449.796, 427.795, 513.629, 490.943, 398.047, 415.389, 431.463, 492.503, 474.893, 511.666, 447.299, 455.554, 490.436, 417.654, 490.414, 480.912, 423.124, 505.185, 486.995, 426.074, 462.794, 502.805, 483.088, 509.244, 472.078, 485.686, 498.654, 493.018, 515.795, 518.992, 513.477, 506.042, 447.836, 541.508, 499.234, 594.7, 446.112, 454.404, 465.705, 444.707, 479.374, 496.326, 493.583, 405.612, 411.52]] 
RATE (RPS) =====================================: 45

[[443.452, 394.863, 418.5, 444.085, 409.22, 543.256, 601.474, 420.435, 434.835, 429.229, 609.824, 467.992, 1527.699, 814.343, 698.137, 890.265, 422.473, 390.177, 933.163, 1009.282, 402.71, 455.572, 1073.624, 434.536, 1141.828, 1390.004, 1200.732, 420.411, 1419.028, 433.436, 468.105, 487.117, 403.486, 1191.426, 1265.971, 1332.509, 1494.405, 1614.364]] 
RATE (RPS) =====================================: 26

[[423.541, 420.475, 445.614, 416.795, 486.185, 455.061, 644.702, 523.835, 692.146, 426.795, 429.424, 392.686, 405.071, 402.034, 441.325, 457.983, 495.627, 467.472, 389.933, 487.562, 615.11, 685.737, 491.897, 529.762, 560.506, 707.637, 460.457, 430.186, 957.406, 811.641, 995.002, 1071.919, 506.531, 395.07, 1118.223, 413.987, 1101.465, 410.652]] 
RATE (RPS) =====================================: 35

[[432.428, 500.342, 430.399, 464.145, 489.226, 449.845, 540.389, 474.229, 491.622, 484.217, 595.919, 501.379, 453.789, 500.329, 530.183, 624.366, 483.86, 676.453, 524.069, 714.929, 748.858, 578.979, 576.128, 516.464, 622.645, 426.526, 686.026, 518.583, 706.118, 474.782, 559.088, 657.006, 530.552, 431.625, 634.301, 677.092, 524.153, 412.725, 700.155, 734.948, 498.732, 521.025, 603.973, 715.347, 721.425]] 
RATE (RPS) =====================================: 45

[[436.442, 450.337, 433.567, 411.152, 476.625, 457.159, 477.761, 542.457, 475.874, 416.458, 523.152, 592.305, 531.304, 420.56, 446.245, 639.667, 455.34, 710.893, 547.716, 811.514, 442.546, 397.548, 446.745, 484.241, 915.983, 525.664, 400.546, 947.559, 393.677, 982.438, 432.738, 1051.837, 400.015, 405.021, 440.43, 433.652, 415.295, 1048.831, 540.412, 426.742, 451.261, 1104.759]] 
RATE (RPS) =====================================: 39

[[398.634, 421.391, 464.497, 417.105, 404.798, 408.404, 438.826, 604.648, 522.325, 453.444, 423.974, 394.034, 664.778, 428.905, 468.806, 435.41, 509.227, 491.438, 422.797, 514.614, 402.514, 518.124, 564.773, 408.651, 494.823, 401.462, 434.94, 475.479, 513.586, 405.852, 584.474, 413.0, 454.632, 650.125, 457.588, 430.976, 675.433, 396.331, 446.397, 422.652, 442.155, 651.133, 434.688, 407.725]] 
RATE (RPS) =====================================: 44

[[467.56, 472.092, 431.231, 453.263, 485.395, 439.01, 455.073, 476.941, 527.744, 435.037, 511.649, 482.714, 479.476, 568.094, 515.125, 507.36, 524.385, 458.34, 491.894, 415.961, 533.722, 428.195, 412.921, 443.329, 426.903, 429.643, 455.455, 501.057, 535.731, 488.617, 422.366, 492.027, 484.603, 443.585, 386.425, 484.443, 563.323, 393.61, 572.798]] 
RATE (RPS) =====================================: 39

[[413.568, 489.324, 511.324, 388.827, 502.784, 545.444, 573.456, 743.574, 425.16, 604.416, 620.921, 443.487, 462.146, 619.136, 774.307, 419.943, 628.918, 822.274, 426.497, 692.313, 454.044, 911.398, 617.429, 480.451, 499.093, 536.259, 460.093, 503.126, 614.931, 410.757, 526.468, 867.558, 615.731, 542.839, 919.713, 462.116, 633.226, 505.732, 970.62, 672.832, 537.203, 512.079, 1052.005, 530.024, 1135.807, 543.41, 681.299, 1178.1970000000001, 480.703, 1231.307, 543.473, 1306.949, 690.654, 488.59, 786.915, 401.847, 856.447, 894.395, 474.407]] 
RATE (RPS) =====================================: 54

average response time [0]411.152
average response time [1]396.249
average response time [2]385.492
average response time [3]392.27
average response time [4]406.235
average response time [5]422.945
average response time [6]398.994
average response time [7]397.368
average response time [8]392.088
average response time [9]383.835
TOTAL AVERAGE RESPONSE TIME ====================: 398.66280000000006
NUMBER OF THREADS ==============================: 1
TOTAL AVERAGE RATE (RPS) =====================================: 1.0
average response time [10]415.5585
average response time [11]458.639
average response time [12]414.53
average response time [13]412.2235
average response time [14]404.1125
average response time [15]409.166
average response time [16]420.706
average response time [17]395.675
average response time [18]421.87350000000004
average response time [19]404.9955
TOTAL AVERAGE RESPONSE TIME ====================: 415.7479500000001
NUMBER OF THREADS ==============================: 2
TOTAL AVERAGE RATE (RPS) =====================================: 2.0
average response time [20]483.245
average response time [21]463.88275
average response time [22]450.02
average response time [23]441.11725
average response time [24]447.9395
average response time [25]443.31725
average response time [26]436.369
average response time [27]448.6655
average response time [28]457.5145
average response time [29]478.38175
TOTAL AVERAGE RESPONSE TIME ====================: 455.0452500000001
NUMBER OF THREADS ==============================: 4
TOTAL AVERAGE RATE (RPS) =====================================: 4.0
average response time [30]516.318875
average response time [31]542.206375
average response time [32]551.2938750000001
average response time [33]549.165375
average response time [34]512.666875
average response time [35]550.8344999999999
average response time [36]555.37775
average response time [37]534.9715
average response time [38]552.268875
average response time [39]574.3395
TOTAL AVERAGE RESPONSE TIME ====================: 543.94435
NUMBER OF THREADS ==============================: 8
TOTAL AVERAGE RATE (RPS) =====================================: 8.0
average response time [40]700.1909375
average response time [41]723.198625
average response time [42]743.82375
average response time [43]727.568875
average response time [44]691.9335625
average response time [45]727.0765625
average response time [46]720.5530625
average response time [47]743.92575
average response time [48]753.3639375
average response time [49]682.4540625
TOTAL AVERAGE RESPONSE TIME ====================: 721.4089125
NUMBER OF THREADS ==============================: 16
TOTAL AVERAGE RATE (RPS) =====================================: 15.1
average response time [50]1003.83196875
average response time [51]995.56071875
average response time [52]1138.94265625
average response time [53]548.5666923076923
average response time [54]606.0693333333334
average response time [55]758.4058333333334
average response time [56]639.0298333333333
average response time [57]785.88075
average response time [58]587.7558125
average response time [59]796.6005714285715
TOTAL AVERAGE RESPONSE TIME ====================: 786.0644169986263
NUMBER OF THREADS ==============================: 32
TOTAL AVERAGE RATE (RPS) =====================================: 15.5
average response time [60]806.3371
average response time [61]1111.5500882352942
average response time [62]1110.856911764706
average response time [63]913.2244482758621
average response time [64]1005.3824324324324
average response time [65]974.6685135135135
average response time [66]902.5101666666667
average response time [67]829.56459375
average response time [68]910.8556875
average response time [69]1007.9474324324325
TOTAL AVERAGE RESPONSE TIME ====================: 957.2897374570908
NUMBER OF THREADS ==============================: 64
TOTAL AVERAGE RATE (RPS) =====================================: 18.7
average response time [70]489.5503846153846
average response time [71]698.3477307692308
average response time [72]509.2407777777778
average response time [73]460.4743913043478
average response time [74]486.6415945945946
average response time [75]501.1956666666667
average response time [76]494.74983333333336
average response time [77]488.5339696969697
average response time [78]494.28191428571427
average response time [79]500.89986666666664
TOTAL AVERAGE RESPONSE TIME ====================: 512.3916129710685
NUMBER OF THREADS ==============================: 65
TOTAL AVERAGE RATE (RPS) =====================================: 27.2
average response time [80]526.1451428571429
average response time [81]633.2798717948718
average response time [82]478.46134615384614
average response time [83]556.5567857142858
average response time [84]675.4135
average response time [85]511.3509
average response time [86]547.9298529411765
average response time [87]485.5836
average response time [88]503.3568888888889
average response time [89]634.7013
TOTAL AVERAGE RESPONSE TIME ====================: 555.2779188350212
NUMBER OF THREADS ==============================: 66
TOTAL AVERAGE RATE (RPS) =====================================: 35.2
average response time [90]501.73211428571426
average response time [91]508.3551875
average response time [92]568.7762777777778
average response time [93]486.53425
average response time [94]580.2705384615384
average response time [95]514.4294722222222
average response time [96]663.8011698113207
average response time [97]584.340511627907
average response time [98]569.4192962962962
average response time [99]580.9769636363636
TOTAL AVERAGE RESPONSE TIME ====================: 555.863578161914
NUMBER OF THREADS ==============================: 67
TOTAL AVERAGE RATE (RPS) =====================================: 41.1
average response time [100]732.3886470588235
average response time [101]858.6442058823529
average response time [102]672.543794117647
average response time [103]771.8569117647058
average response time [104]827.6440588235295
average response time [105]787.9538235294118
average response time [106]955.3604705882353
average response time [107]568.8582241379311
average response time [108]609.7194426229509
average response time [109]558.0609482758621
TOTAL AVERAGE RESPONSE TIME ====================: 734.3030526801449
NUMBER OF THREADS ==============================: 68
TOTAL AVERAGE RATE (RPS) =====================================: 53.7
average response time [110]646.8927450980392
average response time [111]533.9959827586207
average response time [112]607.236074074074
average response time [113]496.9352666666667
average response time [114]609.8225652173913
average response time [115]551.0985192307693
average response time [116]593.1677083333333
average response time [117]542.9208125
average response time [118]540.1927450980393
average response time [119]537.7748541666666
TOTAL AVERAGE RESPONSE TIME ====================: 566.0037273143602
NUMBER OF THREADS ==============================: 69
TOTAL AVERAGE RATE (RPS) =====================================: 48.1
average response time [120]521.4809130434783
average response time [121]585.61844
average response time [122]474.93477777777775
average response time [123]761.3675789473684
average response time [124]567.5645789473684
average response time [125]558.6527555555556
average response time [126]555.8206666666666
average response time [127]472.172
average response time [128]474.28453846153843
average response time [129]637.9312881355933
TOTAL AVERAGE RESPONSE TIME ====================: 560.9827537535348
NUMBER OF THREADS ==============================: 70
TOTAL AVERAGE RATE (RPS) =====================================: 42.3
average response time sent to Stackdriver [0]463.88275
average response time sent to Stackdriver [1]552.268875
average response time sent to Stackdriver [2]743.92575
average response time sent to Stackdriver [3]606.0693333333334
average response time sent to Stackdriver [4]806.3371
average response time sent to Stackdriver [5]974.6685135135135
average response time sent to Stackdriver [6]509.2407777777778
average response time sent to Stackdriver [7]500.89986666666664
average response time sent to Stackdriver [8]485.5836
average response time sent to Stackdriver [9]580.2705384615384
average response time sent to Stackdriver [10]732.3886470588235
average response time sent to Stackdriver [11]827.6440588235295
average response time sent to Stackdriver [12]558.0609482758621
average response time sent to Stackdriver [13]551.0985192307693
average response time sent to Stackdriver [14]474.93477777777775
average response time sent to Stackdriver [15]474.28453846153843
NUMBER OF THREADS: [1, 2, 4, 8, 16, 32, 64, 65, 66, 67, 68, 69, 70]
WORKLOAD: HFU_LV;  
TOTAL EXECUTION TIME (Concurrent Parallel Requests): 168348.959


