[[544.16]] 
[[417.068]] 
[[434.758]] 
[[405.007]] 
[[397.325]] 
[[466.682]] 
[[411.903]] 
[[451.943]] 
[[429.631]] 
[[437.853]] 
[[426.712, 466.523]] 
[[507.539, 454.096]] 
[[470.982, 512.025]] 
[[515.044, 462.217]] 
[[466.022, 508.229]] 
[[532.855, 579.776]] 
[[504.62, 541.859]] 
[[497.553, 451.403]] 
[[488.45, 441.479]] 
[[417.218, 447.509]] 
[[506.625, 404.211, 469.432, 533.355]] 
[[448.652, 545.812, 490.949, 576.157]] 
[[540.513, 493.664, 612.553, 557.486]] 
[[555.946, 513.635, 461.053, 583.517]] 
[[617.691, 570.895, 472.84, 639.797]] 
[[616.55, 485.483, 520.518, 555.893]] 
[[493.506, 440.916, 526.175, 574.326]] 
[[429.839, 522.483, 460.647, 583.887]] 
[[502.419, 452.881, 564.208, 520.222]] 
[[447.055, 492.404, 523.968, 559.795]] 
[[473.39, 564.655, 511.492, 596.961, 643.32, 678.222, 717.534, 793.182]] 
[[481.107, 557.271, 510.636, 630.822, 572.907, 667.355, 709.752, 744.404]] 
[[533.775, 615.117, 471.928, 554.787, 659.779, 780.273, 820.171, 717.784]] 
[[449.224, 526.019, 474.944, 563.169, 592.147, 633.593, 727.727, 669.67]] 
[[420.879, 507.754, 599.791, 540.164, 678.527, 626.545, 710.56, 745.894]] 
[[470.014, 419.443, 546.169, 490.503, 579.262, 642.199, 699.8, 736.792]] 
[[462.749, 507.25, 551.486, 638.53, 581.289, 662.988, 756.863, 698.308]] 
[[473.36, 513.969, 550.284, 579.094, 660.994, 605.14, 700.627, 737.168]] 
[[498.406, 445.295, 523.554, 562.437, 648.372, 692.407, 596.004, 727.694]] 
[[605.895, 474.203, 548.13, 621.301, 651.757, 729.542, 678.323, 752.674]] 
[[497.637, 546.871, 438.712, 614.72, 559.469, 951.14, 885.699, 670.832, 777.507, 719.01, 814.004, 995.58, 945.18, 1028.301, 1072.446, 1110.671]] 
[[456.811, 535.014, 584.791, 633.973, 669.826, 744.533, 695.785, 778.958, 814.957, 844.666, 882.019, 1018.282, 961.901, 916.442, 1043.149, 1077.571]] 
[[485.134, 532.642, 628.509, 564.374, 703.584, 648.328, 744.826, 1621.234, 1501.613, 1651.1399999999999, 1524.223, 1553.7150000000001, 1864.1950000000002, 1710.283, 1659.9299999999998, 1751.5349999999999]] 
[[425.976, 462.866, 504.521, 589.725, 632.994, 527.916, 648.524, 702.619, 728.129, 765.259, 799.968, 838.312, 873.946, 970.565, 911.508, 1002.927]] 
[[425.892, 547.314, 448.322, 494.781, 568.002, 612.441, 643.723, 1479.327, 673.836, 745.861, 786.41, 824.057, 912.363, 863.122, 955.563, 1435.064]] 
[[483.218, 533.894, 578.413, 691.229, 608.887, 745.109, 824.941, 785.316, 853.074, 897.803, 941.637, 1018.931, 1060.522, 959.732, 1093.696, 1134.914]] 
[[591.57, 752.346, 931.611, 652.809, 854.88, 772.445, 587.449, 493.856, 784.095, 649.145, 919.826, 956.878, 1132.828, 979.15, 1014.732, 1048.635]] 
[[455.286, 517.693, 546.282, 590.686, 646.631, 593.81, 674.57, 720.527, 857.087, 760.514, 801.408, 1024.236, 1056.77, 935.581, 869.184, 1087.191]] 
[[498.049, 448.296, 568.887, 519.402, 635.056, 583.44, 765.412, 661.5, 710.64, 795.528, 1000.9, 1035.785, 830.486, 926.676, 1053.037, 1091.348]] 
[[426.942, 474.239, 689.144, 546.511, 490.936, 574.131, 614.355, 736.705, 816.863, 902.947, 954.154, 988.272, 1024.691, 1058.545, 1096.584, 1140.3890000000001]] 
[[741.709, 492.49, 565.16, 632.774, 664.519, 793.541, 736.505, 922.563, 816.074, 856.112, 959.596, 991.395, 1027.548, 1056.6970000000001, 1108.746, 1163.687, 1246.469, 1346.354, 1285.6390000000001, 1472.536, 1373.452, 1533.557, 1638.1680000000001, 1836.792, 1579.711, 1661.2759999999998, 1699.358, 1738.199, 1767.713, 1834.1309999999999, 1912.018, 1858.28]] 
[[498.88, 550.638, 645.823, 677.28, 579.13, 698.825, 734.303, 771.236, 801.194, 906.63, 827.541, 960.428, 914.37, 990.391, 1029.022, 1116.144, 1163.726, 1054.265, 1207.112, 1252.969, 1574.013, 1407.9189999999999, 1321.449, 1520.239, 1461.768, 1419.9560000000001, 1604.9859999999999, 1556.7820000000002, 1629.163, 1709.473, 1653.933, 1747.786]] 
[[533.369, 613.073, 671.301, 908.46, 715.918, 754.887, 932.402, 832.388, 778.775, 965.902, 1009.313, 1107.517, 1053.907, 1186.513, 1133.602, 1216.216, 1266.714, 1337.87, 1497.292, 1450.2, 1399.959, 1559.5900000000001, 1622.73, 1783.618, 1498.563, 1812.001, 1672.8229999999999, 1702.466, 1842.171, 1885.196, 1963.605, 1914.021]] 
[[460.875, 540.338, 483.592, 564.687, 594.93, 619.075, 654.155, 695.878, 717.709, 723.603, 758.173, 794.337, 835.196, 868.516, 916.011, 918.976, 965.54]] 
[[503.258, 524.804, 592.557, 540.351, 611.071, 646.978, 678.859, 720.286, 754.737, 821.135, 772.652, 855.753, 930.901, 986.97, 945.727, 1007.129, 984.492]] 
[[423.086, 470.107, 509.168, 554.374, 583.437, 608.735, 705.027, 793.306, 636.878, 937.873, 855.135, 947.727, 987.9, 1011.702, 1038.128, 1058.175, 1173.745, 1082.258, 1110.85, 1235.193, 1190.2359999999999]] 
[[459.261, 500.581, 526.754, 555.908, 599.948, 639.249, 680.066, 701.317, 823.075, 728.628, 755.612, 847.275, 841.095, 851.966, 882.979]] 
[[583.835, 623.466, 665.151, 729.792, 760.824, 672.161, 495.791, 841.799, 741.158, 773.317, 871.701, 907.681, 943.42, 1099.996, 999.061, 945.036, 1125.537]] 
[[469.42, 493.24, 552.183, 502.318, 565.146, 694.155, 577.341, 623.365, 711.421, 831.085, 766.332, 852.888, 889.228, 919.793, 942.753, 1025.228, 973.027]] 
[[493.832, 521.142, 566.224, 583.819, 645.643, 1160.731, 1197.949, 786.303, 727.652, 783.092, 802.571, 882.948, 827.564, 913.032, 942.445, 986.65]] 
[[458.391, 490.098, 527.226, 563.906, 597.787, 678.534, 631.48, 707.909, 735.831, 850.806, 750.474, 789.263, 1062.743, 1139.43, 838.915, 971.377, 1060.425, 904.378, 1176.898, 838.758, 1237.554, 1267.241, 1295.952, 1363.225, 1307.8519999999999, 1347.396, 1380.737, 1416.563, 1445.68, 1484.1390000000001, 1525.114, 1568.24, 1598.798, 1630.146, 1648.7350000000001, 1631.845]] 
[[735.895, 476.148, 853.661, 593.155, 801.088, 488.302, 907.088, 839.905, 911.014, 935.698, 967.85, 983.375, 1058.453, 1096.159, 1160.279, 1113.141, 1188.62, 1274.675, 1223.508, 1415.922, 1295.511, 1332.649, 1398.466, 1532.658, 1512.7469999999998, 1502.57, 1517.383, 1552.7530000000002, 1577.45, 1651.1689999999999, 1601.299, 1672.121, 1703.257, 1768.175, 1858.8400000000001, 1939.446, 1994.339, 2033.902, 2060.723]] 
[[597.99, 483.778, 520.027, 716.783, 644.126, 766.522, 807.346, 840.87, 859.279, 885.239, 914.047, 963.486, 986.825, 1082.5, 989.055, 1021.594, 1106.095, 1174.654, 1119.059, 1218.23, 1227.19, 1326.603, 1415.83, 1452.688, 1550.327, 1487.499, 1530.4189999999999, 1568.5, 1558.787]] 
[[469.603, 515.623, 560.609, 630.628, 643.042, 718.1, 661.499, 753.188, 769.414, 795.753, 807.611, 853.556, 868.919, 887.865, 1543.996, 906.756, 923.117, 1589.755, 924.184, 947.688, 976.254, 1008.062, 1046.833, 1262.033, 1021.951, 1299.636, 1052.53, 1140.417]] 
[[530.961, 564.341, 590.259, 639.181, 697.167, 785.268, 1642.306, 780.378, 828.619, 830.306, 853.724, 877.49, 904.537, 940.668, 959.449, 1565.6219999999998, 981.664, 979.94, 1005.808, 1030.406]] 
[[536.82, 577.543, 613.077, 621.103, 638.345, 664.652, 698.152, 739.56, 793.998, 1620.853, 747.779, 793.458, 800.508, 822.156, 898.904, 836.066, 911.489, 920.588, 949.27, 982.713]] 
[[551.269, 595.071, 621.709, 576.968, 601.563, 633.951, 579.976, 614.217, 646.501, 684.0, 712.05, 743.75, 826.47, 747.604, 834.771, 926.494, 863.077]] 
[[632.823, 682.45, 751.593, 999.81, 892.016, 757.522, 767.316, 794.188, 819.704, 851.347, 886.058, 878.663, 937.09, 871.583, 949.235, 966.944, 1003.888, 1021.176, 1477.887, 1547.0320000000002, 1029.073, 1480.666, 1084.089, 1507.658]] 
[[698.108, 733.275, 549.959, 611.502, 692.868, 727.219, 795.897, 737.218, 817.088, 856.897, 884.93, 995.804, 902.276, 906.292, 985.616, 961.846, 964.858, 991.422, 1094.372, 1006.238]] 
[[459.936, 474.38, 525.787, 535.911, 568.026, 545.903, 555.142, 586.511, 619.432, 1517.387, 682.67, 755.118, 716.149, 772.723, 840.383, 788.843, 869.024, 900.873, 907.083, 923.827, 947.622, 1028.957, 956.003]] 
[[526.396, 4246.673, 555.616, 3172.826, 579.463, 606.478, 617.988, 641.815, 632.143, 650.582, 683.41, 669.558, 586.317, 954.775, 820.923]] 
[[779.16, 1531.862, 1537.7939999999999, 1612.923, 922.113, 634.141, 666.051, 651.829, 603.731, 990.421, 735.906, 681.438, 683.391]] 
[[499.685, 520.066, 536.401, 549.395, 582.949, 530.104, 597.219, 634.259, 580.657, 650.191, 596.113]] 
[[537.961, 569.613, 583.66, 544.716, 579.897, 525.853, 1484.663, 514.279, 642.302, 523.932, 543.209, 531.009, 599.187, 532.923, 556.16, 593.09, 576.638]] 
[[482.365, 468.881, 469.944, 453.839, 493.467, 590.554, 531.691, 464.157, 636.897, 639.108, 532.577, 562.468, 558.562, 626.875, 643.774, 730.349, 672.588, 754.37, 572.219, 762.523, 598.08, 620.907, 758.244, 794.213, 614.588, 643.389, 635.101]] 
[[535.091, 521.443, 584.887, 499.611, 493.716, 557.318, 545.154, 560.708, 550.669, 626.221, 602.319, 701.172, 735.433, 656.926, 555.177, 573.752, 664.382, 536.765, 673.706, 536.312, 570.386, 685.084, 569.326, 682.795, 637.642, 681.451, 576.109, 691.132]] 
[[461.096, 509.233, 457.493, 515.032, 512.468, 555.741, 598.608, 460.182, 670.533, 689.744, 607.728, 705.664, 534.114, 731.677, 801.811, 829.731, 532.322, 559.127, 842.297, 859.159, 897.227, 548.824, 900.8, 929.878, 522.908, 916.965, 937.854, 497.38, 964.495, 565.508]] 
[[498.654, 497.757, 550.477, 510.516, 583.672, 688.228, 680.824, 719.087, 513.735, 564.746, 587.742, 519.714, 617.855, 636.152, 623.249, 613.188, 654.532, 617.469, 726.404, 622.818, 653.52, 699.722, 638.728, 701.7, 740.939, 770.053, 725.966, 673.147, 788.248]] 
[[428.428, 427.345, 473.933, 469.739, 471.528, 459.116, 499.251, 465.455, 517.233, 567.128, 465.069, 494.921, 562.981, 601.362, 641.45, 531.464, 470.384, 543.332, 622.939, 664.806, 555.658, 563.384, 632.911, 622.106, 665.478, 689.129, 504.333, 530.771, 689.854]] 
[[513.269, 479.414, 494.41, 478.971, 521.227, 549.449, 476.631, 516.245, 536.18, 680.817, 629.013, 604.958, 828.809, 566.164, 578.544, 532.123, 541.861, 558.409, 535.996, 570.395, 604.101, 718.811, 658.324, 616.834]] 
[[399.909, 448.2, 482.88, 420.492, 481.963, 503.588, 520.452, 406.476, 419.559, 465.634, 486.746, 412.723, 492.961, 512.566, 401.239, 411.497, 529.723, 454.615, 573.32, 588.063, 596.616, 498.7, 431.389, 516.396]] 
[[402.145, 435.212, 411.613, 432.391, 454.843, 423.505, 451.82, 452.62, 575.719, 569.837, 544.611, 533.214, 584.705, 512.009, 481.141, 576.526, 613.999, 483.282, 552.017, 593.458, 538.955, 552.534, 561.628, 621.685, 554.601, 693.645, 495.935, 627.172]] 
[[386.857, 426.843, 427.145, 424.283, 468.268, 433.879, 459.584, 504.816, 544.547, 587.197, 629.049, 465.207, 489.958, 609.713, 581.424, 409.663, 467.991, 511.911, 523.173, 571.82, 593.161, 600.115, 473.512, 528.376, 573.107, 547.098]] 
[[418.524, 480.286, 439.807, 501.013, 446.195, 516.073, 533.297, 551.611, 405.301, 577.339, 613.358, 635.916, 400.753, 669.296, 391.733, 410.714, 415.784, 438.262, 471.044]] 
[[439.381, 473.86, 479.114, 470.856, 529.352, 519.165, 450.869, 527.266, 514.17, 528.071, 527.843, 583.562, 518.715, 554.019, 503.818, 574.29, 567.196, 613.606, 482.921, 504.847, 498.013, 523.804, 541.802, 585.187]] 
[[443.706, 456.742, 444.466, 469.862, 445.595, 487.37, 447.217, 469.183, 428.111, 572.706, 464.651, 583.612, 460.174, 479.658, 481.827, 590.031, 619.713, 473.402, 474.757, 557.59, 559.105]] 
[[473.196, 564.68, 487.276, 485.209, 496.744, 549.422, 582.419, 641.737, 698.808, 476.757, 453.663, 714.456, 479.788, 527.135, 710.611, 758.362, 804.522, 550.345, 452.539, 506.703, 543.924, 799.815, 564.703, 586.18, 799.374, 596.137, 512.304, 535.001, 599.92, 532.356]] 
[[454.352, 475.849, 540.571, 474.306, 476.705, 491.548, 500.773, 1351.376, 622.753, 541.232, 551.986, 482.195, 566.669, 617.582, 624.549, 649.396, 460.163, 717.598, 670.571, 550.843, 494.64, 508.939, 717.525, 766.407, 832.859, 516.113, 606.721, 546.15, 623.528, 658.473, 476.659, 679.897, 732.636, 823.434, 869.78, 487.637, 499.309, 537.27, 876.29, 917.463, 545.75, 933.244, 708.613]] 
[[463.099, 474.93, 514.181, 622.943, 686.718, 467.449, 711.32, 457.697, 736.125, 490.622, 759.221, 469.826, 516.248, 548.697, 557.898, 571.691, 450.981, 675.347, 427.785, 517.221, 449.203, 426.101, 479.339, 508.973, 557.536, 616.831, 531.465, 571.705, 401.705, 705.46, 429.731, 693.815, 450.687, 482.638]] 
[[466.238, 416.33, 510.494, 556.306, 499.066, 463.447, 556.074, 594.755, 540.957, 475.68, 574.748, 604.485, 419.626, 452.245, 476.681, 553.758, 499.385, 503.763, 519.309, 478.354, 484.528, 488.227, 435.354, 491.318, 514.862, 424.004, 529.66, 496.131, 427.126, 534.182]] 
[[438.852, 445.261, 390.019, 508.488, 505.427, 457.513, 541.808, 567.898, 469.294, 1259.729, 498.467, 526.64, 405.945, 517.767, 538.144, 536.796, 536.214, 568.187, 536.044, 599.344, 560.319, 701.743, 589.636, 616.202, 702.277, 716.815, 416.822, 440.285, 703.464, 724.166, 417.935, 421.423]] 
[[427.421, 424.221, 460.335, 503.28, 489.774, 437.196, 440.473, 549.52, 411.926, 438.053, 566.871, 435.703, 479.375, 577.601, 527.76, 613.457, 484.598, 637.982, 405.436, 541.543, 568.156, 593.913, 419.361, 546.801, 584.466, 436.318, 596.423, 446.587, 606.984, 498.287, 452.725, 621.359, 534.795]] 
[[447.384, 434.783, 461.757, 466.172, 508.838, 540.941, 573.186, 456.064, 594.078, 469.318, 503.786, 532.326, 441.697, 542.291, 541.874, 445.058, 546.172, 457.675, 475.857, 569.767, 499.368, 487.883, 435.821, 590.537, 627.352, 481.344, 449.131, 503.097, 544.535, 486.278, 528.491, 571.409, 480.599]] 
[[481.702, 477.374, 505.332, 531.885, 477.29, 487.283, 508.377, 532.684, 487.75, 551.03, 523.329, 615.308, 664.121, 593.113, 537.383, 616.878, 637.634, 648.319, 592.238, 435.839, 574.933, 550.9, 604.369, 521.991, 457.007, 593.387, 630.275, 504.543, 635.06, 481.526]] 
[[418.787, 437.151, 416.575, 451.975, 427.622, 443.536, 504.129, 589.3, 496.228, 525.493, 551.824, 458.181, 485.443, 479.553, 535.446, 563.697, 499.215, 535.019, 572.555, 582.158, 625.208, 657.191, 537.916, 566.23, 448.186, 608.147, 538.801, 627.933, 564.116, 655.559, 629.4, 683.23, 593.263, 657.825, 704.303, 597.15, 656.418, 717.125, 761.819, 597.772, 807.943]] 
[[461.75, 574.443, 443.001, 461.191, 469.254, 454.414, 725.479, 487.133, 615.247, 790.468, 864.839, 430.581, 910.699, 480.069, 429.059, 465.809, 484.999, 520.928, 868.319, 549.919, 430.197, 973.353, 902.642, 993.327, 440.883, 1083.212, 1009.868, 476.192, 1122.04, 431.512, 465.063, 1097.744, 457.836, 491.836]] 
[[480.046, 417.274, 449.15, 453.596, 474.056, 436.836, 462.697, 416.038, 489.216, 408.167, 431.338, 497.565, 526.023, 455.064, 401.758, 484.979, 399.71, 437.265, 480.968, 505.928, 481.512, 579.238, 510.537, 449.677, 509.818, 645.977, 553.621, 499.294, 446.882, 401.329, 445.269, 589.884, 443.04, 676.143, 613.995]] 
[[524.193, 514.108, 501.248, 473.084, 506.744, 540.99, 542.889, 434.154, 498.742, 536.45, 539.118, 538.318, 524.624, 444.039, 551.497, 589.493, 614.827, 515.336, 534.706, 424.036, 460.421, 553.062, 431.145, 466.655, 534.034, 439.128, 599.084, 554.205, 503.65, 430.419]] 
[[413.334, 419.253, 448.978, 473.92, 469.213, 428.84, 415.206, 411.623, 430.872, 404.546, 451.999, 449.582, 414.334, 437.299, 402.602, 458.453, 524.302, 470.562, 424.958, 462.811, 416.202, 404.249, 450.38, 445.216, 488.545, 467.965, 505.261, 450.461, 420.104, 540.71, 465.169, 467.85, 504.754, 576.438, 497.504, 400.152, 592.157, 407.306, 473.148, 490.469, 531.856, 602.447, 528.913, 570.333, 497.66, 588.941, 419.066, 621.186, 465.141]] 
[[477.546, 418.969, 414.654, 420.201, 466.865, 403.466, 484.539, 415.281, 428.983, 480.012, 448.534, 440.958, 528.937, 465.787, 540.123, 456.243, 436.465, 479.624, 442.276, 394.569, 465.241, 533.233, 549.09, 473.621, 475.544, 559.854, 601.744, 404.541, 631.903, 480.067, 430.431, 399.42, 503.255, 644.513, 672.043, 717.13, 483.577, 521.304, 513.584, 419.894, 416.891, 528.461, 528.714, 482.312, 620.543, 411.298, 532.633, 654.124, 496.669, 675.965, 1405.3020000000001, 598.456, 628.234, 485.815, 438.227, 730.052]] 
[[401.285, 435.027, 483.827, 397.286, 532.949, 421.161, 550.085, 486.425, 562.662, 546.052, 469.022, 479.736, 455.061, 554.807, 418.981, 462.587, 514.537, 439.182, 565.183, 487.628, 539.014, 460.419, 580.368, 466.315, 511.272, 472.034, 529.377, 650.993, 569.641, 498.145, 436.225, 528.582, 637.236, 484.931, 427.153, 652.421, 514.538, 567.007, 514.647, 542.219, 510.864, 573.148, 606.13, 559.208, 445.769, 498.023, 566.596, 603.052, 451.319, 554.487, 594.959, 463.739]] 
[[444.473, 432.735, 458.23, 503.482, 450.184, 544.737, 456.324, 569.342, 474.632, 519.604, 496.092, 443.396, 465.055, 527.621, 503.986, 537.278, 524.077, 566.496, 476.818, 485.741, 534.33, 480.428, 494.018, 432.041, 517.263, 577.106, 517.713, 588.14, 452.837, 614.909, 688.895, 596.071, 725.566, 626.884, 791.557, 744.288, 434.465, 496.794, 445.167, 563.39, 554.124, 527.292, 470.29, 490.855, 557.158, 595.07, 460.626, 492.25, 603.355, 543.131, 502.379, 488.604, 688.156, 574.254, 649.162, 500.021, 590.046, 453.88, 661.724]] 
[[451.9, 453.053, 439.14, 511.178, 477.37, 548.433, 436.999, 541.974, 415.387, 453.64, 504.831, 484.954, 488.893, 427.506, 488.411, 536.452, 534.009, 452.688, 578.978, 480.869, 510.411, 541.94, 450.405, 578.917, 449.246, 487.967, 487.141, 539.805, 554.323, 492.562, 544.285, 479.111, 544.586, 495.843, 536.669, 608.921, 559.533, 502.276, 486.12, 473.973, 519.192, 567.481, 479.241, 418.904, 580.766, 568.196, 497.745, 445.036, 488.311, 450.745, 550.449, 456.046, 457.42, 573.432, 521.129]] 
[[420.283, 458.137, 406.063, 458.899, 416.056, 441.123, 433.645, 464.751, 472.797, 448.472, 501.531, 432.471, 491.674, 425.312, 437.902, 441.31, 566.272, 508.263, 473.394, 580.58, 419.829, 436.558, 425.74, 475.252, 448.147, 509.033, 410.874, 474.762, 566.103, 537.624, 580.667, 404.015, 477.222, 554.293, 475.281, 605.371, 516.58, 578.806, 401.095, 546.29, 616.093, 517.786, 411.077, 555.068, 556.209, 560.085, 690.797, 595.623, 487.268, 582.837, 523.36, 503.408, 591.781, 516.532, 567.363, 525.974, 481.993, 540.627]] 
[[451.857, 458.436, 426.854, 463.842, 426.318, 461.64, 421.326, 455.744, 459.888, 519.14, 462.981, 406.394, 424.356, 535.236, 500.438, 432.328, 443.096, 454.16, 562.835, 511.568, 566.059, 643.315, 460.852, 690.273, 560.708, 435.724, 582.257, 466.297, 616.349, 433.265, 474.072, 547.405, 505.102, 662.21, 694.676, 445.253, 549.279, 715.586, 619.516, 765.446, 666.11, 772.63, 418.26, 521.541, 810.971, 665.363, 882.913, 533.773, 821.023, 909.499, 415.933, 515.063, 914.65, 418.911, 527.58, 402.835, 431.489, 429.342, 446.88]] 
[[456.259, 421.435, 467.712, 452.296, 532.294, 504.526, 503.207, 552.724, 529.71, 564.997, 524.042, 488.981, 564.848, 546.963, 568.954, 488.199, 444.364, 555.272, 509.194, 545.641, 585.849, 521.313, 546.442, 534.504, 476.218, 561.26, 559.896, 613.67, 465.794, 586.502, 653.884, 494.753, 438.865, 480.892, 658.294, 594.592, 702.333, 622.439, 490.409, 733.709, 449.78, 620.68, 503.422, 664.027, 476.301, 537.861, 668.08, 547.911, 499.239, 462.828, 559.261, 747.831, 512.799, 681.878, 803.089, 547.274]] 
[[486.609, 518.529, 475.958, 458.176, 475.156, 489.458, 483.881, 491.908, 488.587, 540.424, 465.441, 579.154, 473.288, 569.588, 512.085, 477.121, 482.976, 487.646, 497.007, 555.706, 506.594, 521.755, 530.162, 570.776, 617.422, 561.734, 557.001, 579.606, 484.819, 571.993, 472.699, 601.132, 570.751, 625.419, 498.373, 542.388, 577.812, 534.203, 613.334, 467.997, 633.462, 671.547, 559.052, 479.105, 510.405, 575.709, 491.273, 522.621, 627.906, 712.937, 541.073, 602.739, 625.435, 737.939]] 
[[455.855, 482.563, 504.435, 465.313, 576.892, 422.957, 543.476, 418.032, 671.198, 472.251, 733.444, 790.645, 568.515, 493.327, 858.008, 417.392, 523.024, 629.132, 586.811, 572.472, 954.526, 426.265, 459.077, 1060.979, 603.924, 475.619, 1163.278, 605.216, 565.253, 479.137, 477.326, 1202.65, 514.157, 607.166, 559.122, 539.607, 629.979, 1249.954, 544.226, 441.212, 534.45, 554.559, 449.396, 1351.62, 500.482, 1241.301, 532.331, 519.613, 1389.878, 565.157, 472.706, 593.632, 528.204, 520.663, 529.187, 602.37, 462.82, 1384.866, 672.719, 615.916, 695.826, 509.507]] 
[[456.418, 429.211, 414.728, 419.435, 454.947, 563.703, 479.845, 725.897, 630.534, 433.673, 437.524, 459.844, 469.272, 451.235, 837.658, 745.078, 908.826, 1030.312, 439.306, 439.072, 468.086, 1213.157, 1102.654, 400.018, 444.393, 1293.579, 1377.37, 460.836, 461.663, 425.095, 486.411, 1407.046, 408.928, 474.899, 1463.509, 504.695, 436.766, 1604.856, 531.33, 627.787, 496.527, 1471.762, 649.022, 451.811, 461.987, 668.645, 390.273, 495.978, 1580.77, 452.379, 481.539, 520.05, 1760.856, 1612.1689999999999, 470.703, 485.225, 592.571]] 
[[432.315, 493.23, 513.861, 460.388, 476.206, 500.901, 503.463, 523.991, 450.955, 535.837, 562.109, 532.629, 557.381, 593.128, 478.336, 482.614, 614.047, 487.901, 568.588, 631.672, 510.438, 555.592, 682.649, 452.569, 581.082, 601.702, 467.665, 531.158, 484.0, 587.957, 547.31, 668.815, 615.718, 694.897, 486.063, 521.327, 542.667, 500.114, 592.783, 591.541, 619.971, 670.546, 541.047, 501.323, 653.135, 946.197, 645.97, 721.789, 537.891, 724.193, 561.621, 795.175, 474.946, 636.597, 849.666, 738.633, 691.752]] 
[[437.31, 504.089, 525.165, 466.256, 476.237, 486.836, 435.719, 557.214, 467.087, 432.996, 672.956, 488.675, 520.686, 752.168, 489.055, 441.85, 593.324, 454.432, 487.564, 508.414, 596.681, 521.405, 613.424, 432.425, 610.001, 728.698, 461.12, 436.334, 788.071, 465.44, 625.187, 675.081, 574.336, 503.982, 618.39, 810.364, 510.761, 734.456, 641.741, 605.864, 672.985, 445.895, 509.827, 566.414, 515.456, 811.155, 533.331, 587.972, 635.948, 578.128, 733.796, 609.745, 853.572, 1015.036, 618.822, 1112.657, 897.938, 680.918, 612.054]] 
[[403.89, 425.234, 422.024, 452.932, 420.713, 504.168, 428.758, 521.851, 548.585, 454.093, 554.523, 389.682, 616.028, 397.2, 412.983, 630.112, 484.795, 528.832, 581.957, 662.055, 494.709, 427.666, 428.265, 473.642, 475.449, 702.653, 792.307, 870.548, 480.67, 488.69, 383.744, 478.715, 501.049, 512.97, 551.465, 569.265, 509.994, 452.096, 440.709, 826.663, 395.769, 448.342, 827.504, 467.233, 402.869, 410.536, 438.237, 473.944, 878.896, 417.39, 469.935, 424.52, 395.434, 479.634]] 
[[491.08, 435.733, 421.238, 470.785, 554.083, 440.831, 629.609, 492.806, 458.06, 700.003, 875.938, 469.097, 773.763, 447.338, 448.754, 930.248, 996.41, 429.583, 450.616, 434.364, 421.24, 1050.219, 466.621, 513.058, 425.6, 434.646, 482.195, 445.829, 1081.6680000000001, 448.373, 508.728, 485.379, 531.79, 1125.31, 438.848, 498.062, 464.167, 520.619, 563.392, 501.567, 570.886, 594.869, 506.468, 1118.052, 520.554, 458.316, 533.143, 540.608, 448.937, 597.431, 588.921, 411.383, 541.234, 451.463, 449.194, 609.778, 623.463, 548.354, 467.722, 551.037]] 
[[404.592, 443.996, 415.398, 483.37, 535.565, 439.627, 636.649, 671.965, 476.28, 413.898, 745.429, 690.37, 467.09, 775.698, 429.427, 577.061, 669.33, 839.319, 788.991, 464.566, 467.47, 421.583, 719.8, 446.246, 534.547, 831.717, 466.221, 853.594, 786.492, 485.957, 915.115, 869.098, 424.304, 911.911, 1003.127, 949.073, 422.314, 525.46, 610.625, 447.973, 965.93, 711.046, 1082.638, 990.875, 835.922, 1022.642, 932.84, 448.302, 427.698, 470.546, 1061.1970000000001, 965.289, 974.502, 1104.262, 1047.389, 401.329, 1013.751, 1099.593, 1176.85, 409.524, 453.204, 1088.39, 392.939, 1219.869, 525.776, 405.7, 449.829, 1079.258, 1265.702]] 
[[538.376, 435.802, 438.798, 669.386, 587.22, 457.907, 503.623, 421.032, 439.506, 538.618, 430.13, 463.391, 461.176, 526.631, 503.111, 441.457, 526.281, 470.5, 559.249, 511.95, 557.782, 631.898, 721.868, 567.395, 462.232, 792.313, 622.054, 416.832, 470.093, 651.22, 834.892, 924.786, 543.075, 438.008, 1034.253, 1176.124, 448.58, 1287.285, 1374.6109999999999, 506.791, 457.742, 1439.183, 412.427, 509.067, 441.817, 1493.301, 572.744, 425.634, 524.492, 608.969, 482.56, 1541.815, 514.489, 431.045, 564.189, 496.102, 1591.578, 530.379, 575.917, 1650.5149999999999, 545.187, 584.192, 580.892, 404.932, 647.171, 904.07, 769.961, 1672.454, 416.594]] 
[[419.803, 432.076, 427.684, 438.434, 440.52, 479.191, 494.085, 531.295, 584.148, 498.17, 616.86, 466.988, 656.71, 518.419, 688.608, 547.147, 719.408, 626.977, 721.561, 487.734, 820.332, 480.493, 1041.745, 925.229, 486.459, 620.486, 515.752, 506.388, 1082.757, 657.46, 696.467, 456.204, 648.08, 1122.8319999999999, 525.392, 476.281, 1185.691, 478.209, 555.749, 698.454, 1254.124, 544.137, 585.964, 727.777, 562.902, 752.258, 622.046, 592.902, 679.068, 1282.313, 489.851, 440.885, 1335.182, 648.786, 734.542, 1395.103, 687.476, 579.158, 1077.988, 621.314, 1427.909, 1130.725, 1208.331, 676.736, 572.253, 723.928, 430.482, 1240.336, 732.065]] 
[[538.018, 423.986, 465.528, 620.139, 400.974, 412.326, 454.374, 426.361, 467.604, 653.167, 489.407, 517.269, 565.517, 421.019, 424.674, 459.16, 444.097, 449.373, 487.494, 671.005, 498.65, 453.07, 429.462, 599.731, 540.846, 475.79, 500.657, 597.217, 430.844, 687.635, 492.368, 754.693, 443.107, 459.933, 475.391, 473.818, 512.237, 499.876, 830.191, 927.866, 586.028, 527.534, 508.874, 494.817, 645.627, 754.634, 517.893, 556.868, 593.518, 413.834, 531.228, 608.278, 481.465, 812.997, 915.329, 582.707, 536.719, 415.253, 593.274, 592.693, 606.211, 606.816, 407.453, 642.268, 853.391, 624.219, 714.617, 876.689, 622.599]] 
[[542.091, 552.436, 506.602, 512.145, 690.136, 509.999, 524.846, 472.077, 517.87, 512.778, 596.397, 738.747, 537.216, 501.194, 487.763, 575.188, 500.373, 762.754, 665.865, 828.858, 499.18, 751.449, 1084.989, 822.43, 570.759, 868.76, 1080.205, 503.079, 589.825, 1143.491, 581.733, 847.948, 621.934, 528.486, 490.572, 527.192, 622.776, 495.719, 542.468, 952.059, 1082.211, 989.632, 611.601, 1132.461, 639.205, 490.723, 1185.466, 1276.95, 525.969, 472.103, 637.599, 491.462, 1367.421, 665.985, 697.333, 473.869, 507.057, 1046.645, 1114.857, 538.037, 581.644, 791.039, 1212.802, 1316.03, 467.795, 1410.788, 1432.535, 582.901, 736.435]] 
[[469.693, 473.054, 465.567, 523.318, 492.109, 460.014, 485.498, 514.932, 574.601, 684.868, 506.314, 495.211, 604.231, 559.735, 516.66, 575.418, 468.739, 718.242, 510.755, 489.9, 628.792, 502.874, 566.243, 513.695, 548.52, 566.535, 523.993, 750.297, 847.927, 555.947, 609.77, 562.682, 576.038, 489.062, 521.362, 678.973, 633.805, 548.085, 671.192, 696.627, 621.905, 565.928, 831.837, 690.234, 713.888, 590.368, 888.189, 710.3, 546.221, 726.944, 934.888, 501.741, 586.217, 987.218, 534.913, 1102.215, 678.761, 720.391, 574.706, 544.85, 614.76, 1163.828, 646.916, 575.429, 778.871, 669.2, 574.478, 471.884, 687.12]] 
[[427.59, 416.179, 473.706, 505.514, 485.354, 439.127, 440.602, 416.585, 518.416, 488.929, 427.579, 547.389, 485.307, 454.941, 575.403, 518.587, 499.488, 442.719, 608.442, 468.406, 659.02, 476.248, 540.266, 502.051, 658.285, 479.052, 556.836, 457.856, 555.968, 623.356, 732.336, 525.217, 687.456, 650.857, 554.232, 782.344, 575.528, 666.572, 573.104, 698.268, 794.374, 573.918, 484.677, 490.418, 438.637, 549.44, 557.833, 537.224, 578.033, 646.366, 578.03, 549.896, 593.062, 738.086, 571.031, 580.929, 622.897, 650.389, 676.259, 633.473, 569.312, 553.209, 675.65, 612.53, 573.286, 675.86, 755.906, 679.846, 617.938]] 
[[439.169, 504.735, 498.956, 534.574, 536.599, 553.699, 493.46, 530.026, 507.157, 548.257, 553.787, 459.693, 579.0, 479.883, 557.146, 597.908, 601.696, 480.082, 634.142, 490.113, 462.254, 534.882, 486.638, 655.612, 748.722, 461.262, 569.193, 874.653, 609.197, 949.914, 639.853, 512.708, 1009.894, 458.184, 668.573, 603.372, 572.471, 672.071, 446.413, 490.982, 1009.917, 523.999, 769.144, 560.741, 554.699, 598.373, 1051.571, 575.06, 668.848, 595.451, 434.06, 776.193, 847.157, 1100.109, 598.054, 448.544, 492.709, 656.417, 698.534, 664.012, 869.069, 1135.258, 598.541, 511.017, 1040.099, 926.42, 579.928, 702.43, 598.818, 646.872]] 
[[493.03, 441.879, 542.615, 567.114, 572.151, 460.722, 489.802, 443.945, 457.636, 577.191, 487.582, 470.437, 497.919, 474.85, 539.524, 543.121, 539.33, 453.321, 568.662, 501.179, 602.869, 582.698, 521.698, 556.105, 450.159, 743.164, 642.142, 624.598, 561.299, 622.29, 462.292, 492.166, 653.97, 475.009, 671.634, 501.706, 749.973, 488.664, 530.338, 857.296, 507.843, 591.63, 629.935, 719.843, 485.876, 519.518, 897.834, 695.425, 641.399, 585.821, 617.702, 521.387, 634.476, 641.817, 730.61, 662.98, 674.729, 661.733, 893.376, 672.015, 969.467, 696.739, 693.504, 747.452, 809.252, 676.317, 581.49, 736.349, 434.607, 968.352]] 
[[511.494, 466.596, 449.686, 599.653, 493.599, 718.212, 489.507, 516.167, 556.264, 447.239, 588.847, 406.083, 804.895, 473.467, 436.144, 721.49, 869.157, 532.38, 1602.6599999999999, 806.453, 889.989, 454.947, 540.597, 483.297, 942.24, 981.691, 1060.872, 503.246, 548.511, 1128.634, 518.008, 436.495, 983.448, 562.801, 1058.458, 1171.234, 1245.023, 1124.063, 429.124, 1363.593, 615.436, 556.061, 555.032, 420.416, 631.74, 418.982, 579.753, 650.19, 472.474, 681.851, 1318.157, 1173.811, 500.239, 578.795, 1659.461, 679.012, 1428.9569999999999, 1524.259, 1338.63, 1775.6599999999999, 420.995, 1680.588, 471.267, 649.6, 1818.592, 463.569, 484.041, 510.745, 499.302, 1855.629]] 
[[471.876, 456.589, 437.567, 511.424, 452.013, 479.862, 443.989, 508.507, 510.712, 457.734, 535.14, 588.51, 776.545, 439.965, 565.753, 444.959, 646.042, 478.03, 456.626, 812.786, 430.911, 887.194, 537.055, 470.774, 953.334, 1076.192, 1180.964, 446.05, 507.453, 1256.775, 451.044, 538.21, 462.94, 446.947, 519.862, 1303.285, 481.976, 545.773, 531.932, 533.242, 498.279, 615.697, 438.268, 527.801, 579.849, 633.454, 492.382, 1309.009, 604.673, 645.892, 1482.355, 1363.116, 1553.981, 504.626, 583.147, 762.121, 644.515, 654.136, 873.625, 1591.892, 579.902, 1648.1860000000001, 455.486, 424.64, 1755.359, 1842.163, 454.273, 485.233, 539.413, 1880.3]] 
[[422.084, 453.971, 439.108, 414.845, 463.8, 524.731, 506.166, 415.433, 419.104, 482.611, 439.08, 632.798, 448.201, 433.393, 456.807, 500.809, 482.038, 450.906, 481.878, 486.646, 433.54, 482.538, 519.314, 673.931, 480.796, 473.423, 484.199, 508.908, 618.175, 504.353, 550.156, 766.316, 883.99, 965.404, 423.913, 1034.191, 550.658, 487.904, 444.436, 427.65, 567.72, 608.503, 486.301, 439.941, 675.521, 473.685, 507.785, 703.662, 674.505, 776.763, 478.413, 845.268, 382.798, 797.917, 912.779, 692.036, 720.124, 964.353, 926.663, 447.387, 397.943, 562.02, 460.255, 742.612, 1080.274, 976.019, 1120.55, 534.014, 402.157, 446.264]] 
[[399.438, 412.94, 435.752, 422.158, 420.809, 502.373, 447.143, 452.067, 490.913, 433.371, 419.844, 505.673, 445.886, 486.771, 576.81, 435.287, 405.48, 525.864, 444.155, 481.652, 439.224, 554.977, 465.771, 526.807, 415.56, 556.309, 442.622, 599.51, 467.073, 572.671, 660.039, 736.646, 509.925, 583.361, 551.226, 610.192, 500.384, 426.694, 630.756, 424.858, 656.042, 543.017, 676.485, 437.272, 556.756, 825.703, 468.791, 588.4, 628.41, 674.877, 662.721, 428.475, 837.467, 923.081, 766.582, 760.733, 431.16, 999.664, 498.089, 1141.715, 427.775, 1042.801, 1186.31, 655.853, 646.889, 1242.628, 641.839, 1153.732, 415.371, 458.267]] 
[[411.812, 413.689, 442.817, 468.835, 439.158, 459.742, 487.535, 467.828, 439.625, 489.492, 533.094, 504.23, 482.85, 435.658, 536.07, 567.576, 652.072, 620.419, 481.622, 433.857, 711.916, 495.036, 412.418, 781.868, 405.707, 741.753, 642.25, 424.877, 494.4, 544.749, 823.683, 436.087, 906.959, 510.94, 548.847, 434.402, 440.833, 441.284, 745.858, 514.418, 1075.773, 938.634, 454.368, 521.838, 634.383, 567.386, 781.316, 428.03, 620.633, 535.288, 1142.876, 832.783, 437.058, 422.658, 600.612, 451.694, 909.028, 449.907, 578.717, 460.476, 996.419, 596.487, 568.751, 625.822, 1101.511, 430.493, 1045.615, 1158.833, 622.858, 561.443]] 
[[485.391, 541.369, 534.532, 476.782, 510.874, 543.891, 573.071, 525.765, 643.459, 578.674, 976.308, 868.523, 714.001, 484.196, 556.164, 505.913, 1011.85, 545.553, 624.74, 474.99, 566.815, 740.073, 553.484, 483.327, 1038.863, 600.454, 712.559, 652.023, 777.081, 749.001, 481.922, 792.089, 511.157, 685.023, 821.362, 565.892, 1057.308, 669.747, 872.18, 476.526, 669.211, 930.273, 1008.666, 540.031, 715.721, 724.711, 607.499, 648.827, 1050.049, 1053.689, 797.835, 1122.454, 920.163, 1234.4850000000001, 953.026, 698.815, 735.067, 630.333, 771.962, 1336.94, 1057.586, 838.747, 592.139, 544.136, 1399.013, 880.092, 918.357, 590.441, 1265.998, 1117.618]] 
[[427.018, 474.982, 506.832, 443.088, 564.652, 545.018, 509.077, 552.203, 539.241, 659.28, 508.762, 487.226, 566.158, 725.968, 903.196, 611.139, 803.083, 986.931, 483.064, 521.966, 475.246, 512.803, 554.198, 466.677, 632.427, 711.398, 512.122, 563.769, 504.437, 1008.295, 1117.308, 1190.204, 749.755, 1267.69, 825.18, 435.206, 931.289, 532.408, 499.758, 452.479, 458.706, 1521.546, 516.664, 567.16, 526.686, 438.556, 572.028, 581.229, 952.943, 1033.435, 447.628, 594.632, 1088.999, 559.425, 473.874, 617.761, 441.948, 547.914, 490.266, 570.794, 574.084, 1119.7930000000001, 661.859, 1244.814, 601.785, 555.214, 432.182, 460.955, 1172.821, 521.522]] 
[[482.806, 567.959, 467.626, 641.381, 538.528, 518.532, 487.475, 693.144, 504.751, 512.837, 588.853, 462.868, 570.51, 476.181, 563.515, 770.933, 458.466, 574.761, 498.291, 540.419, 489.634, 580.008, 564.104, 518.018, 595.156, 584.1, 610.409, 776.102, 589.757, 495.875, 624.465, 667.522, 513.29, 613.572, 920.309, 823.599, 635.725, 728.005, 684.835, 485.738, 609.75, 761.962, 694.331, 613.308, 494.835, 536.825, 909.177, 630.46, 451.177, 1071.714, 967.521, 1150.172, 715.818, 742.767, 629.121, 501.448, 1198.003, 771.104, 434.492, 836.464, 735.518, 909.454, 490.832, 1219.016, 434.042, 472.233, 733.174, 520.847, 583.586, 762.627]] 
average response time [0]544.16
average response time [1]417.068
average response time [2]434.758
average response time [3]405.007
average response time [4]397.325
average response time [5]466.682
average response time [6]411.903
average response time [7]451.943
average response time [8]429.631
average response time [9]437.853
TOTAL AVERAGE RESPONSE TIME ====================: 439.633
NUMBER OF THREADS ==============================: 1
average response time [10]446.6175
average response time [11]480.8175
average response time [12]491.50350000000003
average response time [13]488.6305
average response time [14]487.1255
average response time [15]556.3154999999999
average response time [16]523.2395
average response time [17]474.478
average response time [18]464.9645
average response time [19]432.36350000000004
TOTAL AVERAGE RESPONSE TIME ====================: 484.60555000000005
NUMBER OF THREADS ==============================: 2
average response time [20]478.40575
average response time [21]515.3925
average response time [22]551.054
average response time [23]528.53775
average response time [24]575.30575
average response time [25]544.611
average response time [26]508.73075
average response time [27]499.21399999999994
average response time [28]509.9325
average response time [29]505.8055
TOTAL AVERAGE RESPONSE TIME ====================: 521.6989500000001
NUMBER OF THREADS ==============================: 4
average response time [30]622.3445
average response time [31]609.28175
average response time [32]644.20175
average response time [33]579.561625
average response time [34]603.76425
average response time [35]573.02275
average response time [36]607.432875
average response time [37]602.5795
average response time [38]586.771125
average response time [39]632.728125
TOTAL AVERAGE RESPONSE TIME ====================: 606.168825
NUMBER OF THREADS ==============================: 8
average response time [40]789.2361875
average response time [41]791.167375
average response time [42]1196.5790625
average response time [43]711.6096875000001
average response time [44]776.004875
average response time [45]825.70725
average response time [46]820.1409375
average response time [47]758.591
average response time [48]757.7776250000001
average response time [49]783.463
TOTAL AVERAGE RESPONSE TIME ====================: 821.0277
NUMBER OF THREADS ==============================: 16
average response time [50]1228.52403125
average response time [51]1124.6054375
average response time [52]1269.4488125
average response time [53]712.4465294117647
average response time [54]757.5094117647059
average response time [55]853.0019047619047
average response time [56]692.9142666666667
average response time [57]810.5721176470588
average response time [58]728.7601764705882
average response time [59]801.3498125
TOTAL AVERAGE RESPONSE TIME ====================: 897.913250047269
NUMBER OF THREADS ==============================: 32
average response time [60]1081.2179444444444
average response time [61]1295.6254871794872
average response time [62]1062.5982068965518
average response time [63]913.5222142857143
average response time [64]899.4047
average response time [65]808.3517
average response time [66]691.7318235294117
average response time [67]982.9087916666666
average response time [68]845.68425
average response time [69]759.8995652173913
TOTAL AVERAGE RESPONSE TIME ====================: 934.0944683219666
NUMBER OF THREADS ==============================: 64
average response time [70]1062.9975333333334
average response time [71]925.4430769230769
average response time [72]570.6399090909091
average response time [73]614.0642352941177
average response time [74]604.1381481481482
average response time [75]600.1673928571429
average response time [76]670.5199666666666
average response time [77]635.1324827586207
average response time [78]545.9133793103448
average response time [79]574.623125
TOTAL AVERAGE RESPONSE TIME ====================: 680.363924938236
NUMBER OF THREADS ==============================: 65
average response time [80]477.321125
average response time [81]526.1007857142857
average response time [82]509.18065384615386
average response time [83]490.3318947368421
average response time [84]521.3219583333333
average response time [85]495.68942857142855
average response time [86]582.8028666666667
average response time [87]632.1012558139535
average response time [88]541.9172941176471
average response time [89]499.5697666666667
TOTAL AVERAGE RESPONSE TIME ====================: 527.6337029466978
NUMBER OF THREADS ==============================: 66
average response time [90]558.091375
average response time [91]507.8393939393939
average response time [92]505.90512121212123
average response time [93]548.6286666666666
average response time [94]566.0834634146341
average response time [95]643.0384117647059
average response time [96]484.39685714285713
average response time [97]510.67996666666664
average response time [98]471.4748979591837
average response time [99]520.6735178571429
TOTAL AVERAGE RESPONSE TIME ====================: 531.6811671623373
NUMBER OF THREADS ==============================: 67
average response time [100]512.9483461538462
average response time [101]535.6702033898305
average response time [102]501.9053090909091
average response time [103]499.0751379310345
average response time [104]546.0482542372881
average response time [105]550.4553035714285
average response time [106]542.7013148148149
average response time [107]644.7035161290322
average response time [108]699.3309298245614
average response time [109]577.6500175438597
TOTAL AVERAGE RESPONSE TIME ====================: 561.0488332686605
NUMBER OF THREADS ==============================: 68
average response time [110]595.6515762711864
average response time [111]511.70235185185186
average response time [112]564.8243833333333
average response time [113]702.6672463768116
average response time [114]669.2123768115943
average response time [115]703.3741884057971
average response time [116]557.9522753623188
average response time [117]726.6513623188406
average response time [118]620.5141739130435
average response time [119]567.4438260869565
TOTAL AVERAGE RESPONSE TIME ====================: 621.9993760731734
NUMBER OF THREADS ==============================: 69
average response time [120]631.9853428571429
average response time [121]603.0222571428571
average response time [122]790.4215428571429
average response time [123]720.8616428571429
average response time [124]583.8919428571429
average response time [125]588.5128
average response time [126]596.8279428571428
average response time [127]747.6688
average response time [128]658.6965142857143
average response time [129]642.8833857142857
TOTAL AVERAGE RESPONSE TIME ====================: 656.4772171428572
NUMBER OF THREADS ==============================: 70
NUMBER OF THREADS: [1, 2, 4, 8, 16, 32, 64, 65, 66, 67, 68, 69, 70]
WORKLOAD: HFU_LV;  
TOTAL EXECUTION TIME (Concurrent Parallel Requests): 161685.828
NUMBER OF REPLICAS USED: 6

