[[409.877]] 
[[383.151, 418.071]] 
[[385.393, 507.473, 409.996, 451.505]] 
[[438.245, 393.325, 470.241, 548.222, 503.652, 573.776, 614.233, 650.317]] 
[[491.518, 387.949, 944.662, 1048.286, 590.324, 540.732, 883.659, 605.734, 695.029, 726.162, 762.178, 1452.673, 790.312, 815.466, 884.999, 1752.603]] 
[[426.244, 1957.009, 622.45, 573.195, 2268.384, 2308.216, 2107.39, 617.696, 1055.602, 2158.695, 639.075, 984.857, 716.654, 931.358, 1592.754, 440.67, 1398.991, 1842.0030000000002, 1023.408, 1142.9850000000001, 1288.915, 1170.673, 2598.967, 1228.658, 1396.588, 1297.42, 1329.441, 1407.934, 1456.513, 1511.82, 1660.315, 1583.817]] 
[[395.303, 641.591, 1366.368, 456.902, 501.335, 2529.8360000000002, 571.93, 690.423, 728.839, 1584.8690000000001, 785.834, 1749.783, 850.55, 721.594, 1532.004, 1963.545, 2493.049, 2538.361, 2613.965, 879.585, 2557.096, 981.766, 936.298, 886.862, 2621.509, 992.877, 2561.984, 1058.414, 1088.21, 2617.822, 2649.299, 1108.88, 1183.9180000000001, 1119.916, 1290.0149999999999, 1199.462, 1330.417, 1229.367, 2616.0879999999997, 1335.284, 1412.5230000000001, 1365.575, 1485.186, 1428.385, 1583.894, 1537.722, 1475.101, 1677.173, 1587.851, 1615.864, 2528.918, 2606.371, 2552.398, 2623.001, 1736.087, 1652.1680000000001, 1799.159, 1833.58, 1896.529, 2595.185, 2647.9030000000002, 1829.63, 2733.916, 1896.182]] 
[[393.809, 495.025, 446.423, 532.987, 568.087, 602.925, 683.197, 629.464, 698.411, 851.126, 730.7, 760.083, 801.274, 859.436, 900.469, 979.013, 1014.134, 923.124, 1119.0430000000001, 1065.713, 1135.453, 1167.383, 1192.998, 1322.676, 1209.228, 1448.674, 1534.4479999999999, 1487.46, 1660.06, 1572.75, 1599.283, 1679.5059999999999, 1720.251, 1812.976, 1759.759, 1873.8980000000001, 1830.691, 1901.23, 1938.353, 1974.9479999999999, 2017.591, 2117.393, 2054.905, 2164.692, 2272.536, 2411.365, 2210.27, 2318.246, 3295.142, 2475.109, 2562.678, 2602.9629999999997, 2635.3540000000003, 2711.139, 2661.212, 2821.1530000000002, 2737.416, 2767.047, 2843.299, 2875.049, 2956.425, 2912.672, 3081.1440000000002, 3132.21, 2973.844]] 
[[449.967, 492.943, 554.591, 589.911, 491.221, 627.346, 709.047, 760.79, 646.9, 823.745, 778.738, 1732.261, 920.052, 1582.896, 942.333, 979.206, 1066.084, 1015.278, 1087.859, 1121.0430000000001, 1154.804, 1233.417, 1279.154, 2074.68, 1386.439, 1301.32, 2178.338, 1506.1970000000001, 1450.272, 1540.031, 1587.335, 1626.426, 1661.558, 1710.48, 1781.683, 1735.835, 1803.71, 1870.095, 1831.9450000000002, 1899.243, 1978.192, 1930.347, 2004.762, 2788.593, 2097.488, 2144.957, 2180.07, 2215.251, 2254.319, 2355.717, 2293.147, 2396.171, 2473.056, 2422.368, 2578.9049999999997, 2530.559, 2489.485, 2635.559, 2596.5209999999997, 2666.547, 2699.85, 2773.43, 2734.324, 2884.002, 2796.608, 2926.007]] 
[[1135.83, 1262.232, 473.473, 1257.527, 475.999, 1466.599, 586.797, 1335.163, 647.154, 732.959, 772.001, 926.442, 833.893, 1531.51, 862.771, 977.384, 1016.87, 924.206, 1042.131, 1299.001, 1148.968, 1093.269, 4000.158, 4052.517, 1156.253, 3133.391, 1285.272, 1177.802, 1322.1190000000001, 1361.995, 1394.431, 1431.409, 1471.032, 1510.533, 1545.103, 1589.562, 1626.518, 1665.274, 3113.521, 1735.704, 1675.0320000000002, 1795.179, 3121.143, 1735.454, 1855.051, 1810.825, 1884.519, 1997.136, 2065.218, 1914.883, 2125.574, 2078.864, 2150.598, 3069.966, 2175.162, 2176.167, 2221.023, 2245.096, 3074.927, 2280.569, 2357.934, 3177.54, 2543.505, 2360.91, 2443.198, 3584.73, 3521.834]] 
[[438.18, 533.633, 434.306, 475.046, 3354.1, 733.49, 569.313, 574.141, 661.08, 1261.085, 1363.0, 735.803, 770.568, 802.157, 878.881, 822.873, 895.842, 933.62, 980.583, 3270.7690000000002, 1278.193, 1007.789, 1185.099, 2198.515, 1372.221, 1072.889, 1187.749, 1097.809, 1293.873, 990.662, 3224.686, 1353.272, 1429.21, 1376.353, 1472.935, 1532.621, 1615.562, 1692.612, 1729.094, 1638.579, 2404.154, 1791.172, 2650.4809999999998, 1871.99, 1903.721, 2018.761, 1928.769, 2031.229, 1955.012, 2105.652, 2051.969, 2124.098, 2161.814, 2185.661, 2223.5, 2490.803, 2258.763, 2420.525, 2491.579, 2305.568, 2343.169, 3195.992, 2501.932, 2672.173, 2615.374, 2555.4610000000002, 2680.635, 2722.709]] 
[[385.36, 435.587, 514.792, 1113.968, 533.134, 609.909, 699.221, 644.538, 732.139, 766.693, 1461.7, 843.864, 881.84, 924.23, 957.351, 995.31, 1035.454, 1075.357, 1114.887, 1151.933, 1187.325, 1209.9279999999999, 1286.7440000000001, 1235.007, 1314.364, 1350.21, 1396.018, 1449.512, 1485.4189999999999, 1514.5549999999998, 1543.851, 3315.465, 1564.5259999999998, 1598.425, 1635.2730000000001, 1772.2939999999999, 1710.627, 1660.702, 1797.424, 1840.529, 1872.58, 1947.563, 1986.225, 1903.795, 1998.673, 2216.433, 2149.721, 2048.898, 3233.11, 1997.6109999999999, 2248.899, 2343.116, 2380.643, 3173.0389999999998, 2492.511, 2396.447, 2426.2219999999998, 2510.215, 2536.8630000000003, 2707.741, 2603.149, 3201.9, 2761.007, 2624.846, 2702.952, 2906.85, 2762.125, 2800.391, 2832.783]] 
[[3671.798, 457.671, 426.367, 482.674, 560.244, 510.798, 613.015, 653.733, 596.932, 729.938, 712.301, 768.305, 716.773, 1663.509, 878.584, 774.056, 813.285, 933.813, 976.075, 1009.933, 1053.166, 1090.345, 1859.786, 1328.922, 1226.767, 1151.283, 1378.612, 1413.019, 1441.065, 1477.748, 1523.298, 1550.817, 2288.426, 1654.505, 2287.7690000000002, 1698.487, 1770.233, 2411.737, 1782.481, 1885.397, 1842.999, 1793.4850000000001, 1899.4940000000001, 1931.491, 1996.229, 1955.005, 2090.972, 1999.08, 2134.709, 2851.005, 2862.18, 2892.549, 2283.251, 2366.898, 2438.823, 2299.328, 2468.367, 2501.69, 2366.926, 2595.922, 2727.438, 2670.969, 2526.182, 2475.342, 3351.117, 2716.5950000000003, 2809.056, 2739.228, 2930.784, 2849.748]] 
[[404.556, 448.694, 483.154, 701.768, 525.361, 558.744, 598.001, 637.557, 666.76, 696.886, 724.228, 853.274, 744.214, 864.205, 779.73, 890.944, 920.84, 971.067, 1050.239, 1152.219, 1099.688, 1176.171, 1220.1109999999999, 1249.837, 1281.9279999999999, 1316.799, 1352.592, 1393.683, 1434.538, 1476.578, 1510.087, 1531.964, 1567.841, 1621.618, 1582.691, 1646.078, 1669.175, 1699.598, 1880.042, 1787.507, 1901.286, 1708.737, 1927.025, 1964.967, 1994.797, 2204.065, 2156.572, 2018.328, 2278.753, 2078.692, 2378.934, 2205.274, 2004.289, 2263.315, 2301.432, 2464.951, 2555.302, 2366.035, 2389.802, 2661.659, 2451.589, 2559.195, 2685.377, 2761.9210000000003, 2712.566, 2792.257, 2823.116, 2865.427, 2910.102, 2943.258, 2977.964]] 
[[399.703, 436.563, 483.714, 531.569, 556.868, 578.639, 612.053, 704.833, 731.954, 636.138, 756.085, 793.867, 1485.364, 867.492, 1562.5839999999998, 1454.737, 985.904, 1020.102, 1164.308, 2242.957, 1183.1100000000001, 1217.833, 1259.704, 1289.074, 1326.317, 1400.356, 1370.5, 1430.348, 2186.021, 1616.691, 1520.75, 1557.6, 1621.906, 1764.4299999999998, 2144.373, 1715.9679999999998, 1785.348, 1861.3020000000001, 1807.333, 1891.123, 1964.8890000000001, 2001.841, 2031.728, 2065.632, 3351.418, 2094.026, 2132.895, 2159.959, 2325.963, 2238.859, 2848.654, 2354.4809999999998, 2429.841, 2255.234, 2365.636, 2546.217, 2488.5299999999997, 2437.143, 2388.446, 3134.708, 2538.041, 2632.772, 2567.8, 2681.32, 2760.308, 2872.583, 2829.257, 2784.502, 2894.881, 3020.605, 2925.939, 2965.891]] 
[[418.749, 501.991, 452.696, 529.842, 563.642, 652.961, 592.822, 722.09, 751.481, 664.308, 780.635, 819.294, 853.094, 950.366, 889.758, 1000.469, 1061.264, 1117.623, 1157.149, 1183.382, 1224.647, 1356.8, 1262.686, 1301.165, 1421.53, 1364.815, 1509.56, 1443.056, 1529.217, 1562.58, 1604.132, 1643.2730000000001, 1678.542, 1710.201, 1747.911, 1778.531, 1941.951, 1842.7930000000001, 1894.826, 1962.578, 2034.173, 1990.8200000000002, 2057.991, 2107.293, 2148.075, 2226.181, 2183.54, 2260.488, 2297.791, 2339.194, 2378.15, 2401.517, 2488.011, 2437.959, 2512.492, 2547.031, 2639.902, 2587.072, 2701.443, 2748.965, 2793.326, 2830.445, 2864.987, 2902.3379999999997, 2983.239, 2928.0, 3024.16, 3104.212, 3051.745, 3126.545, 3166.238, 3197.393, 3235.233]] 
[[454.993, 400.222, 486.069, 506.926, 552.627, 705.414, 575.23, 611.609, 625.203, 715.547, 786.855, 1624.0929999999998, 830.263, 929.123, 962.429, 994.509, 1030.845, 1074.484, 1113.0529999999999, 1151.379, 1192.476, 1232.686, 1932.451, 1306.592, 2018.11, 1383.605, 1420.366, 1458.769, 1492.3229999999999, 1527.563, 1565.137, 1607.667, 1687.083, 1763.7359999999999, 1820.308, 1861.034, 1978.283, 2020.885, 1881.717, 1918.304, 2041.6, 2101.915, 2025.199, 2112.002, 2145.31, 2247.778, 2174.341, 2320.751, 2228.746, 2259.444, 2325.365, 2438.605, 2546.235, 2348.565, 2483.217, 3270.818, 2717.322, 2657.129, 2608.305, 2778.337, 2539.221, 2710.565, 2788.635, 2824.855, 2856.605, 2896.099, 3156.679, 2931.13, 2995.766, 3170.362, 3122.498, 3757.496, 3167.987, 3117.909]] 
[[467.991, 435.428, 481.014, 527.099, 556.4, 585.819, 673.168, 601.873, 758.223, 882.625, 698.901, 781.371, 3621.258, 800.88, 835.901, 868.81, 908.975, 944.34, 1772.529, 1050.459, 1192.333, 1187.953, 1184.177, 1196.554, 1234.083, 3581.081, 1260.41, 1328.475, 1280.774, 1401.653, 1354.451, 1423.012, 1465.162, 1526.704, 1484.609, 1640.8429999999998, 1537.763, 1584.348, 1650.8220000000001, 1835.72, 1683.226, 1885.5639999999999, 1924.996, 1806.905, 1956.703, 2036.531, 2070.555, 1976.597, 3385.823, 2091.202, 2171.999, 2107.181, 2189.497, 2229.152, 2309.206, 2263.876, 2331.187, 2361.804, 2394.389, 2467.523, 2419.902, 2554.8559999999998, 2475.2690000000002, 2606.842, 2636.978, 3329.314, 2758.428, 2698.379, 2776.8559999999998, 2855.756, 2796.08, 2947.5389999999998, 2859.39, 2898.4809999999998, 2954.5299999999997]] 
[[431.11, 466.804, 493.633, 534.923, 574.604, 607.101, 664.815, 629.547, 696.145, 715.248, 3744.756, 850.66, 973.675, 1013.215, 753.868, 899.376, 844.369, 676.011, 1000.259, 1018.3, 1060.963, 1112.353, 1064.507, 1135.078, 1168.012, 1200.118, 1228.8600000000001, 1269.9940000000001, 1301.129, 1342.566, 1375.118, 1406.653, 1443.482, 1485.246, 1527.931, 1649.71, 1592.466, 1679.723, 1704.755, 1742.4299999999998, 1762.635, 1803.899, 1832.075, 1992.734, 1852.996, 1894.54, 1919.047, 1996.7350000000001, 2030.058, 2070.061, 2102.345, 2145.568, 2179.286, 2211.402, 2243.935, 2275.16, 2304.098, 2376.282, 2452.384, 2510.594, 2604.631, 2545.906, 2627.926, 2672.953, 2709.198, 2745.2200000000003, 3462.431, 2816.426, 3534.728, 3906.033, 2870.0209999999997, 3477.467, 2903.365, 3647.119, 3042.572, 2985.14]] 
[[1098.319, 401.555, 508.788, 458.942, 538.912, 573.951, 652.906, 597.88, 679.793, 710.791, 747.487, 1538.0410000000002, 779.807, 805.476, 921.864, 1049.151, 995.267, 1077.32, 1196.873, 1112.526, 1220.98, 1130.213, 1237.679, 1285.716, 1313.7269999999999, 1439.652, 1346.52, 1368.584, 1443.094, 1517.374, 1467.48, 1566.644, 1627.5549999999998, 1587.2649999999999, 1690.755, 1643.988, 1717.911, 1782.013, 1815.606, 1853.24, 1875.519, 1946.336, 1903.223, 1976.249, 2098.521, 2004.288, 2039.788, 2116.833, 2153.063, 2183.484, 2218.931, 2253.759, 2289.986, 3306.902, 2314.114, 2337.388, 3311.982, 2358.467, 3329.992, 2378.07, 2416.807, 2478.973, 2539.68, 2660.215, 2689.6440000000002, 2599.001, 2715.4, 2745.283, 2830.861, 2773.617, 2839.504, 3639.117, 3001.192, 3040.642, 2914.385, 4002.722, 2940.298]] 
[[428.024, 486.187, 518.726, 1295.241, 579.741, 604.672, 1394.594, 676.704, 721.535, 752.388, 790.493, 824.877, 1628.87, 902.686, 940.71, 1005.787, 1806.6889999999999, 1083.137, 1124.858, 1162.096, 1199.413, 1232.729, 1268.288, 1309.451, 1347.317, 1383.4850000000001, 1423.942, 1464.204, 1504.138, 1596.487, 1539.539, 1630.298, 1666.4969999999998, 1710.405, 1752.021, 2580.128, 3720.694, 3671.102, 1817.685, 1901.479, 1956.953, 1980.887, 2046.084, 2749.727, 2229.412, 2142.477, 2088.162, 2155.63, 2028.851, 2307.015, 2942.456, 2328.578, 2247.103, 2347.809, 2436.661, 2382.249, 2452.187, 2558.08, 2475.662, 2498.526, 2579.648, 2733.694, 2649.596, 2765.343, 2898.034, 3475.447, 2794.527, 2824.398, 2901.4700000000003, 2939.413, 2975.263, 3778.33, 3048.285, 3085.707, 3122.513, 3164.023, 3201.649, 3247.659]] 
[[471.711, 417.804, 491.402, 515.602, 555.474, 1325.452, 618.295, 650.905, 765.001, 696.49, 710.067, 797.887, 833.739, 876.089, 910.176, 945.071, 987.951, 1024.581, 1068.094, 1120.898, 1160.767, 1232.2640000000001, 1521.289, 1325.089, 3866.794, 1358.32, 1409.8229999999999, 1554.116, 1492.231, 1682.827, 1583.5430000000001, 1629.5810000000001, 2415.346, 1823.529, 1765.896, 1715.453, 1838.681, 1911.304, 1857.825, 2627.728, 3854.013, 3800.567, 1944.0259999999998, 2115.294, 2647.82, 2054.816, 2153.718, 2848.933, 2215.452, 2290.576, 2242.794, 2374.667, 2323.008, 2450.142, 2396.571, 2561.259, 2473.253, 2512.437, 2578.822, 2614.511, 2709.208, 2881.317, 2735.83, 2892.4049999999997, 3537.897, 2753.754, 3027.437, 2951.0209999999997, 3063.159, 3817.339, 3135.387, 3171.985, 3201.19, 3240.013, 3279.434, 3322.067, 3351.933, 3393.661, 3428.542]] 
[[434.648, 393.428, 614.547, 522.842, 482.825, 633.858, 539.847, 717.819, 729.051, 642.091, 750.247, 1008.706, 874.355, 825.688, 902.767, 936.279, 2163.833, 966.232, 1050.043, 1086.587, 1161.58, 1111.978, 1194.401, 1493.517, 1268.6779999999999, 1300.158, 1358.191, 1439.937, 2130.898, 1509.779, 1542.887, 3890.456, 1554.002, 1595.671, 1620.767, 1659.77, 1699.229, 1744.612, 1787.672, 3569.75, 1852.6390000000001, 1938.0929999999998, 1886.558, 1976.734, 2673.429, 2044.721, 2080.966, 2128.998, 2509.949, 2296.09, 2288.388, 2322.005, 2348.5950000000003, 2480.068, 2376.681, 3569.299, 2573.053, 2470.489, 2509.401, 2633.384, 2589.62, 2655.857, 2684.21, 3541.374, 2698.915, 2760.4120000000003, 2785.727, 2824.392, 3035.233, 2847.343, 2887.337, 3038.165, 3736.668, 3178.739, 3123.117, 3299.327, 3199.105, 3232.314, 3306.299, 3338.8]] 
[[576.68, 494.484, 445.888, 500.472, 568.152, 702.576, 598.3, 635.091, 755.664, 819.675, 923.353, 879.182, 1714.771, 1089.408, 1074.437, 1066.032, 1875.432, 1120.961, 1158.0149999999999, 1200.031, 1231.187, 1273.308, 1307.94, 1344.27, 1371.38, 1406.232, 1444.731, 1481.961, 1520.645, 2341.468, 3993.344, 1595.6570000000002, 1681.165, 1757.577, 1785.738, 1911.422, 1861.9070000000002, 1822.2150000000001, 1956.771, 3942.1620000000003, 1891.249, 1976.421, 2725.916, 2050.966, 2061.965, 2102.914, 2134.987, 2166.035, 2239.852, 2278.6549999999997, 2176.88, 2335.277, 2280.6639999999998, 2345.815, 2391.089, 2527.292, 2460.667, 2542.561, 2570.695, 2595.2799999999997, 3368.136, 2622.9210000000003, 2714.503, 2734.089, 2766.216, 3510.056, 2833.324, 2912.444, 2853.527, 2936.801, 2969.756, 3003.428, 3033.267, 3164.7110000000002, 3066.843, 3092.131, 3208.33, 3382.109, 3274.818, 3396.6059999999998, 3556.3360000000002]] 
[[453.578, 509.75, 538.815, 574.918, 605.55, 629.073, 656.999, 686.262, 712.619, 750.336, 1086.321, 791.915, 808.447, 1803.308, 922.168, 954.874, 1032.262, 987.2, 1058.94, 1116.448, 1416.801, 1343.789, 1234.054, 1272.9940000000001, 1423.539, 1390.3319999999999, 1343.474, 1438.007, 1475.038, 1506.183, 1580.578, 1523.181, 1605.62, 1715.577, 1631.031, 1747.5900000000001, 2407.957, 1768.392, 1785.115, 1810.812, 1857.327, 1941.675, 1885.435, 1995.746, 2034.714, 2054.24, 2129.774, 2208.101, 2079.639, 2143.997, 2220.09, 2265.509, 2288.533, 2536.3, 2352.168, 2429.421, 2392.71, 2468.966, 2543.926, 4689.305, 2553.708, 2592.739, 2642.3869999999997, 2680.853, 2751.982, 2779.274, 2814.385, 3451.3940000000002, 2836.591, 5051.422, 2922.312, 2959.4139999999998, 2998.598, 3135.129, 3124.464, 3117.978, 3168.463, 3120.35, 3186.236, 3216.094, 4023.635, 3288.861]] 
[[588.063, 507.242, 504.628, 533.97, 615.591, 1272.5729999999999, 621.175, 673.385, 767.598, 782.315, 824.243, 855.703, 893.303, 1544.5990000000002, 1551.679, 1158.721, 2135.703, 1052.807, 1094.099, 1453.932, 977.909, 1523.203, 1393.946, 1516.636, 975.044, 1896.415, 1136.9569999999999, 1326.223, 1527.417, 1567.368, 1798.5439999999999, 1613.417, 3637.201, 1614.9940000000001, 3643.413, 1679.0729999999999, 1768.179, 1808.614, 3639.886, 1596.408, 1852.5810000000001, 1893.9180000000001, 1778.2759999999998, 3604.7380000000003, 2108.512, 2130.767, 2193.447, 2250.7309999999998, 2204.462, 2323.151, 3028.76, 1901.649, 1848.147, 1950.3319999999999, 1793.272, 2318.838, 2351.7200000000003, 3652.948, 3467.681, 3580.848, 3527.9120000000003, 3475.452, 2432.016, 2342.32, 2381.324, 2489.156, 2271.756, 2435.768, 2558.148, 2507.02, 2739.542, 2621.734, 2569.127, 2633.212, 3065.013, 3483.057, 3505.096, 2923.024, 2802.599, 2836.286, 2704.0209999999997, 2864.449, 2936.371]] 
[[456.698, 410.888, 477.063, 513.98, 541.183, 593.801, 632.474, 703.13, 669.721, 737.471, 772.114, 868.364, 816.631, 934.941, 972.755, 1014.237, 1043.181, 1072.217, 1122.324, 1170.353, 1213.3220000000001, 1254.801, 1334.592, 1285.692, 1405.806, 1360.561, 1432.7359999999999, 1507.7640000000001, 1446.867, 1562.318, 1636.0030000000002, 1505.215, 1579.9470000000001, 1653.278, 1683.963, 1811.755, 1849.359, 1753.9969999999998, 1914.3899999999999, 1851.495, 1977.31, 2103.453, 1920.0700000000002, 2035.468, 1989.786, 2119.419, 2155.344, 2190.205, 2220.818, 2441.2, 2249.328, 2284.997, 2500.628, 2305.115, 2336.386, 2418.46, 2539.002, 2577.487, 2610.398, 2650.16, 2670.799, 2743.777, 2692.426, 2818.619, 2761.929, 2842.795, 2881.891, 2923.634, 2958.419, 3251.22, 3021.252, 3048.981, 3163.654, 3069.305, 3101.235, 3164.598, 3201.801, 3237.324, 3307.257, 3388.973, 3440.637, 4248.757, 3501.544, 6080.131]] 
[[4310.744, 423.011, 4173.063, 462.329, 722.437, 4197.974, 538.877, 4228.826, 560.171, 590.506, 622.759, 664.727, 836.522, 729.217, 4273.13, 753.821, 2112.681, 886.613, 1693.649, 1011.288, 921.639, 1719.7930000000001, 1063.835, 1100.542, 1184.923, 1131.049, 1264.989, 1295.577, 1201.875, 1315.338, 1362.252, 1392.6970000000001, 1473.733, 1428.359, 1493.249, 1667.2559999999999, 1531.576, 1580.8719999999998, 1792.117, 1733.216, 3211.012, 1850.559, 1898.287, 1925.615, 2015.484, 2053.946, 1951.271, 2087.824, 2212.622, 2119.192, 2157.725, 2241.569, 2272.215, 2305.379, 3169.109, 2515.718, 3207.626, 2351.226, 2649.196, 2378.042, 2538.136, 2569.487, 2677.939, 2630.92, 2709.8559999999998, 2748.663, 2835.987, 2782.502, 2949.54, 3609.642, 2890.936, 2972.7709999999997, 3011.345, 3048.831, 3074.062, 3107.784, 3133.853, 3173.474, 3213.636, 3260.098, 3330.522, 3387.201, 3432.641, 3468.138, 3499.12]] 
[[439.348, 539.838, 474.857, 711.458, 560.863, 580.175, 610.237, 704.195, 734.529, 786.699, 1241.587, 844.544, 794.135, 955.005, 951.124, 989.827, 1021.973, 1109.5, 1182.237, 1213.88, 1248.565, 1273.913, 1310.7930000000001, 1341.934, 1385.2359999999999, 1462.66, 1409.034, 1497.473, 1561.6689999999999, 2302.935, 1631.627, 1581.268, 1659.829, 1691.054, 1723.934, 1753.7, 1793.3, 1818.1860000000001, 1884.211, 1960.232, 2862.062, 2843.574, 2119.43, 2052.825, 2132.443, 2187.069, 2252.581, 2213.563, 2287.1059999999998, 2296.73, 2321.774, 2414.873, 2356.65, 2532.092, 2439.949, 2462.754, 3894.244, 2579.982, 2626.647, 2746.324, 2503.637, 2685.911, 2849.257, 2806.6059999999998, 2738.135, 2861.577, 3126.192, 2900.369, 2930.833, 2956.1639999999998, 2990.508, 3021.091, 3135.038, 3082.306, 3141.986, 3167.891, 3189.143, 3301.333, 3219.077, 3369.726, 3450.003, 3298.174, 3208.154, 3475.233, 4342.216, 3533.915]] 
[[1313.967, 1569.1570000000002, 499.122, 574.343, 595.646, 4084.438, 4102.55, 4149.62, 593.957, 841.012, 648.982, 688.46, 777.984, 787.854, 802.3, 1678.6100000000001, 2050.324, 1669.4569999999999, 900.827, 4085.648, 1001.094, 955.167, 1039.222, 1072.818, 1099.655, 4067.956, 1959.154, 4094.059, 1377.279, 1185.753, 4118.795, 1215.946, 1258.179, 1328.012, 1278.875, 2195.006, 1384.62, 1424.618, 1588.815, 1785.937, 1473.43, 1639.038, 1729.612, 1671.618, 1769.745, 1803.0819999999999, 1929.649, 1841.853, 1961.304, 1858.723, 1979.937, 2007.938, 2166.878, 2030.627, 2064.739, 2174.632, 2094.387, 2217.589, 2255.176, 2398.581, 2289.522, 2417.502, 2451.282, 2476.087, 2507.013, 2658.324, 2522.602, 2765.2309999999998, 2525.447, 2555.166, 2684.3940000000002, 2637.9809999999998, 3025.87, 2730.232, 2866.679, 2804.319, 3688.169, 2902.564, 2851.511, 2980.57, 2926.437, 3111.033, 3152.872, 3027.869, 3206.835, 3156.906, 3233.792]] 
[[401.39, 429.381, 512.401, 464.423, 598.239, 531.52, 616.304, 659.403, 685.683, 721.059, 747.287, 767.922, 834.45, 797.029, 1000.354, 869.379, 936.062, 890.354, 1019.841, 1128.004, 1058.123, 1223.506, 1254.662, 1160.73, 1351.538, 1305.92, 1246.9, 1365.8980000000001, 1460.77, 1397.638, 1477.219, 1512.696, 1552.679, 1567.516, 1601.109, 1633.409, 1673.2559999999999, 1707.078, 1794.0720000000001, 1880.951, 1701.551, 1779.871, 1900.719, 2114.194, 2027.018, 1951.7640000000001, 2047.597, 2119.152, 2304.07, 2160.263, 2194.185, 2219.704, 2306.83, 2342.982, 2375.335, 2645.621, 2430.855, 2468.131, 2494.49, 2538.919, 2571.678, 2611.391, 2694.015, 2745.023, 2774.797, 2806.168, 2841.555, 3099.461, 2953.316, 2900.419, 2991.736, 3024.707, 3061.688, 3089.075, 3128.558, 3210.672, 3153.954, 3316.246, 3217.261, 3337.57, 3235.593, 3360.369, 3386.335, 3431.979, 3642.165, 3586.26, 3521.33, 3654.091]] 
[[515.244, 507.939, 416.992, 575.993, 603.961, 709.752, 660.002, 615.821, 724.113, 845.641, 739.749, 777.514, 854.176, 884.612, 2289.217, 956.351, 908.108, 1023.347, 1062.474, 1089.829, 1121.894, 1157.819, 1185.503, 1213.857, 1259.058, 1290.688, 1321.395, 1466.688, 1378.853, 1576.226, 1521.713, 1472.114, 1589.433, 1618.4279999999999, 1705.613, 1736.7240000000002, 1646.844, 2662.5, 1790.574, 1734.087, 1900.4270000000001, 1852.171, 1928.769, 1955.3899999999999, 1992.579, 2021.736, 2057.128, 2093.912, 4101.817, 2135.6440000000002, 2203.71, 2269.631, 2320.188, 2438.288, 2345.6639999999998, 2377.535, 2497.235, 2442.8559999999998, 2605.255, 2500.8469999999998, 2545.867, 2656.482, 2822.342, 2612.5119999999997, 2767.065, 2700.551, 2656.703, 2925.1130000000003, 2799.686, 2993.058, 2823.561, 3027.99, 3045.845, 3120.017, 3154.89, 3062.222, 3275.46, 3218.533, 3160.179, 3296.79, 3337.178, 3453.992, 3366.541, 3394.588, 3519.685, 3468.2219999999998, 4304.03, 3614.413, 3560.312]] 
[[393.906, 538.563, 529.439, 515.31, 690.792, 525.994, 1268.842, 595.205, 680.668, 714.092, 757.905, 834.978, 775.915, 856.744, 1650.876, 868.756, 1012.219, 949.874, 1059.927, 1011.456, 1095.828, 1143.924, 1222.017, 1231.685, 2353.485, 1377.882, 1511.15, 1289.974, 1225.114, 1523.4270000000001, 1294.47, 1548.9099999999999, 1408.1019999999999, 1575.5900000000001, 1601.848, 2383.968, 1668.944, 1704.728, 1731.629, 1757.897, 1879.654, 1786.145, 1818.7269999999999, 2004.644, 2587.2799999999997, 4160.118, 2064.581, 2127.012, 2901.107, 2193.676, 2226.521, 2279.118, 2316.041, 3059.003, 2438.84, 2373.314, 3865.025, 2437.475, 2519.249, 2555.491, 2617.566, 3225.233, 2696.276, 2638.87, 2757.9809999999998, 2821.757, 3627.101, 2879.049, 2913.168, 3697.939, 2944.833, 3102.855, 3097.185, 3188.252, 3082.942, 3121.458, 3242.427, 3240.636, 3192.809, 3256.026, 3282.993, 3308.704, 3390.041, 3430.65, 3328.266, 3473.332, 3611.311, 3735.127, 3520.534, 3616.344]] 
[[508.22, 420.779, 454.088, 517.75, 1311.968, 1498.566, 649.933, 666.538, 792.79, 739.94, 853.188, 971.735, 1056.561, 919.488, 997.136, 1117.813, 1060.472, 1928.3980000000001, 1162.713, 1233.775, 1181.255, 1236.996, 1256.7350000000001, 1284.798, 1363.1309999999999, 1313.048, 1531.3339999999998, 1485.8319999999999, 1431.551, 1601.016, 1551.9969999999998, 1628.104, 1667.039, 1708.769, 1743.192, 1822.442, 1771.723, 1847.8110000000001, 1917.49, 1871.471, 2759.191, 1986.998, 2084.612, 2806.7380000000003, 2115.033, 2137.139, 2180.098, 3730.473, 2205.808, 2524.513, 2710.973, 3515.125, 2789.667, 2862.741, 2817.199, 2525.685, 2307.978, 2608.779, 2369.629, 2212.243, 2405.685, 2886.409, 4057.735, 2833.723, 2950.569, 2906.418, 2985.9629999999997, 3054.74, 3014.202, 3329.409, 3171.659, 3211.029, 3246.745, 3274.901, 3315.535, 3352.014, 3394.631, 3426.554, 3559.425, 3463.764, 3495.954, 3570.741, 3603.102, 3689.7709999999997, 3631.4790000000003, 3843.5209999999997, 3704.941, 3926.2709999999997, 3970.268, 3950.8540000000003, 3756.3630000000003]] 
[[441.241, 468.666, 497.05, 621.785, 530.338, 558.268, 648.03, 687.492, 711.927, 750.317, 1488.7559999999999, 824.823, 856.625, 984.22, 986.264, 950.869, 991.171, 1083.659, 1033.367, 4309.113, 1104.518, 1178.323, 1135.628, 1295.057, 1248.353, 1193.085, 1366.942, 2057.381, 1401.453, 1475.243, 4267.371, 1566.9850000000001, 2278.128, 4292.833, 1592.987, 1619.1, 1677.598, 1693.275, 1739.809, 1772.5140000000001, 1889.857, 1787.2269999999999, 1820.546, 2620.99, 1924.08, 2034.515, 1952.2, 2063.916, 2148.135, 1957.3429999999998, 2071.054, 2159.36, 3096.198, 2251.824, 2163.139, 2599.756, 2452.763, 2402.823, 2475.494, 2516.76, 2555.349, 4069.353, 2603.43, 2642.2129999999997, 2678.342, 2717.31, 2759.057, 2786.98, 2825.848, 2859.6639999999998, 2895.937, 3176.753, 2975.251, 3045.587, 3165.562, 3114.949, 3194.833, 3226.538, 3295.622, 3254.311, 3317.881, 3349.955, 3376.107, 3404.194, 3438.496, 3481.1440000000002, 3512.212, 3552.885, 3583.632, 3648.904, 4302.379, 3861.859]] 
[[454.028, 411.997, 502.281, 509.615, 596.798, 542.461, 616.82, 725.864, 734.4, 1374.917, 802.677, 751.041, 841.909, 863.018, 895.886, 932.037, 965.002, 999.512, 1040.069, 1071.092, 1144.438, 1846.2, 1270.1100000000001, 1191.981, 1340.458, 1409.943, 1288.504, 1361.6480000000001, 1430.336, 1470.699, 1512.952, 1552.467, 2471.708, 1684.344, 1680.333, 1740.529, 1690.3809999999999, 1756.1219999999998, 1810.9160000000002, 1759.858, 1866.558, 1895.908, 1804.243, 1931.8690000000001, 2089.788, 2147.561, 1982.942, 2161.749, 2285.986, 2219.249, 2171.9809999999998, 2296.449, 2659.309, 2418.956, 2412.257, 2413.352, 2496.545, 2436.509, 2520.187, 2586.4719999999998, 2523.752, 2604.505, 2637.886, 2706.527, 2773.801, 2651.908, 2823.584, 3067.1059999999998, 3553.2709999999997, 2831.225, 2944.95, 2882.397, 2971.953, 3190.954, 3661.001, 3042.737, 3120.95, 3060.498, 3184.354, 3205.632, 3236.304, 3271.608, 3303.15, 3382.334, 3424.118, 3537.46, 3441.608, 3570.15, 3644.996, 3599.686, 3705.971, 3654.3559999999998, 3731.64]] 
[[494.362, 408.208, 443.254, 518.859, 554.785, 658.065, 570.173, 730.851, 779.011, 1373.289, 788.883, 815.466, 850.974, 888.622, 4639.667, 925.475, 1776.934, 1001.239, 946.547, 1067.057, 1147.407, 1089.984, 1172.466, 1250.101, 1952.371, 1280.266, 1315.066, 1429.806, 2022.867, 1483.854, 1517.731, 2276.127, 1550.4099999999999, 1620.059, 1644.205, 1728.605, 1678.056, 1759.6599999999999, 1790.685, 1836.1399999999999, 1897.5819999999999, 1849.487, 1914.527, 1950.183, 1987.796, 2026.263, 2052.935, 2145.092, 2079.66, 2457.654, 2918.123, 4364.421, 2280.087, 2349.199, 2387.279, 2407.943, 2480.251, 2420.833, 2601.773, 2494.616, 2525.767, 2624.006, 2658.003, 3421.975, 2731.227, 2769.304, 2803.749, 2939.497, 2838.2870000000003, 2873.265, 3172.681, 3089.041, 3034.6, 3114.926, 3186.22, 3137.987, 4391.843, 3249.6, 3288.623, 3376.001, 3411.834, 3318.663, 3447.84, 3558.486, 3466.261, 3493.717, 3567.3450000000003, 3761.828, 3634.061, 3582.782, 3647.571, 4411.465, 3750.527, 3814.4539999999997]] 
[[457.927, 1193.429, 481.053, 503.443, 536.932, 573.835, 650.023, 601.92, 676.36, 728.122, 800.953, 878.833, 746.496, 823.247, 904.134, 942.359, 970.516, 1003.449, 4664.799, 1410.788, 1307.341, 1518.8020000000001, 1411.67, 1621.161, 1433.7939999999999, 1134.739, 1082.569, 1167.209, 930.938, 969.2, 1510.2269999999999, 1252.982, 1449.184, 2252.396, 1716.181, 1815.583, 1734.319, 1768.74, 2309.558, 1799.953, 1836.478, 1885.142, 1953.1689999999999, 2025.312, 2108.655, 2151.599, 2190.139, 2228.059, 2271.043, 2330.723, 2363.928, 2391.733, 2507.491, 2414.061, 2447.587, 2642.2799999999997, 2504.07, 2534.9809999999998, 2555.753, 2633.437, 2662.622, 2688.2780000000002, 2810.152, 2949.4049999999997, 2755.7690000000002, 2867.634, 2816.88, 2932.7709999999997, 2962.318, 4235.944, 3031.131, 2980.065, 3111.12, 3151.567, 3052.462, 3182.819, 3218.377, 3249.018, 3285.372, 3324.383, 3361.023, 3494.219, 3382.781, 3420.824, 3524.699, 4304.324, 3647.785, 3685.2619999999997, 3711.1639999999998, 3739.7110000000002, 3775.538, 3814.366, 3842.849, 3928.727, 3885.58]] 
[[415.648, 454.982, 536.147, 497.362, 550.171, 593.175, 659.756, 600.546, 732.328, 693.217, 804.207, 760.845, 825.206, 996.538, 856.677, 909.773, 1010.857, 1051.298, 1215.292, 1088.638, 1163.355, 1110.979, 1235.5529999999999, 1274.34, 1352.446, 1295.613, 1368.525, 1436.632, 1392.18, 1976.2240000000002, 1537.973, 1481.439, 1546.879, 1582.085, 1676.045, 1611.413, 1761.24, 1673.6219999999998, 1829.85, 2017.111, 1887.275, 1918.836, 1939.181, 2018.454, 2057.935, 2076.739, 2126.066, 4304.81, 4303.662, 2141.536, 2178.344, 2088.315, 2249.371, 2201.331, 2268.772, 2298.465, 2329.9700000000003, 2372.912, 2493.553, 2405.174, 4246.405, 2501.433, 2534.402, 2559.9700000000003, 2633.475, 2580.2110000000002, 2656.123, 2743.064, 2686.831, 2770.922, 2844.822, 2797.8559999999998, 2858.5860000000002, 2890.997, 2931.141, 2952.982, 2982.862, 3067.891, 3101.098, 3003.03, 3115.562, 3235.589, 3150.354, 3333.169, 3375.959, 3476.994, 3247.132, 3389.437, 3473.929, 3513.341, 3543.513, 3617.714, 3570.797, 3655.498, 3684.8869999999997, 3708.658]] 
TOTAL EXECUTION TIME: 169299.452
