[[1007.354, 649.471, 789.761, 444.996, 1091.029, 1133.15, 515.173, 471.253, 957.43, 821.762, 1041.344, 554.273, 597.562, 1227.002, 1292.406, 1161.3890000000001, 902.801, 1374.4859999999999, 857.872, 672.781, 1327.378, 726.262, 1411.8519999999999, 1540.784, 2024.524, 1492.249, 1451.493, 1797.9, 1627.013, 1747.854, 2286.059, 1232.999, 1579.771, 1833.6860000000001, 1920.0929999999998, 1962.772, 2233.302, 1871.7930000000001, 2058.7, 2203.759, 1657.821, 2095.178, 2313.029, 2136.541, 2568.504, 2392.74, 2520.366, 2474.037, 2348.819, 2429.156]] 
AVERAGE RESPONSE TIME: 1496.59458
NUMBER OF THREADS: [50]
WORKLOAD: LV_HF; PAL CONFIG: default; NUMBER OF REPLICAS: 1 
TOTAL EXECUTION TIME (Concurrent Parallel Requests): 2616.951


[[453.713, 498.921, 541.569, 366.209, 585.461, 406.693, 669.599, 625.255, 759.237, 714.177, 801.315, 844.095, 949.354, 903.607, 991.218, 1035.665, 1079.492, 1209.134, 1124.068, 1252.596, 1294.347, 1381.571, 1164.955, 1422.025, 1333.877, 1504.437, 1549.722, 1462.113, 1590.226, 1675.15, 1633.126, 1720.3310000000001, 1844.5900000000001, 1799.8139999999999, 1756.688, 1907.1, 2078.7690000000002, 1946.548, 2032.621, 1989.7649999999999, 2168.557, 2122.12, 2299.466, 2431.239, 2214.052, 2254.045, 2342.953, 2472.4700000000003, 2381.971, 2514.12]] 
AVERAGE RESPONSE TIME: 1442.00292
NUMBER OF THREADS: [50]
WORKLOAD: LV_HF; PAL CONFIG: default; NUMBER OF REPLICAS: 1 
TOTAL EXECUTION TIME (Concurrent Parallel Requests): 2565.18


[[471.575, 510.623, 728.714, 596.702, 428.144, 781.224, 639.607, 909.756, 818.417, 991.298, 948.523, 543.807, 1159.408, 1387.095, 1072.051, 1203.456, 855.463, 1110.797, 1628.758, 669.19, 2149.8360000000002, 1487.708, 1285.3310000000001, 1531.488, 1326.292, 1243.614, 1019.078, 1974.509, 1843.4189999999999, 1753.441, 1436.709, 1661.846, 2013.682, 2229.292, 2094.505, 1702.375, 2521.267, 1564.853, 2177.385, 2049.71, 1920.1660000000002, 2264.421, 1874.287, 1785.699, 2421.809, 2596.96, 2304.71, 2463.033, 2552.683, 2348.562]] 
AVERAGE RESPONSE TIME: 1501.06556
NUMBER OF THREADS: [50]
WORKLOAD: LV_HF; PAL CONFIG: default; NUMBER OF REPLICAS: 1 
TOTAL EXECUTION TIME (Concurrent Parallel Requests): 2645.64


[[386.664, 779.039, 553.238, 465.562, 509.126, 598.819, 885.499, 639.31, 417.444, 721.571, 839.569, 1092.557, 1132.984, 1009.754, 675.49, 956.979, 1047.079, 1173.448, 1399.688, 1212.444, 1305.908, 1349.806, 1261.8220000000001, 1480.782, 1438.033, 1521.252, 1650.549, 1563.864, 1777.3429999999998, 1605.181, 1734.579, 1684.5349999999999, 1860.4769999999999, 2031.396, 1947.1109999999999, 1814.723, 2110.701, 2197.883, 2155.165, 2064.216, 2239.323, 2282.018, 2328.317, 2465.203, 2417.5280000000002, 2371.8940000000002, 2640.255, 2594.542, 2510.003, 2549.2619999999997]] 
AVERAGE RESPONSE TIME: 1508.9986999999999
NUMBER OF THREADS: [50]
WORKLOAD: LV_HF; PAL CONFIG: default; NUMBER OF REPLICAS: 1 
TOTAL EXECUTION TIME (Concurrent Parallel Requests): 2689.615


[[393.133, 483.495, 527.01, 432.362, 881.219, 571.367, 614.057, 1328.571, 918.386, 1051.253, 700.619, 1375.443, 654.663, 1176.694, 803.883, 758.296, 1481.289, 1000.574, 1087.097, 953.737, 1216.614, 1126.408, 1536.091, 1871.339, 1262.383, 1407.4569999999999, 1663.1660000000002, 1618.087, 1576.185, 1702.346, 2035.828, 1755.412, 2212.723, 1905.47, 1818.781, 1949.058, 2124.035, 1988.364, 2076.02, 2165.402, 2383.152, 2497.243, 2249.242, 2293.226, 2333.557, 2426.173, 2643.123, 2541.013, 2685.842, 2597.527]] 
AVERAGE RESPONSE TIME: 1537.0883
NUMBER OF THREADS: [50]
WORKLOAD: LV_HF; PAL CONFIG: default; NUMBER OF REPLICAS: 1 
TOTAL EXECUTION TIME (Concurrent Parallel Requests): 2735.397


[[603.567, 518.488, 432.807, 472.819, 385.105, 556.387, 639.537, 880.692, 807.271, 1252.925, 1098.675, 679.129, 1338.7649999999999, 724.763, 1205.897, 1010.067, 915.039, 1377.693, 1154.194, 953.667, 1289.37, 1415.56, 1456.173, 1497.906, 1540.575, 1629.675, 1583.47, 1670.018, 1769.575, 1843.5810000000001, 1712.644, 1976.08, 1812.054, 2043.228, 1926.1799999999998, 2304.863, 2214.777, 2172.997, 2083.117, 2131.148, 2253.427, 2348.884, 2524.308, 2390.713, 2477.65, 2562.6130000000003, 2604.4790000000003, 2431.672, 2686.973, 2643.9790000000003]] 
AVERAGE RESPONSE TIME: 1560.1035200000001
NUMBER OF THREADS: [50]
WORKLOAD: LV_HF; PAL CONFIG: default; NUMBER OF REPLICAS: 1 
TOTAL EXECUTION TIME (Concurrent Parallel Requests): 2736.959


[[482.974, 448.723, 686.454, 541.819, 570.627, 851.959, 1290.687, 765.673, 1422.333, 804.277, 1577.531, 629.479, 940.661, 715.937, 1159.354, 1655.655, 1108.726, 1454.687, 2643.966, 1235.099, 1609.755, 1191.814, 1495.718, 1732.99, 971.853, 2165.751, 885.414, 1058.916, 1819.452, 1011.415, 1359.632, 1683.116, 1860.351, 2466.299, 1309.795, 1944.826, 2027.898, 2112.647, 1762.1, 1897.7089999999998, 2534.374, 2067.627, 2325.783, 2276.975, 2573.57, 2369.0969999999998, 2412.277, 2231.603, 1977.8110000000001, 2187.719]] 
AVERAGE RESPONSE TIME: 1526.21816
NUMBER OF THREADS: [50]
WORKLOAD: LV_HF; PAL CONFIG: default; NUMBER OF REPLICAS: 1 
TOTAL EXECUTION TIME (Concurrent Parallel Requests): 2671.672


[[506.197, 463.042, 416.963, 590.003, 373.207, 545.49, 714.118, 669.366, 885.53, 632.843, 841.919, 753.461, 797.012, 925.695, 1048.565, 1000.452, 1163.799, 1130.951, 1259.809, 1097.819, 1370.4189999999999, 1197.909, 1433.73, 1289.093, 1379.728, 1497.18, 1641.839, 1596.531, 1596.121, 1726.8719999999998, 1595.644, 1776.012, 1684.412, 1820.708, 1909.138, 1862.088, 2195.802, 1960.556, 2018.739, 2193.429, 2191.467, 2309.594, 2244.319, 2200.202, 2387.978, 2333.07, 2465.83, 2423.148, 2506.223, 2549.182]] 
AVERAGE RESPONSE TIME: 1463.46408
NUMBER OF THREADS: [50]
WORKLOAD: LV_HF; PAL CONFIG: default; NUMBER OF REPLICAS: 1 
TOTAL EXECUTION TIME (Concurrent Parallel Requests): 2600.5860000000002


[[481.016, 653.748, 540.833, 436.164, 609.394, 1086.172, 580.226, 396.405, 688.552, 1458.046, 776.41, 904.414, 731.941, 815.344, 1409.629, 856.896, 1117.498, 1251.321, 1540.988, 940.267, 1289.049, 1808.7849999999999, 1025.901, 981.152, 1201.763, 1662.187, 1488.128, 1620.002, 1328.042, 1754.1570000000002, 1146.192, 1574.638, 1711.125, 1923.624, 1836.737, 1879.6480000000001, 2053.587, 2019.267, 1969.147, 2092.649, 2183.255, 2228.62, 2134.955, 2274.938, 2319.57, 2577.504, 2533.825, 2397.543, 2618.973, 2487.17]] 
AVERAGE RESPONSE TIME: 1467.94794
NUMBER OF THREADS: [50]
WORKLOAD: LV_HF; PAL CONFIG: default; NUMBER OF REPLICAS: 1 
TOTAL EXECUTION TIME (Concurrent Parallel Requests): 2669.685


[[801.516, 757.48, 750.202, 747.522, 747.885, 745.842, 744.369, 941.003, 1063.863, 1016.691, 938.866, 834.468, 1148.063, 970.564, 1101.795, 1242.967, 1192.0140000000001, 1280.346, 1545.267, 1370.009, 1412.271, 1973.83, 1320.054, 1452.353, 1493.838, 1804.767, 1718.6100000000001, 1875.757, 1759.632, 1619.449, 1669.9470000000001, 2481.926, 1573.569, 2135.494, 2046.166, 1910.4, 2092.385, 2309.17, 2000.712, 2737.372, 2171.415, 2516.175, 2428.044, 2320.407, 2641.4719999999998, 2301.977, 2555.43, 2384.551, 2688.197, 2593.937]] 
AVERAGE RESPONSE TIME: 1638.60078
NUMBER OF THREADS: [50]
WORKLOAD: LV_HF; PAL CONFIG: default; NUMBER OF REPLICAS: 1 
TOTAL EXECUTION TIME (Concurrent Parallel Requests): 2781.276


[[446.691, 403.041, 581.289, 630.54, 533.296, 485.887, 799.179, 666.996, 753.476, 841.848, 921.683, 987.001, 706.394, 1031.49, 1128.912, 1174.927, 1084.145, 1639.508, 1213.492, 1299.491, 1469.287, 1256.32, 1683.9679999999998, 1592.571, 1551.675, 1422.7350000000001, 1336.606, 1380.279, 1508.931, 1806.106, 1913.219, 1720.588, 2598.0389999999998, 2122.574, 1760.258, 2217.091, 2164.46, 2511.815, 1992.442, 2297.083, 1864.306, 2254.738, 1946.182, 2337.709, 2072.143, 2379.18, 2546.084, 2026.291, 2419.444, 2461.453]] 
AVERAGE RESPONSE TIME: 1518.85726
NUMBER OF THREADS: [50]
WORKLOAD: LV_HF; PAL CONFIG: default; NUMBER OF REPLICAS: 1 
TOTAL EXECUTION TIME (Concurrent Parallel Requests): 2634.892


