[[405.166]] 
RATE (RPS) =====================================: 1

[[398.067]] 
RATE (RPS) =====================================: 1

[[485.541]] 
RATE (RPS) =====================================: 1

[[389.162]] 
RATE (RPS) =====================================: 1

[[381.327]] 
RATE (RPS) =====================================: 1

[[387.142]] 
RATE (RPS) =====================================: 1

[[389.389]] 
RATE (RPS) =====================================: 1

[[384.792]] 
RATE (RPS) =====================================: 1

[[383.677]] 
RATE (RPS) =====================================: 1

[[388.345]] 
RATE (RPS) =====================================: 1

[[760.848, 625.501]] 
RATE (RPS) =====================================: 2

[[494.274, 424.761]] 
RATE (RPS) =====================================: 2

[[429.594, 486.781]] 
RATE (RPS) =====================================: 2

[[413.482, 478.612]] 
RATE (RPS) =====================================: 2

[[419.695, 479.983]] 
RATE (RPS) =====================================: 2

[[522.571, 422.788]] 
RATE (RPS) =====================================: 2

[[625.156, 570.917]] 
RATE (RPS) =====================================: 2

[[503.803, 421.274]] 
RATE (RPS) =====================================: 2

[[497.179, 428.345]] 
RATE (RPS) =====================================: 2

[[406.779, 468.626]] 
RATE (RPS) =====================================: 2

[[392.466, 479.743, 429.903, 503.307]] 
RATE (RPS) =====================================: 4

[[396.762, 470.539, 500.994, 538.915]] 
RATE (RPS) =====================================: 4

[[399.29, 531.957, 427.478, 459.659]] 
RATE (RPS) =====================================: 4

[[391.335, 432.927, 460.442, 492.087]] 
RATE (RPS) =====================================: 4

[[396.079, 433.412, 465.016, 490.204]] 
RATE (RPS) =====================================: 4

[[385.629, 511.724, 460.48, 414.195]] 
RATE (RPS) =====================================: 4

[[386.952, 582.137, 536.783, 476.96]] 
RATE (RPS) =====================================: 4

[[401.068, 493.573, 428.149, 511.646]] 
RATE (RPS) =====================================: 4

[[452.505, 410.123, 477.793, 509.387]] 
RATE (RPS) =====================================: 4

[[390.845, 438.798, 531.954, 477.996]] 
RATE (RPS) =====================================: 4

[[416.854, 551.751, 476.318, 824.087, 753.166, 680.769, 592.068, 861.085]] 
RATE (RPS) =====================================: 8

[[434.962, 564.297, 481.282, 749.897, 601.503, 658.018, 786.693, 848.318]] 
RATE (RPS) =====================================: 8

[[438.388, 499.729, 554.748, 780.237, 610.08, 669.591, 816.268, 867.205]] 
RATE (RPS) =====================================: 8

[[422.381, 538.365, 456.133, 587.557, 641.806, 785.418, 696.969, 833.486]] 
RATE (RPS) =====================================: 8

[[407.884, 473.588, 549.709, 632.149, 771.085, 695.306, 829.666, 909.518]] 
RATE (RPS) =====================================: 8

[[415.777, 539.915, 476.523, 588.106, 647.694, 844.125, 714.625, 910.154]] 
RATE (RPS) =====================================: 8

[[428.472, 630.622, 472.729, 547.32, 732.059, 660.347, 781.86, 846.427]] 
RATE (RPS) =====================================: 8

[[417.526, 563.351, 482.282, 664.444, 594.027, 844.326, 769.856, 693.518]] 
RATE (RPS) =====================================: 8

[[566.006, 432.18, 615.873, 470.178, 660.542, 715.496, 771.212, 830.648]] 
RATE (RPS) =====================================: 8

[[427.041, 492.339, 546.761, 592.813, 733.773, 653.214, 847.966, 785.111]] 
RATE (RPS) =====================================: 8

[[407.368, 539.436, 568.802, 435.825, 470.446, 592.85, 626.277, 705.508, 650.511, 737.298, 774.355, 817.211, 853.152, 888.957, 933.079, 970.899]] 
RATE (RPS) =====================================: 16

[[434.471, 392.796, 464.976, 518.96, 549.235, 624.37, 572.164, 651.126, 682.044, 731.066, 770.859, 822.89, 846.707, 869.694, 941.769, 894.092]] 
RATE (RPS) =====================================: 16

[[408.83, 485.411, 439.201, 651.237, 514.633, 598.004, 548.383, 764.907, 635.896, 681.026, 808.001, 752.393, 838.637, 878.025, 956.516, 905.245]] 
RATE (RPS) =====================================: 16

[[445.552, 493.814, 385.566, 652.34, 512.112, 597.488, 539.736, 668.284, 705.251, 749.704, 826.63, 777.81, 852.643, 890.467, 947.646, 1054.4]] 
RATE (RPS) =====================================: 15

[[390.152, 433.229, 476.657, 506.594, 626.472, 529.164, 566.682, 654.108, 689.859, 729.231, 769.648, 829.714, 911.517, 1073.6970000000001, 981.406, 1018.908]] 
RATE (RPS) =====================================: 14

[[449.663, 562.417, 471.828, 486.179, 588.259, 776.111, 606.533, 810.876, 636.513, 985.409, 827.37, 910.487, 867.048, 1039.6970000000001, 989.439, 1053.938]] 
RATE (RPS) =====================================: 14

[[543.327, 441.679, 469.126, 581.847, 693.709, 604.114, 623.679, 702.85, 733.566, 775.38, 800.944, 875.27, 828.464, 908.788, 936.958, 982.67]] 
RATE (RPS) =====================================: 16

[[419.611, 541.938, 484.65, 600.162, 553.767, 656.699, 691.236, 593.481, 714.418, 844.865, 786.126, 742.053, 944.692, 851.295, 888.208, 966.098]] 
RATE (RPS) =====================================: 16

[[446.023, 404.11, 562.455, 466.143, 497.36, 574.949, 753.227, 600.796, 635.834, 680.025, 807.962, 745.47, 864.441, 818.672, 891.913, 920.667]] 
RATE (RPS) =====================================: 16

[[427.956, 473.328, 541.959, 623.504, 660.233, 472.709, 549.54, 767.499, 671.318, 708.496, 794.175, 831.507, 870.819, 907.889, 944.825, 981.685]] 
RATE (RPS) =====================================: 16

[[488.937, 411.591, 532.957, 584.794, 646.411, 695.109, 885.987, 750.89, 798.227, 986.626, 910.835, 1196.898, 1035.872, 1100.616, 1237.132, 1298.83, 1481.091, 1344.313, 1400.767, 1538.671, 1599.458, 1718.3400000000001, 1651.44, 1999.534, 1824.705, 2050.216, 1859.787, 2075.899, 2200.474, 2132.753, 2314.715, 2248.233]] 
RATE (RPS) =====================================: 11

[[418.078, 637.373, 475.629, 548.852, 680.309, 710.744, 837.342, 772.827, 881.654, 1004.289, 937.277, 1061.565, 1180.466, 1242.641, 1118.261, 1520.778, 1287.797, 1358.123, 1705.1480000000001, 1414.607, 1559.5030000000002, 1624.701, 1790.799, 1740.635, 1847.6109999999999, 1893.1190000000001, 1978.583, 2092.245, 2015.492, 2145.878, 2238.882, 2285.104]] 
RATE (RPS) =====================================: 10

[[535.03, 593.731, 442.589, 634.386, 755.198, 680.251, 824.151, 885.119, 949.104, 1006.774, 1070.493, 1126.426, 1189.545, 1242.413, 1434.5430000000001, 1297.153, 1360.455, 1696.701, 1486.2930000000001, 1548.819, 1621.996, 1746.909, 1822.917, 1887.266, 1956.058, 2006.135, 2057.885, 2172.64, 2103.304, 2213.282, 2334.5280000000002, 2261.956]] 
RATE (RPS) =====================================: 9

[[529.203, 465.63, 557.99, 612.67, 658.438, 728.788, 778.332, 844.605, 1029.738, 894.205, 949.243, 1072.696, 1196.612, 1119.719, 1247.675, 1313.017, 1365.192, 1425.154, 1486.829, 1606.146, 1534.665, 1641.283, 1699.393, 1816.672, 1727.4070000000002, 1859.001, 1917.833, 1981.147, 2031.9, 2198.906, 2109.608, 2238.308]] 
RATE (RPS) =====================================: 10

[[425.287, 500.352, 620.724, 676.232, 547.889, 872.316, 723.556, 790.453, 909.059, 968.437, 1030.102, 1091.047, 1152.044, 1215.638, 1270.7, 1393.542, 1329.152, 1451.731, 1704.519, 1493.719, 1548.537, 1881.6190000000001, 1745.069, 1929.208, 1771.98, 2020.103, 2085.54, 1933.943, 2241.353, 2088.227, 2148.437, 2275.676]] 
RATE (RPS) =====================================: 10

[[408.93, 472.18, 519.27, 569.491, 623.137, 685.933, 802.215, 728.319, 854.94, 916.739, 964.709, 1097.9, 1013.942, 1167.101, 1290.938, 1209.004, 1395.162, 1329.606, 1444.689, 1497.341, 1550.2060000000001, 1606.269, 1792.483, 1652.9160000000002, 1922.3, 1700.507, 1835.638, 1996.063, 2117.149, 2050.348, 2170.115, 2224.4139999999998]] 
RATE (RPS) =====================================: 11

[[562.626, 424.157, 481.024, 611.16, 690.974, 811.224, 745.182, 902.975, 1035.575, 959.085, 1077.75, 1198.058, 1125.864, 1239.346, 1371.641, 1285.884, 1483.492, 1628.779, 1402.588, 1802.788, 1529.97, 1719.4479999999999, 1647.797, 1899.075, 1818.848, 2002.379, 2079.797, 1934.345, 2139.996, 2186.61, 2244.538, 2313.709]] 
RATE (RPS) =====================================: 9

[[418.144, 506.334, 433.527, 557.315, 585.338, 699.56, 635.684, 786.339, 723.2, 839.333, 880.746, 1010.643, 914.314, 1039.136]] 
RATE (RPS) =====================================: 30

[[452.883, 496.288, 524.685, 557.061, 626.011, 692.595, 735.702, 872.833, 918.823, 752.826, 951.221, 978.063, 1007.808, 1132.517, 1054.013, 1253.715, 1173.896]] 
RATE (RPS) =====================================: 27

[[438.742, 468.784, 497.249, 543.046, 596.706, 648.112, 693.135, 748.064, 783.452, 776.478, 831.665, 912.281, 1002.709, 1058.29, 1115.203]] 
RATE (RPS) =====================================: 29

[[436.509, 438.898, 457.78, 457.661, 473.558, 579.958, 607.995, 636.58, 677.173, 751.027, 704.19, 774.608, 752.817, 775.66, 813.336]] 
RATE (RPS) =====================================: 33

[[401.183, 479.963, 423.392, 537.044, 580.432, 620.562, 656.383, 688.61, 723.456, 756.413, 787.613, 870.63, 905.369, 812.876, 921.369, 956.816, 986.17, 1017.18]] 
RATE (RPS) =====================================: 32

[[413.799, 438.817, 465.023, 519.07, 477.388, 552.811, 567.282, 600.124, 689.032, 622.247, 694.688, 732.078, 769.456, 803.537, 840.215, 829.606, 908.147, 837.693, 926.966]] 
RATE (RPS) =====================================: 33

[[388.889, 429.744, 474.459, 420.846, 589.617, 485.913, 524.863, 609.81, 643.367, 818.401, 676.026, 758.666, 706.735, 872.704, 822.924, 956.702, 1033.793, 1089.313, 1093.53, 1109.194]] 
RATE (RPS) =====================================: 29

[[407.129, 400.252, 429.211, 470.062, 502.111, 525.414, 573.941, 619.184, 701.413, 821.677, 633.388, 714.243, 849.527, 970.815, 879.698, 913.891, 988.204, 986.555]] 
RATE (RPS) =====================================: 33

[[428.014, 465.735, 493.444, 519.352, 550.808, 605.968, 557.936, 616.275, 649.955, 657.027, 687.976, 732.947, 686.101, 759.5]] 
RATE (RPS) =====================================: 33

[[483.49, 435.591, 502.377, 533.578, 548.801, 546.718, 574.036, 610.408, 628.463, 665.959, 624.66, 665.137, 668.957, 686.88, 713.3]] 
RATE (RPS) =====================================: 33

[[398.745, 425.291, 463.054, 502.732, 518.982, 586.463, 615.462, 515.48, 657.001, 603.752, 695.011, 641.344, 743.535, 680.12, 745.58, 872.81, 772.093, 807.259]] 
RATE (RPS) =====================================: 33

[[408.015, 436.802, 463.659, 502.791, 532.839, 551.373, 564.608, 635.136, 588.171, 651.95, 759.177, 657.997, 771.271, 667.306, 755.871, 908.249, 792.472, 905.87]] 
RATE (RPS) =====================================: 33

[[404.935, 446.128, 466.659, 498.544, 537.578, 573.415, 598.769, 625.58, 640.245, 642.684, 760.006, 682.789, 748.447, 778.031, 805.796, 842.395, 874.033]] 
RATE (RPS) =====================================: 33

[[433.997, 470.258, 516.607, 570.077, 679.535, 935.919, 802.639, 715.459, 825.928, 994.797, 929.301, 1011.219, 1019.629, 1070.627, 1131.606, 1183.254]] 
RATE (RPS) =====================================: 29

[[425.574, 583.541, 449.83, 516.603, 572.666, 626.781, 732.351, 667.388, 776.536, 900.28, 811.834, 890.111, 957.957, 1085.616, 1003.015, 1199.849, 1108.486, 1240.35]] 
RATE (RPS) =====================================: 29

[[458.0, 555.353, 462.144, 596.397, 662.654, 714.593, 771.795, 829.788, 1534.246, 1062.258, 1145.356, 1505.473, 1291.73, 1290.737, 1349.558]] 
RATE (RPS) =====================================: 27

[[548.861, 714.802, 445.497, 570.589, 621.168, 745.818, 821.068, 873.274, 931.595, 974.293, 1026.693, 1090.6680000000001, 1131.704, 1178.756, 1239.6680000000001, 1299.077, 1295.3899999999999, 1401.749, 1323.442]] 
RATE (RPS) =====================================: 25

[[445.747, 494.452, 553.026, 753.757, 614.798, 664.572, 772.032, 815.598, 881.935, 914.637, 964.818, 1064.058, 1110.241, 1162.943, 1345.028, 1222.654, 1389.445, 1417.763, 1463.705]] 
RATE (RPS) =====================================: 26

[[549.108, 458.625, 725.283, 642.314, 573.938, 734.651, 799.696, 852.789, 963.691, 1031.254, 1111.829, 1154.863, 1206.001, 1287.209, 1407.749, 1332.462, 1428.484, 1470.682, 1517.433, 1618.539, 1533.226]] 
RATE (RPS) =====================================: 22

[[416.769, 466.58, 526.553, 594.379, 627.526, 662.015, 693.852, 679.871, 721.804, 824.287, 750.727]] 
RATE (RPS) =====================================: 34

[[434.54, 486.537, 544.876, 543.994, 598.303, 647.493, 702.982, 768.054, 823.44, 881.002, 928.762, 952.351, 966.322, 1007.614]] 
RATE (RPS) =====================================: 33

[[418.808, 442.162, 440.774, 489.146, 615.066, 534.663, 650.777, 681.489, 777.628, 679.587, 801.283]] 
RATE (RPS) =====================================: 34

[[420.477, 439.2, 498.577, 408.783, 529.354, 440.897, 504.24]] 
RATE (RPS) =====================================: 34

[[404.72, 415.687, 426.293, 429.097, 443.22, 479.837, 494.979, 553.872, 495.935, 559.561, 590.562, 548.105]] 
RATE (RPS) =====================================: 35

[[405.264, 447.582, 468.002, 439.472, 542.179, 491.483, 581.844, 430.07, 544.137, 574.049, 606.748, 539.672, 587.025]] 
RATE (RPS) =====================================: 35

[[423.976, 420.357, 465.152, 483.553, 495.604, 509.943, 545.743, 587.209, 615.024, 561.145, 593.785, 617.678, 623.509, 527.029, 605.823]] 
RATE (RPS) =====================================: 35

[[401.617, 405.403, 425.285, 443.99, 1078.942, 1041.744, 778.649, 499.673, 579.995, 510.345, 576.951, 561.785]] 
RATE (RPS) =====================================: 33

[[506.627, 498.723, 574.472, 474.26, 479.321, 603.699, 726.592, 490.141, 483.073, 564.797, 542.323, 542.635, 574.601, 497.98, 512.839, 518.832, 631.568, 570.608]] 
RATE (RPS) =====================================: 35

[[434.532, 420.92, 1568.152, 662.56, 662.731, 617.162, 619.76, 595.256, 594.942, 614.7, 589.123, 583.866, 569.124, 609.043, 543.768, 1091.071, 785.637, 544.54, 760.261, 493.983, 745.171]] 
RATE (RPS) =====================================: 33

[[665.952, 642.719, 612.443, 574.818, 681.202, 559.711, 540.519, 530.145, 517.816, 638.976, 562.219, 813.525, 696.312, 748.911, 652.914, 579.136, 610.564, 673.62, 600.162, 683.832, 781.551, 1402.024, 1397.547, 1433.826, 794.623, 722.868, 820.954, 662.114]] 
RATE (RPS) =====================================: 32

[[398.226, 408.971, 387.101, 402.309, 463.368, 449.65, 398.182, 500.275, 475.263, 528.85, 563.049, 603.664, 642.942, 487.997, 521.384, 652.116, 594.098, 538.778, 724.987, 663.021, 757.003, 589.585]] 
RATE (RPS) =====================================: 35

[[413.716, 493.581, 428.503, 406.189, 532.942, 508.888, 442.523, 542.52, 544.992, 579.728, 603.196, 529.848, 543.46, 587.125, 569.087, 517.709, 510.726, 549.682, 532.138]] 
RATE (RPS) =====================================: 35

[[396.857, 406.397, 420.95, 562.49, 423.94, 460.646, 619.865, 413.523, 720.275, 625.832, 666.425, 429.881, 730.466, 822.521, 457.932, 703.758, 726.232, 464.218, 539.867, 480.317, 541.415, 708.601]] 
RATE (RPS) =====================================: 35

[[447.951, 502.475, 737.386, 593.164, 813.588, 503.984, 894.503, 1000.681, 599.068, 1092.289, 675.932, 1302.551, 1162.817, 1318.703, 728.371, 1380.5819999999999, 1430.1689999999999, 777.027, 873.953, 1459.685, 1519.891, 967.05, 1094.314]] 
RATE (RPS) =====================================: 26

[[419.392, 433.022, 547.497, 641.604, 743.12, 445.897, 556.686, 667.754, 849.305, 767.01, 857.608, 1071.7069999999999, 953.799, 1170.773, 867.592, 1248.274, 953.563, 1363.529, 1276.487, 1394.62, 1434.864, 1498.709, 972.663, 1524.2820000000002, 1027.072]] 
RATE (RPS) =====================================: 26

[[474.846, 416.198, 578.548, 493.372, 527.408, 578.536, 689.359, 625.333, 734.757, 863.132, 770.295, 979.935, 1091.662, 897.514, 1131.661, 1008.312, 1212.152, 1141.326, 1315.2069999999999, 1414.701, 1236.904, 1508.471, 1749.213, 1623.5030000000002, 1806.549, 1304.578, 1393.157, 1481.479, 1598.638]] 
RATE (RPS) =====================================: 20

[[496.647, 410.872, 572.836, 509.264, 617.616, 671.566, 773.125, 820.94, 696.531, 946.432, 1019.369, 1118.686, 1222.533, 1488.277, 1397.993, 1277.156, 737.504, 1520.944, 845.123, 941.517, 1049.449, 1152.069, 1242.649]] 
RATE (RPS) =====================================: 26

[[545.298, 432.613, 444.68, 605.07, 820.942, 695.198, 503.051, 905.642, 610.379, 713.26, 990.84, 817.785, 913.938, 1009.442, 1091.558, 1219.294, 1001.635, 1106.098, 1408.205, 1284.6309999999999, 1223.369, 1331.027, 1434.125, 1530.3319999999999, 1458.055]] 
RATE (RPS) =====================================: 24

[[441.385, 484.409, 585.982, 508.958, 620.357, 564.539, 833.971, 931.613, 698.312, 1132.92, 1003.843, 598.185, 1197.917, 1308.474, 673.639, 1400.899, 862.09, 741.12, 1170.431, 937.13, 1034.568, 1363.608, 1226.461, 1453.019, 1369.392]] 
RATE (RPS) =====================================: 25

[[411.402, 454.689, 793.93, 542.958, 642.437, 932.137, 448.505, 516.517, 618.752, 756.17, 941.726, 1049.75, 1153.402, 838.298, 1238.1779999999999, 1347.225, 938.876, 1044.988, 1384.449, 1444.3229999999999, 1504.596, 1207.06, 1096.703, 1499.0810000000001]] 
RATE (RPS) =====================================: 25

[[456.818, 501.032, 720.834, 535.895, 596.615, 626.274, 780.186, 716.51, 833.657, 887.85, 990.79, 935.846, 1203.816, 1085.337, 1300.982, 1004.745, 1113.6, 1396.685, 1220.9470000000001, 1521.0729999999999, 1558.674, 1294.088, 1606.022, 1380.242, 1756.897, 1680.917, 1588.874]] 
RATE (RPS) =====================================: 21

[[435.171, 481.456, 622.472, 541.523, 660.386, 716.916, 815.841, 952.081, 858.477, 1037.189, 989.226, 1142.703, 1091.356, 1286.257, 1386.75, 1434.0819999999999, 1195.013, 1307.516, 1360.1109999999999, 1480.3609999999999, 1414.087, 1493.541]] 
RATE (RPS) =====================================: 24

[[540.941, 412.317, 455.807, 600.098, 530.084, 704.688, 811.815, 1043.628, 914.826, 618.85, 713.844, 823.648, 918.184, 1093.612, 1192.2069999999999, 983.036, 1013.265, 1131.329]] 
RATE (RPS) =====================================: 31

[[556.272, 397.044, 446.985, 483.891, 400.424, 424.013, 513.864, 453.585, 541.541, 449.934, 520.948, 559.158, 537.287, 402.276]] 
RATE (RPS) =====================================: 37

[[417.509, 432.918, 790.673, 463.213, 418.937, 448.993, 453.442, 492.405, 528.205, 568.609, 596.331, 634.058, 444.243, 601.565, 458.162, 598.35, 453.569]] 
RATE (RPS) =====================================: 37

[[406.786, 464.751, 466.285, 409.24, 488.933, 946.376, 959.777, 1024.137, 969.115, 392.606, 987.932, 1034.781, 973.509, 1035.499]] 
RATE (RPS) =====================================: 34

[[433.651, 457.484, 403.811, 477.34, 398.947, 500.379, 573.119, 529.983, 415.566, 386.9, 581.099, 423.288, 407.613, 444.801, 577.199, 443.317, 491.744, 436.036, 543.664, 413.694, 413.107, 451.821, 439.286, 466.283]] 
RATE (RPS) =====================================: 37

[[401.587, 404.01, 396.084, 413.136, 409.619, 493.749, 434.056, 422.505, 404.527, 510.983, 440.112, 433.492, 463.993, 507.343, 583.341, 609.918, 518.634, 394.261, 493.953, 415.613, 403.1, 535.229, 568.74, 416.472]] 
RATE (RPS) =====================================: 37

[[515.734, 528.24, 411.173, 463.508, 540.912, 399.464, 429.38, 482.078, 516.475, 535.699, 431.126, 495.129, 574.735, 521.162, 609.066, 400.552, 973.74, 954.826, 402.714, 483.073, 419.279, 881.119, 422.225]] 
RATE (RPS) =====================================: 37

[[391.939, 428.443, 402.794, 404.467, 439.803, 415.027, 411.91, 461.33, 491.394, 442.386, 394.432, 465.931, 540.896, 495.512, 404.235, 559.992, 620.612, 414.89, 451.111, 437.694, 485.201, 467.752, 612.778, 626.91, 464.352, 472.638, 523.047, 605.352, 546.146, 568.515]] 
RATE (RPS) =====================================: 37

[[393.401, 435.347, 389.585, 440.873, 467.769, 492.702, 420.925, 445.086, 391.257, 423.407, 470.808, 501.956, 442.551, 528.808, 483.116, 517.421, 438.154, 548.992, 389.804, 531.448, 545.196, 526.496, 402.599, 446.296, 580.495, 519.386, 506.114]] 
RATE (RPS) =====================================: 37

[[423.047, 405.914, 444.431, 468.234, 508.436, 393.901, 391.829, 419.51, 522.83, 479.229, 433.354, 470.661, 493.724, 485.609, 496.109, 544.395, 428.445, 439.694, 432.521, 521.882, 458.632, 494.598, 422.687, 527.147, 534.595, 519.373, 445.947, 396.195, 516.918, 449.624]] 
RATE (RPS) =====================================: 37

[[419.414, 408.334, 445.22, 392.396, 394.363, 440.039, 415.936, 461.587, 456.466, 492.234, 470.302, 499.907, 487.738, 519.152, 556.85, 407.511, 480.65, 529.757, 392.019]] 
RATE (RPS) =====================================: 37

[[411.517, 699.784, 503.014, 416.588, 587.522, 493.964, 746.832, 902.012, 788.522, 649.477, 1192.636, 984.802, 1113.583, 1212.424, 1268.106, 872.86, 747.925, 976.799]] 
RATE (RPS) =====================================: 34

[[435.083, 529.875, 466.318, 683.342, 839.546, 542.503, 705.287, 866.614, 1018.021, 954.406, 1121.065, 1169.642, 1288.4470000000001, 1445.0230000000001, 1561.045, 1316.483, 503.36, 1677.045, 1454.129, 630.79, 971.684, 783.1, 1126.646, 1549.984, 1715.4189999999999, 1273.368, 1770.674, 1641.653]] 
RATE (RPS) =====================================: 23

[[443.311, 543.628, 691.706, 851.652, 636.579, 784.765, 551.82, 986.565, 687.734, 838.529, 1163.718, 987.587, 875.491, 1321.595, 1364.0430000000001, 1064.578, 1413.866, 993.951, 1216.804, 1479.2359999999999, 1518.317, 1568.775, 1105.842, 1622.233, 1736.42, 1663.684]] 
RATE (RPS) =====================================: 25

[[446.697, 497.163, 431.116, 684.783, 511.144, 799.609, 602.599, 531.928, 865.602, 976.848, 1133.688, 662.432, 1002.454, 1157.998, 832.389, 1239.327, 963.134, 1230.242, 1107.426]] 
RATE (RPS) =====================================: 32

[[420.844, 467.53, 631.016, 570.015, 503.966, 697.927, 856.974, 609.319, 771.05, 939.499, 1024.253, 1111.842, 1223.13, 802.147, 1246.412, 874.239, 1257.98, 936.791, 1043.557, 508.632, 1283.682, 1321.271]] 
RATE (RPS) =====================================: 30

[[446.252, 532.869, 476.558, 699.221, 1043.295, 1209.5720000000001, 1546.438, 539.115, 579.046, 1360.955, 736.027, 1663.2060000000001, 1834.0810000000001, 1881.746, 1947.5030000000002, 832.15, 1998.6390000000001, 964.508, 1204.496, 2038.144, 2092.552, 2174.163, 996.703, 1067.561, 1272.3899999999999, 1223.196, 2140.423, 1410.529, 2177.531, 1556.3339999999998, 2225.9809999999998, 1306.689, 1468.71]] 
RATE (RPS) =====================================: 15

[[438.645, 614.812, 462.673, 520.466, 749.964, 605.629, 862.098, 757.193, 1008.534, 591.125, 1268.287, 1126.246, 1386.65, 826.83, 709.506, 1270.173, 1358.978, 1423.405, 784.891, 864.043, 987.662, 867.197, 1358.574]] 
RATE (RPS) =====================================: 30

[[490.128, 429.027, 684.855, 490.564, 531.424, 556.081, 782.727, 671.317, 960.699, 1234.345, 1114.128, 559.682, 751.043, 1253.807, 1287.813, 744.115, 1126.874, 828.123, 1309.377, 870.436, 962.159]] 
RATE (RPS) =====================================: 32

[[484.28, 429.006, 500.417, 608.316, 768.52, 523.392, 929.245, 678.018, 616.899, 1072.421, 813.432, 742.324, 912.43, 947.514, 1122.287, 1182.995, 1245.523, 985.927, 1080.381, 1233.7069999999999]] 
RATE (RPS) =====================================: 32

[[455.328, 493.936, 584.335, 772.747, 616.375, 501.681, 797.453, 657.899, 844.625, 976.508, 1323.6109999999999, 1134.175, 1418.652, 1056.392, 858.502, 1193.547, 1298.853, 1391.045, 718.135, 881.933, 1472.269, 1404.017, 1556.99, 1010.367, 1443.1100000000001]] 
RATE (RPS) =====================================: 26

[[396.707, 427.104, 399.87, 434.972, 393.71, 418.259, 468.799, 413.306, 401.887, 438.239, 416.302, 449.662, 399.473, 387.582, 441.887, 567.518, 462.69, 419.309, 405.794, 411.998, 413.757]] 
RATE (RPS) =====================================: 39

[[402.342, 466.412, 428.567, 491.759, 406.614, 424.746, 437.737, 416.467, 445.149, 426.516, 415.807, 420.753, 417.1, 410.092, 408.797, 406.2, 393.731, 403.564]] 
RATE (RPS) =====================================: 39

[[436.04, 418.765, 445.105, 429.079, 482.38, 454.095, 433.576, 432.722, 441.704, 467.148, 401.266, 494.066, 394.773, 509.874]] 
RATE (RPS) =====================================: 39

[[389.735, 443.686, 474.019, 501.652, 406.713, 398.509, 402.065, 395.275, 412.754, 451.67, 507.036, 413.231, 452.022, 477.898, 415.537, 480.512, 410.154, 414.924, 401.009]] 
RATE (RPS) =====================================: 39

[[420.73, 395.156, 449.309, 395.172, 458.574, 404.737, 428.791, 468.455, 514.164, 462.071, 526.985, 499.056, 526.01, 525.947, 529.338, 514.293]] 
RATE (RPS) =====================================: 39

[[401.083, 395.674, 393.38, 407.868, 404.649, 396.074, 438.058, 383.683, 483.016, 431.522, 423.871, 454.592, 520.339, 435.93, 422.064, 431.434, 423.741, 499.551, 400.091, 501.295]] 
RATE (RPS) =====================================: 39

[[413.154, 404.639, 432.245, 412.397, 436.987, 402.933, 449.424, 487.121, 418.286, 485.579, 444.143, 518.147, 547.821, 457.551, 520.267, 431.895, 417.075, 419.843, 408.352, 426.675, 422.068]] 
RATE (RPS) =====================================: 39

[[471.286, 403.355, 496.966, 426.042, 411.145, 486.167, 384.088, 397.38, 498.106, 458.563, 408.56, 495.545, 430.823, 496.867, 495.789, 475.428, 420.677, 387.611, 402.117, 378.886, 404.191, 419.279, 418.787, 404.649]] 
RATE (RPS) =====================================: 39

[[413.703, 397.106, 416.884, 410.129, 439.177, 436.449, 400.804, 471.771, 385.085, 462.467, 466.342, 397.355, 393.496, 388.229, 450.503, 486.439, 439.695, 485.419, 517.737, 388.745, 510.533, 416.374, 465.099, 506.79, 446.963, 394.169, 479.671, 540.522, 386.042, 470.766]] 
RATE (RPS) =====================================: 39

[[411.767, 474.866, 421.878, 411.059, 408.53, 466.235, 438.51, 457.204, 485.729, 460.989, 424.431, 488.755, 439.393, 445.957, 477.292, 484.222, 446.464, 486.422, 440.637, 436.865, 481.436, 458.928, 465.134, 442.892, 471.681, 416.731, 408.867, 431.292, 455.016, 489.619, 415.61]] 
RATE (RPS) =====================================: 39

[[436.064, 663.279, 478.086, 582.136, 924.215, 500.226, 648.87, 743.918, 1007.439, 1119.218, 1279.696, 1453.953, 624.564, 1620.35, 1304.812, 791.873, 1317.196, 1490.649, 619.757, 1082.657, 766.691, 870.696, 968.595, 1493.363, 1289.094, 1536.1970000000001, 1571.836]] 
RATE (RPS) =====================================: 27

[[426.925, 657.877, 467.83, 519.628, 1046.53, 737.557, 553.717, 668.005, 886.126, 932.574, 792.25, 1166.663, 1381.017, 1090.94, 1284.991, 1162.09, 1496.445, 1537.1280000000002, 1181.922, 1697.066, 1750.634, 1391.892, 1922.104, 1994.414, 599.604, 902.625, 1309.107, 2084.74, 1527.516, 1583.4009999999998, 2125.293, 1740.946, 1982.0900000000001, 2186.741, 1787.604, 2242.618, 2296.863]] 
RATE (RPS) =====================================: 15

[[546.081, 418.843, 460.4, 855.007, 674.263, 548.212, 769.45, 1105.647, 586.125, 1386.905, 1027.605, 904.29, 1186.298, 1501.993, 1620.632, 1842.338, 2060.26, 1093.9180000000001, 805.635, 1256.4569999999999, 1370.084, 1513.0410000000002, 1733.759, 1956.254, 1608.713, 582.902, 1653.0320000000002, 862.82, 2154.9, 2087.725, 1109.599, 1781.8339999999998, 1821.774, 1992.9009999999998]] 
RATE (RPS) =====================================: 18

[[452.521, 741.746, 495.994, 1011.165, 528.925, 637.601, 787.469, 572.604, 798.628, 1078.573, 1392.25, 1614.221, 871.515, 1285.867, 1802.815, 962.392, 1207.964, 1437.454, 1493.979, 1890.182, 1657.175, 1950.6280000000002, 745.053, 1098.7, 1020.894, 1772.058, 1957.345, 1296.81, 1625.2469999999998, 1993.74, 2063.522, 1480.627]] 
RATE (RPS) =====================================: 19

[[450.382, 494.876, 840.223, 531.982, 692.749, 1120.335, 1414.659, 983.433, 1685.433, 1557.702, 1253.563, 512.879, 560.183, 1933.6309999999999, 654.094, 2135.52, 1074.038, 774.78, 819.4, 927.051, 1749.054, 1078.316, 1188.974, 1966.663, 1352.988, 1644.921, 1454.201, 2149.286, 1263.6779999999999, 1531.108, 1942.784, 1823.5929999999998, 2012.653, 1677.1480000000001]] 
RATE (RPS) =====================================: 18

[[491.981, 628.732, 536.339, 721.092, 659.786, 765.834, 991.59, 925.077, 1271.666, 1207.83, 1515.3310000000001, 1737.702, 1942.579, 1000.311, 1412.1190000000001, 814.245, 1527.2939999999999, 1264.393, 1729.884, 1077.305, 707.51, 1301.995, 1918.0410000000002, 1576.286, 2123.257, 1490.216, 1746.281, 2025.519, 1673.1970000000001, 1908.414, 900.862, 2189.626, 1940.732, 2092.996]] 
RATE (RPS) =====================================: 17

[[434.25, 481.851, 639.308, 524.008, 742.389, 917.058, 1026.373, 1255.062, 766.205, 528.286, 1117.844, 1461.271, 1338.277, 1562.036, 609.173, 1660.667, 893.987, 1928.1570000000002, 1759.3780000000002, 1320.692, 1083.939, 2116.271, 714.939, 930.079, 1956.462, 1489.569, 2165.12, 1105.624, 2068.175, 1553.184, 1667.942, 1276.7930000000001, 1907.182, 2140.871, 1777.376]] 
RATE (RPS) =====================================: 17

[[440.148, 476.783, 522.77, 555.102, 851.778, 898.214, 591.818, 945.952, 1109.271, 634.61, 973.66, 731.593, 1186.919, 1122.726, 1222.7930000000001, 982.045, 1396.776, 1453.2730000000001, 1243.188, 1674.9450000000002, 1494.449, 1535.667, 1742.8139999999999, 1673.348, 2022.407, 1894.966, 1228.922, 1746.92, 1791.752, 1488.684, 1912.346, 2066.636, 1993.167, 2103.523]] 
RATE (RPS) =====================================: 18

[[422.366, 465.581, 551.074, 648.786, 760.309, 577.612, 686.241, 921.677, 778.497, 1267.07, 965.3, 806.265, 1037.588, 1159.605, 971.188, 1089.151, 1815.579, 1372.808, 1471.026, 1227.456, 1395.551, 1498.704, 1687.421, 1243.005, 1805.895, 2017.746, 1831.203, 1934.617, 1507.8020000000001, 2148.113, 2281.77, 2171.684, 2312.181, 1491.632, 1769.271, 2007.451, 1942.384]] 
RATE (RPS) =====================================: 15

[[479.126, 782.69, 550.471, 603.786, 816.267, 869.299, 1075.169, 610.575, 999.916, 1109.141, 652.408, 1639.8490000000002, 1400.8980000000001, 1265.596, 1722.0900000000001, 874.464, 1297.38, 1160.157, 1799.4360000000001, 1899.978, 2008.363, 763.175, 1472.877, 2123.204, 1682.616, 2219.886, 1877.158, 2134.89, 976.48, 1993.931, 2253.276, 1491.799, 1718.7069999999999, 1281.975, 2296.552]] 
RATE (RPS) =====================================: 17

average response time [0]405.166
average response time [1]398.067
average response time [2]485.541
average response time [3]389.162
average response time [4]381.327
average response time [5]387.142
average response time [6]389.389
average response time [7]384.792
average response time [8]383.677
average response time [9]388.345
TOTAL AVERAGE RESPONSE TIME ====================: 399.2608
NUMBER OF THREADS ==============================: 1
TOTAL AVERAGE RATE (RPS) =====================================: 1.0
average response time [10]693.1745
average response time [11]459.51750000000004
average response time [12]458.1875
average response time [13]446.047
average response time [14]449.839
average response time [15]472.6795
average response time [16]598.0364999999999
average response time [17]462.5385
average response time [18]462.762
average response time [19]437.7025
TOTAL AVERAGE RESPONSE TIME ====================: 494.04845000000006
NUMBER OF THREADS ==============================: 2
TOTAL AVERAGE RATE (RPS) =====================================: 2.0
average response time [20]451.35475
average response time [21]476.8025
average response time [22]454.596
average response time [23]444.19775
average response time [24]446.17775
average response time [25]443.007
average response time [26]495.70799999999997
average response time [27]458.609
average response time [28]462.452
average response time [29]459.89824999999996
TOTAL AVERAGE RESPONSE TIME ====================: 459.2803
NUMBER OF THREADS ==============================: 4
TOTAL AVERAGE RATE (RPS) =====================================: 4.0
average response time [30]644.51225
average response time [31]640.62125
average response time [32]654.53075
average response time [33]620.264375
average response time [34]658.613125
average response time [35]642.114875
average response time [36]637.4795
average response time [37]628.66625
average response time [38]632.766875
average response time [39]634.87725
TOTAL AVERAGE RESPONSE TIME ====================: 639.44465
NUMBER OF THREADS ==============================: 8
TOTAL AVERAGE RATE (RPS) =====================================: 8.0
average response time [40]685.748375
average response time [41]672.9511875
average response time [42]679.1465625
average response time [43]693.7151875
average response time [44]699.189875
average response time [45]753.8604375
average response time [46]718.8981875
average response time [47]704.9561874999999
average response time [48]666.8779375
average response time [49]701.715125
TOTAL AVERAGE RESPONSE TIME ====================: 697.70590625
NUMBER OF THREADS ==============================: 16
TOTAL AVERAGE RATE (RPS) =====================================: 15.5
average response time [50]1343.815875
average response time [51]1343.94725
average response time [52]1404.5015625
average response time [53]1332.43765625
average response time [54]1369.88096875
average response time [55]1300.3110625
average response time [56]1386.146375
average response time [57]716.4009285714286
average response time [58]834.1729411764705
average response time [59]740.9277333333333
TOTAL AVERAGE RESPONSE TIME ====================: 1177.2542353081233
NUMBER OF THREADS ==============================: 32
TOTAL AVERAGE RATE (RPS) =====================================: 15.6
average response time [60]622.5166666666667
average response time [61]729.1922777777778
average response time [62]667.7883684210526
average response time [63]725.2748
average response time [64]688.1508333333334
average response time [65]600.7884285714285
average response time [66]592.557
average response time [67]624.7063333333333
average response time [68]641.8642777777778
average response time [69]642.7078823529412
TOTAL AVERAGE RESPONSE TIME ====================: 653.5546868234312
NUMBER OF THREADS ==============================: 33
TOTAL AVERAGE RATE (RPS) =====================================: 32.5
average response time [70]830.6782499999999
average response time [71]808.2648888888889
average response time [72]948.6721333333334
average response time [73]959.6901052631579
average response time [74]950.0636315789474
average response time [75]1066.6583809523809
average response time [76]633.1239090909091
average response time [77]734.7335714285714
average response time [78]593.762090909091
average response time [79]463.0754285714286
TOTAL AVERAGE RESPONSE TIME ====================: 798.8722390016708
NUMBER OF THREADS ==============================: 34
TOTAL AVERAGE RATE (RPS) =====================================: 29.3
average response time [80]486.82233333333335
average response time [81]512.1174615384615
average response time [82]538.3686666666666
average response time [83]608.69825
average response time [84]544.0606111111111
average response time [85]671.7286666666666
average response time [86]735.7501071428571
average response time [87]534.1281363636364
average response time [88]517.7133157894737
average response time [89]560.1094545454546
TOTAL AVERAGE RESPONSE TIME ====================: 570.949700315766
NUMBER OF THREADS ==============================: 35
TOTAL AVERAGE RATE (RPS) =====================================: 34.3
average response time [90]951.1362608695651
average response time [91]947.47316
average response time [92]1056.7843448275862
average response time [93]936.0477391304348
average response time [94]963.85868
average response time [95]925.72888
average response time [96]950.2563333333334
average response time [97]1085.0076296296297
average response time [98]1031.9325
average response time [99]805.6766111111111
TOTAL AVERAGE RESPONSE TIME ====================: 965.3902138901661
NUMBER OF THREADS ==============================: 36
TOTAL AVERAGE RATE (RPS) =====================================: 24.8
average response time [100]477.65871428571427
average response time [101]517.7165882352941
average response time [102]754.2662142857143
average response time [103]462.92216666666667
average response time [104]461.43570833333337
average response time [105]538.7569130434782
average response time [106]481.58296666666666
average response time [107]469.6293333333333
average response time [108]465.64903333333336
average response time [109]456.3092105263158
TOTAL AVERAGE RESPONSE TIME ====================: 508.59268487098495
NUMBER OF THREADS ==============================: 37
TOTAL AVERAGE RATE (RPS) =====================================: 36.7
average response time [110]809.3537222222222
average response time [111]1072.876857142857
average response time [112]1081.2472692307692
average response time [113]825.0831052631579
average response time [114]868.2761818181818
average response time [115]1352.9267575757576
average response time [116]906.242652173913
average response time [117]839.9392380952381
average response time [118]843.8516999999999
average response time [119]994.4994
TOTAL AVERAGE RESPONSE TIME ====================: 959.4296883522096
NUMBER OF THREADS ==============================: 38
TOTAL AVERAGE RATE (RPS) =====================================: 27.9
average response time [120]427.08690476190475
average response time [121]423.46405555555555
average response time [122]445.7566428571429
average response time [123]434.12636842105263
average response time [124]469.92425000000003
average response time [125]432.39575
average response time [126]445.55247619047617
average response time [127]436.346125
average response time [128]442.1488
average response time [129]449.8197096774193
TOTAL AVERAGE RESPONSE TIME ====================: 440.66210824635516
NUMBER OF THREADS ==============================: 39
TOTAL AVERAGE RATE (RPS) =====================================: 39.0
average response time [130]1006.8677777777777
average response time [131]1327.4452162162163
average response time [132]1261.1675588235294
average response time [133]1241.427
average response time [134]1272.1258823529413
average response time [135]1347.5300588235293
average response time [136]1283.4228
average response time [137]1285.587205882353
average response time [138]1352.475918918919
average response time [139]1368.673857142857
TOTAL AVERAGE RESPONSE TIME ====================: 1274.6723275938125
NUMBER OF THREADS ==============================: 40
TOTAL AVERAGE RATE (RPS) =====================================: 18.1
average response time sent to Stackdriver [0]451.35475
average response time sent to Stackdriver [1]642.114875
average response time sent to Stackdriver [2]753.8604375
average response time sent to Stackdriver [3]1343.94725
average response time sent to Stackdriver [4]1300.3110625
average response time sent to Stackdriver [5]667.7883684210526
average response time sent to Stackdriver [6]830.6782499999999
average response time sent to Stackdriver [7]734.7335714285714
average response time sent to Stackdriver [8]735.7501071428571
average response time sent to Stackdriver [9]936.0477391304348
average response time sent to Stackdriver [10]1031.9325
average response time sent to Stackdriver [11]456.3092105263158
average response time sent to Stackdriver [12]868.2761818181818
average response time sent to Stackdriver [13]445.7566428571429
average response time sent to Stackdriver [14]1006.8677777777777
average response time sent to Stackdriver [15]1347.5300588235293
NUMBER OF THREADS: [1, 2, 4, 8, 16, 32, 33, 34, 35, 36, 37, 38, 39, 40]
WORKLOAD: HFU_LV;  
TOTAL EXECUTION TIME (Concurrent Parallel Requests): 175779.754


