[[370.977]] 
[[347.984]] 
[[379.42]] 
[[351.121]] 
[[386.344]] 
[[346.238]] 
[[359.014]] 
[[357.304]] 
[[361.084]] 
[[362.614]] 
[[348.901, 369.702]] 
[[357.069, 355.079]] 
[[365.932, 355.788]] 
[[342.744, 341.709]] 
[[359.918, 336.387]] 
[[346.891, 347.03]] 
[[390.254, 385.198]] 
[[366.029, 401.243]] 
[[347.519, 366.612]] 
[[393.193, 366.755]] 
[[349.313, 379.741, 355.72, 355.814]] 
[[358.116, 346.023, 334.834, 355.893]] 
[[376.182, 360.816, 362.618, 361.746]] 
[[343.613, 379.415, 350.796, 343.875]] 
[[370.405, 347.114, 349.579, 390.865]] 
[[379.745, 362.128, 368.199, 339.632]] 
[[363.976, 349.816, 380.795, 346.119]] 
[[375.526, 399.931, 369.769, 359.635]] 
[[349.781, 398.905, 341.725, 372.097]] 
[[361.447, 383.152, 352.835, 363.506]] 
[[1372.095, 1362.749, 1350.777, 1372.084, 1366.019, 1399.467, 1385.261, 1354.722]] 
[[370.766, 400.466, 365.667, 367.69, 380.925, 382.645, 362.529, 387.215]] 
[[350.965, 352.406, 356.274, 352.962, 404.574, 380.364, 347.122, 349.334]] 
[[369.217, 364.999, 489.709, 353.384, 681.492, 471.618, 464.418, 461.84]] 
[[350.95, 353.23, 347.611, 383.703, 397.829, 355.416, 357.166, 345.554]] 
[[350.493, 397.306, 353.044, 348.64, 345.264, 381.815, 360.152, 363.137]] 
[[346.329, 385.805, 359.822, 347.426, 341.329, 361.82, 375.829, 357.47]] 
[[353.74, 365.941, 365.7, 356.538, 361.254, 355.296, 393.644, 346.702]] 
[[398.192, 356.929, 371.48, 358.53, 370.2, 385.259, 352.474, 375.008]] 
[[346.621, 349.522, 350.285, 348.577, 352.919, 356.766, 339.69, 357.917]] 
[[370.097, 403.092, 385.495, 371.751, 375.811, 393.562, 337.944, 345.703, 358.734, 355.403, 352.098, 389.643, 372.689, 351.527, 354.341, 349.086]] 
[[350.672, 352.337, 360.608, 358.755, 363.863, 398.703, 346.475, 335.896, 362.454, 419.162, 386.832, 356.683, 388.787, 369.421, 364.726, 358.067]] 
[[361.039, 363.769, 385.457, 361.922, 355.706, 354.012, 344.266, 375.592, 368.692, 375.371, 393.095, 364.858, 348.847, 370.848, 351.823, 363.538]] 
[[338.966, 343.444, 367.018, 343.56, 371.506, 382.584, 363.327, 408.047, 362.945, 373.636, 365.095, 404.632, 370.556, 371.601, 358.638, 363.62]] 
[[350.116, 408.496, 382.43, 348.068, 357.622, 361.278, 365.743, 366.404, 402.645, 362.117, 368.706, 365.974, 405.103, 374.203, 356.103, 366.589]] 
[[347.67, 346.611, 349.797, 347.281, 353.253, 359.854, 367.745, 335.035, 363.786, 389.637, 358.542, 392.024, 366.301, 360.202, 378.764, 363.392]] 
[[434.606, 371.466, 395.341, 468.86, 433.815, 482.987, 587.495, 498.625, 530.521, 578.041, 610.028, 624.83, 681.202, 641.581, 711.76, 676.205]] 
[[374.535, 443.62, 389.546, 471.966, 491.914, 558.411, 633.56, 499.354, 547.96, 633.022, 561.815, 701.745, 637.694, 754.224, 643.224, 685.552]] 
[[390.563, 408.268, 450.371, 417.292, 493.78, 563.512, 506.116, 657.574, 433.665, 712.164, 670.37, 576.763, 719.849, 623.099, 766.745, 717.344]] 
[[586.008, 374.621, 396.819, 416.378, 438.819, 460.144, 493.361, 637.308, 543.763, 565.183, 582.161, 660.433, 702.763, 784.598, 719.058, 744.154]] 
[[362.811, 384.754, 407.824, 524.648, 416.389, 479.539, 431.48, 534.945, 502.69, 551.808, 572.831, 627.159, 584.762, 643.17, 761.234, 718.446, 637.934, 670.125, 884.611, 875.65, 868.456, 862.44, 872.15, 892.482, 1750.159, 1663.368, 899.168, 1018.198, 1051.478, 1631.3690000000001, 1106.1, 1051.5529999999999]] 
[[1191.385, 481.883, 512.246, 630.886, 832.311, 616.267, 1321.038, 814.07, 806.604, 1184.124, 2209.869, 2457.567, 1504.162, 1493.084, 1479.336, 1920.5610000000001, 1478.554, 1478.792, 1447.91, 1480.305, 1482.0230000000001, 855.971, 1473.674, 932.25, 1441.742, 969.919, 1092.027, 1458.617, 1440.399, 1741.527, 1028.608, 1031.878]] 
[[1477.613, 1485.714, 382.238, 1470.729, 1436.826, 1675.998, 602.63, 1404.188, 588.045, 577.59, 562.011, 567.165, 566.86, 558.155, 553.791, 524.374, 541.051, 530.971, 502.82, 525.847, 527.331, 510.448, 519.23, 2414.011, 731.719, 494.555, 492.145, 477.293, 475.554, 2403.205, 2401.267, 1376.6680000000001]] 
[[378.447, 381.983, 393.81, 405.664, 379.686, 388.365, 397.73, 402.11, 417.683, 380.577, 385.043, 381.973, 406.713, 404.257, 379.058, 384.87, 389.727, 405.911, 383.239, 417.416, 377.172, 395.829, 387.369, 383.745, 389.811, 395.651, 381.802, 396.816, 385.076, 407.69, 386.111, 391.077]] 
[[399.878, 377.391, 401.365, 419.519, 398.289, 359.058, 369.201, 436.235, 417.147, 374.866, 397.866, 383.141, 367.089, 385.573, 408.37, 419.681, 385.73, 372.739, 380.953, 388.57, 408.191, 378.457, 378.271, 411.777, 373.253, 382.54, 376.614, 376.545, 402.907, 405.948, 391.708, 371.462]] 
[[380.189, 379.3, 354.724, 371.665, 387.79, 418.335, 366.359, 399.485, 418.34, 380.382, 427.795, 449.956, 385.381, 406.92, 403.383, 442.907, 414.6, 394.092, 392.367, 405.125, 418.709, 446.776, 414.751, 381.988, 434.025, 405.262, 407.495, 414.268, 428.79, 418.556, 402.127, 410.885]] 
[[408.289, 377.946, 426.428, 440.859, 523.293, 447.622, 464.794, 509.773, 536.587, 627.336, 563.536, 529.892, 713.211, 889.507, 563.142, 614.877, 689.614, 631.534, 743.365, 695.161, 809.733, 778.795, 886.715, 851.473, 920.847, 964.384, 884.234, 925.114, 970.478, 981.753, 1009.432, 1053.495]] 
[[382.945, 400.064, 418.767, 437.271, 456.507, 482.667, 495.926, 504.896, 549.811, 618.895, 640.373, 577.158, 648.136, 664.571, 709.452, 679.309, 815.444, 711.298, 764.888, 724.503, 902.628, 839.092, 752.578, 851.611, 993.031, 891.964, 862.891, 902.728, 923.093, 990.345, 1008.309, 951.37]] 
[[384.619, 441.653, 517.549, 445.839, 464.055, 562.705, 495.693, 509.377, 676.346, 637.15, 610.857, 580.899, 545.686, 708.547, 789.11, 652.048, 807.858, 660.225, 814.87, 690.725, 705.265, 836.045, 852.922, 792.762, 881.823, 879.705, 928.376, 888.703, 937.589, 961.106, 981.873, 987.023]] 
[[460.246, 394.079, 427.064, 476.537, 479.023, 629.461, 502.27, 520.791, 541.422, 603.686, 657.181, 536.912, 606.726, 655.233, 730.105, 747.314, 673.1, 637.751, 775.016, 720.59, 737.737, 802.943, 776.438, 864.016, 807.386, 823.856, 866.531, 982.832, 871.055, 1006.537, 917.208, 874.499]] 
[[415.806, 458.989, 428.468, 498.45, 454.689, 497.48, 513.566, 547.628, 517.585, 621.298, 556.659, 648.957, 608.612, 659.984, 545.796, 755.895, 664.019, 676.289, 703.298, 738.568, 755.652, 777.459, 812.81, 850.809, 910.784, 929.441, 974.573, 947.258, 986.436, 1008.111, 1061.745, 1023.559, 1203.224, 1071.0720000000001, 1112.744, 1208.573, 1124.658, 1061.11, 1210.6390000000001, 1242.031, 1266.218, 1196.82, 1301.708, 1273.445, 1369.628, 1313.25, 1324.571, 1369.699, 1379.682, 1393.282, 1488.049, 1445.172, 1398.491, 1488.203, 1508.138, 1558.217, 1666.395, 1589.8310000000001, 1493.705, 1705.9099999999999, 1647.829, 1671.159, 1747.925, 1697.245]] 
[[404.707, 422.677, 447.867, 482.458, 478.656, 509.212, 474.501, 552.914, 502.748, 558.91, 558.802, 609.678, 572.291, 732.722, 628.016, 760.514, 658.64, 789.745, 821.594, 703.588, 877.955, 766.175, 1961.577, 828.518, 800.332, 863.484, 981.607, 952.007, 918.98, 1050.175, 868.744, 965.227, 986.189, 1021.584, 1039.9279999999999, 1051.367, 1099.733, 1058.358, 1099.694, 1114.064, 1133.042, 1229.397, 1240.271, 1186.386, 1129.397, 1145.522, 1252.825, 1278.704, 1247.77, 1402.5439999999999, 1282.824, 1298.642, 1316.507, 1404.5140000000001, 1510.314, 1482.699, 1523.937, 1421.385, 1529.9160000000002, 1569.406, 1640.519, 1585.554, 1601.3319999999999, 1519.203]] 
[[422.388, 443.217, 428.04, 449.708, 454.673, 520.816, 466.606, 485.727, 544.818, 581.234, 755.333, 610.186, 660.474, 702.511, 760.581, 797.428, 768.668, 845.458, 943.714, 876.266, 785.213, 866.323, 955.024, 991.662, 1079.261, 1026.524, 1098.0819999999999, 1136.326, 1099.944, 1179.774, 1191.451, 1129.989, 1226.397, 2140.704, 1185.6399999999999, 1252.342, 1272.624, 1287.4560000000001, 1372.479, 1315.191, 1535.411, 1395.776, 1443.151, 1496.401, 1548.906, 1567.522, 1510.684, 1636.164, 1660.454, 1564.824, 1679.8200000000002, 1589.662, 1689.339, 1767.307, 1827.833, 1683.292, 1794.0819999999999, 1691.549, 1741.929, 1830.679, 1788.7350000000001, 1830.297, 1872.179, 1836.248]] 
[[445.57, 421.876, 417.115, 499.796, 463.86, 438.783, 508.837, 536.992, 646.101, 575.902, 584.841, 659.725, 672.161, 618.114, 717.915, 723.284, 668.88, 749.598, 836.431, 764.43, 710.683, 856.62, 814.286, 753.761, 851.045, 869.022, 989.617, 876.619, 925.832, 900.864, 999.778, 1050.995, 1148.287, 1125.494, 1084.309, 1328.905, 1192.575, 1154.8609999999999, 1278.72, 1199.349, 1224.961, 1256.383, 1306.453, 1322.047, 1377.203, 1341.585, 1373.484, 1395.5, 1410.528, 1431.688, 1546.984, 1446.743, 1626.299, 1468.574, 1483.076, 1552.732, 1531.53, 1686.6599999999999, 1642.222, 1537.7350000000001, 1595.658, 1628.431, 1674.859, 1638.953]] 
[[427.222, 507.7, 540.607, 443.694, 461.031, 596.813, 531.417, 598.413, 542.442, 655.954, 632.601, 704.228, 665.313, 585.27, 693.995, 804.62, 731.425, 750.138, 696.522, 785.937, 801.655, 890.158, 814.917, 828.916, 871.637, 1112.772, 910.82, 993.146, 937.397, 1095.91, 1031.819, 1125.94, 1175.429, 1135.075, 1073.564, 1191.54, 1220.563, 1247.0720000000001, 1264.449, 1284.901, 1303.679, 1403.26, 1312.17, 1325.801, 1347.559, 1399.341, 1399.56, 1540.77, 1422.921, 1593.421, 1453.925, 1536.1509999999998, 1621.538, 1762.05, 1679.958, 1625.839, 1704.315, 1767.387, 1820.732, 1820.536, 1755.8310000000001, 1872.1399999999999, 1840.739, 1888.0430000000001]] 
[[386.618, 412.38, 427.945, 474.918, 436.631, 528.684, 485.745, 455.767, 584.641, 522.433, 624.486, 580.199, 526.676, 653.771, 679.265, 694.882, 710.984, 734.139, 881.508, 775.461, 841.548, 738.885, 885.0, 772.778, 790.275, 997.194, 912.977, 945.663, 912.881, 976.655, 1034.604, 984.562, 1026.784, 1119.1779999999999, 1041.77, 1060.934, 1071.776, 1167.061, 1101.056, 1141.718, 1208.216, 1223.768, 1144.539, 1260.092, 1296.47, 1227.0140000000001, 1310.4, 1284.699, 1328.488, 1365.1970000000001, 1391.747, 1475.174, 1434.541, 1506.938, 1532.949, 1462.408, 1573.3110000000001, 1582.346, 1508.976, 1697.258, 1645.245, 1557.737, 1576.413, 1671.199]] 
[[504.186, 392.191, 441.336, 419.699, 553.401, 489.123, 457.39, 589.662, 555.431, 676.56, 639.724, 579.331, 601.049, 673.018, 721.937, 688.693, 732.404, 765.81, 771.642, 915.478, 872.766, 783.625, 827.753, 859.378, 937.492, 897.014, 947.925, 939.972, 956.199, 973.353, 1039.372, 984.492, 1002.215, 1060.42, 1070.419, 1092.314, 1106.513, 1152.288, 1108.141, 1178.458, 1138.355, 1185.546, 1360.629, 1209.558, 1443.792, 1379.6970000000001, 1337.179, 1331.334, 1427.116, 1517.4389999999999, 1463.463, 1427.4569999999999, 1519.252, 1531.681, 1560.529, 1626.4470000000001, 1591.368, 1557.866, 1617.076, 1655.3200000000002, 1622.366, 1659.105, 1682.821, 1694.205]] 
[[456.226, 626.536, 486.767, 511.183, 668.558, 536.445, 562.06, 594.497, 616.403, 662.644, 777.244, 701.713, 665.471, 791.885, 711.946, 796.792, 739.599, 806.664, 848.587, 830.317, 860.991, 911.706, 870.686, 969.45, 1031.866, 912.844, 924.319, 988.66, 952.43, 1024.692, 1050.094, 1056.994, 1209.632, 1068.378, 1096.895, 1126.139, 1199.413, 1293.272, 1240.635, 1223.921, 1354.836, 1244.001, 1379.182, 1303.751, 1284.7269999999999, 1445.83, 1360.289, 1535.9099999999999, 1459.359, 1367.295, 1456.2350000000001, 1479.326, 1522.681, 1545.671, 1548.434, 1589.4360000000001, 1557.318, 1630.779, 1641.124, 1584.934, 1648.542, 1691.539, 1653.586, 1693.734]] 
[[461.664, 383.996, 510.521, 447.085, 449.196, 500.065, 549.002, 506.968, 577.226, 557.296, 589.665, 607.711, 650.011, 689.923, 658.978, 602.51, 706.899, 722.66, 755.861, 791.219, 711.915, 807.488, 824.969, 767.004, 1113.174, 902.742, 823.229, 897.025, 912.18, 928.723, 1102.706, 963.875, 996.273, 1030.047, 1109.935, 1076.278, 1116.561, 1139.382, 1169.54, 1211.827, 1169.305, 1209.479, 1239.4859999999999, 1422.6, 1277.2559999999999, 1366.606, 1313.575, 1454.491, 1390.478, 1410.789, 1517.499, 1476.717, 1436.636, 1500.24, 1527.175, 1559.359, 1585.3429999999998, 1518.094, 1583.951, 1685.326, 1721.4189999999999, 1592.437, 1636.0819999999999, 1597.106]] 
[[437.097, 390.734, 405.45, 429.125, 508.226, 412.09, 431.418, 492.733, 521.035, 443.551, 510.22, 521.652, 557.928, 608.531, 547.834, 565.786, 603.349, 636.802, 634.107, 583.989, 648.054, 649.853, 632.093, 704.403, 651.965, 758.321, 719.289, 755.945, 758.996, 755.43, 758.649, 792.94, 836.98, 946.255, 866.889]] 
[[460.339, 554.877, 409.042, 482.134, 596.977, 611.535, 649.498, 683.343, 714.815, 743.727, 779.06, 783.58, 803.139, 800.189, 801.648, 773.901, 755.857, 747.885, 765.353, 750.07, 709.093, 693.773, 690.102, 704.212, 663.167, 649.118, 669.533, 659.444, 658.609, 644.245, 614.193]] 
[[356.298, 366.225, 379.682, 390.912, 396.252, 383.119, 408.277, 420.392, 424.688, 398.541, 389.016, 389.553, 371.179, 376.073, 354.434, 412.9, 402.722, 403.265, 349.717, 367.331, 362.73, 350.825, 362.619, 360.507, 349.451, 393.052, 387.229, 380.824, 349.872, 351.0, 353.604, 374.594, 433.316, 344.828, 387.283, 371.656]] 
[[430.026, 376.649, 366.935, 389.326, 397.242, 390.625, 363.228, 372.289, 396.743, 388.988, 358.199, 347.28, 388.182, 357.824, 397.932, 373.064, 375.933, 351.18, 356.605, 381.892, 369.884, 370.172, 374.274, 350.391, 351.629, 360.542, 372.055, 393.788, 385.535, 357.69, 377.124, 363.316]] 
[[388.023, 391.215, 384.311, 372.927, 419.418, 400.194, 399.048, 391.046, 385.427, 386.68, 361.602, 359.621, 357.296, 377.293, 367.525, 359.97, 394.276, 374.952, 368.525, 373.683, 360.639, 387.726, 354.495, 363.258, 348.579, 344.825, 343.688, 357.713, 346.918, 364.502, 353.202, 348.692, 360.472, 356.019, 373.626]] 
[[375.846, 426.871, 369.19, 381.443, 385.526, 413.768, 399.094, 394.511, 379.9, 399.982, 355.85, 395.506, 407.731, 368.143, 390.67, 402.805, 405.01, 376.711, 356.77, 388.009, 340.282, 373.606, 346.077, 366.221, 357.942, 359.032, 357.824, 382.532]] 
[[437.155, 404.992, 378.165, 388.482, 403.217, 391.643, 391.074, 397.578, 411.613, 387.842, 365.066, 363.462, 394.726, 446.701, 365.922, 358.253, 400.873, 382.099, 371.502, 383.933, 384.885, 379.672, 382.38, 368.34, 377.658, 372.928, 413.359, 343.707, 353.854, 395.748, 363.112, 379.668, 371.246, 361.388, 352.125, 357.448, 386.971, 343.239, 364.723, 366.392]] 
[[358.202, 378.031, 414.077, 375.844, 378.066, 452.084, 388.894, 365.782, 402.875, 375.483, 364.281, 376.909, 398.032, 364.47, 363.505, 359.893, 339.287, 365.282, 384.069, 362.314, 367.403, 360.479, 339.406, 383.99, 352.728, 365.957, 350.268, 348.929, 379.616, 407.15, 364.738, 359.15]] 
[[408.896, 392.526, 390.781, 407.816, 372.816, 378.422, 426.426, 399.733, 397.233, 396.599, 354.4, 368.069, 369.949, 379.581, 383.614, 394.308, 357.115, 350.435, 360.086, 379.716, 357.105, 358.854, 415.092, 379.657, 351.751, 379.284, 351.95, 370.474, 402.128, 358.42, 381.915, 359.694, 372.598]] 
[[434.37, 367.892, 409.025, 416.306, 392.416, 415.861, 380.225, 374.64, 379.586, 383.572, 359.106, 428.522, 355.129, 398.722, 381.646, 375.714, 431.51, 372.47, 355.775, 354.571, 385.417, 372.995, 359.93, 361.2, 413.261, 359.247, 362.017, 405.901, 355.342, 380.748, 342.961, 352.876, 369.116, 346.634]] 
[[394.937, 370.006, 373.407, 364.903, 425.202, 363.562, 403.86, 364.297, 363.955, 360.253, 403.69, 410.042, 392.74, 366.185, 368.103, 351.338, 362.21, 373.199, 354.69, 382.287, 381.97, 345.942, 342.065, 386.45, 352.997, 357.583, 371.341]] 
[[411.712, 349.375, 374.93, 366.059, 387.839, 370.048, 352.32, 389.312, 402.314, 383.32, 382.152, 366.162, 377.31, 374.837, 375.208, 369.236, 358.768, 384.205, 363.072, 367.959, 390.763, 368.159, 346.898, 369.877, 354.978, 350.11, 380.856, 391.053, 373.317, 374.448, 350.82, 345.275, 347.657]] 
[[338.893, 400.887, 439.142, 366.89, 380.507, 390.074, 396.401, 410.783, 380.514, 362.852, 357.322, 354.772, 380.016, 370.561, 392.941, 353.188, 375.016, 373.693, 378.035, 360.574, 374.541, 345.23, 364.917, 347.656, 381.828, 361.24, 354.401, 347.695, 360.544, 363.687, 358.03]] 
[[407.937, 389.658, 413.165, 365.48, 407.518, 366.217, 385.041, 380.0, 390.618, 415.649, 417.346, 413.845, 402.853, 400.057, 376.949, 2048.891, 399.683, 372.215, 385.107, 401.03, 369.907, 361.357, 390.804, 1150.769, 427.269, 941.79, 1107.262, 397.069, 383.681, 394.743, 362.484, 365.646, 345.612, 390.083, 340.425, 1402.526, 346.182, 1390.609, 360.897]] 
[[359.74, 362.359, 393.684, 396.499, 423.772, 373.358, 390.732, 386.28, 374.883, 359.766, 393.482, 392.202, 380.831, 370.63, 351.601, 385.169, 345.601, 373.545, 369.55, 355.733, 350.732, 350.629, 347.124, 335.059, 403.687, 346.371, 341.893, 363.592, 338.925, 404.228, 426.748, 361.533, 380.184, 353.968]] 
[[398.919, 415.165, 414.048, 438.521, 415.889, 403.998, 398.339, 409.504, 392.686, 400.402, 395.432, 378.453, 384.053, 390.701, 392.148, 405.521, 365.259, 415.852, 397.942, 372.404, 378.604, 404.655, 359.027, 350.705, 382.217, 373.94, 365.428, 379.96, 367.186, 370.619, 342.788, 389.656, 351.878, 356.736, 380.9, 358.126]] 
[[438.291, 398.317, 416.478, 413.69, 375.329, 414.186, 383.943, 363.118, 403.227, 391.751, 376.571, 368.254, 375.405, 385.764, 394.704, 373.815, 380.217, 370.345, 426.171, 395.513, 380.909, 356.995, 370.641, 341.219, 404.592, 353.974, 357.849, 352.799, 396.45, 393.498, 348.134]] 
[[371.839, 363.587, 370.325, 376.348, 374.037, 373.689, 389.009, 402.797, 387.517, 418.071, 415.039, 419.296, 389.155, 399.928, 390.08, 387.27, 396.691, 388.138, 414.71, 379.468, 368.191, 373.065, 363.682, 359.152, 400.108, 356.978, 371.839, 371.179, 362.111, 363.966, 364.354, 382.282, 364.593, 364.288, 348.878, 358.596, 364.253]] 
[[384.946, 425.174, 389.873, 362.486, 388.658, 413.744, 380.311, 381.186, 389.121, 384.979, 405.855, 371.066, 393.451, 385.223, 360.472, 417.151, 379.48, 393.215, 380.83, 368.678, 374.63, 385.348, 392.73, 383.643, 366.368, 388.234, 437.427, 365.323, 359.032, 396.256, 384.801, 345.541, 389.085, 366.873, 354.746, 389.109, 343.723, 355.892, 381.311]] 
[[369.797, 367.351, 391.423, 387.688, 403.091, 406.825, 374.32, 382.639, 408.749, 376.054, 370.903, 355.519, 374.49, 364.94, 392.967, 376.961, 357.638, 363.73, 364.627, 362.479, 395.021, 343.288, 352.356, 345.935, 373.748, 376.345, 375.216]] 
[[388.488, 387.05, 461.549, 414.685, 379.441, 388.067, 438.33, 401.465, 374.527, 386.005, 384.807, 376.09, 401.213, 381.75, 381.784, 393.747, 382.322, 411.665, 403.65, 375.877, 364.361, 362.04, 356.259, 358.062, 375.607, 371.852, 347.244, 354.532, 351.928, 384.695, 413.183, 406.42, 372.944, 400.006, 382.213, 367.117, 398.817, 359.462]] 
[[390.827, 417.542, 388.414, 390.621, 388.713, 398.795, 417.806, 374.379, 375.214, 387.665, 378.99, 359.123, 356.3, 400.001, 386.372, 379.617, 375.687, 376.963, 369.49, 358.678, 377.304, 407.026, 385.093, 347.753, 354.58, 393.706, 376.255, 392.823, 412.739, 354.916, 348.987, 384.166, 342.23, 409.545, 354.101, 341.665]] 
[[355.149, 408.404, 375.48, 401.193, 357.631, 371.813, 393.216, 393.546, 372.411, 372.035, 366.141, 369.519, 373.545, 348.914, 385.697, 382.415, 354.583, 388.274, 380.048, 372.79, 352.941, 351.575, 389.68, 378.796, 347.394, 353.701, 356.75, 375.295, 353.295, 363.552, 404.532]] 
[[375.587, 383.99, 361.739, 393.451, 370.751, 405.132, 367.491, 361.624, 378.824, 364.066, 354.323, 337.297, 344.408, 362.908, 363.224, 367.669, 387.956, 363.192, 359.041, 351.047, 353.559]] 
[[395.088, 391.541, 441.459, 362.979, 367.34, 366.539, 415.229, 381.413, 394.418, 378.278, 369.695, 378.892, 357.276, 407.089, 400.925, 407.605, 374.605, 384.727, 393.372, 382.512, 363.612, 380.361, 358.553, 366.73, 355.575, 353.724, 386.854, 378.812, 359.297, 392.384, 365.082, 379.881, 347.702]] 
[[431.318, 448.65, 396.218, 418.563, 420.847, 421.991, 411.586, 443.986, 476.521, 397.79, 404.653, 406.3, 430.42, 452.858, 406.991, 388.448, 391.012, 403.143, 397.037, 396.63, 402.7, 370.551, 389.921, 425.738, 373.65, 403.47, 393.461, 397.824, 377.497, 367.545, 401.165, 359.528, 343.66, 347.805, 358.77]] 
[[380.151, 362.816, 481.377, 495.08, 387.319, 453.618, 451.109, 432.642, 412.915, 439.697, 416.408, 416.99, 387.796, 382.574, 393.792, 363.928, 410.307, 362.346, 413.55, 364.381, 377.551, 385.132, 395.327, 389.289, 373.542, 368.515, 370.599, 386.999, 360.473, 377.822, 376.267, 345.433, 345.952, 389.921, 357.625, 374.786, 368.004, 367.105, 361.843]] 
[[411.575, 373.348, 367.796, 370.488, 362.146, 381.371, 369.352, 428.471, 370.99, 387.214, 387.842, 351.612, 373.819, 360.201, 357.68, 345.425, 403.074, 353.004, 379.29, 345.733, 400.737, 348.162, 351.951, 389.222, 350.462, 391.014, 351.638, 365.534, 367.968, 359.11, 355.767, 347.97, 350.856]] 
[[371.85, 379.818, 409.388, 393.627, 385.243, 419.933, 378.057, 395.949, 385.446, 374.922, 1137.386, 354.961, 1110.167, 421.435, 397.87, 385.578, 385.852, 375.449, 355.191, 359.913, 668.075, 462.961, 444.973, 435.218, 430.195, 1344.771, 416.152, 1179.799, 1079.679, 379.479, 367.302, 504.86, 1026.546, 1439.6979999999999, 473.922, 457.504, 453.586]] 
[[401.861, 377.71, 382.524, 387.587, 368.333, 393.716, 391.347, 376.242, 369.565, 436.747, 445.219, 391.833, 416.518, 377.688, 377.062, 377.203, 384.085, 361.085, 371.707, 392.837, 441.638, 383.816, 349.386, 378.033, 409.233, 381.212, 375.619, 356.421, 391.721, 345.903, 349.728, 376.36, 377.015, 356.703, 347.278, 368.1]] 
[[383.564, 373.063, 366.348, 381.513, 425.535, 408.908, 386.953, 390.317, 381.887, 367.903, 387.882, 367.217, 364.844, 375.936, 397.855, 372.571, 368.575, 380.047, 368.314, 394.221, 351.839, 381.779, 371.671, 370.857, 358.801, 347.187, 372.611, 353.584, 377.18, 352.593, 370.588, 348.02, 397.621, 387.685, 351.653]] 
[[432.645, 433.68, 424.368, 438.764, 423.283, 422.492, 417.37, 439.738, 431.853, 422.746, 411.658, 423.684, 419.729, 410.534, 411.391, 407.146, 387.255, 395.369, 371.983, 402.958, 410.628, 416.919, 396.87, 395.012, 412.122, 384.496, 404.754, 409.305, 366.39, 367.956, 386.043, 369.282, 354.642, 345.818, 408.279, 375.574, 357.683]] 
[[399.742, 385.388, 469.483, 389.693, 428.302, 415.68, 368.726, 406.982, 429.551, 395.127, 422.675, 397.383, 447.284, 419.67, 412.284, 384.107, 396.981, 374.789, 358.193, 360.88, 402.949, 399.752, 416.054, 384.709, 401.703, 367.851, 390.159, 1171.976, 388.403, 385.303, 404.189, 349.544, 356.249, 393.397, 368.973, 434.051, 393.462]] 
[[384.931, 405.825, 401.491, 395.523, 389.292, 399.12, 381.503, 417.148, 392.959, 388.694, 404.803, 396.536, 381.279, 381.966, 394.494, 386.429, 401.296, 360.986, 375.852, 385.565, 389.393, 387.01, 393.682, 374.834, 393.88, 350.865, 357.899, 355.475, 349.882, 352.546, 379.364, 340.192]] 
[[373.13, 377.626, 366.19, 383.713, 427.269, 421.274, 382.896, 379.591, 376.77, 360.916, 375.737, 394.489, 405.392, 371.192, 353.433, 380.52, 405.248, 379.866, 355.918, 397.872, 372.03, 378.534, 360.378, 362.662, 350.849, 375.84, 403.447, 387.516, 352.264, 373.642, 362.106]] 
[[413.319, 421.605, 402.153, 417.576, 417.384, 406.089, 435.965, 421.877, 443.95, 438.05, 412.079, 389.088, 394.982, 389.331, 409.818, 409.55, 396.515, 393.573, 384.007, 380.371, 398.506, 370.505, 406.208, 393.087, 401.954, 388.908, 370.314, 363.425, 373.194, 394.472, 384.84, 355.225, 351.408, 385.102, 378.942, 399.356, 380.592]] 
[[362.017, 423.156, 399.309, 364.761, 389.464, 374.46, 391.115, 407.758, 407.115, 390.47, 374.019, 382.446, 369.68, 376.022, 359.792, 382.565, 365.124, 357.287, 375.87, 388.277, 367.717, 370.179, 367.163, 381.479, 367.842, 367.863, 351.949, 361.209, 361.572, 379.41, 393.229]] 
[[414.514, 432.221, 427.398, 394.581, 397.113, 377.402, 414.681, 377.519, 365.362, 374.379, 397.066, 382.531, 372.62, 424.267, 425.703, 404.886, 400.75, 421.61, 428.063, 391.253, 384.072, 366.148, 363.018, 369.466, 400.255, 402.842, 375.228, 381.23, 376.833, 387.615, 391.853, 370.496, 365.955, 347.457, 382.561, 367.344, 348.706, 349.195, 396.323, 350.978, 354.69]] 
[[407.753, 389.648, 423.507, 406.556, 426.123, 436.978, 421.041, 421.865, 440.857, 440.286, 445.361, 418.522, 439.298, 413.019, 416.504, 412.78, 365.33, 364.604, 423.849, 413.0, 429.166, 395.55, 376.916, 385.985, 419.619, 382.625, 350.655, 373.782, 357.268, 329.95, 345.875, 432.727, 363.904, 373.022]] 
[[406.485, 382.213, 375.451, 381.448, 389.991, 389.453, 358.84, 393.764, 399.657, 426.684, 378.464, 384.913, 385.589, 385.521, 372.595, 399.573, 385.926, 371.701, 373.546, 348.514, 397.766, 366.532, 388.566, 396.414, 392.077, 361.818, 367.203, 372.497, 349.932, 354.104, 348.883, 357.662, 395.247, 354.477, 389.198, 363.841]] 
[[382.958, 427.828, 391.531, 382.091, 397.818, 404.757, 404.155, 390.17, 394.925, 401.201, 393.973, 371.1, 359.714, 388.978, 353.205, 370.236, 378.769, 384.062, 389.434, 375.472, 366.366, 380.92, 376.931, 372.471, 370.52, 354.776, 396.245, 366.497, 370.839, 409.15]] 
[[369.987, 426.375, 348.632, 408.066, 388.37, 399.531, 398.081, 369.669, 385.105, 387.655, 410.826, 371.171, 382.073, 380.263, 392.747, 374.52, 383.212, 362.528, 384.738, 395.911, 388.865, 373.958, 372.032, 376.008, 380.904, 375.374, 362.383, 411.934, 357.023, 365.418, 359.276, 362.917, 366.543, 356.026, 370.832, 353.372, 350.318, 376.388, 384.17, 339.425, 346.192]] 
[[376.333, 379.077, 379.112, 392.277, 377.061, 420.964, 354.372, 401.039, 387.02, 385.48, 377.612, 373.548, 381.505, 423.055, 429.177, 410.03, 407.001, 414.85, 387.241, 352.833, 357.958, 406.137, 423.333, 395.981, 375.549, 366.676, 364.614, 380.938, 386.413, 361.592, 374.47, 361.075, 346.941, 428.156, 381.392, 354.21, 363.562, 351.045, 349.55]] 
[[414.626, 360.248, 358.409, 422.199, 409.046, 391.889, 389.271, 446.2, 433.937, 407.379, 415.899, 379.843, 377.138, 361.226, 375.729, 381.245, 361.675, 349.649, 348.762, 413.296, 390.272, 371.41, 366.213, 350.218, 346.26, 357.921, 376.175, 380.645, 356.325, 376.142, 354.029, 348.633]] 
[[447.057, 434.208, 425.441, 433.473, 404.165, 417.924, 387.67, 392.099, 377.347, 387.469, 406.206, 387.162, 400.613, 394.713, 410.415, 418.272, 402.758, 383.958, 371.536, 394.536, 396.866, 409.48, 376.148, 384.627, 370.308, 402.601, 373.345, 381.575, 345.686, 407.211, 357.719, 351.564, 371.249, 376.887, 347.097, 406.348, 372.848, 365.13]] 
[[452.722, 476.745, 469.995, 435.471, 419.628, 415.895, 382.67, 424.166, 431.609, 395.101, 369.281, 414.592, 404.61, 398.004, 455.252, 460.743, 444.9, 421.623, 408.099, 414.142, 406.704, 371.031, 375.045, 365.08, 352.952, 408.004, 396.487, 485.316, 352.427, 366.504, 361.904, 366.31, 373.465, 368.219]] 
[[358.648, 401.332, 374.083, 406.269, 384.709, 390.465, 388.319, 373.254, 365.574, 350.651, 405.088, 370.149, 378.554, 414.45, 408.736, 395.745, 381.733, 388.567, 352.218, 367.349, 401.596, 350.195, 1253.398, 386.51, 342.991, 387.807, 372.237, 355.891, 379.686, 354.467, 387.994, 358.933, 351.604, 368.479]] 
[[379.606, 372.687, 366.803, 431.108, 379.851, 414.831, 372.298, 400.081, 406.003, 370.92, 370.942, 377.535, 379.207, 365.525, 369.397, 387.086, 343.339, 385.558, 387.053, 367.383, 358.696, 386.343, 362.419, 373.311, 367.688, 368.808, 377.439, 339.839, 355.695]] 
[[385.186, 383.157, 424.697, 422.187, 445.359, 1150.557, 428.49, 425.364, 416.395, 398.796, 391.698, 350.053, 357.857, 392.144, 408.538, 380.92, 387.192, 389.904, 402.854, 397.899, 396.474, 381.454, 365.071, 350.14, 361.836, 348.828, 379.374, 375.996, 350.148, 390.675, 368.488, 368.0, 367.323, 384.061, 369.365]] 
[[401.02, 422.723, 413.948, 413.319, 381.022, 390.252, 385.984, 410.885, 379.443, 405.048, 382.8, 379.123, 370.904, 378.341, 399.969, 373.87, 386.07, 412.45, 423.398, 390.276, 430.884, 368.246, 416.46, 388.732, 387.194, 374.551, 391.959, 386.342, 380.431, 387.377, 393.029, 430.578, 374.392, 382.345, 374.598, 388.334, 398.88, 381.536, 366.821, 364.585, 387.739, 1056.949, 383.04, 362.594, 360.724, 371.153, 404.452, 395.312, 353.016, 363.375, 394.789, 380.518, 385.769, 377.99, 358.228, 371.261, 352.071, 369.368, 383.718, 375.967, 376.385, 344.907, 407.791, 355.947, 362.76, 359.789, 370.25, 353.986, 349.907]] 
[[373.135, 380.651, 378.278, 383.548, 361.183, 403.816, 375.776, 382.385, 379.435, 360.797, 390.473, 377.005, 376.795, 360.825, 393.711, 1065.183, 368.741, 387.543, 384.432, 380.372, 397.067, 360.777, 373.298, 392.286, 376.139, 363.355, 358.815, 403.82, 382.97, 379.19, 376.194, 383.204, 386.522, 370.597, 381.321, 362.696, 366.002, 376.212, 372.341, 358.421, 360.582, 365.632, 355.182, 353.522, 389.821, 340.893, 343.733, 369.195, 376.359, 379.773, 372.085, 361.442, 354.666, 373.425, 351.743, 355.381, 345.749, 348.589, 349.112, 360.499, 347.22, 346.128, 370.474, 369.283, 360.502, 368.818, 358.04, 363.035, 360.555]] 
[[376.512, 376.414, 393.677, 405.017, 367.606, 437.304, 378.957, 413.319, 366.741, 405.988, 391.974, 396.053, 383.001, 393.734, 399.631, 386.685, 385.391, 366.866, 367.52, 355.178, 398.589, 403.897, 358.719, 369.649, 369.846, 420.202, 400.647, 364.689, 381.27, 381.877, 431.959, 382.256, 383.47, 410.663, 371.489, 366.956, 386.627, 401.274, 374.947, 372.125, 381.105, 376.72, 353.65, 352.901, 370.515, 377.759, 360.816, 361.688, 368.277, 364.834, 409.452, 405.507, 372.566, 375.731, 357.529, 363.539, 410.805, 369.071, 398.935, 349.263, 346.368, 346.168, 378.357, 387.183, 355.903, 354.386, 357.079, 399.61, 380.444, 340.589]] 
[[378.297, 376.286, 375.062, 396.981, 367.908, 358.982, 356.505, 375.638, 374.467, 366.268, 402.835, 414.916, 401.349, 408.194, 440.227, 405.913, 367.587, 381.475, 383.745, 370.161, 388.862, 391.893, 385.704, 425.834, 367.331, 416.055, 407.799, 363.775, 394.666, 385.145, 373.141, 400.223, 384.616, 371.735, 364.669, 404.517, 426.689, 401.892, 373.541, 368.062, 375.097, 372.37, 351.257, 390.467, 369.075, 357.725, 361.04, 356.93, 369.681, 366.194, 406.266, 359.097, 366.124, 408.355, 396.39, 352.439, 398.558, 371.04, 396.491, 395.809, 401.765, 364.764, 371.653, 353.498, 378.463, 399.783, 470.388, 421.244, 452.76, 476.063]] 
[[379.587, 424.093, 373.436, 392.091, 383.085, 412.147, 357.99, 382.322, 471.831, 427.295, 479.929, 373.432, 368.039, 354.124, 467.86, 509.956, 435.835, 469.124, 369.08, 512.069, 529.012, 550.422, 578.11, 395.911, 590.018, 628.813, 375.819, 390.984, 383.733, 379.101, 634.487, 598.456, 355.554, 350.73, 622.145, 372.313, 368.853, 387.243, 634.789, 585.591, 355.912, 396.106, 417.058, 367.76, 371.683, 358.639, 365.266, 375.797, 388.433, 380.412, 567.041, 571.642, 613.503, 650.432, 598.935, 704.77, 629.672, 737.279, 702.736, 736.768, 768.11, 382.442, 803.379, 348.965, 751.163, 389.914, 791.525, 803.302, 376.693, 826.712]] 
[[370.896, 387.208, 362.146, 388.926, 402.301, 361.767, 531.322, 464.012, 406.468, 397.461, 477.965, 654.304, 611.086, 567.249, 495.403, 520.058, 661.985, 371.118, 385.864, 375.038, 699.865, 664.546, 574.496, 397.603, 359.398, 742.162, 382.492, 364.84, 373.479, 670.33, 712.485, 354.421, 804.711, 735.312, 749.473, 352.134, 776.588, 799.901, 368.871, 845.546, 811.542, 864.411, 377.414, 356.701, 861.224, 360.874, 892.26, 351.008, 349.374, 963.613, 882.304, 903.539, 991.345, 365.797, 940.888, 332.454, 1004.021, 955.05, 349.655, 1004.647, 1020.088, 369.022, 382.457, 1026.37, 376.021, 1034.556, 362.491, 1050.1779999999999, 1057.517, 1071.4]] 
[[400.364, 382.677, 418.362, 436.043, 581.985, 376.383, 359.683, 364.057, 454.06, 378.508, 450.787, 384.474, 471.786, 414.329, 431.517, 508.013, 475.999, 415.399, 523.195, 387.085, 516.255, 541.159, 603.351, 423.33, 598.514, 537.989, 375.071, 609.412, 626.997, 651.152, 676.132, 386.538, 362.26, 682.147, 376.961, 696.973, 736.467, 702.717, 755.373, 365.233, 802.466, 395.601, 838.047, 708.824, 367.806, 381.186, 368.742, 376.537, 356.804, 750.75, 354.288, 803.474, 748.1, 402.485, 1368.783, 382.25, 773.788, 362.724, 382.399, 383.953, 374.423, 367.992, 362.194, 356.014, 380.849, 698.897, 741.23, 698.867, 763.829, 723.941]] 
[[431.157, 477.938, 429.429, 396.026, 417.202, 409.483, 478.028, 389.834, 831.001, 507.667, 373.422, 555.273, 389.22, 381.198, 391.439, 642.363, 786.459, 834.967, 709.495, 991.055, 863.652, 374.496, 909.116, 359.629, 370.443, 1000.85, 464.064, 1043.484, 1112.318, 423.184, 416.376, 417.796, 413.658, 1123.733, 408.944, 1161.098, 394.259, 1246.841, 378.265, 1185.709, 1276.879, 380.224, 1302.8319999999999, 368.859, 382.344, 389.08, 1449.232, 1319.06, 370.553, 1358.122, 395.035, 1424.277, 1425.318, 374.754, 416.1, 1404.935, 1401.952, 408.036, 356.041, 1375.0140000000001, 1362.622, 1356.7730000000001, 1354.017, 350.634, 1345.5140000000001, 397.033, 416.99, 1302.416, 358.344, 1297.084]] 
[[370.128, 339.312, 369.798, 398.536, 379.953, 391.28, 378.064, 391.49, 363.984, 402.02, 379.24, 421.403, 358.855, 407.404, 409.033, 363.393, 392.073, 406.015, 365.644, 369.806, 387.969, 366.821, 383.803, 382.197, 1134.75, 392.206, 397.385, 398.293, 379.776, 385.276, 387.818, 358.592, 372.75, 374.103, 344.833, 372.024, 367.616, 361.89, 347.257, 377.987, 354.468, 347.098, 392.662, 364.691, 391.058, 385.644, 361.452, 346.603, 369.338, 350.405, 357.677, 352.893, 381.21, 377.922, 394.264, 369.483, 1360.713, 348.275, 377.221, 361.872, 368.203, 348.824, 382.226, 362.852, 349.009, 344.024, 353.049, 347.973, 382.648, 355.238]] 
[[387.591, 354.302, 357.562, 367.248, 411.007, 362.984, 392.381, 383.221, 399.874, 378.183, 373.703, 382.776, 401.375, 382.574, 377.939, 397.648, 364.461, 368.786, 693.83, 379.262, 392.45, 412.228, 400.326, 417.098, 391.039, 1065.561, 436.757, 368.519, 397.355, 466.819, 386.355, 561.531, 361.096, 357.663, 548.681, 377.714, 366.481, 401.668, 531.82, 522.407, 365.826, 493.285, 480.203, 490.252, 458.451, 459.06, 469.064, 451.553, 459.364, 481.583, 428.446, 492.196, 423.833, 501.667, 403.55, 546.822, 600.712, 504.333, 703.627, 359.703, 577.688, 1392.7060000000001, 487.338, 604.891, 434.962, 454.864, 444.628, 429.821, 522.735, 400.338]] 
[[425.485, 383.909, 385.126, 377.829, 402.432, 424.721, 502.483, 494.367, 354.782, 559.822, 398.511, 393.059, 426.316, 459.438, 535.34, 477.217, 542.606, 579.478, 379.074, 382.456, 374.196, 562.538, 629.75, 420.731, 409.477, 566.45, 381.851, 399.49, 592.107, 370.843, 609.903, 374.945, 621.667, 648.969, 422.931, 675.775, 384.583, 374.654, 666.145, 691.358, 351.107, 388.44, 388.745, 680.52, 847.773, 691.173, 362.511, 707.957, 740.322, 923.754, 867.925, 811.437, 828.572, 381.706, 389.87, 345.111, 883.983, 372.268, 387.401, 877.228, 356.814, 381.595, 371.096, 955.479, 862.939, 892.427, 907.09, 390.645, 936.041, 343.145]] 
[[408.16, 371.227, 427.667, 423.92, 381.365, 463.863, 404.397, 414.962, 638.37, 464.576, 482.082, 564.358, 448.505, 484.195, 390.287, 563.744, 615.67, 638.105, 407.561, 645.552, 427.747, 461.988, 657.547, 417.201, 508.363, 458.281, 528.8, 757.499, 642.471, 664.989, 695.108, 471.867, 810.898, 766.785, 494.582, 833.09, 504.59, 530.334, 819.237, 945.533, 874.845, 845.024, 888.038, 532.416, 508.663, 929.642, 598.037, 620.748, 539.39, 930.369, 624.735, 658.781, 937.886, 968.394, 675.445, 642.429, 952.199, 988.496, 660.98, 950.923, 671.643, 682.966, 712.07, 1003.52, 970.044, 1027.993, 699.169, 1026.452, 1047.866, 1083.874]] 
average response time [0]370.977
average response time [1]347.984
average response time [2]379.42
average response time [3]351.121
average response time [4]386.344
average response time [5]346.238
average response time [6]359.014
average response time [7]357.304
average response time [8]361.084
average response time [9]362.614
TOTAL AVERAGE RESPONSE TIME ====================: 362.21
NUMBER OF THREADS ==============================: 1
average response time [10]359.30150000000003
average response time [11]356.074
average response time [12]360.86
average response time [13]342.2265
average response time [14]348.15250000000003
average response time [15]346.9605
average response time [16]387.726
average response time [17]383.63599999999997
average response time [18]357.06550000000004
average response time [19]379.974
TOTAL AVERAGE RESPONSE TIME ====================: 362.19765000000007
NUMBER OF THREADS ==============================: 2
average response time [20]360.147
average response time [21]348.7165
average response time [22]365.3405
average response time [23]354.42475
average response time [24]364.49075
average response time [25]362.426
average response time [26]360.17650000000003
average response time [27]376.21524999999997
average response time [28]365.627
average response time [29]365.235
TOTAL AVERAGE RESPONSE TIME ====================: 362.279925
NUMBER OF THREADS ==============================: 4
average response time [30]1370.39675
average response time [31]377.237875
average response time [32]361.750125
average response time [33]457.084625
average response time [34]361.432375
average response time [35]362.481375
average response time [36]359.47875
average response time [37]362.351875
average response time [38]371.009
average response time [39]350.287125
TOTAL AVERAGE RESPONSE TIME ====================: 473.35098749999986
NUMBER OF THREADS ==============================: 8
average response time [40]366.686
average response time [41]367.0900625
average response time [42]364.9271875
average response time [43]368.0734375
average response time [44]371.3498125
average response time [45]361.243375
average response time [46]545.4601875
average response time [47]564.258875
average response time [48]569.2171875
average response time [49]569.0981875
TOTAL AVERAGE RESPONSE TIME ====================: 444.74043125
NUMBER OF THREADS ==============================: 16
average response time [50]788.74159375
average response time [51]1259.04965625
average response time [52]917.4388125
average response time [53]391.95034375
average response time [54]390.6354375
average response time [55]405.08521875
average response time [56]701.03809375
average response time [57]704.76628125
average response time [58]707.15634375
average response time [59]690.79828125
TOTAL AVERAGE RESPONSE TIME ====================: 695.6660062500001
NUMBER OF THREADS ==============================: 32
average response time [60]1048.114
average response time [61]1014.1960625
average response time [62]1188.94525
average response time [63]1055.658140625
average response time [64]1118.13575
average response time [65]1021.336828125
average response time [66]1054.652734375
average response time [67]1099.735515625
average response time [68]1039.29340625
average response time [69]613.6491142857143
TOTAL AVERAGE RESPONSE TIME ====================: 1025.3716801785715
NUMBER OF THREADS ==============================: 64
average response time [70]678.1438064516129
average response time [71]379.27683333333334
average response time [72]374.5794375
average response time [73]370.78245714285714
average response time [74]380.6018571428571
average response time [75]381.078525
average response time [76]373.3498125
average response time [77]379.01342424242426
average response time [78]380.4324411764706
average response time [79]373.6005185185185
TOTAL AVERAGE RESPONSE TIME ====================: 407.08591130080737
NUMBER OF THREADS ==============================: 65
average response time [80]371.222696969697
average response time [81]371.7041935483871
average response time [82]532.5224102564102
average response time [83]371.885
average response time [84]386.0461388888889
average response time [85]383.94029032258067
average response time [86]379.5813243243243
average response time [87]382.46079487179486
average response time [88]374.5962962962963
average response time [89]385.2435263157895
TOTAL AVERAGE RESPONSE TIME ====================: 393.92026717941684
NUMBER OF THREADS ==============================: 66
average response time [90]379.2801666666667
average response time [91]372.59080645161293
average response time [92]367.0132857142857
average response time [93]379.98633333333333
average response time [94]401.6642
average response time [95]391.82002564102567
average response time [96]370.0249090909091
average response time [97]560.615
average response time [98]382.47319444444446
average response time [99]375.3463428571429
TOTAL AVERAGE RESPONSE TIME ====================: 398.081426419942
NUMBER OF THREADS ==============================: 67
average response time [100]402.4437567567568
average response time [101]418.15254054054054
average response time [102]382.8348125
average response time [103]378.9777419354839
average response time [104]396.5762162162162
average response time [105]377.75222580645163
average response time [106]386.7361951219512
average response time [107]401.2919117647059
average response time [108]379.0706944444444
average response time [109]383.5697333333333
TOTAL AVERAGE RESPONSE TIME ====================: 390.7405828419884
NUMBER OF THREADS ==============================: 68
average response time [110]376.80043902439024
average response time [111]383.0558717948718
average response time [112]380.37215625
average response time [113]391.41344736842103
average response time [114]407.1969411764706
average response time [115]403.1670882352941
average response time [116]376.4638275862069
average response time [117]408.47085714285714
average response time [118]393.30252173913044
average response time [119]380.2427391304348
TOTAL AVERAGE RESPONSE TIME ====================: 390.0485889448077
NUMBER OF THREADS ==============================: 69
average response time [120]380.0781285714286
average response time [121]387.28187142857143
average response time [122]494.10654285714287
average response time [123]608.4207285714285
average response time [124]523.0854285714286
average response time [125]743.0092142857143
average response time [126]398.1396
average response time [127]462.9110857142857
average response time [128]538.3984
average response time [129]661.2644714285715
average response time [129]661.2644714285715
NUMBER OF THREADS: [1, 2, 4, 8, 16, 32, 64, 65, 66, 67, 68, 69, 70]
WORKLOAD: HFU_LV;  
TOTAL EXECUTION TIME (Concurrent Parallel Requests): 253093.08


